1 0.500726
2 0.500903
3 0.500535
4 0.500185
5 0.500369
6 0.500337
7 0.500404
8 0.500453
9 0.50034
10 0.500281
11 0.506709
12 0.512085
13 0.516775
14 0.521132
15 0.525702
16 0.530578
17 0.535687
18 0.540871
19 0.545863
20 0.550747
21 0.555415
22 0.559866
23 0.56396
24 0.567826
25 0.571377
26 0.574602
27 0.577628
28 0.580459
29 0.582997
30 0.585384
31 0.587632
32 0.589729
33 0.591706
34 0.593498
35 0.595168
36 0.596753
37 0.598206
38 0.599568
39 0.600911
40 0.602185
41 0.603369
42 0.604552
43 0.605668
44 0.606768
45 0.607839
46 0.608833
47 0.609821
48 0.610797
49 0.611759
50 0.612675
51 0.613582
52 0.614505
53 0.615402
54 0.616253
55 0.617099
56 0.61788
57 0.618642
58 0.619371
59 0.62009
60 0.620786
61 0.621477
62 0.622148
63 0.622834
64 0.623495
65 0.624144
66 0.624783
67 0.625419
68 0.62602
69 0.626606
70 0.627177
71 0.627732
72 0.628276
73 0.628808
74 0.62933
75 0.629847
76 0.630378
77 0.630907
78 0.631429
79 0.631937
80 0.63244
81 0.632943
82 0.63343
83 0.633915
84 0.63439
85 0.634871
86 0.635351
87 0.635826
88 0.636302
89 0.636785
90 0.637273
91 0.637768
92 0.638263
93 0.63875
94 0.639247
95 0.639749
96 0.640253
97 0.640758
98 0.641262
99 0.641746
100 0.642166
101 0.642596
102 0.643034
103 0.643483
104 0.643937
105 0.644413
106 0.644888
107 0.645374
108 0.645862
109 0.646346
110 0.646837
111 0.64732
112 0.647802
113 0.648282
114 0.64875
115 0.649216
116 0.649676
117 0.65014
118 0.650602
119 0.65106
120 0.651514
121 0.65197
122 0.652421
123 0.652874
124 0.653317
125 0.653761
126 0.654201
127 0.65464
128 0.655076
129 0.655507
130 0.655936
131 0.656366
132 0.656803
133 0.657235
134 0.657669
135 0.658096
136 0.658522
137 0.658941
138 0.659359
139 0.659776
140 0.660193
141 0.660611
142 0.661023
143 0.66143
144 0.66183
145 0.662237
146 0.662636
147 0.663036
148 0.663431
149 0.66382
150 0.664209
151 0.664597
152 0.664975
153 0.665352
154 0.665728
155 0.666099
156 0.666462
157 0.666827
158 0.667186
159 0.667542
160 0.6679
161 0.668256
162 0.6686
163 0.668945
164 0.669292
165 0.669636
166 0.669976
167 0.670319
168 0.67066
169 0.670994
170 0.671327
171 0.671653
172 0.671983
173 0.672306
174 0.672628
175 0.672944
176 0.673258
177 0.673567
178 0.673876
179 0.674182
180 0.674483
181 0.674785
182 0.675086
183 0.675385
184 0.675675
185 0.675967
186 0.67626
187 0.676548
188 0.676835
189 0.677121
190 0.677406
191 0.677689
192 0.67797
193 0.678247
194 0.678518
195 0.678791
196 0.679061
197 0.67933
198 0.679597
199 0.679864
200 0.680129
201 0.680391
202 0.68065
203 0.680907
204 0.681164
205 0.681421
206 0.681676
207 0.681929
208 0.68218
209 0.682429
210 0.682673
211 0.682917
212 0.683158
213 0.6834
214 0.683641
215 0.68388
216 0.68412
217 0.684352
218 0.684587
219 0.684819
220 0.68505
221 0.685281
222 0.685509
223 0.685736
224 0.685961
225 0.686183
226 0.686406
227 0.686627
228 0.686847
229 0.687067
230 0.687284
231 0.687502
232 0.687712
233 0.687925
234 0.688136
235 0.688348
236 0.688554
237 0.688765
238 0.688973
239 0.689179
240 0.689383
241 0.689589
242 0.689793
243 0.689997
244 0.690198
245 0.690396
246 0.690591
247 0.690789
248 0.690985
249 0.691178
250 0.691373
251 0.691566
252 0.691757
253 0.691946
254 0.692136
255 0.692325
256 0.692512
257 0.692697
258 0.692883
259 0.693065
260 0.693247
261 0.693432
262 0.693615
263 0.693792
264 0.693974
265 0.694151
266 0.694327
267 0.694505
268 0.694681
269 0.694856
270 0.69503
271 0.695203
272 0.695375
273 0.695546
274 0.695715
275 0.695885
276 0.696056
277 0.696223
278 0.696389
279 0.696557
280 0.696724
281 0.696891
282 0.697057
283 0.697223
284 0.697386
285 0.697547
286 0.697709
287 0.697868
288 0.698028
289 0.698186
290 0.698341
291 0.698494
292 0.698649
293 0.698804
294 0.698958
295 0.699113
296 0.699267
297 0.69942
298 0.699573
299 0.699724
300 0.699874
