1 0.284021
2 0.284186
3 0.283871
4 0.284339
5 0.283702
6 0.284053
7 0.283786
8 0.283945
9 0.284339
10 0.284087
11 0.212433
12 0.212872
13 0.211248
14 0.206211
15 0.194893
16 0.18091
17 0.166927
18 0.155833
19 0.147847
20 0.141282
21 0.135653
22 0.131365
23 0.129336
24 0.127724
25 0.127175
26 0.128757
27 0.127743
28 0.127213
29 0.130111
30 0.129035
31 0.12906
32 0.129078
33 0.129342
34 0.131602
35 0.131773
36 0.131541
37 0.13287
38 0.133521
39 0.131837
40 0.132377
41 0.133239
42 0.131145
43 0.132284
44 0.130705
45 0.129581
46 0.130375
47 0.129111
48 0.127427
49 0.125894
50 0.126757
51 0.125197
52 0.123523
53 0.121984
54 0.122757
55 0.121162
56 0.122742
57 0.122986
58 0.122698
59 0.121851
60 0.122116
61 0.121103
62 0.120643
63 0.119528
64 0.118908
65 0.118319
66 0.118076
67 0.117507
68 0.118068
69 0.117855
70 0.11762
71 0.117839
72 0.117482
73 0.116927
74 0.117065
75 0.115253
76 0.113979
77 0.113171
78 0.112702
79 0.111907
80 0.111937
81 0.111498
82 0.111657
83 0.110652
84 0.109751
85 0.108929
86 0.108363
87 0.107817
88 0.106331
89 0.104892
90 0.103561
91 0.102405
92 0.10125
93 0.0998535
94 0.0983803
95 0.0972178
96 0.0960397
97 0.0950792
98 0.0944074
99 0.0953045
100 0.100517
101 0.0987155
102 0.0970054
103 0.0950528
104 0.0929637
105 0.0909897
106 0.0889704
107 0.0873027
108 0.0859176
109 0.0849189
110 0.0842701
111 0.0835625
112 0.0827882
113 0.0824298
114 0.0820462
115 0.0815592
116 0.0812197
117 0.0803771
118 0.0797717
119 0.0791009
120 0.0784534
121 0.0776725
122 0.0771344
123 0.0762934
124 0.075777
125 0.0755528
126 0.0750689
127 0.0745426
128 0.0741203
129 0.0735663
130 0.0724452
131 0.0713666
132 0.0703054
133 0.0696197
134 0.0690352
135 0.0684031
136 0.0677436
137 0.0674975
138 0.0669945
139 0.06638
140 0.065857
141 0.0653879
142 0.065014
143 0.0646088
144 0.0642086
145 0.0639265
146 0.0636272
147 0.0631563
148 0.0629348
149 0.0624047
150 0.0621505
151 0.0619699
152 0.0617097
153 0.0616354
154 0.0614285
155 0.0610007
156 0.0607981
157 0.0604887
158 0.0601678
159 0.0600655
160 0.0597582
161 0.0596718
162 0.0598708
163 0.0592985
164 0.0588541
165 0.0583356
166 0.057881
167 0.0575392
168 0.0571482
169 0.0569727
170 0.0568401
171 0.056671
172 0.0566534
173 0.0565122
174 0.0561893
175 0.0560746
176 0.0556164
177 0.0554187
178 0.0554664
179 0.0554668
180 0.0553029
181 0.054983
182 0.0548219
183 0.0545535
184 0.0545287
185 0.0542481
186 0.0538873
187 0.0535309
188 0.0533804
189 0.053511
190 0.0532137
191 0.052988
192 0.0527464
193 0.0525249
194 0.0524229
195 0.0522903
196 0.0521111
197 0.0519962
198 0.0516251
199 0.0515215
200 0.0513724
201 0.0512308
202 0.0511442
203 0.0509696
204 0.0508445
205 0.050548
206 0.050361
207 0.0502829
208 0.0500339
209 0.0500545
210 0.0500335
211 0.0499641
212 0.0496935
213 0.0495182
214 0.0494356
215 0.0492376
216 0.04896
217 0.0489056
218 0.0486267
219 0.0485409
220 0.0484978
221 0.0483202
222 0.0481826
223 0.0480922
224 0.0480309
225 0.0479476
226 0.0476854
227 0.0473613
228 0.0472819
229 0.0471929
230 0.0471177
231 0.0470204
232 0.0468776
233 0.0468711
234 0.0467236
235 0.0466285
236 0.0462883
237 0.046115
238 0.0458289
239 0.0457812
240 0.0456376
241 0.0454145
242 0.0453306
243 0.045402
244 0.0452767
245 0.0451914
246 0.0451216
247 0.0449226
248 0.0446882
249 0.0445106
250 0.0444425
251 0.0442718
252 0.0442138
253 0.0441633
254 0.0440455
255 0.0441343
256 0.0438451
257 0.0436423
258 0.043487
259 0.0433248
260 0.0433521
261 0.0433896
262 0.0431625
263 0.0430156
264 0.0428263
265 0.0427195
266 0.0425952
267 0.042375
268 0.0423498
269 0.0423351
270 0.0422681
271 0.0422682
272 0.0422301
273 0.0421746
274 0.042197
275 0.0420185
276 0.0419057
277 0.0416079
278 0.0414415
279 0.0413429
280 0.041242
281 0.0411266
282 0.0410504
283 0.0408733
284 0.0407935
285 0.0407808
286 0.0407303
287 0.040754
288 0.0406262
289 0.0404786
290 0.0404271
291 0.0403284
292 0.0402303
293 0.0401176
294 0.0400502
295 0.0397919
296 0.0397445
297 0.0396967
298 0.0396061
299 0.039405
300 0.0394295
