1 0.284021
2 0.284103
3 0.284026
4 0.284104
5 0.284024
6 0.284029
7 0.283994
8 0.283988
9 0.284027
10 0.284033
11 0.277524
12 0.272136
13 0.267452
14 0.263078
15 0.258532
16 0.253681
17 0.248578
18 0.243425
19 0.238395
20 0.233539
21 0.228878
22 0.224446
23 0.22031
24 0.216453
25 0.212882
26 0.209646
27 0.206613
28 0.203777
29 0.201237
30 0.19883
31 0.196579
32 0.19447
33 0.192496
34 0.190705
35 0.189022
36 0.187425
37 0.18595
38 0.184571
39 0.183219
40 0.181947
41 0.180759
42 0.179578
43 0.178478
44 0.177393
45 0.17633
46 0.175331
47 0.174348
48 0.17337
49 0.172401
50 0.171488
51 0.170581
52 0.169676
53 0.168776
54 0.167924
55 0.167073
56 0.166282
57 0.165522
58 0.164784
59 0.164056
60 0.163357
61 0.162665
62 0.161987
63 0.161313
64 0.16065
65 0.159999
66 0.159364
67 0.158739
68 0.158141
69 0.157557
70 0.156987
71 0.156435
72 0.155894
73 0.15536
74 0.154843
75 0.154315
76 0.153784
77 0.153257
78 0.152737
79 0.15222
80 0.151717
81 0.15122
82 0.150738
83 0.150255
84 0.149772
85 0.149292
86 0.148816
87 0.148345
88 0.147867
89 0.147384
90 0.146897
91 0.146409
92 0.145918
93 0.145422
94 0.144922
95 0.14442
96 0.143916
97 0.143412
98 0.142912
99 0.142431
100 0.142012
101 0.141584
102 0.141147
103 0.140699
104 0.14024
105 0.139771
106 0.139292
107 0.138806
108 0.138316
109 0.137826
110 0.137339
111 0.136855
112 0.136372
113 0.135895
114 0.135422
115 0.134954
116 0.134491
117 0.134028
118 0.133569
119 0.133111
120 0.132655
121 0.132201
122 0.13175
123 0.131299
124 0.130851
125 0.130409
126 0.129969
127 0.129533
128 0.1291
129 0.12867
130 0.128237
131 0.127803
132 0.127367
133 0.126933
134 0.126501
135 0.126071
136 0.125642
137 0.125217
138 0.124796
139 0.124375
140 0.123957
141 0.123542
142 0.12313
143 0.12272
144 0.122314
145 0.121911
146 0.121512
147 0.121115
148 0.120722
149 0.120331
150 0.119943
151 0.119559
152 0.119178
153 0.118802
154 0.11843
155 0.118059
156 0.117692
157 0.117328
158 0.116966
159 0.116608
160 0.116253
161 0.115901
162 0.115556
163 0.11521
164 0.114867
165 0.114524
166 0.114183
167 0.113844
168 0.113506
169 0.113172
170 0.11284
171 0.112512
172 0.112187
173 0.111865
174 0.111545
175 0.111228
176 0.110912
177 0.110599
178 0.110289
179 0.109983
180 0.109679
181 0.109377
182 0.109077
183 0.108779
184 0.108484
185 0.108191
186 0.107899
187 0.107609
188 0.10732
189 0.107035
190 0.106752
191 0.106471
192 0.106191
193 0.105913
194 0.105637
195 0.105363
196 0.105092
197 0.104822
198 0.104554
199 0.104287
200 0.104023
201 0.10376
202 0.103499
203 0.103241
204 0.102984
205 0.102728
206 0.102474
207 0.102222
208 0.101971
209 0.101722
210 0.101476
211 0.101232
212 0.100989
213 0.100747
214 0.100508
215 0.100269
216 0.100032
217 0.0997959
218 0.0995612
219 0.0993283
220 0.0990972
221 0.0988674
222 0.0986391
223 0.0984125
224 0.0981875
225 0.0979643
226 0.0977418
227 0.0975198
228 0.0972995
229 0.0970807
230 0.0968635
231 0.0966477
232 0.0964332
233 0.0962205
234 0.0960089
235 0.0957988
236 0.095589
237 0.0953803
238 0.0951721
239 0.0949654
240 0.0947599
241 0.0945551
242 0.0943517
243 0.0941503
244 0.09395
245 0.093751
246 0.0935533
247 0.0933564
248 0.0931601
249 0.0929648
250 0.0927707
251 0.0925775
252 0.0923855
253 0.0921949
254 0.0920054
255 0.0918176
256 0.0916302
257 0.0914435
258 0.0912576
259 0.0910726
260 0.090889
261 0.090707
262 0.0905256
263 0.0903449
264 0.0901649
265 0.0899859
266 0.0898077
267 0.0896301
268 0.0894537
269 0.0892785
270 0.0891044
271 0.0889316
272 0.0887599
273 0.0885892
274 0.0884199
275 0.0882512
276 0.0880833
277 0.0879155
278 0.0877483
279 0.087582
280 0.0874165
281 0.0872517
282 0.0870879
283 0.0869246
284 0.0867622
285 0.0866008
286 0.0864405
287 0.0862813
288 0.0861227
289 0.0859648
290 0.0858078
291 0.0856515
292 0.0854959
293 0.0853411
294 0.085187
295 0.0850331
296 0.0848801
297 0.084728
298 0.0845766
299 0.0844255
300 0.0842755
