1 0.1002
2 0.10027
3 0.100015
4 0.099928
5 0.10001
6 0.0999973
7 0.100016
8 0.100068
9 0.100004
10 0.1
11 0.10607
12 0.111055
13 0.115546
14 0.120019
15 0.125159
16 0.130965
17 0.137363
18 0.144075
19 0.150893
20 0.157761
21 0.164576
22 0.17125
23 0.177568
24 0.18357
25 0.18919
26 0.194285
27 0.199127
28 0.203719
29 0.207868
30 0.21186
31 0.215694
32 0.21934
33 0.222792
34 0.225975
35 0.228978
36 0.23185
37 0.23449
38 0.236985
39 0.239458
40 0.241852
41 0.244095
42 0.246352
43 0.248471
44 0.250649
45 0.252816
46 0.254922
47 0.257017
48 0.25913
49 0.261239
50 0.263284
51 0.265326
52 0.267361
53 0.269388
54 0.271327
55 0.273258
56 0.275136
57 0.276972
58 0.278758
59 0.280515
60 0.282224
61 0.283895
62 0.285521
63 0.287112
64 0.288675
65 0.290208
66 0.291692
67 0.293151
68 0.294566
69 0.295949
70 0.297297
71 0.2986
72 0.299874
73 0.301121
74 0.302322
75 0.303542
76 0.304771
77 0.305995
78 0.307213
79 0.308428
80 0.309616
81 0.31079
82 0.31192
83 0.313055
84 0.314192
85 0.315324
86 0.316444
87 0.317564
88 0.318696
89 0.319846
90 0.321011
91 0.322179
92 0.323354
93 0.324543
94 0.32575
95 0.326963
96 0.328183
97 0.329406
98 0.33062
99 0.331799
100 0.332853
101 0.333916
102 0.334993
103 0.336089
104 0.337211
105 0.338352
106 0.339516
107 0.3407
108 0.341899
109 0.343103
110 0.344306
111 0.345508
112 0.346707
113 0.347903
114 0.349091
115 0.350274
116 0.351448
117 0.35262
118 0.353787
119 0.354944
120 0.356098
121 0.357248
122 0.358389
123 0.359528
124 0.360664
125 0.361792
126 0.362917
127 0.364042
128 0.36516
129 0.366282
130 0.367403
131 0.368531
132 0.36966
133 0.370784
134 0.371902
135 0.373016
136 0.374127
137 0.375224
138 0.376319
139 0.377413
140 0.378502
141 0.379587
142 0.380668
143 0.381748
144 0.382821
145 0.383887
146 0.384947
147 0.386004
148 0.387049
149 0.388092
150 0.38913
151 0.390162
152 0.391184
153 0.392199
154 0.393205
155 0.394206
156 0.3952
157 0.396188
158 0.39717
159 0.398143
160 0.39911
161 0.400069
162 0.401016
163 0.40196
164 0.402903
165 0.403841
166 0.404778
167 0.405713
168 0.406645
169 0.40757
170 0.408491
171 0.409405
172 0.410312
173 0.411212
174 0.412106
175 0.412996
176 0.413884
177 0.414769
178 0.415647
179 0.416517
180 0.417383
181 0.418243
182 0.4191
183 0.419951
184 0.420796
185 0.421639
186 0.422478
187 0.423313
188 0.424145
189 0.424969
190 0.425791
191 0.426609
192 0.427423
193 0.428233
194 0.429037
195 0.429836
196 0.430631
197 0.431422
198 0.432209
199 0.432991
200 0.433767
201 0.434539
202 0.435306
203 0.436068
204 0.436826
205 0.437583
206 0.438336
207 0.439085
208 0.43983
209 0.440571
210 0.441305
211 0.442038
212 0.442767
213 0.443493
214 0.444213
215 0.444929
216 0.445643
217 0.446352
218 0.44706
219 0.447765
220 0.448466
221 0.449162
222 0.449854
223 0.450545
224 0.451232
225 0.451914
226 0.452595
227 0.453272
228 0.453947
229 0.45462
230 0.455288
231 0.455953
232 0.456614
233 0.457271
234 0.457924
235 0.458574
236 0.459224
237 0.459873
238 0.46052
239 0.461164
240 0.461806
241 0.462445
242 0.463081
243 0.463711
244 0.464339
245 0.464963
246 0.465584
247 0.466203
248 0.466821
249 0.467436
250 0.468048
251 0.468658
252 0.469265
253 0.469868
254 0.470469
255 0.471066
256 0.471665
257 0.472262
258 0.472856
259 0.473448
260 0.474036
261 0.474621
262 0.475203
263 0.475783
264 0.476361
265 0.476936
266 0.477509
267 0.478081
268 0.478651
269 0.479218
270 0.479782
271 0.480343
272 0.480903
273 0.48146
274 0.482015
275 0.482567
276 0.483117
277 0.483666
278 0.484215
279 0.484762
280 0.485306
281 0.485848
282 0.486386
283 0.486922
284 0.487456
285 0.487988
286 0.488518
287 0.489045
288 0.489571
289 0.490094
290 0.490614
291 0.491132
292 0.491648
293 0.492162
294 0.492675
295 0.493187
296 0.493699
297 0.494207
298 0.494715
299 0.495219
300 0.495723
