1 0.5
2 0.493009
3 0.484148
4 0.475617
5 0.468007
6 0.461436
7 0.45542
8 0.450295
9 0.445954
10 0.442023
11 0.438144
12 0.435409
13 0.432282
14 0.429682
15 0.427577
16 0.425074
17 0.423502
18 0.421394
19 0.420216
20 0.418749
21 0.417715
22 0.415734
23 0.415108
24 0.41438
25 0.41365
26 0.412361
27 0.411339
28 0.410885
29 0.410644
30 0.409278
31 0.408529
32 0.408143
33 0.407005
34 0.406284
35 0.405599
36 0.404215
37 0.403379
38 0.401927
39 0.401205
40 0.400096
41 0.39902
42 0.397525
43 0.396323
44 0.394546
45 0.39289
46 0.391491
47 0.389577
48 0.387369
49 0.386155
50 0.384072
51 0.382618
52 0.380102
53 0.378318
54 0.375731
55 0.374178
56 0.372079
57 0.369645
58 0.367616
59 0.365238
60 0.363792
61 0.36199
62 0.359109
63 0.358107
64 0.356106
65 0.354261
66 0.352018
67 0.35105
68 0.348486
69 0.347677
70 0.346716
71 0.344411
72 0.342993
73 0.341986
74 0.340762
75 0.338582
76 0.3389
77 0.336981
78 0.336526
79 0.335333
80 0.335141
81 0.332806
82 0.332233
83 0.331842
84 0.331459
85 0.330124
86 0.329177
87 0.328394
88 0.328759
89 0.328184
90 0.327518
91 0.32691
92 0.32676
93 0.326167
94 0.325423
95 0.324085
96 0.324314
97 0.324444
98 0.323659
99 0.323646
100 0.322614
101 0.322519
102 0.322028
103 0.321868
104 0.321518
105 0.320471
106 0.321391
107 0.320126
108 0.320484
109 0.319948
110 0.319328
111 0.319032
112 0.318061
113 0.318808
114 0.31811
115 0.317886
116 0.317585
117 0.31727
118 0.317085
119 0.316627
120 0.316578
121 0.31646
122 0.315805
123 0.316089
124 0.315449
125 0.31544
126 0.314968
127 0.314641
128 0.314689
129 0.314781
130 0.314205
131 0.313842
132 0.313557
133 0.313932
134 0.313625
135 0.312904
136 0.313358
137 0.312967
138 0.313173
139 0.312765
140 0.312253
141 0.311909
142 0.312274
143 0.311627
144 0.311211
145 0.311234
146 0.311501
147 0.311021
148 0.31072
149 0.311318
150 0.31001
151 0.310632
152 0.310214
153 0.310282
154 0.309772
155 0.30948
156 0.309183
157 0.309687
158 0.309192
159 0.308627
160 0.308968
161 0.308672
162 0.308816
163 0.308742
164 0.308577
165 0.308384
166 0.307488
167 0.307895
168 0.308173
169 0.307611
170 0.307514
171 0.308132
172 0.307178
173 0.307489
174 0.306633
175 0.30667
176 0.306267
177 0.306346
178 0.306235
179 0.305297
180 0.306074
181 0.30618
182 0.305511
183 0.305497
184 0.305838
185 0.305841
186 0.3053
187 0.304809
188 0.306017
189 0.305306
190 0.305337
191 0.305434
192 0.304399
193 0.30452
194 0.304537
195 0.304392
196 0.303921
197 0.304763
198 0.303994
199 0.303996
200 0.303804
201 0.303789
202 0.304027
203 0.303724
204 0.303712
205 0.303683
206 0.303818
207 0.302917
208 0.303162
209 0.302861
210 0.303347
211 0.30228
212 0.303245
213 0.302368
214 0.302663
215 0.303355
216 0.301903
217 0.302524
218 0.301841
219 0.301723
220 0.302416
221 0.302105
222 0.301999
223 0.302263
224 0.301668
225 0.301936
226 0.301924
227 0.301211
228 0.301882
229 0.301545
230 0.301847
231 0.301297
232 0.301272
233 0.30113
234 0.30099
235 0.300954
236 0.300481
237 0.301082
238 0.300824
239 0.301035
240 0.300759
241 0.300717
242 0.300165
243 0.300176
244 0.29986
245 0.299752
246 0.300212
247 0.300101
248 0.299793
249 0.299777
250 0.300775
251 0.299909
252 0.299501
253 0.299809
254 0.300197
255 0.299546
256 0.299505
257 0.299704
258 0.299489
259 0.299944
260 0.299549
261 0.299138
262 0.29932
263 0.299067
264 0.299676
265 0.299178
266 0.299504
267 0.299051
268 0.298928
269 0.299097
270 0.298823
271 0.298619
272 0.298478
273 0.298439
274 0.298046
275 0.299034
276 0.298672
277 0.298045
278 0.298678
279 0.297747
280 0.298584
281 0.29901
282 0.298266
283 0.298778
284 0.29919
285 0.297824
286 0.298392
287 0.298702
288 0.298677
289 0.298115
290 0.298042
291 0.297914
292 0.298013
293 0.298155
294 0.29724
295 0.298259
296 0.298124
297 0.297138
298 0.297754
299 0.297205
300 0.297593
