1 0.500661
2 0.541783
3 0.569516
4 0.590652
5 0.60771
6 0.622033
7 0.633804
8 0.64411
9 0.653212
10 0.661267
11 0.668511
12 0.675158
13 0.680805
14 0.686184
15 0.69096
16 0.695423
17 0.699534
18 0.703421
19 0.707091
20 0.71038
21 0.713475
22 0.716287
23 0.719098
24 0.721507
25 0.723874
26 0.726381
27 0.728583
28 0.72847
29 0.728496
30 0.728573
31 0.728643
32 0.728409
33 0.727902
34 0.727377
35 0.727101
36 0.726615
37 0.726373
38 0.726099
39 0.725902
40 0.725686
41 0.725659
42 0.72555
43 0.725578
44 0.725988
45 0.726138
46 0.726434
47 0.727095
48 0.72784
49 0.72842
50 0.729417
51 0.730349
52 0.731675
53 0.73282
54 0.734316
55 0.735708
56 0.737412
57 0.738841
58 0.740501
59 0.741927
60 0.743307
61 0.745074
62 0.746675
63 0.748246
64 0.749813
65 0.751327
66 0.752895
67 0.754482
68 0.756042
69 0.757504
70 0.758995
71 0.760449
72 0.762114
73 0.763484
74 0.764805
75 0.766377
76 0.767638
77 0.768909
78 0.770272
79 0.771588
80 0.772919
81 0.774159
82 0.775372
83 0.776587
84 0.777653
85 0.778913
86 0.77996
87 0.781024
88 0.78216
89 0.783191
90 0.784159
91 0.785117
92 0.786231
93 0.787213
94 0.788111
95 0.78921
96 0.790003
97 0.790842
98 0.79176
99 0.79262
100 0.793427
101 0.794359
102 0.795124
103 0.795822
104 0.796686
105 0.797307
106 0.798117
107 0.798715
108 0.799504
109 0.800023
110 0.800728
111 0.801385
112 0.802115
113 0.802776
114 0.803287
115 0.803903
116 0.804492
117 0.805089
118 0.805608
119 0.806207
120 0.806731
121 0.807316
122 0.807764
123 0.80832
124 0.808766
125 0.809251
126 0.809687
127 0.810155
128 0.810589
129 0.810975
130 0.811473
131 0.811848
132 0.812379
133 0.812821
134 0.813077
135 0.813579
136 0.813847
137 0.814251
138 0.814628
139 0.814912
140 0.815466
141 0.815778
142 0.816118
143 0.816512
144 0.816871
145 0.817134
146 0.817601
147 0.817903
148 0.81831
149 0.818672
150 0.818991
151 0.819365
152 0.819743
153 0.819998
154 0.820419
155 0.820736
156 0.821107
157 0.821527
158 0.821778
159 0.822094
160 0.822344
161 0.822746
162 0.823016
163 0.823385
164 0.823666
165 0.824045
166 0.824345
167 0.82462
168 0.82497
169 0.82523
170 0.825554
171 0.825796
172 0.826145
173 0.826427
174 0.82669
175 0.826993
176 0.827264
177 0.827541
178 0.8278
179 0.828126
180 0.828348
181 0.828571
182 0.828865
183 0.829121
184 0.829426
185 0.82968
186 0.829899
187 0.830092
188 0.830348
189 0.830596
190 0.830769
191 0.831083
192 0.831251
193 0.831507
194 0.831731
195 0.831937
196 0.832132
197 0.832342
198 0.832594
199 0.832806
200 0.833007
201 0.833193
202 0.833418
203 0.833571
204 0.833746
205 0.833907
206 0.834112
207 0.834344
208 0.834583
209 0.83472
210 0.834953
211 0.834996
212 0.835273
213 0.835407
214 0.835524
215 0.835719
216 0.835949
217 0.836147
218 0.836277
219 0.836388
220 0.836622
221 0.836786
222 0.836927
223 0.837144
224 0.837257
225 0.83746
226 0.837577
227 0.837783
228 0.837995
229 0.838026
230 0.838205
231 0.838354
232 0.838488
233 0.838626
234 0.838772
235 0.839001
236 0.839099
237 0.839259
238 0.839331
239 0.83952
240 0.83964
241 0.839799
242 0.839905
243 0.840074
244 0.840185
245 0.840254
246 0.840427
247 0.840532
248 0.840599
249 0.840716
250 0.840824
251 0.840948
252 0.841051
253 0.841131
254 0.841205
255 0.841256
256 0.841306
257 0.841335
258 0.841488
259 0.841465
260 0.841562
261 0.841675
262 0.841759
263 0.841911
264 0.841933
265 0.842061
266 0.842152
267 0.842313
268 0.842359
269 0.842437
270 0.842501
271 0.842639
272 0.84265
273 0.842805
274 0.842946
275 0.843036
276 0.843126
277 0.843298
278 0.843328
279 0.843466
280 0.843562
281 0.843682
282 0.843762
283 0.843902
284 0.843991
285 0.844106
286 0.844257
287 0.844272
288 0.84446
289 0.844555
290 0.844687
291 0.844759
292 0.84482
293 0.844956
294 0.84501
295 0.845216
296 0.845273
297 0.845388
298 0.845507
299 0.84567
300 0.845775
