1 0.500661
2 0.58332
3 0.624905
4 0.654238
5 0.675982
6 0.692556
7 0.706381
8 0.717337
9 0.72611
10 0.733702
11 0.740896
12 0.745805
13 0.751263
14 0.755684
15 0.759188
16 0.763274
17 0.765795
18 0.769125
19 0.77096
20 0.773222
21 0.7748
22 0.777788
23 0.778722
24 0.779803
25 0.780882
26 0.78277
27 0.784255
28 0.784911
29 0.785258
30 0.787215
31 0.788279
32 0.788825
33 0.790427
34 0.791435
35 0.792387
36 0.794298
37 0.795442
38 0.797414
39 0.798388
40 0.799873
41 0.801304
42 0.803273
43 0.804842
44 0.807139
45 0.809254
46 0.811024
47 0.813417
48 0.816142
49 0.817624
50 0.82014
51 0.821876
52 0.824844
53 0.826919
54 0.82989
55 0.83165
56 0.834003
57 0.836695
58 0.838909
59 0.84147
60 0.84301
61 0.844912
62 0.84791
63 0.848942
64 0.850983
65 0.852846
66 0.855083
67 0.85604
68 0.85855
69 0.859335
70 0.860262
71 0.862466
72 0.863809
73 0.864755
74 0.865899
75 0.867917
76 0.867624
77 0.869384
78 0.869799
79 0.870881
80 0.871054
81 0.87315
82 0.87366
83 0.874008
84 0.874347
85 0.875525
86 0.876355
87 0.877039
88 0.876721
89 0.877222
90 0.8778
91 0.878326
92 0.878456
93 0.878967
94 0.879606
95 0.880749
96 0.880554
97 0.880443
98 0.881111
99 0.881122
100 0.881996
101 0.882076
102 0.88249
103 0.882625
104 0.882919
105 0.883796
106 0.883026
107 0.884084
108 0.883785
109 0.884232
110 0.884747
111 0.884993
112 0.885795
113 0.885178
114 0.885755
115 0.88594
116 0.886187
117 0.886446
118 0.886598
119 0.886973
120 0.887013
121 0.88711
122 0.887644
123 0.887413
124 0.887934
125 0.887941
126 0.888325
127 0.88859
128 0.888551
129 0.888476
130 0.888942
131 0.889235
132 0.889465
133 0.889163
134 0.88941
135 0.88999
136 0.889625
137 0.889939
138 0.889774
139 0.890101
140 0.890511
141 0.890786
142 0.890494
143 0.891011
144 0.891342
145 0.891324
146 0.891111
147 0.891493
148 0.891732
149 0.891257
150 0.892294
151 0.891802
152 0.892133
153 0.892079
154 0.892482
155 0.892712
156 0.892946
157 0.892549
158 0.892939
159 0.893383
160 0.893115
161 0.893348
162 0.893235
163 0.893293
164 0.893422
165 0.893574
166 0.894274
167 0.893956
168 0.893739
169 0.894178
170 0.894254
171 0.893771
172 0.894516
173 0.894273
174 0.894939
175 0.894911
176 0.895223
177 0.895162
178 0.895248
179 0.895973
180 0.895373
181 0.895291
182 0.895808
183 0.895819
184 0.895555
185 0.895553
186 0.895971
187 0.896349
188 0.895417
189 0.895966
190 0.895942
191 0.895867
192 0.896664
193 0.896571
194 0.896558
195 0.896669
196 0.89703
197 0.896384
198 0.896974
199 0.896973
200 0.89712
201 0.897131
202 0.896949
203 0.897181
204 0.89719
205 0.897212
206 0.897109
207 0.897797
208 0.89761
209 0.897839
210 0.897469
211 0.898281
212 0.897547
213 0.898214
214 0.89799
215 0.897463
216 0.898567
217 0.898096
218 0.898614
219 0.898703
220 0.898178
221 0.898414
222 0.898494
223 0.898294
224 0.898745
225 0.898542
226 0.898551
227 0.89909
228 0.898583
229 0.898838
230 0.898609
231 0.899025
232 0.899044
233 0.899151
234 0.899257
235 0.899284
236 0.89964
237 0.899187
238 0.899382
239 0.899223
240 0.899431
241 0.899462
242 0.899877
243 0.899869
244 0.900106
245 0.900187
246 0.899842
247 0.899925
248 0.900156
249 0.900168
250 0.899419
251 0.900069
252 0.900375
253 0.900144
254 0.899853
255 0.900341
256 0.900372
257 0.900223
258 0.900384
259 0.900043
260 0.900339
261 0.900646
262 0.90051
263 0.900699
264 0.900244
265 0.900616
266 0.900373
267 0.900711
268 0.900803
269 0.900677
270 0.900881
271 0.901033
272 0.901138
273 0.901167
274 0.901459
275 0.900724
276 0.900994
277 0.90146
278 0.900989
279 0.901681
280 0.901059
281 0.900742
282 0.901296
283 0.900915
284 0.900607
285 0.901624
286 0.901202
287 0.900971
288 0.90099
289 0.901408
290 0.901462
291 0.901557
292 0.901484
293 0.901378
294 0.902056
295 0.901301
296 0.901401
297 0.902132
298 0.901676
299 0.902082
300 0.901795
