1 0.408939
2 0.367376
3 0.339587
4 0.318509
5 0.301378
6 0.287222
7 0.275347
8 0.264983
9 0.255963
10 0.247967
11 0.240724
12 0.234079
13 0.22829
14 0.222899
15 0.217992
16 0.213657
17 0.209551
18 0.205668
19 0.202001
20 0.198757
21 0.195749
22 0.192959
23 0.190038
24 0.187739
25 0.185246
26 0.182811
27 0.180672
28 0.180762
29 0.180655
30 0.180626
31 0.180558
32 0.180792
33 0.181266
34 0.181701
35 0.182172
36 0.182562
37 0.182687
38 0.183154
39 0.183299
40 0.18341
41 0.183567
42 0.183691
43 0.183675
44 0.183187
45 0.183025
46 0.182853
47 0.182181
48 0.181426
49 0.180738
50 0.179803
51 0.178816
52 0.177546
53 0.176366
54 0.174853
55 0.173517
56 0.171843
57 0.170383
58 0.168701
59 0.167359
60 0.165889
61 0.164137
62 0.1625
63 0.16101
64 0.159435
65 0.157923
66 0.156348
67 0.154755
68 0.153214
69 0.151765
70 0.150203
71 0.148773
72 0.147092
73 0.145793
74 0.144377
75 0.142842
76 0.141645
77 0.140305
78 0.138966
79 0.137663
80 0.136313
81 0.135045
82 0.133857
83 0.132684
84 0.131538
85 0.130339
86 0.129294
87 0.128215
88 0.127076
89 0.126066
90 0.125112
91 0.124106
92 0.122977
93 0.121986
94 0.121119
95 0.120087
96 0.119221
97 0.118425
98 0.117484
99 0.116617
100 0.115807
101 0.114846
102 0.114112
103 0.113403
104 0.112558
105 0.111891
106 0.111131
107 0.110496
108 0.109724
109 0.109248
110 0.108515
111 0.107873
112 0.107176
113 0.106484
114 0.105939
115 0.105303
116 0.104789
117 0.104132
118 0.103616
119 0.103068
120 0.102491
121 0.101947
122 0.101477
123 0.100927
124 0.100441
125 0.10002
126 0.099555
127 0.0991138
128 0.0986582
129 0.0982501
130 0.0977642
131 0.0973496
132 0.0968945
133 0.0964213
134 0.0961516
135 0.0956804
136 0.0953838
137 0.0949821
138 0.0945931
139 0.0943593
140 0.0937717
141 0.0934814
142 0.0931177
143 0.0927347
144 0.0923696
145 0.092058
146 0.0916728
147 0.0913198
148 0.090933
149 0.0905627
150 0.0902252
151 0.0898705
152 0.0894804
153 0.0892243
154 0.0888039
155 0.0885125
156 0.0881384
157 0.0877313
158 0.0874311
159 0.087161
160 0.0868567
161 0.0865028
162 0.0862229
163 0.0858428
164 0.085566
165 0.0851871
166 0.0849121
167 0.0846265
168 0.0842951
169 0.0839711
170 0.0836701
171 0.0834235
172 0.0830979
173 0.0828018
174 0.0825494
175 0.0822426
176 0.0819891
177 0.0817025
178 0.081418
179 0.0810838
180 0.0808432
181 0.0806283
182 0.0803668
183 0.0801314
184 0.0798121
185 0.0795685
186 0.0793339
187 0.0791396
188 0.0788841
189 0.0786187
190 0.0784705
191 0.0781639
192 0.0779535
193 0.0777334
194 0.0774908
195 0.0773227
196 0.0770802
197 0.0768617
198 0.076622
199 0.0764229
200 0.0762335
201 0.0760481
202 0.0758251
203 0.0756854
204 0.0754919
205 0.0753188
206 0.0750924
207 0.0748974
208 0.0746382
209 0.0745153
210 0.07427
211 0.0742098
212 0.0739479
213 0.0738164
214 0.0736978
215 0.0735079
216 0.0732841
217 0.0730746
218 0.0729308
219 0.0728391
220 0.0725998
221 0.0724721
222 0.0722917
223 0.0720872
224 0.0719717
225 0.0717965
226 0.0716594
227 0.0714437
228 0.0712724
229 0.0711955
230 0.0710259
231 0.0709099
232 0.0707629
233 0.0706
234 0.0704813
235 0.0702394
236 0.0701433
237 0.0699801
238 0.0698919
239 0.0696874
240 0.0696078
241 0.0694321
242 0.0693236
243 0.0691651
244 0.069043
245 0.06898
246 0.0688479
247 0.0687211
248 0.0686265
249 0.0685261
250 0.0684058
251 0.0682929
252 0.0682045
253 0.0681259
254 0.0680317
255 0.0679547
256 0.06792
257 0.0679015
258 0.0677553
259 0.0677693
260 0.0676743
261 0.0675651
262 0.0674619
263 0.0673405
264 0.0672991
265 0.0671714
266 0.0670688
267 0.0669105
268 0.0668779
269 0.0668123
270 0.0667288
271 0.0665696
272 0.0665804
273 0.0664064
274 0.0662858
275 0.0662011
276 0.0660954
277 0.0659266
278 0.0658982
279 0.065758
280 0.0656717
281 0.0655353
282 0.0654718
283 0.0653427
284 0.0652302
285 0.0651505
286 0.0649724
287 0.0649717
288 0.064782
289 0.0646793
290 0.0645393
291 0.0644894
292 0.0644093
293 0.0642806
294 0.0642054
295 0.0640167
296 0.0639524
297 0.0638297
298 0.0636999
299 0.0635634
300 0.0634783
