1 0.5
2 0.3796
3 0.325918
4 0.293933
5 0.271655
6 0.254924
7 0.241995
8 0.231406
9 0.222593
10 0.21487
11 0.208298
12 0.20248
13 0.19731
14 0.193019
15 0.189149
16 0.185484
17 0.182079
18 0.179299
19 0.176548
20 0.173981
21 0.171782
22 0.169667
23 0.167717
24 0.166069
25 0.1643
26 0.162758
27 0.161255
28 0.15735
29 0.153791
30 0.15077
31 0.148144
32 0.145064
33 0.142522
34 0.140111
35 0.138059
36 0.135854
37 0.1341
38 0.132627
39 0.131229
40 0.129685
41 0.128007
42 0.126808
43 0.125533
44 0.124149
45 0.123217
46 0.122428
47 0.12155
48 0.121011
49 0.120521
50 0.119915
51 0.11967
52 0.119031
53 0.118753
54 0.118403
55 0.118081
56 0.117638
57 0.11725
58 0.116809
59 0.116685
60 0.116341
61 0.115739
62 0.115223
63 0.114837
64 0.11428
65 0.113886
66 0.11355
67 0.113022
68 0.11243
69 0.112059
70 0.111712
71 0.111227
72 0.11058
73 0.110378
74 0.109899
75 0.109418
76 0.109052
77 0.108831
78 0.108361
79 0.107999
80 0.107572
81 0.107249
82 0.10699
83 0.106447
84 0.106324
85 0.105979
86 0.105764
87 0.105482
88 0.105065
89 0.104851
90 0.104549
91 0.104459
92 0.104198
93 0.103892
94 0.103678
95 0.103359
96 0.103431
97 0.103249
98 0.103071
99 0.10286
100 0.102707
101 0.102412
102 0.102268
103 0.102383
104 0.102159
105 0.102037
106 0.10185
107 0.101804
108 0.101599
109 0.101739
110 0.101564
111 0.101482
112 0.101299
113 0.101143
114 0.101104
115 0.100965
116 0.100994
117 0.100751
118 0.100637
119 0.100665
120 0.100577
121 0.100285
122 0.100288
123 0.100118
124 0.100121
125 0.0999269
126 0.0999059
127 0.0997851
128 0.0996878
129 0.0996596
130 0.099447
131 0.0993457
132 0.0992245
133 0.0990952
134 0.0991056
135 0.0989552
136 0.0988686
137 0.0988729
138 0.0987649
139 0.0987411
140 0.0984872
141 0.0985297
142 0.0985472
143 0.0984751
144 0.0983888
145 0.0985958
146 0.0983492
147 0.0984294
148 0.0982311
149 0.0982453
150 0.0982498
151 0.0981329
152 0.0980042
153 0.0981819
154 0.0980066
155 0.0979748
156 0.0980495
157 0.0977831
158 0.0979142
159 0.0978335
160 0.0979186
161 0.0978228
162 0.0978987
163 0.0977691
164 0.0978322
165 0.0977183
166 0.0977232
167 0.0976803
168 0.0975687
169 0.097637
170 0.0976464
171 0.0976563
172 0.0975665
173 0.0975077
174 0.0975291
175 0.0974402
176 0.0973713
177 0.097454
178 0.097402
179 0.0973098
180 0.0974319
181 0.0974785
182 0.0973167
183 0.0972438
184 0.0972119
185 0.0972283
186 0.0972382
187 0.0972148
188 0.0972708
189 0.09718
190 0.0972062
191 0.0970365
192 0.0971347
193 0.0970367
194 0.0969356
195 0.0969105
196 0.097004
197 0.0969628
198 0.0968162
199 0.0969202
200 0.096767
201 0.0968588
202 0.0967585
203 0.0967633
204 0.0967039
205 0.0967212
206 0.0967248
207 0.0966277
208 0.0964489
209 0.0964409
210 0.096477
211 0.0965552
212 0.0964214
213 0.0964184
214 0.0964374
215 0.0963885
216 0.0962389
217 0.0961652
218 0.0962259
219 0.0962324
220 0.0961488
221 0.0961575
222 0.0961297
223 0.0959753
224 0.0961023
225 0.0959371
226 0.0959655
227 0.0958413
228 0.0957426
229 0.0957696
230 0.09578
231 0.0957548
232 0.0956934
233 0.095653
234 0.0956717
235 0.0954707
236 0.0955394
237 0.0953936
238 0.0954208
239 0.09528
240 0.0953094
241 0.0952491
242 0.0951828
243 0.0950999
244 0.0950165
245 0.0950577
246 0.0949721
247 0.0948572
248 0.0948719
249 0.0947323
250 0.0946711
251 0.0945653
252 0.0945168
253 0.0944363
254 0.0943782
255 0.0941697
256 0.0941437
257 0.0941286
258 0.0939167
259 0.0939683
260 0.0939013
261 0.093644
262 0.0936778
263 0.0935421
264 0.0936247
265 0.0934564
266 0.0934298
267 0.0931906
268 0.0932006
269 0.0932187
270 0.0931889
271 0.0930215
272 0.0931249
273 0.0930242
274 0.0928493
275 0.0928693
276 0.0927397
277 0.0927354
278 0.0927507
279 0.092654
280 0.092586
281 0.0925527
282 0.092589
283 0.0924172
284 0.0923984
285 0.0923871
286 0.0923065
287 0.0923406
288 0.0922336
289 0.0921016
290 0.0920385
291 0.0920885
292 0.0920727
293 0.0920536
294 0.0920385
295 0.091903
296 0.0918818
297 0.0918931
298 0.0918443
299 0.0917322
300 0.0917143
