1 0.100339
2 0.145546
3 0.170593
4 0.191887
5 0.2078
6 0.221627
7 0.232637
8 0.243828
9 0.251866
10 0.260335
11 0.266784
12 0.273308
13 0.279551
14 0.283909
15 0.287698
16 0.292319
17 0.295404
18 0.299056
19 0.301759
20 0.304438
21 0.30685
22 0.309377
23 0.311177
24 0.312999
25 0.314902
26 0.316551
27 0.317823
28 0.319708
29 0.32153
30 0.323557
31 0.326566
32 0.329788
33 0.332399
34 0.336629
35 0.340825
36 0.345624
37 0.351443
38 0.357141
39 0.362627
40 0.369462
41 0.375781
42 0.383326
43 0.389793
44 0.398851
45 0.407084
46 0.414524
47 0.422994
48 0.431692
49 0.440072
50 0.447989
51 0.456816
52 0.466167
53 0.474736
54 0.483253
55 0.490824
56 0.500121
57 0.507136
58 0.515423
59 0.522226
60 0.529297
61 0.536442
62 0.544264
63 0.550153
64 0.556117
65 0.562662
66 0.568265
67 0.574193
68 0.579427
69 0.584829
70 0.590169
71 0.594565
72 0.600266
73 0.603118
74 0.607592
75 0.612333
76 0.615602
77 0.620142
78 0.623695
79 0.626836
80 0.631384
81 0.634365
82 0.637284
83 0.640086
84 0.64318
85 0.647357
86 0.649448
87 0.651391
88 0.654151
89 0.656575
90 0.658622
91 0.661267
92 0.663187
93 0.666203
94 0.667848
95 0.670237
96 0.6717
97 0.67288
98 0.675684
99 0.677273
100 0.678562
101 0.681422
102 0.682615
103 0.68337
104 0.685907
105 0.688133
106 0.689536
107 0.692073
108 0.693288
109 0.694874
110 0.696345
111 0.698377
112 0.698745
113 0.700828
114 0.703085
115 0.70503
116 0.705892
117 0.707369
118 0.708877
119 0.709508
120 0.711272
121 0.712873
122 0.71313
123 0.715379
124 0.717002
125 0.71779
126 0.719296
127 0.720641
128 0.721431
129 0.721927
130 0.723447
131 0.724322
132 0.726116
133 0.727255
134 0.728335
135 0.729332
136 0.730277
137 0.731148
138 0.732735
139 0.73311
140 0.735491
141 0.736056
142 0.736594
143 0.738151
144 0.738772
145 0.74069
146 0.741499
147 0.74226
148 0.743499
149 0.744177
150 0.744885
151 0.746296
152 0.747215
153 0.747349
154 0.749322
155 0.750559
156 0.750323
157 0.752425
158 0.753334
159 0.754741
160 0.754366
161 0.755836
162 0.756744
163 0.757524
164 0.758217
165 0.759237
166 0.759607
167 0.760871
168 0.761862
169 0.762791
170 0.763393
171 0.764205
172 0.765274
173 0.76649
174 0.766152
175 0.767948
176 0.768737
177 0.769137
178 0.769672
179 0.77079
180 0.770724
181 0.77146
182 0.772517
183 0.773165
184 0.77486
185 0.775172
186 0.77566
187 0.776031
188 0.77696
189 0.777942
190 0.778057
191 0.779236
192 0.779815
193 0.780677
194 0.780511
195 0.78179
196 0.782562
197 0.782299
198 0.783114
199 0.784175
200 0.78473
201 0.785456
202 0.785714
203 0.786443
204 0.787255
205 0.787258
206 0.788726
207 0.788887
208 0.790276
209 0.790279
210 0.792047
211 0.791703
212 0.792423
213 0.792756
214 0.792619
215 0.793185
216 0.794069
217 0.795292
218 0.795742
219 0.79499
220 0.796628
221 0.797169
222 0.797864
223 0.798869
224 0.798853
225 0.800039
226 0.799627
227 0.800497
228 0.800799
229 0.801285
230 0.801961
231 0.802289
232 0.802703
233 0.803357
234 0.803185
235 0.805145
236 0.805358
237 0.806172
238 0.805589
239 0.806255
240 0.806615
241 0.807092
242 0.807436
243 0.808111
244 0.808776
245 0.809389
246 0.810098
247 0.809893
248 0.810688
249 0.811125
250 0.81155
251 0.811565
252 0.812323
253 0.812449
254 0.813321
255 0.812919
256 0.813245
257 0.814519
258 0.814995
259 0.81451
260 0.815523
261 0.815687
262 0.815711
263 0.816156
264 0.816682
265 0.817096
266 0.817449
267 0.818713
268 0.818155
269 0.819027
270 0.818672
271 0.81911
272 0.819089
273 0.82005
274 0.820723
275 0.820956
276 0.820856
277 0.822424
278 0.821814
279 0.822797
280 0.823149
281 0.822651
282 0.823557
283 0.823993
284 0.82446
285 0.824362
286 0.825364
287 0.825226
288 0.824948
289 0.826034
290 0.826583
291 0.826721
292 0.82699
293 0.827289
294 0.826755
295 0.828154
296 0.827507
297 0.828524
298 0.828997
299 0.829129
300 0.829923
