1 0.100339
2 0.122942
3 0.138998
4 0.152215
5 0.163336
6 0.173003
7 0.181353
8 0.189441
9 0.19605
10 0.202518
11 0.208411
12 0.21383
13 0.219406
14 0.223494
15 0.227733
16 0.231922
17 0.235374
18 0.239221
19 0.242563
20 0.245518
21 0.248369
22 0.251149
23 0.253974
24 0.256219
25 0.258689
26 0.261172
27 0.263016
28 0.261772
29 0.260282
30 0.259298
31 0.258717
32 0.257676
33 0.256266
34 0.255597
35 0.255232
36 0.254517
37 0.255511
38 0.255705
39 0.256506
40 0.257743
41 0.259247
42 0.260987
43 0.263025
44 0.266195
45 0.269216
46 0.271859
47 0.275354
48 0.279031
49 0.282739
50 0.286634
51 0.290745
52 0.29574
53 0.300028
54 0.304741
55 0.308987
56 0.314083
57 0.31834
58 0.323367
59 0.327615
60 0.331846
61 0.336567
62 0.341168
63 0.34527
64 0.349425
65 0.353538
66 0.357667
67 0.361915
68 0.365835
69 0.36969
70 0.373599
71 0.377281
72 0.381605
73 0.384532
74 0.388152
75 0.391949
76 0.395075
77 0.398637
78 0.401966
79 0.404887
80 0.408964
81 0.411852
82 0.414456
83 0.417454
84 0.420513
85 0.424012
86 0.426288
87 0.428717
88 0.431766
89 0.434133
90 0.43613
91 0.438974
92 0.441645
93 0.444479
94 0.44651
95 0.449091
96 0.45109
97 0.452925
98 0.455556
99 0.457759
100 0.459637
101 0.462533
102 0.464122
103 0.465565
104 0.467901
105 0.469997
106 0.471751
107 0.473928
108 0.475669
109 0.477072
110 0.478846
111 0.480844
112 0.482254
113 0.484061
114 0.486127
115 0.48786
116 0.488907
117 0.490801
118 0.492118
119 0.493682
120 0.495214
121 0.49668
122 0.497642
123 0.499677
124 0.501061
125 0.502265
126 0.503589
127 0.504906
128 0.505872
129 0.506947
130 0.50831
131 0.509395
132 0.511186
133 0.512581
134 0.513448
135 0.514749
136 0.515431
137 0.516537
138 0.51813
139 0.518593
140 0.520745
141 0.521514
142 0.522386
143 0.523887
144 0.524691
145 0.526377
146 0.527258
147 0.528236
148 0.529474
149 0.530553
150 0.531691
151 0.53286
152 0.534019
153 0.534647
154 0.536325
155 0.53743
156 0.538143
157 0.539923
158 0.540836
159 0.541992
160 0.542523
161 0.543792
162 0.544932
163 0.546094
164 0.546781
165 0.547988
166 0.548765
167 0.549906
168 0.550999
169 0.552263
170 0.552941
171 0.553903
172 0.55512
173 0.556248
174 0.556635
175 0.558149
176 0.559036
177 0.559896
178 0.560697
179 0.561842
180 0.562357
181 0.563158
182 0.564219
183 0.564955
184 0.566483
185 0.567208
186 0.567869
187 0.568293
188 0.569582
189 0.570305
190 0.570752
191 0.571915
192 0.572688
193 0.573498
194 0.574044
195 0.575033
196 0.575835
197 0.576294
198 0.577066
199 0.57818
200 0.578856
201 0.579664
202 0.580337
203 0.581046
204 0.581703
205 0.581987
206 0.583246
207 0.583798
208 0.58473
209 0.585032
210 0.586629
211 0.586604
212 0.587257
213 0.588084
214 0.58802
215 0.58889
216 0.589896
217 0.590723
218 0.591278
219 0.591221
220 0.592552
221 0.593116
222 0.593995
223 0.594526
224 0.595161
225 0.596018
226 0.596082
227 0.596926
228 0.597459
229 0.597999
230 0.598629
231 0.599124
232 0.599485
233 0.600302
234 0.600556
235 0.601844
236 0.602286
237 0.603253
238 0.602979
239 0.603746
240 0.60408
241 0.60472
242 0.605347
243 0.606082
244 0.606654
245 0.607015
246 0.607721
247 0.607897
248 0.60846
249 0.608905
250 0.609387
251 0.609964
252 0.610419
253 0.610434
254 0.611256
255 0.61109
256 0.611505
257 0.612124
258 0.612524
259 0.612263
260 0.613053
261 0.613305
262 0.613508
263 0.61409
264 0.614283
265 0.614893
266 0.615528
267 0.61628
268 0.61622
269 0.616532
270 0.61679
271 0.617379
272 0.617281
273 0.61829
274 0.618829
275 0.619087
276 0.619425
277 0.620546
278 0.620471
279 0.621205
280 0.621541
281 0.621609
282 0.622415
283 0.622708
284 0.623248
285 0.623503
286 0.624252
287 0.624381
288 0.624867
289 0.625361
290 0.626002
291 0.62636
292 0.626739
293 0.627205
294 0.627123
295 0.628158
296 0.628225
297 0.628964
298 0.629503
299 0.629801
300 0.630352
