1 0.408939
2 0.325812
3 0.284102
4 0.254984
5 0.233345
6 0.216819
7 0.203367
8 0.192275
9 0.183133
10 0.17552
11 0.168744
12 0.16285
13 0.157744
14 0.153351
15 0.149741
16 0.146212
17 0.143295
18 0.140548
19 0.138122
20 0.135967
21 0.134091
22 0.132241
23 0.130546
24 0.129305
25 0.127616
26 0.126367
27 0.125322
28 0.124295
29 0.123006
30 0.122148
31 0.120895
32 0.119856
33 0.118811
34 0.117557
35 0.116506
36 0.115016
37 0.113479
38 0.112296
39 0.110944
40 0.109169
41 0.107713
42 0.106003
43 0.104323
44 0.102087
45 0.100088
46 0.0982882
47 0.0961004
48 0.0936611
49 0.0915897
50 0.0893795
51 0.0870778
52 0.0844705
53 0.0822502
54 0.0797128
55 0.0774567
56 0.074747
57 0.0725211
58 0.0701711
59 0.0682049
60 0.0661525
61 0.0639329
62 0.0618087
63 0.0598981
64 0.0580272
65 0.056161
66 0.0544669
67 0.0527365
68 0.0512012
69 0.0498052
70 0.0483644
71 0.0469386
72 0.0454616
73 0.0444656
74 0.0433164
75 0.0420437
76 0.0411867
77 0.0401247
78 0.0392659
79 0.0382865
80 0.0373759
81 0.0366288
82 0.035932
83 0.035222
84 0.0346115
85 0.0338481
86 0.0333445
87 0.0328845
88 0.0322097
89 0.0316892
90 0.0313095
91 0.0308461
92 0.0303564
93 0.0299605
94 0.0295453
95 0.0290625
96 0.0288467
97 0.0286547
98 0.0281416
99 0.0279275
100 0.0275958
101 0.0271421
102 0.0268973
103 0.0266952
104 0.026301
105 0.0259721
106 0.0257019
107 0.0253978
108 0.0250903
109 0.0249619
110 0.0245863
111 0.0243284
112 0.0241317
113 0.0237736
114 0.0235293
115 0.0232826
116 0.0230949
117 0.0228333
118 0.022649
119 0.0225183
120 0.0222701
121 0.0219521
122 0.0219021
123 0.0216508
124 0.0214318
125 0.0213497
126 0.0210835
127 0.0209573
128 0.0207351
129 0.0206831
130 0.020418
131 0.0202703
132 0.0200639
133 0.0198501
134 0.0197996
135 0.0196223
136 0.0194439
137 0.0193057
138 0.0191174
139 0.0191007
140 0.0187304
141 0.0186693
142 0.0184508
143 0.0183042
144 0.0182119
145 0.0180482
146 0.0178638
147 0.017782
148 0.0175999
149 0.0174792
150 0.0173627
151 0.0171968
152 0.0170284
153 0.0169713
154 0.0167813
155 0.0166626
156 0.0165423
157 0.0163088
158 0.0161983
159 0.016079
160 0.0160224
161 0.0158506
162 0.01576
163 0.0156469
164 0.0155187
165 0.0153346
166 0.0152961
167 0.0151289
168 0.0150346
169 0.014915
170 0.0147991
171 0.0147786
172 0.0145836
173 0.014417
174 0.0143679
175 0.0142809
176 0.0141421
177 0.0140674
178 0.0139901
179 0.0138138
180 0.013804
181 0.0137472
182 0.0136015
183 0.0135404
184 0.013386
185 0.0133243
186 0.013247
187 0.0132106
188 0.0131307
189 0.0129469
190 0.0129894
191 0.012803
192 0.0127568
193 0.0126856
194 0.0126222
195 0.012528
196 0.0124349
197 0.0124489
198 0.0122515
199 0.0122234
200 0.0121375
201 0.0121442
202 0.0120296
203 0.0119564
204 0.0118842
205 0.0118484
206 0.0117097
207 0.0116685
208 0.0114817
209 0.0114885
210 0.0113741
211 0.0114042
212 0.0112586
213 0.011246
214 0.0112526
215 0.0111754
216 0.0110693
217 0.0109389
218 0.0109092
219 0.0109449
220 0.0107915
221 0.0107726
222 0.0107073
223 0.0105733
224 0.0105732
225 0.0104611
226 0.0104584
227 0.0103407
228 0.0102905
229 0.010277
230 0.0102203
231 0.0102162
232 0.0101268
233 0.0100568
234 0.0100532
235 0.00990612
236 0.0099074
237 0.00982181
238 0.00983085
239 0.00972046
240 0.00971767
241 0.00963954
242 0.0096347
243 0.00956906
244 0.00947105
245 0.00947167
246 0.00940873
247 0.00934671
248 0.0093063
249 0.00926654
250 0.00919943
251 0.00918542
252 0.00911731
253 0.00912068
254 0.00904779
255 0.00900713
256 0.00900573
257 0.00896322
258 0.00887723
259 0.0089289
260 0.00881572
261 0.00878528
262 0.00876107
263 0.00869969
264 0.0087009
265 0.0086431
266 0.00861852
267 0.00850742
268 0.00853344
269 0.00849033
270 0.00849788
271 0.00839698
272 0.00845934
273 0.0083575
274 0.00827955
275 0.00828347
276 0.00825956
277 0.00818556
278 0.00819482
279 0.00813596
280 0.00810828
281 0.00809016
282 0.0080602
283 0.00801183
284 0.00797113
285 0.00797198
286 0.0078795
287 0.00790849
288 0.00784391
289 0.00779081
290 0.00772726
291 0.00776058
292 0.00774239
293 0.00770276
294 0.00772035
295 0.00760446
296 0.00763624
297 0.00756951
298 0.00751915
299 0.00748365
300 0.0074586
