1 0
2 0
3 0
4 0
5 0.0263158
6 0.0454545
7 0.0363636
8 0.0411765
9 0.0431373
10 0.0356164
11 0.0332681
12 0.038961
13 0.0367965
14 0.038206
15 0.0374677
16 0.0373211
17 0.0380368
18 0.0374793
19 0.0358209
20 0.0347924
21 0.0357276
22 0.0352312
23 0.0352675
24 0.0347175
25 0.0348147
26 0.033722
27 0.0330789
28 0.0332594
29 0.0324279
30 0.0326511
31 0.0324217
32 0.0324596
33 0.0323411
34 0.0316324
35 0.0312762
36 0.0314236
37 0.0310985
38 0.0307707
39 0.0304441
40 0.0300275
41 0.0296216
42 0.0296061
43 0.0292955
44 0.0291796
45 0.0287905
46 0.0286493
47 0.0284215
48 0.0283453
49 0.0278768
50 0.0276991
51 0.0277446
52 0.0273867
53 0.0271821
54 0.0271177
55 0.0267922
56 0.0268653
57 0.0266929
58 0.0264183
59 0.0262936
60 0.0262728
61 0.0260241
62 0.0258053
63 0.0257138
64 0.0255721
65 0.0254054
66 0.0252699
67 0.0250706
68 0.0250393
69 0.0248081
70 0.0246525
71 0.0245689
72 0.0244483
73 0.0242989
74 0.0242323
75 0.0240743
76 0.0239762
77 0.0237923
78 0.0237294
79 0.0235673
80 0.0234318
81 0.0233138
82 0.0231699
83 0.0231033
84 0.0230178
85 0.0228692
86 0.0227825
87 0.0226604
88 0.0225481
89 0.0223999
90 0.0223167
91 0.0222279
92 0.0221407
93 0.0220024
94 0.021935
95 0.0218456
96 0.021796
97 0.0216543
98 0.0215624
99 0.0214842
100 0.0214125
