1 0.610059
2 0.610059
3 0.610059
4 0.610059
5 0.610059
6 0.610059
7 0.610059
8 0.610059
9 0.610059
10 0.610059
11 0.610059
12 0.610059
13 0.610059
14 0.610059
15 0.610059
16 0.610059
17 0.610059
18 0.610059
19 0.610059
20 0.610059
21 0.610059
22 0.610059
23 0.610059
24 0.610059
25 0.610059
26 0.610059
27 0.610059
28 0.610059
29 0.610059
30 0.610059
31 0.610059
32 0.610059
33 0.610059
34 0.610059
35 0.610059
36 0.610059
37 0.610059
38 0.610059
39 0.610059
40 0.610059
41 0.610059
42 0.610059
43 0.610059
44 0.610059
45 0.610059
46 0.610059
47 0.610059
48 0.610059
49 0.610059
50 0.610059
51 0.610059
52 0.610059
53 0.610059
54 0.610059
55 0.610059
56 0.610059
57 0.610059
58 0.610059
59 0.610059
60 0.610059
61 0.610059
62 0.610059
63 0.610059
64 0.610059
65 0.610059
66 0.610059
67 0.610059
68 0.610059
69 0.610059
70 0.610059
71 0.610059
72 0.610059
73 0.610059
74 0.610059
75 0.610059
76 0.610059
77 0.610059
78 0.610059
79 0.610059
80 0.610059
81 0.610059
82 0.610059
83 0.610059
84 0.610059
85 0.610059
86 0.610059
87 0.610059
88 0.610059
89 0.610059
90 0.610059
91 0.610059
92 0.610059
93 0.610059
94 0.610059
95 0.610059
96 0.610059
97 0.610059
98 0.610059
99 0.610059
100 0.610059
101 0.610059
102 0.610059
103 0.610059
104 0.610059
105 0.610059
106 0.610059
107 0.610059
108 0.610059
109 0.610059
110 0.610059
111 0.610059
112 0.610059
113 0.610059
114 0.610059
115 0.610059
116 0.610059
117 0.610059
118 0.610059
119 0.610059
120 0.610059
121 0.610059
122 0.610059
123 0.610059
124 0.610059
125 0.610059
126 0.610059
127 0.610059
128 0.610059
129 0.610059
130 0.610059
131 0.610059
132 0.610059
133 0.610059
134 0.610059
135 0.610059
136 0.610059
137 0.610059
138 0.610059
139 0.610059
140 0.610059
141 0.610059
142 0.610059
143 0.610059
144 0.610059
145 0.610059
146 0.610059
147 0.610059
148 0.610059
149 0.610059
150 0.610059
151 0.610059
152 0.610059
153 0.610059
154 0.610059
155 0.610059
156 0.610059
157 0.610059
158 0.610059
159 0.610059
160 0.610059
161 0.610059
162 0.610059
163 0.610059
164 0.610059
165 0.610059
166 0.610059
167 0.610059
168 0.610059
169 0.610059
170 0.610059
171 0.610059
172 0.610059
173 0.610059
174 0.610059
175 0.610059
176 0.610059
177 0.610059
178 0.610059
179 0.610059
180 0.610059
181 0.610059
182 0.610059
183 0.610059
184 0.610059
185 0.610059
186 0.610059
187 0.610059
188 0.610059
189 0.610059
190 0.610059
191 0.610059
192 0.610059
193 0.610059
194 0.610059
195 0.610059
196 0.610059
197 0.610059
198 0.610059
199 0.610059
200 0.610059
201 0.610059
202 0.610059
203 0.610059
204 0.610059
205 0.610059
206 0.610059
207 0.610059
208 0.610059
209 0.610059
210 0.610059
211 0.610059
212 0.610059
213 0.610059
214 0.610059
215 0.610059
216 0.610059
217 0.610059
218 0.610059
219 0.610059
220 0.610059
221 0.610059
222 0.610059
223 0.610059
224 0.610059
225 0.610059
226 0.610059
227 0.610059
228 0.610059
229 0.610059
230 0.610059
231 0.610059
232 0.610059
233 0.610059
234 0.610059
235 0.610059
236 0.610059
237 0.610059
238 0.610059
239 0.610059
240 0.610059
241 0.610059
242 0.610059
243 0.610059
244 0.610059
245 0.610059
246 0.610059
247 0.610059
248 0.610059
249 0.610059
250 0.610059
251 0.610059
252 0.610059
253 0.610059
254 0.610059
255 0.610059
256 0.610059
257 0.610059
258 0.610059
259 0.610059
260 0.610059
261 0.610059
262 0.610059
263 0.610059
264 0.610059
265 0.610059
266 0.610059
267 0.610059
268 0.610059
269 0.610059
270 0.610059
271 0.610059
272 0.610059
273 0.610059
274 0.610059
275 0.610059
276 0.610059
277 0.610059
278 0.610059
279 0.610059
280 0.610059
281 0.610059
282 0.610059
283 0.610059
284 0.610059
285 0.610059
286 0.610059
287 0.610059
288 0.610059
289 0.610059
290 0.610059
291 0.610059
292 0.610059
293 0.610059
294 0.610059
295 0.610059
296 0.610059
297 0.610059
298 0.610059
299 0.610059
300 0.610059
