1 0.5
2 0.357498
3 0.295095
4 0.258486
5 0.23373
6 0.215527
7 0.201573
8 0.190802
9 0.181804
10 0.174534
11 0.168243
12 0.16276
13 0.158231
14 0.153903
15 0.150526
16 0.147224
17 0.144462
18 0.141692
19 0.13945
20 0.137413
21 0.135214
22 0.133634
23 0.131998
24 0.130393
25 0.129098
26 0.127921
27 0.126591
28 0.125399
29 0.124641
30 0.123619
31 0.122575
32 0.121686
33 0.120879
34 0.120404
35 0.119549
36 0.118718
37 0.118046
38 0.11759
39 0.117155
40 0.116639
41 0.116217
42 0.115515
43 0.115142
44 0.114971
45 0.114452
46 0.113944
47 0.11347
48 0.113205
49 0.113004
50 0.112716
51 0.112368
52 0.112051
53 0.111835
54 0.111305
55 0.111318
56 0.11099
57 0.110852
58 0.110666
59 0.110282
60 0.110088
61 0.109923
62 0.109619
63 0.109366
64 0.108962
65 0.109254
66 0.10903
67 0.108859
68 0.10869
69 0.108526
70 0.108442
71 0.108206
72 0.107941
73 0.107712
74 0.107769
75 0.107601
76 0.107662
77 0.107487
78 0.107442
79 0.107446
80 0.107219
81 0.107056
82 0.107169
83 0.106965
84 0.106784
85 0.106891
86 0.106642
87 0.10658
88 0.106542
89 0.106425
90 0.106356
91 0.106285
92 0.106122
93 0.106008
94 0.105994
95 0.105979
96 0.105814
97 0.10575
98 0.105838
99 0.105712
100 0.105657
101 0.105522
102 0.105698
103 0.105373
104 0.105424
105 0.105306
106 0.105275
107 0.105337
108 0.105164
109 0.105032
110 0.105223
111 0.104961
112 0.104978
113 0.104868
114 0.104765
115 0.104817
116 0.104902
117 0.104879
118 0.104838
119 0.104732
120 0.104645
121 0.104581
122 0.104586
123 0.10458
124 0.104503
125 0.104384
126 0.104289
127 0.104365
128 0.104296
129 0.104351
130 0.104216
131 0.104288
132 0.104361
133 0.104148
134 0.104189
135 0.104143
136 0.104078
137 0.104115
138 0.103987
139 0.103815
140 0.104045
141 0.103892
142 0.103945
143 0.103916
144 0.103767
145 0.103886
146 0.10381
147 0.1037
148 0.103737
149 0.103652
150 0.103636
151 0.103617
152 0.103576
153 0.103544
154 0.103535
155 0.103618
156 0.103497
157 0.103488
158 0.103525
159 0.103488
160 0.103444
161 0.103377
162 0.103323
163 0.103325
164 0.103406
165 0.103348
166 0.103243
167 0.103291
168 0.103186
169 0.103159
170 0.103482
171 0.103414
172 0.103051
173 0.103083
174 0.103093
175 0.103165
176 0.103104
177 0.103104
178 0.103033
179 0.103108
180 0.102977
181 0.102918
182 0.102969
183 0.102984
184 0.10293
185 0.102845
186 0.102727
187 0.103075
188 0.102821
189 0.102807
190 0.102823
191 0.102805
192 0.10265
193 0.102884
194 0.102791
195 0.102863
196 0.102832
197 0.102784
198 0.10272
199 0.102694
200 0.102706
201 0.102657
202 0.102632
203 0.102728
204 0.10254
205 0.10288
206 0.102489
207 0.10266
208 0.102583
209 0.102473
210 0.102498
211 0.102528
212 0.102493
213 0.102372
214 0.102576
215 0.102472
216 0.102441
217 0.102457
218 0.102396
219 0.102409
220 0.102501
221 0.102418
222 0.102356
223 0.102366
224 0.102374
225 0.10224
226 0.102335
227 0.102419
228 0.102336
229 0.102294
230 0.102239
231 0.102287
232 0.10236
233 0.102339
234 0.102262
235 0.102225
236 0.102252
237 0.102223
238 0.102167
239 0.102225
240 0.102171
241 0.102167
242 0.102163
243 0.102168
244 0.102172
245 0.102278
246 0.102193
247 0.102153
248 0.102178
249 0.10212
250 0.102164
251 0.102088
252 0.10205
253 0.102076
254 0.102047
255 0.102383
256 0.102102
257 0.101617
258 0.101969
259 0.101976
260 0.101926
261 0.101908
262 0.101888
263 0.102029
264 0.102013
265 0.101889
266 0.101952
267 0.102045
268 0.101977
269 0.101835
270 0.101806
271 0.101803
272 0.101866
273 0.101855
274 0.101898
275 0.101894
276 0.101796
277 0.101845
278 0.101644
279 0.101823
280 0.101857
281 0.101813
282 0.101791
283 0.101693
284 0.101799
285 0.101755
286 0.101763
287 0.101659
288 0.101663
289 0.101744
290 0.101816
291 0.10162
292 0.101712
293 0.101671
294 0.101611
295 0.101551
296 0.101651
297 0.101615
298 0.10159
299 0.101694
300 0.101615
