1 0.14326
2 0.141997
3 0.121501
4 0.10613
5 0.0915106
6 0.0868583
7 0.0809679
8 0.0775789
9 0.0731686
10 0.0701144
11 0.0660651
12 0.0643273
13 0.0614822
14 0.0595051
15 0.0573868
16 0.055676
17 0.053807
18 0.0524618
19 0.0507439
20 0.049558
21 0.0482021
22 0.0470804
23 0.045754
24 0.0448453
25 0.043584
26 0.042708
27 0.0416939
28 0.0408392
29 0.0398656
30 0.0391372
31 0.0382625
32 0.0375688
33 0.0368317
34 0.0361741
35 0.0354467
36 0.034795
37 0.0340977
38 0.0335951
39 0.0330542
40 0.0325393
41 0.0319846
42 0.0314999
43 0.0309487
44 0.030501
45 0.0300167
46 0.0295953
47 0.0291157
48 0.0286634
49 0.0282663
50 0.0278759
51 0.0274069
52 0.0270849
53 0.0266874
54 0.0263636
55 0.0260299
56 0.0256969
57 0.0253974
58 0.0250426
59 0.0247589
60 0.0244911
61 0.0241476
62 0.0238549
63 0.023567
64 0.0232954
65 0.0230559
66 0.0228144
67 0.0225369
68 0.022278
69 0.0219928
70 0.0217831
71 0.0215282
72 0.0213319
73 0.0210932
74 0.0208971
75 0.0206927
76 0.0204971
77 0.0202477
78 0.0200577
79 0.0198246
80 0.0196635
81 0.019469
82 0.019306
83 0.0190853
84 0.0189216
85 0.0187566
86 0.0185967
87 0.0184387
88 0.018282
89 0.0181151
90 0.0179385
91 0.0177758
92 0.0176393
93 0.0174663
94 0.0173202
95 0.0171658
96 0.0170278
97 0.0168854
98 0.0167322
99 0.0166059
100 0.0164799
101 0.0163596
102 0.0161968
103 0.0160712
104 0.0159709
105 0.0158347
106 0.0157174
107 0.0156
108 0.0154672
109 0.0153578
110 0.0152325
111 0.0151394
112 0.0149886
113 0.0149115
114 0.0147925
115 0.0146976
116 0.014587
117 0.0144829
118 0.0143892
119 0.0142849
120 0.014177
121 0.0140941
122 0.0139909
123 0.0138968
124 0.0137813
125 0.0136913
126 0.0135843
127 0.0135046
128 0.0134051
129 0.013321
130 0.013239
131 0.0131612
132 0.0130675
133 0.0129816
134 0.012897
135 0.0128239
136 0.0127511
137 0.0126687
138 0.0126123
139 0.0125092
140 0.0124384
141 0.0123585
142 0.0122926
143 0.0122153
144 0.0121377
145 0.0120594
146 0.0119944
147 0.0119301
148 0.0118594
149 0.0117908
150 0.011738
151 0.0116588
152 0.0115894
153 0.0115331
154 0.011464
155 0.0114125
156 0.0113494
157 0.0112987
158 0.011225
159 0.0111742
160 0.011097
161 0.0110535
162 0.0109825
163 0.0109204
164 0.0108665
165 0.010808
166 0.0107565
167 0.010699
168 0.0106496
169 0.0105979
170 0.0105265
171 0.0104969
172 0.0104367
173 0.0103866
174 0.0103391
175 0.010281
176 0.0102481
177 0.0101905
178 0.0101314
179 0.0100768
180 0.0100423
181 0.00999949
182 0.00996215
183 0.00991643
184 0.00986011
185 0.00981802
186 0.00977482
187 0.00973699
188 0.00969398
189 0.00964048
190 0.00958925
191 0.0095568
192 0.00951799
193 0.00945868
194 0.00941169
195 0.00937036
196 0.00933021
197 0.00927829
198 0.00924351
199 0.00919691
200 0.00916958
201 0.00914074
202 0.00908899
203 0.00904897
204 0.00899589
205 0.00897112
206 0.00892606
207 0.00889196
208 0.00886266
209 0.00882227
210 0.00878018
211 0.00874005
212 0.00870608
213 0.00866077
214 0.00862437
215 0.00859646
216 0.00855769
217 0.0085268
218 0.00848906
219 0.00845858
220 0.00841624
221 0.00837774
222 0.00835679
223 0.00832874
224 0.0082832
225 0.00824913
226 0.00820947
227 0.00817127
228 0.00815017
229 0.00812305
230 0.00810344
231 0.00807473
232 0.00802845
233 0.00800658
234 0.00797077
235 0.00794758
236 0.00791338
237 0.00787764
238 0.00785519
239 0.00782216
240 0.00780526
241 0.00776549
242 0.00773994
243 0.00771535
244 0.00769233
245 0.00765152
246 0.00761477
247 0.00758825
248 0.00755981
249 0.0075468
250 0.00752041
251 0.00748197
252 0.00746304
253 0.00742087
254 0.00740023
255 0.0073706
256 0.00734236
257 0.0073196
258 0.00729061
259 0.0072651
260 0.00724485
261 0.00721846
262 0.00718781
263 0.00717107
264 0.00713923
265 0.007128
266 0.00709768
267 0.00707855
268 0.00705507
269 0.00702963
270 0.00700976
271 0.00697722
272 0.00695876
273 0.00693907
274 0.0069185
275 0.00689855
276 0.00687617
277 0.00685697
278 0.00682902
279 0.00680358
280 0.00678546
281 0.00675531
282 0.00673784
283 0.00672264
284 0.0066935
285 0.00667722
286 0.00665048
287 0.00663686
288 0.00660577
289 0.00659355
290 0.00656156
291 0.00655458
292 0.00653488
293 0.00651513
294 0.00649762
295 0.00646806
296 0.00644097
297 0.00642966
298 0.00641388
299 0.00639137
300 0.00637444
