1 0.110202
2 0.107772
3 0.105617
4 0.103615
5 0.101377
6 0.0992366
7 0.0973862
8 0.0953841
9 0.0936991
10 0.0916012
11 0.0902254
12 0.0883533
13 0.0868099
14 0.0852113
15 0.0836368
16 0.0823306
17 0.0809099
18 0.0795381
19 0.0781142
20 0.0769327
21 0.0756034
22 0.074305
23 0.0731348
24 0.0722941
25 0.0711732
26 0.0701141
27 0.0691147
28 0.0677352
29 0.0671534
30 0.0660026
31 0.0651652
32 0.0642786
33 0.063368
34 0.0626346
35 0.0617459
36 0.0608878
37 0.0601926
38 0.0594388
39 0.0586696
40 0.0579074
41 0.0573312
42 0.0566136
43 0.0560099
44 0.0551774
45 0.0546102
46 0.0541273
47 0.0535136
48 0.0528712
49 0.0521864
50 0.0516942
51 0.0511926
52 0.0506025
53 0.0501108
54 0.0495286
55 0.0490663
56 0.0486135
57 0.0481204
58 0.0475595
59 0.0471476
60 0.046747
61 0.0461482
62 0.0458615
63 0.0454031
64 0.0449809
65 0.0447098
66 0.0440139
67 0.0437219
68 0.0435705
69 0.0430363
70 0.0426761
71 0.0422809
72 0.0420477
73 0.0415913
74 0.0411042
75 0.0408741
76 0.0405304
77 0.0403253
78 0.0400296
79 0.0394836
80 0.0392983
81 0.0389474
82 0.0387664
83 0.0384891
84 0.0380518
85 0.0378638
86 0.0374407
87 0.037434
88 0.0370613
89 0.0367811
90 0.0365426
91 0.0362433
92 0.0359512
93 0.0356004
94 0.0353902
95 0.0351937
96 0.0349957
97 0.0346974
98 0.0344867
99 0.0342937
100 0.0340092
101 0.0337362
102 0.0335875
103 0.0332876
104 0.0331612
105 0.0329191
106 0.0328174
107 0.0325729
108 0.032296
109 0.0320687
110 0.0319321
111 0.0317206
112 0.0314475
113 0.031391
114 0.0312404
115 0.0310298
116 0.0308866
117 0.0305797
118 0.030525
119 0.0303055
120 0.0300313
121 0.0298924
122 0.0297667
123 0.0295491
124 0.0293716
125 0.0292604
126 0.0290445
127 0.0288994
128 0.0287103
129 0.0286207
130 0.0284873
131 0.028289
132 0.0281307
133 0.0280202
134 0.0279066
135 0.0276894
136 0.0275893
137 0.0274691
138 0.0273458
139 0.0271304
140 0.0270505
141 0.0270298
142 0.0267935
143 0.0266391
144 0.026467
145 0.0264371
146 0.0262131
147 0.02609
148 0.0259657
149 0.0258871
150 0.0258206
151 0.025624
152 0.0255091
153 0.0253338
154 0.0252297
155 0.0249959
156 0.0249606
157 0.0248866
158 0.0246992
159 0.024649
160 0.0245701
161 0.0245035
162 0.0243433
163 0.0242103
164 0.02403
165 0.0240645
166 0.0239661
167 0.0238522
168 0.0237098
169 0.0236888
170 0.0235245
171 0.0234485
172 0.0232915
173 0.023204
174 0.023033
175 0.0230564
176 0.02297
177 0.0227655
178 0.0227471
179 0.02262
180 0.0225095
181 0.0224451
182 0.0224102
183 0.0223192
184 0.0222028
185 0.0221249
186 0.0220699
187 0.0219051
188 0.0217996
189 0.0217992
190 0.0216371
191 0.0216381
192 0.0214399
193 0.0214382
194 0.0214007
195 0.0211932
196 0.0212651
197 0.0212221
198 0.0210068
199 0.0209364
200 0.0209064
201 0.0208719
202 0.0207181
203 0.020649
204 0.0205911
205 0.0205628
206 0.0204692
207 0.0203382
208 0.0202806
209 0.0202493
210 0.0201942
211 0.0201037
212 0.0200597
213 0.0199614
214 0.019925
215 0.0198505
216 0.0197714
217 0.0195701
218 0.0195809
219 0.0194958
220 0.019482
221 0.0194142
222 0.0193443
223 0.0193289
224 0.0191114
225 0.019203
226 0.0190018
227 0.0190435
228 0.0189009
229 0.018907
230 0.0188625
231 0.0187692
232 0.018629
233 0.0185901
234 0.0185432
235 0.0185361
236 0.018529
237 0.018398
238 0.0183938
239 0.0183041
240 0.0182724
241 0.0180996
242 0.0181108
243 0.017978
244 0.0180342
245 0.0179735
246 0.017936
247 0.0177985
248 0.0177906
249 0.0176548
250 0.0176522
251 0.017576
252 0.0175885
253 0.0175172
254 0.0174424
255 0.0174213
256 0.0173918
257 0.0172772
258 0.0173228
259 0.0171891
260 0.0171422
261 0.01711
262 0.0170592
263 0.0170058
264 0.0169527
265 0.0169413
266 0.0168904
267 0.0167852
268 0.0167146
269 0.0167353
270 0.0166367
271 0.0166457
272 0.0165937
273 0.0165176
274 0.0164675
275 0.0164888
276 0.0163365
277 0.0163197
278 0.0163209
279 0.0162554
280 0.0162155
281 0.0162103
282 0.0161459
283 0.01601
284 0.0159522
285 0.0159782
286 0.016008
287 0.0159558
288 0.0158441
289 0.0158377
290 0.015766
291 0.0157745
292 0.0157416
293 0.0156383
294 0.0156105
295 0.0155831
296 0.0155333
297 0.0155246
298 0.0153976
299 0.0153848
300 0.0153695
