1 0.300286
2 0.300344
3 0.300454
4 0.300293
5 0.300191
6 0.300285
7 0.30014
8 0.300056
9 0.300021
10 0.300027
11 0.305567
12 0.310219
13 0.314584
14 0.319044
15 0.323227
16 0.327311
17 0.330886
18 0.334137
19 0.336866
20 0.339193
21 0.341139
22 0.342796
23 0.344185
24 0.345384
25 0.346434
26 0.347326
27 0.348196
28 0.349045
29 0.34973
30 0.350388
31 0.350924
32 0.351478
33 0.352
34 0.352531
35 0.353044
36 0.35359
37 0.354147
38 0.354737
39 0.355381
40 0.35606
41 0.356743
42 0.357461
43 0.358199
44 0.358914
45 0.359683
46 0.360444
47 0.361219
48 0.362005
49 0.362786
50 0.363554
51 0.364347
52 0.365148
53 0.365939
54 0.366738
55 0.367483
56 0.368229
57 0.368968
58 0.369704
59 0.370418
60 0.371144
61 0.371872
62 0.372589
63 0.373282
64 0.373986
65 0.374662
66 0.375328
67 0.375973
68 0.376625
69 0.377239
70 0.377864
71 0.378471
72 0.379081
73 0.379671
74 0.380238
75 0.380803
76 0.381362
77 0.381918
78 0.382466
79 0.383008
80 0.383545
81 0.384075
82 0.384603
83 0.385114
84 0.385625
85 0.386132
86 0.386618
87 0.387113
88 0.387603
89 0.388098
90 0.388571
91 0.389042
92 0.38949
93 0.389931
94 0.39036
95 0.390784
96 0.391209
97 0.391635
98 0.392054
99 0.392484
100 0.392912
101 0.393336
102 0.393754
103 0.39417
104 0.394579
105 0.394999
106 0.3954
107 0.395794
108 0.396195
109 0.396594
110 0.396985
111 0.397375
112 0.397772
113 0.398157
114 0.398544
115 0.398924
116 0.3993
117 0.399677
118 0.40005
119 0.400425
120 0.40079
121 0.401149
122 0.401509
123 0.401867
124 0.402224
125 0.402581
126 0.402937
127 0.403298
128 0.403644
129 0.403989
130 0.404336
131 0.404677
132 0.405014
133 0.405349
134 0.405686
135 0.406013
136 0.406342
137 0.406668
138 0.40699
139 0.407313
140 0.407626
141 0.407944
142 0.40826
143 0.408575
144 0.40889
145 0.409204
146 0.409517
147 0.409823
148 0.410124
149 0.410424
150 0.410725
151 0.411021
152 0.411314
153 0.411607
154 0.411898
155 0.412191
156 0.412481
157 0.412766
158 0.41305
159 0.413333
160 0.413614
161 0.413896
162 0.414177
163 0.414451
164 0.414724
165 0.414996
166 0.415263
167 0.415534
168 0.415799
169 0.416068
170 0.416334
171 0.416596
172 0.416859
173 0.417121
174 0.417376
175 0.417633
176 0.417885
177 0.418139
178 0.418395
179 0.418648
180 0.418899
181 0.41915
182 0.419399
183 0.419653
184 0.419892
185 0.420133
186 0.420373
187 0.420615
188 0.420854
189 0.42109
190 0.421326
191 0.421561
192 0.421791
193 0.422023
194 0.422253
195 0.422482
196 0.422712
197 0.42294
198 0.423162
199 0.423388
200 0.423613
201 0.423838
202 0.424058
203 0.42428
204 0.424501
205 0.424718
206 0.424937
207 0.425157
208 0.425371
209 0.425587
210 0.425798
211 0.426007
212 0.426221
213 0.426429
214 0.426639
215 0.426847
216 0.427055
217 0.427262
218 0.427467
219 0.42767
220 0.427873
221 0.428073
222 0.428272
223 0.428471
224 0.42867
225 0.428865
226 0.429065
227 0.42926
228 0.429456
229 0.429649
230 0.429841
231 0.430034
232 0.430223
233 0.430412
234 0.430602
235 0.430791
236 0.430981
237 0.431168
238 0.431352
239 0.431537
240 0.431726
241 0.431907
242 0.43209
243 0.432271
244 0.432456
245 0.432634
246 0.432812
247 0.432991
248 0.43317
249 0.433345
250 0.43352
251 0.433696
252 0.433873
253 0.434045
254 0.434218
255 0.434388
256 0.434561
257 0.434731
258 0.434904
259 0.435073
260 0.435242
261 0.435408
262 0.435577
263 0.435745
264 0.43591
265 0.436074
266 0.436237
267 0.436402
268 0.436563
269 0.436728
270 0.436886
271 0.437046
272 0.437204
273 0.437365
274 0.437524
275 0.437682
276 0.437838
277 0.437993
278 0.438151
279 0.438306
280 0.438463
281 0.438619
282 0.438772
283 0.438923
284 0.439075
285 0.439228
286 0.439381
287 0.439533
288 0.439684
289 0.439829
290 0.43998
291 0.440129
292 0.440277
293 0.440423
294 0.440567
295 0.440711
296 0.440855
297 0.441003
298 0.441146
299 0.441287
300 0.441433
