1 0.230728
2 0.230443
3 0.230569
4 0.230577
5 0.230545
6 0.230552
7 0.230619
8 0.230612
9 0.230618
10 0.230592
11 0.225037
12 0.220355
13 0.216019
14 0.211631
15 0.207461
16 0.203348
17 0.199795
18 0.196524
19 0.193816
20 0.191517
21 0.189568
22 0.187875
23 0.186467
24 0.185276
25 0.184206
26 0.183269
27 0.182422
28 0.181602
29 0.180901
30 0.180237
31 0.179701
32 0.179165
33 0.178652
34 0.178103
35 0.177583
36 0.177031
37 0.176475
38 0.175877
39 0.175253
40 0.17459
41 0.173912
42 0.173198
43 0.172473
44 0.171735
45 0.170976
46 0.170214
47 0.169439
48 0.168667
49 0.167875
50 0.167103
51 0.166317
52 0.165526
53 0.164732
54 0.163939
55 0.163183
56 0.16243
57 0.161691
58 0.160948
59 0.160211
60 0.159475
61 0.158753
62 0.158039
63 0.157342
64 0.156647
65 0.155965
66 0.155293
67 0.154643
68 0.153999
69 0.153372
70 0.152749
71 0.152149
72 0.15155
73 0.150965
74 0.150399
75 0.14983
76 0.149264
77 0.148711
78 0.148161
79 0.14762
80 0.147081
81 0.146553
82 0.14603
83 0.145516
84 0.145004
85 0.1445
86 0.144
87 0.143504
88 0.143013
89 0.142524
90 0.142047
91 0.141575
92 0.141122
93 0.140684
94 0.140249
95 0.139818
96 0.139389
97 0.138959
98 0.13853
99 0.138101
100 0.137676
101 0.137252
102 0.136833
103 0.136418
104 0.136004
105 0.135593
106 0.135185
107 0.134781
108 0.134382
109 0.133986
110 0.133593
111 0.133199
112 0.132808
113 0.13242
114 0.132036
115 0.131656
116 0.13128
117 0.130905
118 0.130532
119 0.13016
120 0.129792
121 0.129427
122 0.129065
123 0.128704
124 0.128346
125 0.12799
126 0.127634
127 0.127281
128 0.126931
129 0.126585
130 0.12624
131 0.125897
132 0.125558
133 0.125223
134 0.124891
135 0.124562
136 0.124235
137 0.123909
138 0.123583
139 0.123261
140 0.122942
141 0.122626
142 0.122309
143 0.121996
144 0.121684
145 0.121373
146 0.121065
147 0.12076
148 0.120456
149 0.120155
150 0.119856
151 0.11956
152 0.119266
153 0.118974
154 0.118683
155 0.118393
156 0.118104
157 0.117818
158 0.117534
159 0.117251
160 0.11697
161 0.11669
162 0.116412
163 0.116138
164 0.115865
165 0.115594
166 0.115324
167 0.115054
168 0.114787
169 0.114521
170 0.114255
171 0.113992
172 0.11373
173 0.113471
174 0.113213
175 0.112956
176 0.1127
177 0.112445
178 0.112191
179 0.111939
180 0.111689
181 0.111439
182 0.111193
183 0.110946
184 0.110701
185 0.110457
186 0.110214
187 0.109973
188 0.109733
189 0.109495
190 0.109259
191 0.109024
192 0.108792
193 0.10856
194 0.108328
195 0.108096
196 0.107867
197 0.107638
198 0.107412
199 0.107186
200 0.106962
201 0.106738
202 0.106516
203 0.106294
204 0.106074
205 0.105854
206 0.105636
207 0.105418
208 0.105202
209 0.104987
210 0.104774
211 0.104562
212 0.104351
213 0.104141
214 0.103931
215 0.103722
216 0.103514
217 0.103307
218 0.103102
219 0.102898
220 0.102696
221 0.102494
222 0.102293
223 0.102095
224 0.101896
225 0.101699
226 0.101502
227 0.101306
228 0.10111
229 0.100916
230 0.100722
231 0.10053
232 0.100339
233 0.100149
234 0.0999605
235 0.0997726
236 0.0995853
237 0.0993993
238 0.099214
239 0.0990295
240 0.0988459
241 0.0986634
242 0.0984822
243 0.0983012
244 0.0981211
245 0.0979419
246 0.0977632
247 0.0975857
248 0.0974086
249 0.0972318
250 0.097056
251 0.0968806
252 0.0967062
253 0.0965329
254 0.0963606
255 0.0961884
256 0.0960172
257 0.0958471
258 0.0956777
259 0.0955084
260 0.0953397
261 0.0951726
262 0.0950061
263 0.0948408
264 0.094676
265 0.0945116
266 0.094348
267 0.0941851
268 0.0940224
269 0.0938603
270 0.0936984
271 0.0935378
272 0.0933777
273 0.0932189
274 0.0930604
275 0.0929024
276 0.0927453
277 0.0925886
278 0.0924323
279 0.092277
280 0.0921222
281 0.0919682
282 0.0918148
283 0.0916615
284 0.0915093
285 0.0913576
286 0.0912067
287 0.0910568
288 0.0909072
289 0.0907582
290 0.0906096
291 0.0904617
292 0.090314
293 0.090167
294 0.090021
295 0.0898752
296 0.0897304
297 0.0895864
298 0.0894427
299 0.0892996
300 0.0891573
