1 0.100127
2 0.100492
3 0.100203
4 0.100097
5 0.100058
6 0.100061
7 0.0999961
8 0.099985
9 0.0999634
10 0.1
11 0.10785
12 0.114573
13 0.12105
14 0.128145
15 0.13528
16 0.142482
17 0.14893
18 0.154941
19 0.160077
20 0.164499
21 0.168306
22 0.171677
23 0.174497
24 0.17696
25 0.179205
26 0.181186
27 0.183025
28 0.184819
29 0.186355
30 0.187811
31 0.189044
32 0.190269
33 0.191436
34 0.192644
35 0.193795
36 0.194982
37 0.196168
38 0.197416
39 0.19872
40 0.200099
41 0.201534
42 0.203039
43 0.204573
44 0.206163
45 0.207793
46 0.209455
47 0.211155
48 0.212857
49 0.214593
50 0.216328
51 0.218101
52 0.219887
53 0.221685
54 0.223499
55 0.225239
56 0.226998
57 0.228714
58 0.230457
59 0.232184
60 0.23391
61 0.235603
62 0.237299
63 0.238961
64 0.240621
65 0.242262
66 0.243885
67 0.245474
68 0.247064
69 0.248615
70 0.250161
71 0.251662
72 0.253155
73 0.254616
74 0.256032
75 0.257458
76 0.258868
77 0.260267
78 0.261658
79 0.263027
80 0.2644
81 0.265753
82 0.267092
83 0.268413
84 0.269723
85 0.271017
86 0.272308
87 0.273592
88 0.274859
89 0.276129
90 0.27738
91 0.278619
92 0.279833
93 0.281017
94 0.28219
95 0.283354
96 0.284507
97 0.285665
98 0.286815
99 0.287963
100 0.289102
101 0.290239
102 0.291367
103 0.292486
104 0.293605
105 0.294721
106 0.295834
107 0.296938
108 0.298035
109 0.299126
110 0.300209
111 0.301294
112 0.302373
113 0.303445
114 0.304513
115 0.305569
116 0.306618
117 0.307659
118 0.308697
119 0.309733
120 0.310767
121 0.311794
122 0.312812
123 0.313832
124 0.314846
125 0.315858
126 0.316869
127 0.31788
128 0.318881
129 0.319876
130 0.320868
131 0.321857
132 0.322836
133 0.32381
134 0.324775
135 0.325734
136 0.326689
137 0.327638
138 0.328588
139 0.329532
140 0.330469
141 0.331399
142 0.33233
143 0.333253
144 0.334173
145 0.335087
146 0.336
147 0.336909
148 0.337815
149 0.338718
150 0.339616
151 0.340509
152 0.341395
153 0.342278
154 0.343158
155 0.344037
156 0.344912
157 0.345782
158 0.346649
159 0.34751
160 0.348367
161 0.349224
162 0.350071
163 0.350908
164 0.351744
165 0.352574
166 0.353405
167 0.354233
168 0.355055
169 0.355876
170 0.356696
171 0.357511
172 0.358323
173 0.359129
174 0.359933
175 0.360732
176 0.361531
177 0.362326
178 0.363119
179 0.363908
180 0.364694
181 0.365476
182 0.366252
183 0.367027
184 0.3678
185 0.368568
186 0.369334
187 0.370097
188 0.370855
189 0.37161
190 0.37236
191 0.373104
192 0.373848
193 0.374589
194 0.375329
195 0.376068
196 0.376803
197 0.377535
198 0.378264
199 0.37899
200 0.379713
201 0.380433
202 0.381152
203 0.381869
204 0.382582
205 0.383295
206 0.384006
207 0.384711
208 0.385415
209 0.386116
210 0.386814
211 0.387508
212 0.388198
213 0.388883
214 0.389569
215 0.390251
216 0.390931
217 0.391609
218 0.392284
219 0.392954
220 0.393622
221 0.394287
222 0.394952
223 0.39561
224 0.396268
225 0.396922
226 0.397573
227 0.398224
228 0.398874
229 0.399519
230 0.400163
231 0.400804
232 0.401443
233 0.402078
234 0.402711
235 0.403342
236 0.403972
237 0.404598
238 0.405223
239 0.405846
240 0.406466
241 0.407083
242 0.407698
243 0.408313
244 0.408926
245 0.409535
246 0.410141
247 0.410746
248 0.41135
249 0.411952
250 0.412552
251 0.41315
252 0.413745
253 0.414336
254 0.414924
255 0.415512
256 0.416098
257 0.41668
258 0.417261
259 0.417842
260 0.418421
261 0.418995
262 0.419567
263 0.420137
264 0.420706
265 0.421272
266 0.421838
267 0.422401
268 0.422965
269 0.423528
270 0.424091
271 0.424652
272 0.425211
273 0.425767
274 0.426321
275 0.426873
276 0.427424
277 0.427972
278 0.428519
279 0.429063
280 0.429605
281 0.430145
282 0.430684
283 0.431222
284 0.431757
285 0.432292
286 0.432824
287 0.433354
288 0.433883
289 0.434409
290 0.434934
291 0.435457
292 0.43598
293 0.436502
294 0.437021
295 0.43754
296 0.438056
297 0.438569
298 0.439082
299 0.439594
300 0.440104
