1 0.100127
2 0.100858
3 0.099625
4 0.099779
5 0.099901
6 0.100075
7 0.099608
8 0.099907
9 0.099791
10 0.100329
11 0.186345
12 0.188527
13 0.198776
14 0.220377
15 0.235173
16 0.25052
17 0.252094
18 0.257119
19 0.252538
20 0.248509
21 0.244439
22 0.242468
23 0.236548
24 0.233598
25 0.233099
26 0.230716
27 0.23084
28 0.233237
29 0.229363
30 0.230047
31 0.226035
32 0.228238
33 0.228779
34 0.23252
35 0.232919
36 0.23652
37 0.238857
38 0.243588
39 0.248282
40 0.253872
41 0.258945
42 0.264731
43 0.269011
44 0.274539
45 0.279517
46 0.284263
47 0.289344
48 0.292846
49 0.29793
50 0.301329
51 0.306771
52 0.310962
53 0.315178
54 0.319629
55 0.319222
56 0.323711
57 0.32482
58 0.329828
59 0.332355
60 0.335712
61 0.337208
62 0.340734
63 0.341993
64 0.345198
65 0.347343
66 0.349375
67 0.350344
68 0.353546
69 0.354135
70 0.356796
71 0.356722
72 0.359154
73 0.359801
74 0.359424
75 0.362972
76 0.364657
77 0.366583
78 0.368758
79 0.369774
80 0.372892
81 0.373981
82 0.375597
83 0.376699
84 0.378485
85 0.379694
86 0.382014
87 0.383996
88 0.385157
89 0.387873
90 0.388734
91 0.390083
92 0.390335
93 0.389957
94 0.391278
95 0.392755
96 0.394066
97 0.396823
98 0.398364
99 0.400439
100 0.40192
101 0.403858
102 0.40531
103 0.406595
104 0.40892
105 0.410824
106 0.412603
107 0.414025
108 0.415437
109 0.416896
110 0.418232
111 0.4207
112 0.422167
113 0.423484
114 0.425201
115 0.425979
116 0.427227
117 0.428381
118 0.430145
119 0.432057
120 0.433813
121 0.434931
122 0.436022
123 0.438239
124 0.439673
125 0.44124
126 0.443331
127 0.445239
128 0.446023
129 0.447235
130 0.448873
131 0.450313
132 0.451162
133 0.452309
134 0.45321
135 0.454195
136 0.455653
137 0.456714
138 0.458752
139 0.459781
140 0.46063
141 0.461684
142 0.463486
143 0.46433
144 0.465795
145 0.466765
146 0.468345
147 0.469593
148 0.470944
149 0.472478
150 0.473404
151 0.47445
152 0.47518
153 0.476453
154 0.477836
155 0.47942
156 0.480489
157 0.481422
158 0.482827
159 0.483521
160 0.484689
161 0.486301
162 0.486391
163 0.486655
164 0.487988
165 0.488641
166 0.490467
167 0.491796
168 0.492337
169 0.493806
170 0.495276
171 0.496051
172 0.497071
173 0.497816
174 0.498928
175 0.499909
176 0.501209
177 0.502342
178 0.503431
179 0.50434
180 0.505397
181 0.506315
182 0.506588
183 0.508197
184 0.509174
185 0.509836
186 0.511149
187 0.511926
188 0.512725
189 0.513512
190 0.514063
191 0.514499
192 0.515942
193 0.516926
194 0.518024
195 0.519455
196 0.520115
197 0.521034
198 0.521884
199 0.522759
200 0.523629
201 0.524466
202 0.525626
203 0.526591
204 0.527393
205 0.528749
206 0.52967
207 0.530098
208 0.531169
209 0.531909
210 0.532564
211 0.533226
212 0.533828
213 0.5342
214 0.535674
215 0.536166
216 0.537233
217 0.53799
218 0.538776
219 0.538948
220 0.539951
221 0.540657
222 0.541712
223 0.541842
224 0.542965
225 0.543378
226 0.544136
227 0.545327
228 0.546322
229 0.546724
230 0.547643
231 0.548166
232 0.549009
233 0.549485
234 0.550176
235 0.550971
236 0.551898
237 0.552375
238 0.55331
239 0.554247
240 0.55462
241 0.555282
242 0.555782
243 0.557194
244 0.557736
245 0.558147
246 0.558787
247 0.559399
248 0.560526
249 0.561414
250 0.561865
251 0.5626
252 0.563115
253 0.563232
254 0.563762
255 0.564897
256 0.565497
257 0.565808
258 0.566547
259 0.567642
260 0.568279
261 0.568262
262 0.568989
263 0.569497
264 0.570266
265 0.570847
266 0.571575
267 0.572322
268 0.573469
269 0.574481
270 0.575633
271 0.576078
272 0.576728
273 0.576875
274 0.577486
275 0.578335
276 0.578803
277 0.579147
278 0.580068
279 0.58033
280 0.58079
281 0.581404
282 0.58207
283 0.58289
284 0.583414
285 0.584023
286 0.584682
287 0.584921
288 0.585602
289 0.586012
290 0.586642
291 0.587127
292 0.588094
293 0.588759
294 0.589244
295 0.590025
296 0.590211
297 0.590605
298 0.591369
299 0.592095
300 0.592656
