1 0.230728
2 0.230159
3 0.230821
4 0.230601
5 0.230414
6 0.230587
7 0.231019
8 0.230567
9 0.230669
10 0.230352
11 0.169493
12 0.168846
13 0.163991
14 0.154583
15 0.149086
16 0.141658
17 0.142936
18 0.140927
19 0.145063
20 0.147833
21 0.150598
22 0.152327
23 0.155475
24 0.157895
25 0.158533
26 0.159844
27 0.160384
28 0.159467
29 0.161288
30 0.160965
31 0.163609
32 0.16256
33 0.162223
34 0.16001
35 0.159885
36 0.157716
37 0.156479
38 0.153734
39 0.151561
40 0.148719
41 0.146793
42 0.143924
43 0.142003
44 0.139995
45 0.137614
46 0.13593
47 0.133767
48 0.132383
49 0.129858
50 0.129277
51 0.127007
52 0.125215
53 0.123423
54 0.121901
55 0.122394
56 0.120989
57 0.120336
58 0.11856
59 0.11746
60 0.116056
61 0.115424
62 0.114486
63 0.114176
64 0.112831
65 0.112348
66 0.111557
67 0.111796
68 0.110822
69 0.110744
70 0.109788
71 0.110088
72 0.109069
73 0.108839
74 0.109092
75 0.107695
76 0.10683
77 0.106677
78 0.105838
79 0.105391
80 0.104507
81 0.104336
82 0.103651
83 0.103345
84 0.102538
85 0.102156
86 0.101462
87 0.100851
88 0.100279
89 0.0995246
90 0.0995793
91 0.0991596
92 0.0998438
93 0.100354
94 0.0998131
95 0.0992936
96 0.0986813
97 0.0976197
98 0.0969172
99 0.0961131
100 0.0955701
101 0.0948721
102 0.0945442
103 0.0940909
104 0.0933607
105 0.0928675
106 0.0923023
107 0.0919896
108 0.0916542
109 0.0912409
110 0.0907103
111 0.0899228
112 0.0893655
113 0.088938
114 0.0886369
115 0.0883852
116 0.0879739
117 0.0875112
118 0.0868298
119 0.086232
120 0.0859913
121 0.0856421
122 0.0853235
123 0.0846839
124 0.0843041
125 0.0837475
126 0.0832189
127 0.0827447
128 0.0825696
129 0.0822582
130 0.0816501
131 0.0813371
132 0.0811798
133 0.080971
134 0.0807898
135 0.0804911
136 0.0799911
137 0.0795693
138 0.0790261
139 0.078746
140 0.0786155
141 0.0783573
142 0.0777084
143 0.0775216
144 0.0770629
145 0.0766272
146 0.0763856
147 0.0762022
148 0.0757802
149 0.0755217
150 0.0754518
151 0.0751166
152 0.0748862
153 0.0745733
154 0.0741596
155 0.0737513
156 0.0732927
157 0.0732096
158 0.0728451
159 0.0725963
160 0.0723453
161 0.0718334
162 0.0715938
163 0.0717485
164 0.0714725
165 0.0711392
166 0.0707014
167 0.0702353
168 0.0701704
169 0.0698371
170 0.069403
171 0.0692466
172 0.0689837
173 0.0688862
174 0.0685561
175 0.0682288
176 0.0679333
177 0.0676214
178 0.0672404
179 0.0670609
180 0.0668292
181 0.0665735
182 0.0665304
183 0.0661037
184 0.0657828
185 0.065598
186 0.0653147
187 0.0650945
188 0.0649146
189 0.0646836
190 0.0645869
191 0.0644861
192 0.0643791
193 0.063995
194 0.0635842
195 0.0632165
196 0.0630249
197 0.0628498
198 0.0628179
199 0.0625545
200 0.0623261
201 0.0619962
202 0.0618085
203 0.0615787
204 0.0613366
205 0.0610442
206 0.0607758
207 0.0606231
208 0.0603917
209 0.0603673
210 0.0602405
211 0.0599777
212 0.0597784
213 0.0596882
214 0.059215
215 0.0591128
216 0.0588041
217 0.0585365
218 0.0585439
219 0.0584564
220 0.0583748
221 0.0581767
222 0.057929
223 0.0579317
224 0.0575956
225 0.0575207
226 0.0572944
227 0.0568867
228 0.0567752
229 0.0565583
230 0.0564472
231 0.0563239
232 0.0561214
233 0.0561164
234 0.0560368
235 0.0558074
236 0.055572
237 0.0554911
238 0.0553075
239 0.05512
240 0.0549738
241 0.054851
242 0.0548116
243 0.054514
244 0.0543536
245 0.0542091
246 0.0539801
247 0.0539323
248 0.0536542
249 0.0533797
250 0.0532919
251 0.0530286
252 0.0529283
253 0.0528724
254 0.0527511
255 0.0524608
256 0.0523629
257 0.0523029
258 0.0521265
259 0.0518384
260 0.0516576
261 0.0517066
262 0.0515719
263 0.0515233
264 0.0513237
265 0.0511146
266 0.0510094
267 0.0508442
268 0.050584
269 0.050418
270 0.0501425
271 0.0501831
272 0.0499931
273 0.0500075
274 0.0497842
275 0.0496206
276 0.0495368
277 0.0493552
278 0.049138
279 0.0491009
280 0.0489369
281 0.0488463
282 0.0486939
283 0.0484521
284 0.0484361
285 0.0482654
286 0.0481896
287 0.0481989
288 0.0479757
289 0.047832
290 0.0476597
291 0.0475856
292 0.0473259
293 0.0472377
294 0.0472376
295 0.0470153
296 0.0470272
297 0.0469475
298 0.0467818
299 0.0466448
300 0.0466098
