1 0.500564
2 0.499287
3 0.499605
4 0.5531
5 0.557701
6 0.538428
7 0.534082
8 0.531731
9 0.515328
10 0.540627
11 0.5597
12 0.557994
13 0.55819
14 0.549625
15 0.549788
16 0.556002
17 0.552584
18 0.544049
19 0.553873
20 0.553732
21 0.563068
22 0.565115
23 0.56815
24 0.5645
25 0.562838
26 0.564217
27 0.561973
28 0.563886
29 0.560585
30 0.566752
31 0.569395
32 0.572013
33 0.569559
34 0.571448
35 0.572743
36 0.569452
37 0.56833
38 0.57055
39 0.573577
40 0.57233
41 0.5752
42 0.576322
43 0.574662
44 0.577746
45 0.578237
46 0.577718
47 0.577011
48 0.573004
49 0.576114
50 0.577566
51 0.579042
52 0.580857
53 0.580611
54 0.58014
55 0.580083
56 0.579436
57 0.581641
58 0.581963
59 0.581808
60 0.581178
61 0.583289
62 0.583302
63 0.581848
64 0.58244
65 0.583948
66 0.584902
67 0.585056
68 0.586022
69 0.586071
70 0.586754
71 0.586788
72 0.586799
73 0.58666
74 0.587169
75 0.589445
76 0.588348
77 0.589562
78 0.590128
79 0.589481
80 0.589154
81 0.589673
82 0.589912
83 0.590867
84 0.591723
85 0.590813
86 0.591183
87 0.590689
88 0.591735
89 0.592358
90 0.592332
91 0.591894
92 0.591497
93 0.593128
94 0.592579
95 0.592996
96 0.594051
97 0.594625
98 0.594929
99 0.595122
100 0.594132
101 0.595639
102 0.596611
103 0.594552
104 0.595364
105 0.595988
106 0.595382
107 0.595778
108 0.596189
109 0.596067
110 0.59709
111 0.597093
112 0.597516
113 0.597417
114 0.597762
115 0.597415
116 0.597743
117 0.5976
118 0.598626
119 0.598876
120 0.599466
121 0.598419
122 0.599326
123 0.598993
124 0.599679
125 0.600078
126 0.600777
127 0.600677
128 0.601394
129 0.60154
130 0.601689
131 0.601321
132 0.600737
133 0.600569
134 0.6013
135 0.6021
136 0.601916
137 0.602685
138 0.602659
139 0.603314
140 0.602402
141 0.603071
142 0.602162
143 0.604013
144 0.603247
145 0.604036
146 0.603661
147 0.603785
148 0.603914
149 0.604
150 0.604393
151 0.604933
152 0.604016
153 0.605613
154 0.605126
155 0.605516
156 0.605032
157 0.606047
158 0.603739
159 0.605828
160 0.606112
161 0.606176
162 0.606909
163 0.606852
164 0.60665
165 0.606736
166 0.60674
167 0.606206
168 0.606092
169 0.607539
170 0.607014
171 0.607579
172 0.606555
173 0.606499
174 0.607561
175 0.60713
176 0.608287
177 0.607961
178 0.607474
179 0.608386
180 0.608718
181 0.609963
182 0.609575
183 0.60913
184 0.609643
185 0.609226
186 0.609433
187 0.609244
188 0.609234
189 0.609222
190 0.609741
191 0.609791
192 0.609453
193 0.610443
194 0.610397
195 0.610205
196 0.60977
197 0.610228
198 0.61077
199 0.610403
200 0.610543
201 0.61123
202 0.611583
203 0.61168
204 0.611394
205 0.611039
206 0.611396
207 0.611237
208 0.611539
209 0.612836
210 0.611109
211 0.611612
212 0.612447
213 0.612735
214 0.611316
215 0.613014
216 0.613618
217 0.613039
218 0.613006
219 0.612928
220 0.612574
221 0.613178
222 0.613091
223 0.613498
224 0.613146
225 0.613624
226 0.613999
227 0.613759
228 0.614188
229 0.613839
230 0.613337
231 0.613747
232 0.614435
233 0.614824
234 0.614185
235 0.614685
236 0.615595
237 0.613865
238 0.614793
239 0.613941
240 0.615865
241 0.615244
242 0.614966
243 0.61541
244 0.616046
245 0.61549
246 0.614895
247 0.615912
248 0.615852
249 0.615182
250 0.616202
251 0.615851
252 0.616155
253 0.615653
254 0.616488
255 0.616767
256 0.615826
257 0.616951
258 0.617401
259 0.617065
260 0.616989
261 0.616906
262 0.616942
263 0.616193
264 0.617183
265 0.616978
266 0.617151
267 0.616995
268 0.617354
269 0.617365
270 0.617479
271 0.617222
272 0.617765
273 0.616795
274 0.617784
275 0.61812
276 0.617555
277 0.618131
278 0.618016
279 0.617914
280 0.618221
281 0.617462
282 0.618781
283 0.618608
284 0.61838
285 0.618186
286 0.618337
287 0.618807
288 0.61867
289 0.618231
290 0.618948
291 0.618723
292 0.618988
293 0.61982
294 0.618444
295 0.619174
296 0.618916
297 0.620254
298 0.620127
299 0.619279
300 0.620083
