1 0.408939
2 0.367376
3 0.339587
4 0.317177
5 0.29864
6 0.283021
7 0.269525
8 0.25783
9 0.247281
10 0.237856
11 0.229188
12 0.221517
13 0.214426
14 0.207777
15 0.201895
16 0.196161
17 0.190894
18 0.185815
19 0.181115
20 0.176758
21 0.172595
22 0.168607
23 0.164998
24 0.161654
25 0.158123
26 0.155053
27 0.152189
28 0.149321
29 0.146592
30 0.143802
31 0.141476
32 0.138998
33 0.136867
34 0.134772
35 0.132616
36 0.130606
37 0.12845
38 0.126927
39 0.125002
40 0.123335
41 0.121612
42 0.119963
43 0.118346
44 0.116941
45 0.115413
46 0.114077
47 0.112516
48 0.111307
49 0.110004
50 0.108534
51 0.10745
52 0.106245
53 0.104964
54 0.103745
55 0.102642
56 0.101563
57 0.100486
58 0.0995592
59 0.0984626
60 0.0975029
61 0.0966032
62 0.0956221
63 0.0947945
64 0.0937618
65 0.0929879
66 0.0921103
67 0.0912948
68 0.0904775
69 0.0896795
70 0.0889333
71 0.0880935
72 0.0874657
73 0.0866822
74 0.0860592
75 0.0853105
76 0.0846687
77 0.0840408
78 0.0832493
79 0.0825848
80 0.0820052
81 0.0813424
82 0.0807982
83 0.0801726
84 0.0795927
85 0.0789718
86 0.0785614
87 0.0779545
88 0.0773398
89 0.0768926
90 0.0763263
91 0.075733
92 0.0751545
93 0.07482
94 0.0742653
95 0.0737414
96 0.0733766
97 0.07284
98 0.0724969
99 0.0719595
100 0.0714784
101 0.0710218
102 0.0705222
103 0.0702265
104 0.0698418
105 0.0693749
106 0.0689633
107 0.0685118
108 0.0680917
109 0.0676223
110 0.0674024
111 0.0669613
112 0.0666016
113 0.0661891
114 0.065845
115 0.0654762
116 0.0651134
117 0.0647726
118 0.0644077
119 0.0641878
120 0.0636967
121 0.0634999
122 0.0630494
123 0.0627324
124 0.0624692
125 0.0620271
126 0.0618136
127 0.061351
128 0.0611673
129 0.0608871
130 0.0604819
131 0.0602126
132 0.0599552
133 0.0596619
134 0.0594128
135 0.0590392
136 0.0588096
137 0.0585
138 0.0582352
139 0.0579897
140 0.057757
141 0.0574821
142 0.0571819
143 0.0569559
144 0.0566516
145 0.0564694
146 0.0562041
147 0.0560403
148 0.0556818
149 0.0554918
150 0.0552026
151 0.0550612
152 0.0547804
153 0.0544704
154 0.0543321
155 0.0540926
156 0.053826
157 0.0535879
158 0.0533444
159 0.0531495
160 0.0529567
161 0.0527535
162 0.0525608
163 0.0522192
164 0.0521122
165 0.0518463
166 0.0517814
167 0.0515009
168 0.0512545
169 0.0510904
170 0.0509929
171 0.0506724
172 0.0505402
173 0.0503308
174 0.0501971
175 0.0499173
176 0.0497429
177 0.0496134
178 0.0494289
179 0.0492619
180 0.0490816
181 0.0489571
182 0.0487635
183 0.0485268
184 0.048344
185 0.0481548
186 0.0480309
187 0.0478313
188 0.0477338
189 0.0475798
190 0.0473939
191 0.0471815
192 0.0470917
193 0.0469014
194 0.0467301
195 0.0465384
196 0.0464181
197 0.046286
198 0.0460954
199 0.0460054
200 0.0457718
201 0.0456609
202 0.0455667
203 0.0453135
204 0.045226
205 0.0450769
206 0.0448829
207 0.0448172
208 0.0446733
209 0.0444158
210 0.0443491
211 0.0441785
212 0.0441076
213 0.0439209
214 0.0438392
215 0.0436798
216 0.0435362
217 0.0434293
218 0.0433469
219 0.0431674
220 0.0430188
221 0.0429235
222 0.0427701
223 0.0427251
224 0.0425799
225 0.0423509
226 0.0422384
227 0.0421734
228 0.0419437
229 0.0419148
230 0.0418358
231 0.0416937
232 0.0415758
233 0.0414249
234 0.041342
235 0.0411861
236 0.0410879
237 0.0409509
238 0.0408808
239 0.0407044
240 0.0405936
241 0.0405425
242 0.0404344
243 0.0402502
244 0.0401576
245 0.0401087
246 0.0400058
247 0.0398329
248 0.0396987
249 0.0395767
250 0.0395158
251 0.0394428
252 0.0393232
253 0.0392159
254 0.0390925
255 0.0390084
256 0.038829
257 0.0387744
258 0.0387018
259 0.0386068
260 0.0385374
261 0.0383742
262 0.0383058
263 0.038206
264 0.0380281
265 0.0380596
266 0.0379523
267 0.0378328
268 0.0377313
269 0.0376327
270 0.0375501
271 0.0374394
272 0.0373954
273 0.0373159
274 0.0371669
275 0.0371414
276 0.037008
277 0.0369114
278 0.0368718
279 0.0367267
280 0.0366049
281 0.0365539
282 0.0364974
283 0.0364009
284 0.0363256
285 0.0362085
286 0.0360862
287 0.0360884
288 0.035952
289 0.0358755
290 0.0358141
291 0.0357217
292 0.0355799
293 0.0355247
294 0.0354905
295 0.0353982
296 0.0353081
297 0.0351849
298 0.0351573
299 0.0350639
300 0.0349284
