1 0.100339
2 0.122942
3 0.138998
4 0.155928
5 0.17037
6 0.183715
7 0.195786
8 0.206648
9 0.216607
10 0.226351
11 0.235792
12 0.244097
13 0.251801
14 0.259713
15 0.268027
16 0.275982
17 0.28369
18 0.29179
19 0.299018
20 0.305709
21 0.312073
22 0.318923
23 0.324552
24 0.330138
25 0.336367
26 0.341823
27 0.346876
28 0.351131
29 0.356484
30 0.360914
31 0.365536
32 0.369931
33 0.373942
34 0.377692
35 0.381487
36 0.385615
37 0.389433
38 0.392322
39 0.396786
40 0.399892
41 0.403644
42 0.406816
43 0.410556
44 0.413044
45 0.416851
46 0.419672
47 0.423239
48 0.426327
49 0.429601
50 0.433243
51 0.435741
52 0.438459
53 0.442602
54 0.445313
55 0.448307
56 0.450778
57 0.453455
58 0.456574
59 0.459064
60 0.461394
61 0.46395
62 0.466501
63 0.468592
64 0.471441
65 0.473487
66 0.475771
67 0.477315
68 0.480195
69 0.48203
70 0.484282
71 0.486166
72 0.488038
73 0.489841
74 0.49128
75 0.493367
76 0.495247
77 0.496267
78 0.498834
79 0.501172
80 0.502763
81 0.504946
82 0.505475
83 0.507674
84 0.509554
85 0.511194
86 0.512206
87 0.513643
88 0.515728
89 0.517144
90 0.518798
91 0.520469
92 0.521913
93 0.523177
94 0.524965
95 0.5263
96 0.52725
97 0.528764
98 0.529515
99 0.531166
100 0.532597
101 0.534301
102 0.535798
103 0.536448
104 0.537581
105 0.539341
106 0.540573
107 0.542022
108 0.543589
109 0.545103
110 0.545448
111 0.54719
112 0.548113
113 0.5495
114 0.550623
115 0.551969
116 0.553501
117 0.554418
118 0.555927
119 0.556701
120 0.558446
121 0.558973
122 0.561084
123 0.562058
124 0.563435
125 0.565042
126 0.565746
127 0.567095
128 0.567969
129 0.568011
130 0.570679
131 0.571657
132 0.572587
133 0.573297
134 0.573895
135 0.575554
136 0.576414
137 0.577202
138 0.57821
139 0.579058
140 0.579519
141 0.58089
142 0.581728
143 0.582777
144 0.583931
145 0.584277
146 0.585287
147 0.585803
148 0.588094
149 0.587967
150 0.589183
151 0.589559
152 0.590477
153 0.591991
154 0.592036
155 0.59302
156 0.594555
157 0.59528
158 0.596096
159 0.596793
160 0.598082
161 0.59834
162 0.598771
163 0.600553
164 0.600502
165 0.601762
166 0.601388
167 0.602797
168 0.603837
169 0.604256
170 0.604384
171 0.606119
172 0.606592
173 0.607619
174 0.607583
175 0.609054
176 0.609964
177 0.610364
178 0.61087
179 0.611456
180 0.611764
181 0.612237
182 0.613546
183 0.614232
184 0.614694
185 0.615395
186 0.616295
187 0.617078
188 0.617175
189 0.617946
190 0.618542
191 0.619229
192 0.620209
193 0.620399
194 0.621262
195 0.621932
196 0.622237
197 0.622669
198 0.624084
199 0.624317
200 0.625442
201 0.625546
202 0.626229
203 0.627504
204 0.627015
205 0.628247
206 0.628861
207 0.62941
208 0.629786
209 0.6312
210 0.631607
211 0.632104
212 0.631679
213 0.632929
214 0.63271
215 0.633428
216 0.634486
217 0.634451
218 0.63502
219 0.635986
220 0.63678
221 0.636453
222 0.637745
223 0.637616
224 0.638552
225 0.639622
226 0.639753
227 0.640221
228 0.641018
229 0.640968
230 0.641488
231 0.642093
232 0.642865
233 0.643083
234 0.643654
235 0.644661
236 0.644739
237 0.645239
238 0.645641
239 0.646658
240 0.647261
241 0.647108
242 0.648166
243 0.648817
244 0.649555
245 0.649397
246 0.649864
247 0.650931
248 0.651956
249 0.652567
250 0.652565
251 0.65314
252 0.653719
253 0.65419
254 0.654925
255 0.655057
256 0.656066
257 0.656124
258 0.656704
259 0.656825
260 0.657037
261 0.657992
262 0.658446
263 0.659081
264 0.66039
265 0.659252
266 0.659562
267 0.660365
268 0.660983
269 0.661516
270 0.661587
271 0.662146
272 0.662079
273 0.662766
274 0.663389
275 0.663627
276 0.664277
277 0.664669
278 0.665214
279 0.665465
280 0.666122
281 0.666012
282 0.666784
283 0.667434
284 0.667437
285 0.668073
286 0.668883
287 0.668969
288 0.669457
289 0.669637
290 0.669632
291 0.670278
292 0.671589
293 0.671546
294 0.67127
295 0.671671
296 0.672105
297 0.673076
298 0.672947
299 0.673574
300 0.674316
