1 0.100339
2 0.145546
3 0.170593
4 0.1968
5 0.217731
6 0.237889
7 0.255185
8 0.271258
9 0.285418
10 0.299107
11 0.312209
12 0.323426
13 0.333163
14 0.342997
15 0.352957
16 0.362264
17 0.371051
18 0.380474
19 0.388623
20 0.396247
21 0.403367
22 0.41118
23 0.417334
24 0.423458
25 0.430058
26 0.436256
27 0.441598
28 0.446045
29 0.451866
30 0.456015
31 0.461026
32 0.465188
33 0.469292
34 0.472697
35 0.476661
36 0.480683
37 0.484686
38 0.486997
39 0.491389
40 0.494315
41 0.498143
42 0.500854
43 0.504995
44 0.506764
45 0.51102
46 0.513208
47 0.517311
48 0.519984
49 0.523216
50 0.526541
51 0.528762
52 0.531378
53 0.535588
54 0.538031
55 0.541026
56 0.542989
57 0.545431
58 0.548704
59 0.551153
60 0.552892
61 0.555559
62 0.557736
63 0.560033
64 0.562519
65 0.564457
66 0.566389
67 0.567852
68 0.570951
69 0.572005
70 0.574301
71 0.57597
72 0.577647
73 0.57921
74 0.580432
75 0.582496
76 0.584112
77 0.584815
78 0.587549
79 0.589612
80 0.590863
81 0.593208
82 0.593191
83 0.595503
84 0.59716
85 0.598637
86 0.599453
87 0.600473
88 0.602393
89 0.603545
90 0.605204
91 0.606824
92 0.608033
93 0.609037
94 0.611045
95 0.612013
96 0.612503
97 0.614193
98 0.614367
99 0.616173
100 0.617186
101 0.619005
102 0.620347
103 0.620789
104 0.62144
105 0.623489
106 0.624037
107 0.625729
108 0.627096
109 0.628559
110 0.628634
111 0.630359
112 0.63087
113 0.632621
114 0.633274
115 0.634456
116 0.63594
117 0.636541
118 0.637996
119 0.638588
120 0.640143
121 0.640668
122 0.642493
123 0.643138
124 0.644758
125 0.646202
126 0.646726
127 0.647877
128 0.648737
129 0.648305
130 0.651168
131 0.651951
132 0.652721
133 0.652914
134 0.653489
135 0.655151
136 0.656068
137 0.656481
138 0.657423
139 0.658081
140 0.658329
141 0.659917
142 0.660481
143 0.661455
144 0.662201
145 0.662471
146 0.663475
147 0.664128
148 0.666185
149 0.665817
150 0.666978
151 0.667161
152 0.667854
153 0.669287
154 0.669276
155 0.67027
156 0.671817
157 0.672098
158 0.672833
159 0.673628
160 0.674728
161 0.674713
162 0.675119
163 0.677061
164 0.676508
165 0.677746
166 0.677405
167 0.678629
168 0.679509
169 0.679789
170 0.679818
171 0.681362
172 0.682016
173 0.682907
174 0.682582
175 0.684
176 0.684932
177 0.685277
178 0.685676
179 0.686049
180 0.686114
181 0.686559
182 0.687986
183 0.688496
184 0.688723
185 0.689404
186 0.690166
187 0.690996
188 0.690814
189 0.691799
190 0.692182
191 0.69253
192 0.693743
193 0.693635
194 0.694303
195 0.69511
196 0.694963
197 0.695466
198 0.697041
199 0.697028
200 0.698082
201 0.698094
202 0.698699
203 0.699898
204 0.699193
205 0.700531
206 0.700944
207 0.701344
208 0.701684
209 0.702968
210 0.703602
211 0.703992
212 0.703153
213 0.704393
214 0.704062
215 0.704526
216 0.705672
217 0.705749
218 0.706039
219 0.70716
220 0.707728
221 0.707089
222 0.708423
223 0.708177
224 0.709115
225 0.710249
226 0.71007
227 0.71058
228 0.71144
229 0.711123
230 0.711612
231 0.712104
232 0.712822
233 0.713051
234 0.713382
235 0.714483
236 0.714317
237 0.714865
238 0.714989
239 0.716175
240 0.716485
241 0.716297
242 0.717292
243 0.718034
244 0.718644
245 0.718271
246 0.718497
247 0.719701
248 0.720786
249 0.721399
250 0.720993
251 0.721533
252 0.722065
253 0.722349
254 0.72324
255 0.723249
256 0.724117
257 0.724182
258 0.724661
259 0.724646
260 0.7247
261 0.725643
262 0.726197
263 0.726936
264 0.727927
265 0.726769
266 0.726841
267 0.727648
268 0.728323
269 0.728548
270 0.728851
271 0.729068
272 0.728902
273 0.729729
274 0.730294
275 0.730394
276 0.730874
277 0.731281
278 0.731738
279 0.731904
280 0.73268
281 0.73226
282 0.73321
283 0.733943
284 0.733676
285 0.734263
286 0.734959
287 0.73528
288 0.735552
289 0.735585
290 0.735513
291 0.736031
292 0.73728
293 0.737354
294 0.736851
295 0.737249
296 0.737424
297 0.738472
298 0.738248
299 0.738945
300 0.739608
