1 0.5
2 0.493009
3 0.484148
4 0.473743
5 0.465086
6 0.45614
7 0.448557
8 0.441736
9 0.43545
10 0.429353
11 0.423876
12 0.41941
13 0.414636
14 0.410865
15 0.406397
16 0.402551
17 0.399159
18 0.396095
19 0.392771
20 0.389528
21 0.386692
22 0.38477
23 0.382075
24 0.379655
25 0.377668
26 0.375943
27 0.374231
28 0.372098
29 0.36972
30 0.367937
31 0.367454
32 0.366037
33 0.364542
34 0.363222
35 0.361522
36 0.360259
37 0.358959
38 0.358474
39 0.356901
40 0.356308
41 0.35541
42 0.353936
43 0.352366
44 0.351867
45 0.351092
46 0.350377
47 0.349054
48 0.348634
49 0.347722
50 0.346456
51 0.34596
52 0.345409
53 0.3447
54 0.343995
55 0.34353
56 0.342371
57 0.341407
58 0.341409
59 0.340899
60 0.340119
61 0.340166
62 0.338453
63 0.338616
64 0.337277
65 0.337269
66 0.336152
67 0.336369
68 0.335597
69 0.335541
70 0.33479
71 0.334142
72 0.333705
73 0.333259
74 0.333413
75 0.33319
76 0.332526
77 0.331818
78 0.331398
79 0.331793
80 0.330648
81 0.330551
82 0.330296
83 0.329652
84 0.330043
85 0.329088
86 0.328733
87 0.328521
88 0.327826
89 0.327346
90 0.328269
91 0.327365
92 0.326332
93 0.32663
94 0.326661
95 0.32616
96 0.326609
97 0.325273
98 0.325873
99 0.324927
100 0.326134
101 0.323983
102 0.324849
103 0.324043
104 0.323764
105 0.324032
106 0.32342
107 0.32309
108 0.323055
109 0.322792
110 0.323471
111 0.322338
112 0.321314
113 0.321629
114 0.321451
115 0.321287
116 0.321264
117 0.321289
118 0.320557
119 0.320936
120 0.320343
121 0.320332
122 0.319774
123 0.319794
124 0.319866
125 0.319359
126 0.319104
127 0.31939
128 0.319396
129 0.319041
130 0.318848
131 0.317844
132 0.318337
133 0.317652
134 0.318265
135 0.317705
136 0.318017
137 0.31763
138 0.317678
139 0.317123
140 0.317369
141 0.317421
142 0.316738
143 0.316843
144 0.316774
145 0.316291
146 0.316046
147 0.316507
148 0.315955
149 0.315984
150 0.315576
151 0.315351
152 0.31552
153 0.315098
154 0.314747
155 0.315196
156 0.315072
157 0.314538
158 0.314993
159 0.314212
160 0.314541
161 0.314641
162 0.313644
163 0.31402
164 0.313953
165 0.313574
166 0.314026
167 0.313559
168 0.313215
169 0.313618
170 0.31299
171 0.312684
172 0.312448
173 0.313407
174 0.312702
175 0.313408
176 0.312942
177 0.312639
178 0.312708
179 0.312186
180 0.311825
181 0.312379
182 0.312563
183 0.311873
184 0.312009
185 0.311631
186 0.311745
187 0.311391
188 0.312029
189 0.311217
190 0.311749
191 0.311935
192 0.310584
193 0.31131
194 0.311434
195 0.310503
196 0.311056
197 0.310768
198 0.310934
199 0.311056
200 0.310487
201 0.310051
202 0.310608
203 0.310254
204 0.309842
205 0.309898
206 0.309917
207 0.309688
208 0.310406
209 0.309944
210 0.309489
211 0.309837
212 0.309702
213 0.308603
214 0.30922
215 0.309276
216 0.309428
217 0.308625
218 0.309825
219 0.309619
220 0.308641
221 0.309378
222 0.309272
223 0.308762
224 0.308834
225 0.308975
226 0.308441
227 0.308463
228 0.30905
229 0.308289
230 0.30838
231 0.308799
232 0.308003
233 0.308373
234 0.307958
235 0.308156
236 0.307739
237 0.30726
238 0.307503
239 0.307907
240 0.307678
241 0.308101
242 0.307673
243 0.307008
244 0.306836
245 0.307344
246 0.30756
247 0.306265
248 0.306716
249 0.306874
250 0.306702
251 0.307389
252 0.306996
253 0.306612
254 0.306238
255 0.30638
256 0.306971
257 0.306782
258 0.307044
259 0.307055
260 0.306557
261 0.306225
262 0.305842
263 0.305301
264 0.306399
265 0.305559
266 0.306331
267 0.306456
268 0.305625
269 0.305279
270 0.306027
271 0.306262
272 0.305521
273 0.305841
274 0.305649
275 0.305418
276 0.305602
277 0.305315
278 0.305774
279 0.306167
280 0.305792
281 0.305076
282 0.305211
283 0.305446
284 0.305996
285 0.305642
286 0.305611
287 0.30518
288 0.305233
289 0.304645
290 0.305349
291 0.304759
292 0.304706
293 0.305424
294 0.30593
295 0.304548
296 0.304685
297 0.304151
298 0.303949
299 0.304002
300 0.305139
