1 0.500661
2 0.541783
3 0.569516
4 0.591737
5 0.610543
6 0.62605
7 0.639463
8 0.651218
9 0.661948
10 0.671402
11 0.679917
12 0.687599
13 0.694792
14 0.701352
15 0.707476
16 0.713032
17 0.718269
18 0.723255
19 0.728068
20 0.732443
21 0.736509
22 0.740524
23 0.744149
24 0.747478
25 0.750993
26 0.75405
27 0.757014
28 0.759791
29 0.762616
30 0.765357
31 0.767707
32 0.770204
33 0.772298
34 0.774454
35 0.776576
36 0.778645
37 0.780715
38 0.782267
39 0.784275
40 0.785953
41 0.787675
42 0.789222
43 0.790889
44 0.792338
45 0.793754
46 0.795201
47 0.796728
48 0.797948
49 0.799175
50 0.800723
51 0.80184
52 0.802983
53 0.804287
54 0.805453
55 0.806592
56 0.807731
57 0.808761
58 0.809713
59 0.810803
60 0.811734
61 0.812634
62 0.813628
63 0.814446
64 0.815479
65 0.816275
66 0.817127
67 0.817969
68 0.818756
69 0.819616
70 0.82038
71 0.82117
72 0.821786
73 0.822565
74 0.823179
75 0.823934
76 0.824576
77 0.825212
78 0.826004
79 0.826612
80 0.8272
81 0.827839
82 0.828485
83 0.829076
84 0.829672
85 0.830251
86 0.830692
87 0.831324
88 0.831881
89 0.832328
90 0.832937
91 0.833479
92 0.834098
93 0.834429
94 0.834974
95 0.835503
96 0.835882
97 0.83642
98 0.836743
99 0.837287
100 0.837755
101 0.838218
102 0.83868
103 0.839013
104 0.839391
105 0.839842
106 0.840297
107 0.840712
108 0.841112
109 0.8416
110 0.841872
111 0.842321
112 0.842668
113 0.843084
114 0.843385
115 0.843758
116 0.844136
117 0.844472
118 0.844861
119 0.845076
120 0.845557
121 0.845744
122 0.846219
123 0.846515
124 0.846769
125 0.847194
126 0.847427
127 0.847879
128 0.848064
129 0.848373
130 0.848751
131 0.849034
132 0.849262
133 0.849596
134 0.849864
135 0.850218
136 0.850443
137 0.850748
138 0.85104
139 0.851294
140 0.851511
141 0.851748
142 0.852076
143 0.852285
144 0.852593
145 0.852782
146 0.853008
147 0.853219
148 0.853543
149 0.853753
150 0.85406
151 0.854179
152 0.854468
153 0.854768
154 0.85493
155 0.855139
156 0.855427
157 0.855658
158 0.855924
159 0.856072
160 0.856276
161 0.856493
162 0.856698
163 0.857029
164 0.857116
165 0.857375
166 0.857485
167 0.857736
168 0.857999
169 0.858133
170 0.858269
171 0.858537
172 0.858713
173 0.858904
174 0.859036
175 0.859318
176 0.859467
177 0.859607
178 0.859769
179 0.859971
180 0.860139
181 0.860295
182 0.860493
183 0.860714
184 0.860871
185 0.861059
186 0.861214
187 0.861377
188 0.861461
189 0.86164
190 0.861832
191 0.862045
192 0.862149
193 0.862322
194 0.862488
195 0.862664
196 0.862802
197 0.862926
198 0.863124
199 0.8632
200 0.863469
201 0.863588
202 0.863675
203 0.863916
204 0.864025
205 0.864147
206 0.86436
207 0.864428
208 0.864576
209 0.864815
210 0.864882
211 0.865031
212 0.865126
213 0.865315
214 0.865421
215 0.865575
216 0.865681
217 0.865823
218 0.865869
219 0.866071
220 0.866207
221 0.866317
222 0.866469
223 0.866547
224 0.866636
225 0.86689
226 0.866996
227 0.86707
228 0.867323
229 0.86732
230 0.867384
231 0.867557
232 0.867637
233 0.867807
234 0.867894
235 0.868045
236 0.868154
237 0.86825
238 0.868342
239 0.868552
240 0.868634
241 0.868684
242 0.868804
243 0.86896
244 0.869075
245 0.869132
246 0.869243
247 0.869371
248 0.869524
249 0.869644
250 0.869731
251 0.86981
252 0.869914
253 0.870012
254 0.870118
255 0.870256
256 0.870399
257 0.870444
258 0.870539
259 0.870626
260 0.870693
261 0.870847
262 0.870927
263 0.871018
264 0.871207
265 0.871178
266 0.87127
267 0.871392
268 0.871484
269 0.871622
270 0.871701
271 0.871817
272 0.871832
273 0.871908
274 0.872056
275 0.8721
276 0.87224
277 0.872333
278 0.872353
279 0.872519
280 0.872637
281 0.872668
282 0.872745
283 0.872828
284 0.872909
285 0.872998
286 0.873135
287 0.873141
288 0.873276
289 0.873352
290 0.873393
291 0.873514
292 0.873648
293 0.8737
294 0.873727
295 0.873825
296 0.873925
297 0.874045
298 0.874077
299 0.874146
300 0.874283
