1 0.500661
2 0.58332
3 0.624905
4 0.659901
5 0.683564
6 0.704786
7 0.720902
8 0.734244
9 0.745731
10 0.756235
11 0.765198
12 0.772206
13 0.779424
14 0.78494
15 0.791277
16 0.79657
17 0.801119
18 0.805138
19 0.809405
20 0.813479
21 0.81697
22 0.8193
23 0.82252
24 0.825366
25 0.82767
26 0.829648
27 0.83159
28 0.833982
29 0.836613
30 0.838561
31 0.839085
32 0.840614
33 0.842213
34 0.843614
35 0.845402
36 0.846719
37 0.848065
38 0.848565
39 0.850175
40 0.850778
41 0.851688
42 0.853172
43 0.854738
44 0.855233
45 0.855999
46 0.856703
47 0.857997
48 0.858406
49 0.859291
50 0.860512
51 0.860988
52 0.861516
53 0.862192
54 0.862861
55 0.863302
56 0.864394
57 0.865297
58 0.865295
59 0.865771
60 0.866497
61 0.866453
62 0.868036
63 0.867886
64 0.869114
65 0.869121
66 0.870139
67 0.869942
68 0.870642
69 0.870693
70 0.871371
71 0.871954
72 0.872346
73 0.872746
74 0.872608
75 0.872807
76 0.8734
77 0.874029
78 0.874401
79 0.874051
80 0.875064
81 0.875149
82 0.875374
83 0.875939
84 0.875596
85 0.876433
86 0.876743
87 0.876928
88 0.877533
89 0.877949
90 0.877148
91 0.877933
92 0.878825
93 0.878568
94 0.878541
95 0.878973
96 0.878586
97 0.879735
98 0.87922
99 0.880031
100 0.878995
101 0.880836
102 0.880097
103 0.880785
104 0.881022
105 0.880794
106 0.881314
107 0.881594
108 0.881623
109 0.881846
110 0.881271
111 0.882229
112 0.88309
113 0.882826
114 0.882975
115 0.883113
116 0.883132
117 0.883111
118 0.883724
119 0.883407
120 0.883903
121 0.883912
122 0.884377
123 0.88436
124 0.8843
125 0.884722
126 0.884933
127 0.884696
128 0.884691
129 0.884985
130 0.885145
131 0.885974
132 0.885568
133 0.886132
134 0.885627
135 0.886089
136 0.885832
137 0.88615
138 0.886111
139 0.886567
140 0.886365
141 0.886322
142 0.886882
143 0.886796
144 0.886853
145 0.887248
146 0.887448
147 0.887071
148 0.887522
149 0.887498
150 0.887831
151 0.888014
152 0.887876
153 0.888219
154 0.888504
155 0.88814
156 0.88824
157 0.888673
158 0.888304
159 0.888937
160 0.888671
161 0.88859
162 0.889395
163 0.889092
164 0.889146
165 0.889451
166 0.889087
167 0.889463
168 0.88974
169 0.889416
170 0.889921
171 0.890166
172 0.890355
173 0.889586
174 0.890152
175 0.889585
176 0.889959
177 0.890202
178 0.890147
179 0.890565
180 0.890853
181 0.89041
182 0.890263
183 0.890815
184 0.890706
185 0.891008
186 0.890917
187 0.891199
188 0.89069
189 0.891337
190 0.890914
191 0.890765
192 0.89184
193 0.891263
194 0.891165
195 0.891904
196 0.891465
197 0.891694
198 0.891562
199 0.891465
200 0.891917
201 0.892262
202 0.891821
203 0.892101
204 0.892427
205 0.892383
206 0.892368
207 0.892548
208 0.891981
209 0.892346
210 0.892705
211 0.892431
212 0.892537
213 0.893402
214 0.892917
215 0.892873
216 0.892753
217 0.893385
218 0.89244
219 0.892603
220 0.893372
221 0.892793
222 0.892876
223 0.893277
224 0.893221
225 0.89311
226 0.893529
227 0.893512
228 0.893051
229 0.893648
230 0.893577
231 0.893248
232 0.893872
233 0.893582
234 0.893907
235 0.893752
236 0.894078
237 0.894452
238 0.894262
239 0.893947
240 0.894126
241 0.893795
242 0.89413
243 0.894648
244 0.894782
245 0.894386
246 0.894218
247 0.895225
248 0.894875
249 0.894752
250 0.894886
251 0.894351
252 0.894657
253 0.894956
254 0.895246
255 0.895136
256 0.894677
257 0.894824
258 0.89462
259 0.894611
260 0.894998
261 0.895256
262 0.895552
263 0.89597
264 0.895121
265 0.895771
266 0.895174
267 0.895077
268 0.89572
269 0.895987
270 0.895409
271 0.895227
272 0.8958
273 0.895553
274 0.895701
275 0.89588
276 0.895738
277 0.895959
278 0.895605
279 0.895301
280 0.895591
281 0.896143
282 0.896039
283 0.895858
284 0.895433
285 0.895707
286 0.895731
287 0.896063
288 0.896022
289 0.896475
290 0.895933
291 0.896387
292 0.896428
293 0.895875
294 0.895484
295 0.896549
296 0.896444
297 0.896854
298 0.897009
299 0.896968
300 0.896095
