1 0.408939
2 0.325812
3 0.284102
4 0.249576
5 0.225054
6 0.204409
7 0.188618
8 0.175122
9 0.163286
10 0.152962
11 0.14401
12 0.136145
13 0.129707
14 0.123458
15 0.118096
16 0.112631
17 0.108074
18 0.103442
19 0.0994149
20 0.0958228
21 0.0925054
22 0.0892295
23 0.0865008
24 0.0839809
25 0.0813089
26 0.0789788
27 0.0770267
28 0.0748984
29 0.0729511
30 0.0711504
31 0.069643
32 0.0679719
33 0.0665736
34 0.065376
35 0.0639233
36 0.0626663
37 0.0612194
38 0.0604847
39 0.0592686
40 0.0582266
41 0.0570201
42 0.0561096
43 0.0550291
44 0.0543278
45 0.0533232
46 0.0526504
47 0.051483
48 0.0509115
49 0.0500432
50 0.049086
51 0.0485503
52 0.0477988
53 0.0469452
54 0.0462255
55 0.0456092
56 0.0449907
57 0.0443766
58 0.043826
59 0.0431244
60 0.0427184
61 0.0421324
62 0.0415721
63 0.0410656
64 0.0404968
65 0.0401431
66 0.0396735
67 0.0392271
68 0.0387427
69 0.03842
70 0.0379692
71 0.0375278
72 0.0372038
73 0.0368057
74 0.0365377
75 0.0360787
76 0.0357987
77 0.035478
78 0.0349747
79 0.0346315
80 0.0344639
81 0.0340489
82 0.0337905
83 0.0334429
84 0.0331944
85 0.0328518
86 0.0327219
87 0.0323929
88 0.0320985
89 0.0319323
90 0.0315882
91 0.0312728
92 0.0309751
93 0.0308349
94 0.0305166
95 0.0303017
96 0.0301719
97 0.0298566
98 0.0297906
99 0.0294487
100 0.0292457
101 0.0289812
102 0.028714
103 0.0286092
104 0.0285065
105 0.0282105
106 0.0280706
107 0.027786
108 0.0276034
109 0.0273179
110 0.0273253
111 0.0270545
112 0.0268918
113 0.0266261
114 0.0264993
115 0.02635
116 0.0261409
117 0.0259857
118 0.0257723
119 0.0257187
120 0.025432
121 0.0253418
122 0.0251346
123 0.0249643
124 0.0247897
125 0.0245697
126 0.0244855
127 0.0242216
128 0.0241744
129 0.0241138
130 0.0238216
131 0.023736
132 0.0235873
133 0.0235195
134 0.0234257
135 0.023185
136 0.0230429
137 0.022949
138 0.0228291
139 0.0227473
140 0.0226584
141 0.022452
142 0.022337
143 0.0222831
144 0.0221059
145 0.0220473
146 0.0219012
147 0.0218413
148 0.021693
149 0.021598
150 0.021457
151 0.0214172
152 0.0213051
153 0.0211121
154 0.0210814
155 0.0209422
156 0.0208195
157 0.0207255
158 0.020619
159 0.0205027
160 0.0204498
161 0.0203803
162 0.0202575
163 0.0200623
164 0.020076
165 0.019926
166 0.0199512
167 0.019825
168 0.0197094
169 0.019637
170 0.0196305
171 0.0194321
172 0.0193991
173 0.0192828
174 0.0192841
175 0.0191213
176 0.0189922
177 0.0189765
178 0.0189192
179 0.018852
180 0.0187709
181 0.0187585
182 0.0186218
183 0.018523
184 0.0184259
185 0.0183496
186 0.0183133
187 0.018207
188 0.018196
189 0.0181098
190 0.0180418
191 0.0179341
192 0.017886
193 0.0178374
194 0.0177581
195 0.0175986
196 0.017607
197 0.0175594
198 0.0174086
199 0.0174347
200 0.0172884
201 0.0172654
202 0.0172396
203 0.0171119
204 0.0171037
205 0.0170112
206 0.0169173
207 0.0169093
208 0.0168457
209 0.0167144
210 0.0166923
211 0.0166041
212 0.0166258
213 0.0165052
214 0.0164954
215 0.0164199
216 0.0163768
217 0.0163077
218 0.0163077
219 0.0161973
220 0.0161301
221 0.0161457
222 0.0160749
223 0.0160382
224 0.0159995
225 0.0158565
226 0.0158307
227 0.0158085
228 0.0156625
229 0.015683
230 0.0156691
231 0.0156154
232 0.0155441
233 0.0154732
234 0.0154533
235 0.0153802
236 0.0153425
237 0.0152764
238 0.0152704
239 0.0151447
240 0.0150965
241 0.0151036
242 0.0150616
243 0.0149493
244 0.0148989
245 0.0149318
246 0.0148917
247 0.0147661
248 0.014674
249 0.0146027
250 0.0146327
251 0.0145949
252 0.014555
253 0.0145081
254 0.0144161
255 0.0143877
256 0.0143
257 0.0142872
258 0.0142865
259 0.0142295
260 0.0142461
261 0.0141287
262 0.0140762
263 0.0140465
264 0.0139696
265 0.0140417
266 0.0139864
267 0.0139182
268 0.0138527
269 0.013832
270 0.0138048
271 0.0137565
272 0.0137526
273 0.0137181
274 0.0136403
275 0.0136662
276 0.0135867
277 0.0135312
278 0.0135497
279 0.0134712
280 0.013398
281 0.0134079
282 0.0133597
283 0.0132926
284 0.0132849
285 0.0132285
286 0.0131827
287 0.0131802
288 0.0131196
289 0.0130994
290 0.0131051
291 0.013044
292 0.0129511
293 0.0129408
294 0.0129493
295 0.0129008
296 0.0128894
297 0.0128098
298 0.0128255
299 0.012768
300 0.0126812
