1 0.5
2 0.3796
3 0.325918
4 0.293981
5 0.271729
6 0.254823
7 0.241492
8 0.230457
9 0.221095
10 0.21303
11 0.205868
12 0.199722
13 0.194007
14 0.189028
15 0.184871
16 0.180882
17 0.177347
18 0.174145
19 0.171163
20 0.168325
21 0.165828
22 0.163181
23 0.161031
24 0.159016
25 0.1568
26 0.155037
27 0.153262
28 0.151705
29 0.150033
30 0.148608
31 0.147294
32 0.145941
33 0.144628
34 0.143559
35 0.142457
36 0.141251
37 0.140244
38 0.139466
39 0.138461
40 0.137672
41 0.136774
42 0.136014
43 0.135162
44 0.13448
45 0.133792
46 0.133043
47 0.132159
48 0.131744
49 0.131219
50 0.130511
51 0.130004
52 0.129584
53 0.128899
54 0.128388
55 0.127809
56 0.127413
57 0.126985
58 0.126561
59 0.125934
60 0.125678
61 0.125266
62 0.124828
63 0.124474
64 0.123919
65 0.12358
66 0.123278
67 0.122938
68 0.122696
69 0.122115
70 0.121854
71 0.121435
72 0.121204
73 0.120833
74 0.120666
75 0.120213
76 0.120048
77 0.119698
78 0.119254
79 0.119037
80 0.118898
81 0.118611
82 0.118264
83 0.118014
84 0.117799
85 0.117515
86 0.117479
87 0.117061
88 0.116953
89 0.116674
90 0.116368
91 0.116227
92 0.115839
93 0.115756
94 0.115468
95 0.115353
96 0.115162
97 0.114894
98 0.114863
99 0.114554
100 0.114386
101 0.114161
102 0.113872
103 0.113818
104 0.113616
105 0.113458
106 0.113255
107 0.113064
108 0.113014
109 0.112574
110 0.112589
111 0.11234
112 0.112296
113 0.112113
114 0.112042
115 0.111846
116 0.111643
117 0.111671
118 0.111396
119 0.111403
120 0.111163
121 0.111177
122 0.110836
123 0.110827
124 0.110693
125 0.110611
126 0.110465
127 0.11016
128 0.110174
129 0.110025
130 0.109926
131 0.109801
132 0.109643
133 0.109563
134 0.109426
135 0.109314
136 0.109168
137 0.109131
138 0.108902
139 0.108788
140 0.108749
141 0.108694
142 0.108462
143 0.108514
144 0.108276
145 0.108203
146 0.108154
147 0.107984
148 0.107979
149 0.107834
150 0.107689
151 0.107656
152 0.107535
153 0.107491
154 0.107347
155 0.107364
156 0.10713
157 0.107047
158 0.106951
159 0.106816
160 0.106864
161 0.106768
162 0.106667
163 0.106531
164 0.106479
165 0.106328
166 0.106294
167 0.106248
168 0.106171
169 0.106168
170 0.106013
171 0.105945
172 0.10578
173 0.105705
174 0.105673
175 0.105599
176 0.105469
177 0.10554
178 0.105364
179 0.105294
180 0.105228
181 0.105127
182 0.105149
183 0.104957
184 0.104918
185 0.104838
186 0.104704
187 0.104735
188 0.104666
189 0.104671
190 0.104469
191 0.104469
192 0.104403
193 0.10436
194 0.10424
195 0.104123
196 0.104119
197 0.104094
198 0.103993
199 0.104019
200 0.103829
201 0.103818
202 0.103764
203 0.103703
204 0.103543
205 0.103635
206 0.103531
207 0.103382
208 0.103412
209 0.10331
210 0.103246
211 0.103274
212 0.103145
213 0.103022
214 0.103027
215 0.102849
216 0.102887
217 0.102827
218 0.102865
219 0.102795
220 0.102667
221 0.102638
222 0.102573
223 0.102516
224 0.102508
225 0.102429
226 0.102279
227 0.102331
228 0.10215
229 0.102267
230 0.102203
231 0.102161
232 0.102105
233 0.102077
234 0.101994
235 0.101937
236 0.101919
237 0.10185
238 0.101823
239 0.101669
240 0.101666
241 0.101702
242 0.101678
243 0.101636
244 0.101492
245 0.101542
246 0.101442
247 0.101406
248 0.101374
249 0.101382
250 0.101232
251 0.101257
252 0.101215
253 0.101172
254 0.101137
255 0.101086
256 0.100932
257 0.100939
258 0.100952
259 0.100916
260 0.100934
261 0.100889
262 0.10079
263 0.100677
264 0.100651
265 0.100674
266 0.100689
267 0.100605
268 0.100549
269 0.100437
270 0.100352
271 0.10039
272 0.100452
273 0.100371
274 0.10037
275 0.100377
276 0.10024
277 0.100216
278 0.10023
279 0.100067
280 0.100024
281 0.100078
282 0.0999972
283 0.0999875
284 0.100018
285 0.0999427
286 0.0998308
287 0.0999108
288 0.0998562
289 0.0997699
290 0.0997192
291 0.0997405
292 0.0996662
293 0.0995778
294 0.0996418
295 0.099559
296 0.0995657
297 0.0995173
298 0.099409
299 0.0993788
300 0.099352
