1 0
2 0.166935
3 0.174859
4 0.213367
5 0.216785
6 0.231353
7 0.230372
8 0.236218
9 0.235737
10 0.241912
11 0.241352
12 0.242596
13 0.242567
14 0.243228
15 0.242924
16 0.24268
17 0.241745
18 0.24248
19 0.241544
20 0.240716
21 0.239228
22 0.239364
23 0.237964
24 0.237933
25 0.23647
26 0.235539
27 0.235022
28 0.233981
29 0.23297
30 0.232124
31 0.231245
32 0.230214
33 0.229887
34 0.229402
35 0.228322
36 0.227527
37 0.226729
38 0.22586
39 0.225287
40 0.224303
41 0.223594
42 0.222716
43 0.221964
44 0.22112
45 0.220594
46 0.219457
47 0.21867
48 0.218164
49 0.217359
50 0.216737
51 0.215977
52 0.215409
53 0.214724
54 0.213821
55 0.213255
56 0.212658
57 0.211898
58 0.211118
59 0.210509
60 0.209794
61 0.209123
62 0.208621
63 0.208007
64 0.20753
65 0.206839
66 0.206155
67 0.205913
68 0.205481
69 0.205103
70 0.204605
71 0.203853
72 0.203509
73 0.202875
74 0.202431
75 0.20206
76 0.201573
77 0.200968
78 0.200371
79 0.200103
80 0.199388
81 0.198974
82 0.198561
83 0.197985
84 0.197681
85 0.197184
86 0.196538
87 0.196075
88 0.195447
89 0.195077
90 0.194504
91 0.194132
92 0.19388
93 0.193247
94 0.192774
95 0.192321
96 0.192108
97 0.191413
98 0.191263
99 0.190836
100 0.19039
