1 0
2 0.333869
3 0.191295
4 0.329373
5 0.229075
6 0.304414
7 0.242123
8 0.275113
9 0.221928
10 0.274491
11 0.236569
12 0.262748
13 0.232902
14 0.247615
15 0.230504
16 0.233663
17 0.216431
18 0.235572
19 0.222445
20 0.224294
21 0.211856
22 0.223828
23 0.20747
24 0.219126
25 0.203943
26 0.204168
27 0.204719
28 0.207811
29 0.195106
30 0.20072
31 0.194701
32 0.196879
33 0.190661
34 0.195968
35 0.186979
36 0.188558
37 0.184054
38 0.185455
39 0.184542
40 0.185798
41 0.175831
42 0.182712
43 0.179035
44 0.175877
45 0.175292
46 0.174418
47 0.171462
48 0.175197
49 0.17023
50 0.170341
51 0.167304
52 0.170129
53 0.165207
54 0.167471
55 0.165888
56 0.1637
57 0.161966
58 0.162369
59 0.159904
60 0.162085
61 0.157053
62 0.158119
63 0.157877
64 0.158223
65 0.153554
66 0.154785
67 0.154814
68 0.153714
69 0.152785
70 0.153604
71 0.148924
72 0.150113
73 0.149812
74 0.14882
75 0.148308
76 0.146943
77 0.145317
78 0.147152
79 0.145181
80 0.144311
81 0.143659
82 0.144257
83 0.141745
84 0.142888
85 0.140452
86 0.139805
87 0.140578
88 0.140543
89 0.137853
90 0.139103
91 0.137296
92 0.137882
93 0.136014
94 0.137357
95 0.13509
96 0.135459
97 0.134109
98 0.134168
99 0.13373
100 0.133801
