1 0
2 0.249554
3 0.166456
4 0.15804
5 0.126668
6 0.111955
7 0.096188
8 0.095209
9 0.0974639
10 0.116278
11 0.113568
12 0.127616
13 0.12637
14 0.11613
15 0.117893
16 0.115495
17 0.115863
18 0.116656
19 0.115636
20 0.114794
21 0.116286
22 0.116008
23 0.117392
24 0.117079
25 0.120965
26 0.12512
27 0.12483
28 0.128055
29 0.129896
30 0.130237
31 0.130527
32 0.128843
33 0.129874
34 0.130532
35 0.129971
36 0.129872
37 0.129763
38 0.129647
39 0.129487
40 0.129451
41 0.128999
42 0.129301
43 0.129245
44 0.12806
45 0.127777
46 0.126846
47 0.125936
48 0.126188
49 0.125682
50 0.125548
51 0.124888
52 0.125155
53 0.124864
54 0.124177
55 0.123968
56 0.124285
57 0.123764
58 0.124413
59 0.12553
60 0.125129
61 0.125645
62 0.12699
63 0.127192
64 0.126838
65 0.126702
66 0.126712
67 0.127752
68 0.127466
69 0.127432
70 0.127337
71 0.127151
72 0.127561
73 0.12821
74 0.12791
75 0.128772
76 0.12814
77 0.127898
78 0.128023
79 0.127635
80 0.127704
81 0.127542
82 0.127927
83 0.127109
84 0.127505
85 0.12698
86 0.126651
87 0.126897
88 0.126748
89 0.126722
90 0.12617
91 0.126288
92 0.126252
93 0.126295
94 0.1262
95 0.125685
96 0.125732
97 0.125454
98 0.125597
99 0.125046
100 0.125039
