1 0
2 0.499108
3 0
4 0.133123
5 0
6 0.039843
7 0
8 0.090795
9 0.114501
10 0.107427
11 0.088817
12 0.171572
13 0.112275
14 0.072968
15 0.106834
16 0.113916
17 0.122698
18 0.127904
19 0.099187
20 0.088986
21 0.09743
22 0.118408
23 0.123952
24 0.10999
25 0.109352
26 0.127223
27 0.09749
28 0.104131
29 0.111602
30 0.101174
31 0.096264
32 0.107784
33 0.098359
34 0.099096
35 0.096297
36 0.096035
37 0.098474
38 0.099249
39 0.100673
40 0.103627
41 0.09731
42 0.09726
43 0.100066
44 0.093873
45 0.096362
46 0.09933
47 0.090374
48 0.091266
49 0.091821
50 0.095905
51 0.09347
52 0.090935
53 0.094856
54 0.087646
55 0.094808
56 0.094915
57 0.088908
58 0.087329
59 0.093433
60 0.097711
61 0.085783
62 0.090715
63 0.091899
64 0.082838
65 0.086336
66 0.088827
67 0.092489
68 0.085581
69 0.087485
70 0.086556
71 0.091505
72 0.087642
73 0.085237
74 0.091849
75 0.08683
76 0.089302
77 0.083007
78 0.087064
79 0.085586
80 0.086113
81 0.084231
82 0.088946
83 0.082043
84 0.084348
85 0.085566
86 0.086383
87 0.084399
88 0.083173
89 0.08668
90 0.083428
91 0.086971
92 0.079855
93 0.082842
94 0.085749
95 0.083954
96 0.083158
97 0.083987
98 0.082859
99 0.083266
100 0.080443
