1 0
2 0
3 0
4 0
5 0
6 0
7 0
8 0
9 0
10 0
11 0.0104885
12 0.0126063
13 0.0154451
14 0.0185891
15 0.0160919
16 0.0111439
17 0.00746182
18 0.00570011
19 0.0119956
20 0.0153839
21 0.0170633
22 0.0173732
23 0.0172527
24 0.0179876
25 0.018301
26 0.0158698
27 0.0145959
28 0.0104198
29 0.00907269
30 0.0101008
31 0.0116388
32 0.0124424
33 0.0135171
34 0.0143349
35 0.0145468
36 0.0141779
37 0.0135321
38 0.0145549
39 0.0150652
40 0.0141616
41 0.0140424
42 0.0141803
43 0.0137173
44 0.014178
45 0.0137321
46 0.0140403
47 0.0139248
48 0.0127725
49 0.0121637
50 0.0119052
51 0.011601
52 0.0121172
53 0.0128163
54 0.0129628
55 0.0127588
56 0.0128133
57 0.0127548
58 0.0128603
59 0.0131419
60 0.0138191
61 0.0134672
62 0.0134742
63 0.0135477
64 0.0136299
65 0.0137316
66 0.0142189
67 0.0142266
68 0.0142681
69 0.0140919
70 0.0140372
71 0.0140765
72 0.0138575
73 0.0140863
74 0.0146869
75 0.0154529
76 0.0155868
77 0.0156419
78 0.0159693
79 0.0161902
80 0.0162093
81 0.0161251
82 0.0158894
83 0.0155419
84 0.0158469
85 0.0159026
86 0.0160086
87 0.0161841
88 0.0163191
89 0.0164349
90 0.0164825
91 0.0166551
92 0.0164873
93 0.0164951
94 0.0165566
95 0.01674
96 0.0167835
97 0.0171039
98 0.0171741
99 0.0171337
100 0.0172328
