1 0
2 0.150127
3 0.269694
4 0.202456
5 0.177944
6 0.252932
7 0.297348
8 0.297053
9 0.30027
10 0.303022
11 0.316608
12 0.331914
13 0.340526
14 0.353356
15 0.360062
16 0.36242
17 0.366024
18 0.373576
19 0.377854
20 0.381893
21 0.385754
22 0.387849
23 0.391308
24 0.393598
25 0.395858
26 0.399206
27 0.402488
28 0.404543
29 0.406875
30 0.408106
31 0.409929
32 0.411335
33 0.412682
34 0.414021
35 0.414994
36 0.416348
37 0.417451
38 0.418909
39 0.419449
40 0.420106
41 0.42141
42 0.421725
43 0.422972
44 0.423023
45 0.423592
46 0.42431
47 0.424788
48 0.425698
49 0.425849
50 0.426396
51 0.426865
52 0.427141
53 0.427733
54 0.427692
55 0.428164
56 0.428523
57 0.428797
58 0.429064
59 0.429199
60 0.429611
61 0.429622
62 0.429958
63 0.429967
64 0.43025
65 0.430194
66 0.430452
67 0.430526
68 0.430494
69 0.430702
70 0.43058
71 0.430582
72 0.430529
73 0.430551
74 0.430549
75 0.430454
76 0.430618
77 0.43029
78 0.430413
79 0.43032
80 0.430313
81 0.430124
82 0.430171
83 0.430175
84 0.43002
85 0.430118
86 0.429904
87 0.430149
88 0.429797
89 0.429914
90 0.429753
91 0.429701
92 0.429604
93 0.429496
94 0.429531
95 0.429269
96 0.429222
97 0.429141
98 0.429104
99 0.428897
100 0.428961
