1 0
2 0.300253
3 0.509669
4 0
5 0.078703
6 0.62914
7 0.564898
8 0.293444
9 0.325312
10 0.329807
11 0.453362
12 0.499827
13 0.445182
14 0.519466
15 0.455652
16 0.395021
17 0.429136
18 0.497102
19 0.453479
20 0.465132
21 0.458593
22 0.437251
23 0.468425
24 0.448417
25 0.450619
26 0.489044
27 0.483912
28 0.460774
29 0.473445
30 0.447393
31 0.459825
32 0.45918
33 0.45632
34 0.458696
35 0.442028
36 0.476546
37 0.457885
38 0.477116
39 0.44606
40 0.454648
41 0.470915
42 0.43835
43 0.475165
44 0.439703
45 0.455886
46 0.456886
47 0.450984
48 0.477943
49 0.431867
50 0.466294
51 0.448648
52 0.444634
53 0.464651
54 0.433929
55 0.459217
56 0.443699
57 0.453816
58 0.450935
59 0.447126
60 0.45658
61 0.431801
62 0.453869
63 0.432201
64 0.449785
65 0.433332
66 0.449648
67 0.441236
68 0.437362
69 0.453625
70 0.43216
71 0.45442
72 0.429763
73 0.445952
74 0.444472
75 0.428001
76 0.450271
77 0.421692
78 0.447052
79 0.423224
80 0.444551
81 0.422258
82 0.437303
83 0.435502
84 0.425022
85 0.44417
86 0.415866
87 0.446181
88 0.41748
89 0.442305
90 0.42119
91 0.432535
92 0.432056
93 0.419314
94 0.434697
95 0.414674
96 0.434177
97 0.41559
98 0.432627
99 0.416286
100 0.427809
