1 0
2 0.333333
3 0.333333
4 0.421053
5 0.421053
6 0.439394
7 0.436364
8 0.447059
9 0.447059
10 0.452055
11 0.444227
12 0.443001
13 0.440476
14 0.438538
15 0.435401
16 0.43456
17 0.431084
18 0.428192
19 0.425509
20 0.422671
21 0.41807
22 0.416955
23 0.413628
24 0.411958
25 0.409803
26 0.40609
27 0.40349
28 0.402027
29 0.399224
30 0.397515
31 0.395167
32 0.392868
33 0.390227
34 0.388592
35 0.386235
36 0.384436
37 0.382005
38 0.380426
39 0.378563
40 0.377091
41 0.374697
42 0.373085
43 0.371542
44 0.36975
45 0.367944
46 0.366492
47 0.364779
48 0.363517
49 0.361786
50 0.360321
51 0.358785
52 0.357539
53 0.355903
54 0.354583
55 0.353371
56 0.351966
57 0.35056
58 0.349258
59 0.347925
60 0.346804
61 0.3454
62 0.344177
63 0.343019
64 0.341848
65 0.34057
66 0.339479
67 0.33831
68 0.337204
69 0.335974
70 0.334981
71 0.333809
72 0.332743
73 0.331653
74 0.330621
75 0.329589
76 0.328624
77 0.327563
78 0.326617
79 0.325633
80 0.324668
81 0.32365
82 0.322779
83 0.321825
84 0.320935
85 0.320007
86 0.319102
87 0.318228
88 0.317402
89 0.31646
90 0.315632
91 0.314782
92 0.313966
93 0.313107
94 0.312329
95 0.311507
96 0.310702
97 0.309917
98 0.309105
99 0.308322
100 0.307585
