1 0.334105
2 0.333612
3 0.333792
4 0.33312
5 0.333252
6 0.333256
7 0.333518
8 0.332967
9 0.333222
10 0.33391
11 0.333418
12 0.333594
13 0.33299
14 0.332623
15 0.333943
16 0.333235
17 0.334051
18 0.333346
19 0.332508
20 0.333387
21 0.33306
22 0.333563
23 0.333259
24 0.333474
25 0.333672
26 0.334709
27 0.332569
28 0.333659
29 0.333641
30 0.332411
31 0.333645
32 0.33328
33 0.332878
34 0.33261
35 0.332177
36 0.333816
37 0.332036
38 0.333431
39 0.332798
40 0.332816
41 0.333672
42 0.333289
43 0.333556
44 0.333003
45 0.333273
46 0.33389
47 0.333031
48 0.333878
49 0.33392
50 0.333361
51 0.333292
52 0.333648
53 0.333216
54 0.333499
55 0.333138
56 0.333144
57 0.333584
58 0.333146
59 0.332887
60 0.333554
61 0.332679
62 0.334109
63 0.333344
64 0.333084
65 0.333644
66 0.333591
67 0.332444
68 0.332797
69 0.332406
70 0.33325
71 0.333644
72 0.333311
73 0.333857
74 0.33421
75 0.333335
76 0.334271
77 0.332713
78 0.334473
79 0.333448
80 0.333141
81 0.333846
82 0.333282
83 0.33372
84 0.334567
85 0.332707
86 0.333329
87 0.333588
88 0.332752
89 0.33221
90 0.333095
91 0.333534
92 0.333851
93 0.333573
94 0.33283
95 0.333172
96 0.333968
97 0.332684
98 0.334395
99 0.333992
100 0.33258
101 0.332136
102 0.332705
103 0.333581
104 0.332832
105 0.334827
106 0.333191
107 0.334238
108 0.333614
109 0.333305
110 0.333352
111 0.334407
112 0.332779
113 0.332358
114 0.3334
115 0.333429
116 0.333226
117 0.333278
118 0.33392
119 0.332958
120 0.334344
121 0.33393
122 0.333611
123 0.333852
124 0.333559
125 0.333162
126 0.333715
127 0.334241
128 0.333399
129 0.333828
130 0.332861
131 0.333133
132 0.33381
133 0.334087
134 0.333613
135 0.333186
136 0.332608
137 0.333373
138 0.33358
139 0.334211
140 0.332976
141 0.332328
142 0.333489
143 0.333302
144 0.332859
145 0.333204
146 0.333525
147 0.333827
148 0.333939
149 0.332555
150 0.332862
151 0.333117
152 0.333736
153 0.332586
154 0.332688
155 0.332513
156 0.333631
157 0.333937
158 0.333257
159 0.332738
160 0.33416
161 0.332919
162 0.333607
163 0.333379
164 0.334102
165 0.333144
166 0.332792
167 0.333246
168 0.332809
169 0.334176
170 0.332661
171 0.332408
172 0.33356
173 0.333539
174 0.333465
175 0.332758
176 0.333426
177 0.333665
178 0.335259
179 0.333926
180 0.332977
181 0.332246
182 0.333472
183 0.332759
184 0.333034
185 0.333871
186 0.332929
187 0.332174
188 0.332413
189 0.335035
190 0.33266
191 0.333926
192 0.333231
193 0.333667
194 0.333766
195 0.332482
196 0.333362
197 0.33382
198 0.333504
199 0.333067
200 0.333175
201 0.333194
202 0.332917
203 0.332993
204 0.332051
205 0.334152
206 0.332767
207 0.333305
208 0.333655
209 0.333558
210 0.334499
211 0.332856
212 0.333268
213 0.333907
214 0.3336
215 0.334177
216 0.333177
217 0.333076
218 0.332844
219 0.333555
220 0.333322
221 0.332379
222 0.332788
223 0.333864
224 0.332915
225 0.333451
226 0.331721
227 0.332059
228 0.333106
229 0.333245
230 0.332802
231 0.333495
232 0.333515
233 0.334247
234 0.334194
235 0.333762
236 0.334455
237 0.332851
238 0.333241
239 0.332406
240 0.334012
241 0.333586
242 0.334067
243 0.332515
244 0.33342
245 0.33297
246 0.333191
247 0.332676
248 0.332576
249 0.333399
250 0.333308
251 0.33293
252 0.333689
253 0.333006
254 0.332941
255 0.333505
256 0.333194
257 0.333495
258 0.333716
259 0.333115
260 0.334115
261 0.332969
262 0.333379
263 0.333358
264 0.33245
265 0.333403
266 0.333407
267 0.3329
268 0.333396
269 0.333754
270 0.332775
271 0.33312
272 0.333055
273 0.333709
274 0.333481
275 0.332259
276 0.334201
277 0.332501
278 0.332879
279 0.333472
280 0.333336
281 0.333527
282 0.333118
283 0.33271
284 0.332693
285 0.333451
286 0.332641
287 0.332283
288 0.333501
289 0.333961
290 0.333853
291 0.332247
292 0.332724
293 0.333762
294 0.332782
295 0.333334
296 0.333833
297 0.334006
298 0.33419
299 0.333189
300 0.3329
