1 0.750127
2 0.750127
3 0.750127
4 0.750127
5 0.750127
6 0.750127
7 0.750127
8 0.750127
9 0.750127
10 0.750127
11 0.750127
12 0.750127
13 0.750127
14 0.750127
15 0.750127
16 0.750127
17 0.750127
18 0.750127
19 0.750127
20 0.750127
21 0.750127
22 0.750127
23 0.750127
24 0.750127
25 0.750127
26 0.750127
27 0.750127
28 0.750127
29 0.750127
30 0.750127
31 0.750127
32 0.750127
33 0.750127
34 0.750127
35 0.750127
36 0.750127
37 0.750127
38 0.750127
39 0.750127
40 0.750127
41 0.750127
42 0.750127
43 0.750127
44 0.750127
45 0.750127
46 0.750127
47 0.750127
48 0.750127
49 0.750127
50 0.750127
51 0.750127
52 0.750127
53 0.750127
54 0.750127
55 0.750127
56 0.750127
57 0.750127
58 0.750127
59 0.750127
60 0.750127
61 0.750127
62 0.750127
63 0.750127
64 0.750127
65 0.750127
66 0.750127
67 0.750127
68 0.750127
69 0.750127
70 0.750127
71 0.750127
72 0.750127
73 0.750127
74 0.750127
75 0.750127
76 0.750127
77 0.750127
78 0.750127
79 0.750127
80 0.750127
81 0.750127
82 0.750127
83 0.750127
84 0.750127
85 0.750127
86 0.750127
87 0.750127
88 0.750127
89 0.750127
90 0.750127
91 0.750127
92 0.750127
93 0.750127
94 0.750127
95 0.750127
96 0.750127
97 0.750127
98 0.750127
99 0.750127
100 0.750127
101 0.750127
102 0.750127
103 0.750127
104 0.750127
105 0.750127
106 0.750127
107 0.750127
108 0.750127
109 0.750127
110 0.750127
111 0.750127
112 0.750127
113 0.750127
114 0.750127
115 0.750127
116 0.750127
117 0.750127
118 0.750127
119 0.750127
120 0.750127
121 0.750127
122 0.750127
123 0.750127
124 0.750127
125 0.750127
126 0.750127
127 0.750127
128 0.750127
129 0.750127
130 0.750127
131 0.750127
132 0.750127
133 0.750127
134 0.750127
135 0.750127
136 0.750127
137 0.750127
138 0.750127
139 0.750127
140 0.750127
141 0.750127
142 0.750127
143 0.750127
144 0.750127
145 0.750127
146 0.750127
147 0.750127
148 0.750127
149 0.750127
150 0.750127
151 0.750127
152 0.750127
153 0.750127
154 0.750127
155 0.750127
156 0.750127
157 0.750127
158 0.750127
159 0.750127
160 0.750127
161 0.750127
162 0.750127
163 0.750127
164 0.750127
165 0.750127
166 0.750127
167 0.750127
168 0.750127
169 0.750127
170 0.750127
171 0.750127
172 0.750127
173 0.750127
174 0.750127
175 0.750127
176 0.750127
177 0.750127
178 0.750127
179 0.750127
180 0.750127
181 0.750127
182 0.750127
183 0.750127
184 0.750127
185 0.750127
186 0.750127
187 0.750127
188 0.750127
189 0.750127
190 0.750127
191 0.750127
192 0.750127
193 0.750127
194 0.750127
195 0.750127
196 0.750127
197 0.750127
198 0.750127
199 0.750127
200 0.750127
201 0.750127
202 0.750127
203 0.750127
204 0.750127
205 0.750127
206 0.750127
207 0.750127
208 0.750127
209 0.750127
210 0.750127
211 0.750127
212 0.750127
213 0.750127
214 0.750127
215 0.750127
216 0.750127
217 0.750127
218 0.750127
219 0.750127
220 0.750127
221 0.750127
222 0.750127
223 0.750127
224 0.750127
225 0.750127
226 0.750127
227 0.750127
228 0.750127
229 0.750127
230 0.750127
231 0.750127
232 0.750127
233 0.750127
234 0.750127
235 0.750127
236 0.750127
237 0.750127
238 0.750127
239 0.750127
240 0.750127
241 0.750127
242 0.750127
243 0.750127
244 0.750127
245 0.750127
246 0.750127
247 0.750127
248 0.750127
249 0.750127
250 0.750127
251 0.750127
252 0.750127
253 0.750127
254 0.750127
255 0.750127
256 0.750127
257 0.750127
258 0.750127
259 0.750127
260 0.750127
261 0.750127
262 0.750127
263 0.750127
264 0.750127
265 0.750127
266 0.750127
267 0.750127
268 0.750127
269 0.750127
270 0.750127
271 0.750127
272 0.750127
273 0.750127
274 0.750127
275 0.750127
276 0.750127
277 0.750127
278 0.750127
279 0.750127
280 0.750127
281 0.750127
282 0.750127
283 0.750127
284 0.750127
285 0.750127
286 0.750127
287 0.750127
288 0.750127
289 0.750127
290 0.750127
291 0.750127
292 0.750127
293 0.750127
294 0.750127
295 0.750127
296 0.750127
297 0.750127
298 0.750127
299 0.750127
300 0.750127
