1 0.249561
2 0.249696
3 0.249638
4 0.249642
5 0.249705
6 0.249797
7 0.249752
8 0.249795
9 0.249821
10 0.249781
11 0.249757
12 0.249781
13 0.249771
14 0.249788
15 0.249777
16 0.249784
17 0.249762
18 0.249777
19 0.249798
20 0.249796
21 0.249814
22 0.249822
23 0.249826
24 0.249834
25 0.249824
26 0.249801
27 0.249822
28 0.249821
29 0.249809
30 0.249819
31 0.249816
32 0.24981
33 0.249812
34 0.249822
35 0.249833
36 0.24983
37 0.249851
38 0.249846
39 0.249855
40 0.249854
41 0.249851
42 0.249844
43 0.249839
44 0.249842
45 0.249845
46 0.249847
47 0.249845
48 0.249841
49 0.249841
50 0.24984
51 0.249834
52 0.249831
53 0.249836
54 0.249828
55 0.249822
56 0.249818
57 0.249814
58 0.249813
59 0.249818
60 0.24982
61 0.249828
62 0.249829
63 0.24983
64 0.249827
65 0.249819
66 0.249823
67 0.249828
68 0.249833
69 0.249842
70 0.249835
71 0.249837
72 0.249839
73 0.249836
74 0.249827
75 0.249824
76 0.249818
77 0.24982
78 0.249813
79 0.249813
80 0.249815
81 0.249812
82 0.249813
83 0.249812
84 0.249808
85 0.249811
86 0.24981
87 0.249808
88 0.24981
89 0.249815
90 0.249819
91 0.249818
92 0.249815
93 0.249814
94 0.249817
95 0.249818
96 0.249813
97 0.249814
98 0.249809
99 0.249806
100 0.249807
101 0.249811
102 0.249814
103 0.249812
104 0.249817
105 0.249811
106 0.249812
107 0.249808
108 0.249804
109 0.249804
110 0.249804
111 0.249801
112 0.249801
113 0.249805
114 0.249806
115 0.249807
116 0.249806
117 0.249809
118 0.24981
119 0.249812
120 0.249811
121 0.249808
122 0.249805
123 0.249805
124 0.249809
125 0.249808
126 0.249807
127 0.249805
128 0.249806
129 0.249803
130 0.249806
131 0.249807
132 0.249805
133 0.249802
134 0.249801
135 0.2498
136 0.249805
137 0.249805
138 0.249805
139 0.249803
140 0.249807
141 0.24981
142 0.249811
143 0.249813
144 0.249816
145 0.249816
146 0.249817
147 0.249815
148 0.249813
149 0.249815
150 0.249818
151 0.249818
152 0.249815
153 0.249816
154 0.249818
155 0.249819
156 0.249818
157 0.249817
158 0.249817
159 0.249818
160 0.249814
161 0.249815
162 0.249815
163 0.249815
164 0.249814
165 0.249816
166 0.249818
167 0.249817
168 0.249819
169 0.249816
170 0.249818
171 0.249819
172 0.249818
173 0.249818
174 0.249816
175 0.249818
176 0.249818
177 0.249817
178 0.249814
179 0.249811
180 0.249812
181 0.249814
182 0.249814
183 0.249815
184 0.249815
185 0.249815
186 0.249815
187 0.249816
188 0.24982
189 0.249815
190 0.249817
191 0.249816
192 0.249819
193 0.249819
194 0.249818
195 0.249821
196 0.249821
197 0.24982
198 0.249821
199 0.249821
200 0.249822
201 0.249823
202 0.249824
203 0.249824
204 0.249826
205 0.249825
206 0.249825
207 0.249824
208 0.249826
209 0.249825
210 0.249824
211 0.249825
212 0.249824
213 0.249823
214 0.249821
215 0.24982
216 0.249822
217 0.249823
218 0.249823
219 0.249821
220 0.24982
221 0.249823
222 0.249822
223 0.249821
224 0.249821
225 0.24982
226 0.249821
227 0.249824
228 0.249824
229 0.249826
230 0.249827
231 0.249827
232 0.249828
233 0.249826
234 0.249824
235 0.249824
236 0.249821
237 0.249823
238 0.249823
239 0.249825
240 0.249823
241 0.249823
242 0.249822
243 0.249824
244 0.249823
245 0.249823
246 0.249823
247 0.249825
248 0.249825
249 0.249825
250 0.249825
251 0.249825
252 0.249823
253 0.249825
254 0.249826
255 0.249827
256 0.249827
257 0.249827
258 0.249827
259 0.249827
260 0.249825
261 0.249826
262 0.249827
263 0.249827
264 0.249828
265 0.249828
266 0.249829
267 0.249829
268 0.249829
269 0.249828
270 0.249829
271 0.24983
272 0.249831
273 0.24983
274 0.249829
275 0.249831
276 0.249831
277 0.249832
278 0.249834
279 0.249833
280 0.249832
281 0.249832
282 0.249832
283 0.249832
284 0.249833
285 0.249832
286 0.249833
287 0.249834
288 0.249834
289 0.249833
290 0.249832
291 0.249833
292 0.249834
293 0.249834
294 0.249835
295 0.249835
296 0.249834
297 0.249834
298 0.249832
299 0.249834
300 0.249834
