1 0.458283
2 0.50888
3 0.545737
4 0.578048
5 0.602893
6 0.624443
7 0.642365
8 0.658338
9 0.672231
10 0.685164
11 0.69631
12 0.706322
13 0.715809
14 0.724175
15 0.731703
16 0.738888
17 0.745736
18 0.751988
19 0.757652
20 0.763009
21 0.767732
22 0.772309
23 0.776489
24 0.780882
25 0.785012
26 0.788429
27 0.791932
28 0.795461
29 0.798522
30 0.801895
31 0.804965
32 0.807508
33 0.810283
34 0.812706
35 0.815141
36 0.817299
37 0.819705
38 0.821865
39 0.823912
40 0.826178
41 0.828289
42 0.82998
43 0.831738
44 0.83349
45 0.835166
46 0.83689
47 0.838672
48 0.840395
49 0.841867
50 0.843404
51 0.844868
52 0.84626
53 0.847535
54 0.848684
55 0.849997
56 0.851442
57 0.852794
58 0.853839
59 0.855031
60 0.856061
61 0.857238
62 0.858139
63 0.859409
64 0.860502
65 0.861504
66 0.862559
67 0.863662
68 0.864729
69 0.865557
70 0.866307
71 0.867382
72 0.868275
73 0.868931
74 0.869839
75 0.8708
76 0.871474
77 0.872226
78 0.873208
79 0.873773
80 0.874575
81 0.875275
82 0.875913
83 0.876678
84 0.877378
85 0.878153
86 0.878862
87 0.879573
88 0.88024
89 0.880893
90 0.881353
91 0.882165
92 0.88288
93 0.883336
94 0.884004
95 0.884546
96 0.885275
97 0.885953
98 0.886419
99 0.886918
100 0.887447
101 0.887879
102 0.88859
103 0.889057
104 0.889682
105 0.890095
106 0.890734
107 0.891161
108 0.891729
109 0.892218
110 0.892804
111 0.893127
112 0.893542
113 0.894109
114 0.894654
115 0.895248
116 0.895549
117 0.89595
118 0.896242
119 0.896738
120 0.897177
121 0.897503
122 0.897958
123 0.898269
124 0.89863
125 0.899061
126 0.899477
127 0.899803
128 0.90022
129 0.900644
130 0.900937
131 0.901361
132 0.901723
133 0.902131
134 0.902354
135 0.902718
136 0.90309
137 0.903439
138 0.903862
139 0.904225
140 0.904481
141 0.904782
142 0.90502
143 0.905306
144 0.905652
145 0.906037
146 0.906415
147 0.90662
148 0.906901
149 0.907203
150 0.907555
151 0.907914
152 0.908083
153 0.908484
154 0.90872
155 0.908982
156 0.909356
157 0.90957
158 0.909922
159 0.910144
160 0.910426
161 0.910691
162 0.911029
163 0.911279
164 0.911557
165 0.911799
166 0.912027
167 0.912293
168 0.912513
169 0.912741
170 0.912918
171 0.913081
172 0.913471
173 0.913795
174 0.914158
175 0.914311
176 0.914489
177 0.914722
178 0.914981
179 0.915213
180 0.915553
181 0.915792
182 0.915989
183 0.916109
184 0.916401
185 0.91667
186 0.916842
187 0.917041
188 0.91719
189 0.917594
190 0.917748
191 0.917953
192 0.91817
193 0.91843
194 0.918436
195 0.918708
196 0.918868
197 0.919069
198 0.919219
199 0.919518
200 0.919701
201 0.920012
202 0.920251
203 0.920488
204 0.920632
205 0.920827
206 0.921009
207 0.921215
208 0.921383
209 0.921619
210 0.921856
211 0.922014
212 0.92219
213 0.922356
214 0.922488
215 0.922794
216 0.922931
217 0.923122
218 0.923313
219 0.923423
220 0.923548
221 0.923777
222 0.923908
223 0.924039
224 0.924185
225 0.924363
226 0.924465
227 0.924739
228 0.924831
229 0.92499
230 0.925174
231 0.92549
232 0.925634
233 0.925767
234 0.925897
235 0.926051
236 0.926217
237 0.926412
238 0.926495
239 0.926641
240 0.926812
241 0.927097
242 0.927256
243 0.92742
244 0.927481
245 0.927672
246 0.927831
247 0.927985
248 0.928117
249 0.928308
250 0.928416
251 0.928491
252 0.928547
253 0.928752
254 0.92886
255 0.928968
256 0.929152
257 0.929407
258 0.929551
259 0.929685
260 0.929816
261 0.929861
262 0.929915
263 0.93014
264 0.930299
265 0.930447
266 0.930478
267 0.930597
268 0.930741
269 0.930781
270 0.930941
271 0.93105
272 0.931243
273 0.931232
274 0.931358
275 0.931556
276 0.931589
277 0.931692
278 0.931885
279 0.932027
280 0.932176
281 0.93228
282 0.932275
283 0.932418
284 0.932507
285 0.932723
286 0.932811
287 0.932966
288 0.933033
289 0.933143
290 0.933315
291 0.933379
292 0.933519
293 0.933622
294 0.933818
295 0.933837
296 0.933882
297 0.93404
298 0.934209
299 0.934264
300 0.934474
