1 0.334105
2 0.333858
3 0.333815
4 0.333657
5 0.333632
6 0.333523
7 0.33356
8 0.333453
9 0.333446
10 0.333479
11 0.333397
12 0.333481
13 0.333461
14 0.333408
15 0.333441
16 0.33341
17 0.333427
18 0.333396
19 0.333343
20 0.333389
21 0.333396
22 0.333379
23 0.333378
24 0.333384
25 0.333497
26 0.333423
27 0.333351
28 0.333425
29 0.333395
30 0.333365
31 0.333309
32 0.3334
33 0.33328
34 0.333365
35 0.333347
36 0.333339
37 0.333275
38 0.33324
39 0.333315
40 0.333284
41 0.333396
42 0.33328
43 0.333304
44 0.333302
45 0.333311
46 0.333285
47 0.333294
48 0.333311
49 0.333313
50 0.333325
51 0.333288
52 0.333323
53 0.333295
54 0.333248
55 0.333342
56 0.333324
57 0.333248
58 0.333301
59 0.333308
60 0.333291
61 0.333319
62 0.333324
63 0.333344
64 0.333321
65 0.333345
66 0.333332
67 0.333331
68 0.333265
69 0.333282
70 0.33328
71 0.333302
72 0.333301
73 0.333397
74 0.33332
75 0.333322
76 0.333327
77 0.333325
78 0.333324
79 0.333338
80 0.333339
81 0.333346
82 0.333341
83 0.333315
84 0.333378
85 0.333316
86 0.333337
87 0.333355
88 0.333349
89 0.333333
90 0.333321
91 0.333356
92 0.333356
93 0.333249
94 0.333329
95 0.333328
96 0.333345
97 0.333327
98 0.333348
99 0.333354
100 0.33333
101 0.333336
102 0.33327
103 0.333329
104 0.333326
105 0.33336
106 0.333309
107 0.333362
108 0.333345
109 0.333351
110 0.333356
111 0.333361
112 0.333355
113 0.33332
114 0.333244
115 0.333346
116 0.333343
117 0.333365
118 0.333334
119 0.333348
120 0.333354
121 0.333371
122 0.33337
123 0.333367
124 0.333387
125 0.333355
126 0.333354
127 0.333397
128 0.333376
129 0.333378
130 0.33336
131 0.333365
132 0.333396
133 0.333383
134 0.333385
135 0.33339
136 0.333375
137 0.333377
138 0.33337
139 0.333392
140 0.333387
141 0.333375
142 0.333386
143 0.333376
144 0.33337
145 0.333362
146 0.333473
147 0.333329
148 0.333384
149 0.333365
150 0.333378
151 0.33338
152 0.333375
153 0.333358
154 0.333357
155 0.333369
156 0.333364
157 0.333365
158 0.333351
159 0.333357
160 0.33336
161 0.333356
162 0.333359
163 0.333362
164 0.333344
165 0.333376
166 0.333361
167 0.333365
168 0.333356
169 0.333346
170 0.33328
171 0.33325
172 0.333329
173 0.333345
174 0.333355
175 0.333348
176 0.33335
177 0.333353
178 0.333344
179 0.333369
180 0.333372
181 0.333345
182 0.333343
183 0.333375
184 0.333347
185 0.333362
186 0.33336
187 0.333355
188 0.333335
189 0.333344
190 0.33335
191 0.333348
192 0.33335
193 0.33335
194 0.333356
195 0.333368
196 0.333338
197 0.333333
198 0.333361
199 0.333336
200 0.333357
201 0.333349
202 0.333358
203 0.333345
204 0.333258
205 0.333437
206 0.333341
207 0.333324
208 0.333342
209 0.333343
210 0.333334
211 0.333344
212 0.333345
213 0.333354
214 0.333349
215 0.333344
216 0.333363
217 0.33335
218 0.333357
219 0.333351
220 0.333342
221 0.33335
222 0.333334
223 0.333346
224 0.333343
225 0.33334
226 0.333339
227 0.333326
228 0.33333
229 0.333329
230 0.333326
231 0.333315
232 0.333333
233 0.333331
234 0.333321
235 0.333338
236 0.333312
237 0.333342
238 0.333348
239 0.333322
240 0.333339
241 0.333322
242 0.333351
243 0.33334
244 0.33336
245 0.333339
246 0.33333
247 0.333342
248 0.333324
249 0.333332
250 0.33333
251 0.33333
252 0.333339
253 0.333336
254 0.333361
255 0.333245
256 0.33333
257 0.333421
258 0.33329
259 0.333329
260 0.333344
261 0.333325
262 0.333323
263 0.333333
264 0.333321
265 0.333337
266 0.333333
267 0.333322
268 0.333328
269 0.333332
270 0.333337
271 0.333338
272 0.333327
273 0.333347
274 0.333334
275 0.333325
276 0.33332
277 0.333317
278 0.333328
279 0.333324
280 0.333308
281 0.333325
282 0.333319
283 0.333326
284 0.333329
285 0.333322
286 0.333312
287 0.333318
288 0.333314
289 0.333315
290 0.333327
291 0.333312
292 0.333311
293 0.333308
294 0.333311
295 0.333313
296 0.333308
297 0.333319
298 0.333314
299 0.333318
300 0.333322
