1 0.249561
2 0.249832
3 0.24952
4 0.249658
5 0.249959
6 0.250254
7 0.24948
8 0.250096
9 0.250026
10 0.249426
11 0.249515
12 0.250047
13 0.249654
14 0.249998
15 0.249628
16 0.24989
17 0.249404
18 0.250044
19 0.25016
20 0.249769
21 0.250172
22 0.249985
23 0.24993
24 0.250005
25 0.249588
26 0.249239
27 0.25037
28 0.249768
29 0.249491
30 0.2501
31 0.249737
32 0.249602
33 0.249889
34 0.25013
35 0.250222
36 0.249723
37 0.250614
38 0.249658
39 0.25021
40 0.249775
41 0.249755
42 0.249564
43 0.249622
44 0.249991
45 0.249943
46 0.249937
47 0.249773
48 0.249621
49 0.249871
50 0.249773
51 0.249556
52 0.249698
53 0.250093
54 0.249379
55 0.249519
56 0.249607
57 0.249602
58 0.249693
59 0.25009
60 0.250009
61 0.250235
62 0.249905
63 0.249886
64 0.249669
65 0.249344
66 0.250077
67 0.250141
68 0.250118
69 0.250475
70 0.249376
71 0.249956
72 0.250025
73 0.249552
74 0.249223
75 0.249584
76 0.249401
77 0.2499
78 0.249335
79 0.249791
80 0.249991
81 0.249535
82 0.249914
83 0.249769
84 0.249405
85 0.250093
86 0.249741
87 0.249609
88 0.250018
89 0.250278
90 0.250114
91 0.249773
92 0.249496
93 0.24979
94 0.250023
95 0.249913
96 0.249321
97 0.249977
98 0.249341
99 0.249464
100 0.249916
101 0.250225
102 0.25012
103 0.249608
104 0.250305
105 0.249193
106 0.24989
107 0.249432
108 0.249342
109 0.24983
110 0.249778
111 0.249463
112 0.249846
113 0.250257
114 0.24989
115 0.249882
116 0.249682
117 0.250151
118 0.250006
119 0.250036
120 0.249641
121 0.249506
122 0.249424
123 0.249757
124 0.25034
125 0.24973
126 0.249676
127 0.249455
128 0.249922
129 0.249485
130 0.250242
131 0.249946
132 0.249547
133 0.249386
134 0.24964
135 0.24972
136 0.25042
137 0.24974
138 0.249969
139 0.249407
140 0.250384
141 0.250303
142 0.249905
143 0.250095
144 0.250244
145 0.249869
146 0.249932
147 0.249474
148 0.249564
149 0.250103
150 0.250295
151 0.249692
152 0.249448
153 0.249965
154 0.250193
155 0.249875
156 0.24967
157 0.249638
158 0.249928
159 0.249894
160 0.2492
161 0.249964
162 0.249714
163 0.249898
164 0.249717
165 0.250079
166 0.250105
167 0.249661
168 0.250153
169 0.249393
170 0.250059
171 0.250066
172 0.249603
173 0.24976
174 0.2495
175 0.250231
176 0.249813
177 0.24971
178 0.249229
179 0.249259
180 0.249975
181 0.250169
182 0.249796
183 0.250055
184 0.24979
185 0.249776
186 0.249754
187 0.250074
188 0.250513
189 0.249038
190 0.250216
191 0.249519
192 0.250443
193 0.249747
194 0.249662
195 0.250362
196 0.249872
197 0.249536
198 0.249962
199 0.249966
200 0.250036
201 0.250105
202 0.249903
203 0.249822
204 0.250203
205 0.249655
206 0.249781
207 0.249607
208 0.250203
209 0.24976
210 0.249612
211 0.249959
212 0.249675
213 0.249643
214 0.249215
215 0.249739
216 0.250204
217 0.249975
218 0.249812
219 0.249434
220 0.249754
221 0.250323
222 0.249718
223 0.249491
224 0.249951
225 0.249541
226 0.250043
227 0.250396
228 0.249964
229 0.250094
230 0.250134
231 0.249802
232 0.25008
233 0.249488
234 0.249291
235 0.249728
236 0.249197
237 0.250313
238 0.2498
239 0.25018
240 0.249458
241 0.249915
242 0.249558
243 0.250125
244 0.24987
245 0.249652
246 0.249888
247 0.250225
248 0.249808
249 0.249802
250 0.24987
251 0.249903
252 0.249483
253 0.250023
254 0.250096
255 0.250038
256 0.249999
257 0.249822
258 0.249693
259 0.249771
260 0.249531
261 0.250104
262 0.250115
263 0.249719
264 0.250105
265 0.249844
266 0.249973
267 0.249916
268 0.249837
269 0.249574
270 0.250095
271 0.250097
272 0.250123
273 0.249601
274 0.249624
275 0.250295
276 0.249729
277 0.250312
278 0.250082
279 0.249637
280 0.249741
281 0.249771
282 0.249964
283 0.249574
284 0.250213
285 0.249532
286 0.250197
287 0.250067
288 0.249805
289 0.249421
290 0.249791
291 0.250066
292 0.25006
293 0.249661
294 0.250231
295 0.249717
296 0.249602
297 0.249915
298 0.249419
299 0.250203
300 0.249786
