1 0.334063
2 0.333739
3 0.333793
4 0.333739
5 0.358043
6 0.37808
7 0.393141
8 0.40854
9 0.417158
10 0.425749
11 0.43758
12 0.448764
13 0.458658
14 0.468136
15 0.476133
16 0.483678
17 0.491017
18 0.49995
19 0.50638
20 0.513428
21 0.519397
22 0.523822
23 0.527329
24 0.530084
25 0.533973
26 0.536775
27 0.541361
28 0.547449
29 0.550853
30 0.554561
31 0.557906
32 0.560674
33 0.563741
34 0.566324
35 0.569116
36 0.571389
37 0.574413
38 0.576665
39 0.578533
40 0.580276
41 0.582753
42 0.585196
43 0.587194
44 0.58865
45 0.591316
46 0.592026
47 0.593597
48 0.595277
49 0.596954
50 0.599124
51 0.601191
52 0.603456
53 0.605103
54 0.606055
55 0.607231
56 0.608647
57 0.609821
58 0.611829
59 0.613167
60 0.613791
61 0.615281
62 0.616468
63 0.61801
64 0.619057
65 0.620098
66 0.621462
67 0.623258
68 0.624639
69 0.626367
70 0.627552
71 0.628913
72 0.630511
73 0.631855
74 0.633839
75 0.634973
76 0.635768
77 0.636773
78 0.638299
79 0.639372
80 0.640373
81 0.641461
82 0.642317
83 0.643457
84 0.644662
85 0.645918
86 0.646622
87 0.647099
88 0.648342
89 0.650175
90 0.651023
91 0.651817
92 0.653048
93 0.65417
94 0.654719
95 0.655794
96 0.657381
97 0.657642
98 0.658445
99 0.659975
100 0.660784
101 0.661428
102 0.662849
103 0.66319
104 0.664364
105 0.665077
106 0.666005
107 0.667107
108 0.667651
109 0.667885
110 0.66901
111 0.670172
112 0.670338
113 0.671371
114 0.671883
115 0.673315
116 0.673696
117 0.674638
118 0.675342
119 0.676212
120 0.676684
121 0.677947
122 0.677998
123 0.678823
124 0.679895
125 0.680648
126 0.680905
127 0.681948
128 0.682648
129 0.683616
130 0.684332
131 0.68487
132 0.685267
133 0.685989
134 0.686825
135 0.687421
136 0.688385
137 0.688645
138 0.689303
139 0.689891
140 0.690974
141 0.691724
142 0.691799
143 0.692411
144 0.692754
145 0.693519
146 0.694346
147 0.694926
148 0.695583
149 0.696141
150 0.696951
151 0.696988
152 0.697559
153 0.698404
154 0.699388
155 0.699361
156 0.700099
157 0.700289
158 0.701099
159 0.701941
160 0.702173
161 0.702691
162 0.703407
163 0.703494
164 0.704698
165 0.704427
166 0.705614
167 0.70648
168 0.706031
169 0.706929
170 0.707721
171 0.708385
172 0.707504
173 0.708894
174 0.709289
175 0.709883
176 0.710781
177 0.710806
178 0.711247
179 0.712202
180 0.712228
181 0.712616
182 0.71313
183 0.713284
184 0.713945
185 0.714582
186 0.715024
187 0.715143
188 0.716032
189 0.716653
190 0.717002
191 0.717082
192 0.717782
193 0.71848
194 0.718492
195 0.718973
196 0.719924
197 0.720067
198 0.720227
199 0.720692
200 0.721571
201 0.721693
202 0.722084
203 0.722405
204 0.722811
205 0.723434
206 0.724058
207 0.723993
208 0.724263
209 0.725026
210 0.725443
211 0.725728
212 0.725875
213 0.72652
214 0.727199
215 0.727242
216 0.728316
217 0.72821
218 0.728327
219 0.729263
220 0.729138
221 0.729059
222 0.729959
223 0.729922
224 0.730951
225 0.731632
226 0.732004
227 0.732185
228 0.73176
229 0.73271
230 0.733063
231 0.733428
232 0.733801
233 0.734028
234 0.734512
235 0.734454
236 0.735254
237 0.735548
238 0.735874
239 0.735864
240 0.736297
241 0.736704
242 0.737186
243 0.73718
244 0.737311
245 0.737905
246 0.738302
247 0.738676
248 0.739667
249 0.739538
250 0.739833
251 0.740155
252 0.740672
253 0.740761
254 0.740957
255 0.741656
256 0.74151
257 0.742234
258 0.74196
259 0.742797
260 0.742979
261 0.742833
262 0.743145
263 0.744185
264 0.743905
265 0.744647
266 0.744995
267 0.745778
268 0.745307
269 0.745256
270 0.745574
271 0.746116
272 0.746482
273 0.747014
274 0.746679
275 0.747234
276 0.747468
277 0.747739
278 0.748268
279 0.748364
280 0.748715
281 0.748817
282 0.749281
283 0.749397
284 0.750085
285 0.750055
286 0.750437
287 0.750668
288 0.751162
289 0.751566
290 0.751842
291 0.751736
292 0.752563
293 0.752815
294 0.752882
295 0.752779
296 0.753346
297 0.753536
298 0.753848
299 0.754423
300 0.754341
