1 0.161914
2 0.162096
3 0.162077
4 0.162065
5 0.111004
6 0.101539
7 0.0992828
8 0.0905321
9 0.080818
10 0.0761838
11 0.0737193
12 0.0703118
13 0.0684734
14 0.0661949
15 0.0644238
16 0.0629326
17 0.0618744
18 0.0600996
19 0.0583382
20 0.0565342
21 0.0549535
22 0.0539539
23 0.0532324
24 0.0524996
25 0.0517163
26 0.05121
27 0.0490868
28 0.0470962
29 0.04591
30 0.0450437
31 0.0442566
32 0.043838
33 0.0432191
34 0.0427702
35 0.0422841
36 0.0418492
37 0.0415144
38 0.0412654
39 0.0408408
40 0.040656
41 0.0403869
42 0.0401067
43 0.0398999
44 0.0396301
45 0.0393203
46 0.0393171
47 0.0391189
48 0.0386908
49 0.0380907
50 0.0375918
51 0.037159
52 0.0366991
53 0.0363444
54 0.0362101
55 0.0361368
56 0.035775
57 0.0355896
58 0.035227
59 0.0349178
60 0.0349054
61 0.0345558
62 0.0343724
63 0.0340119
64 0.0340518
65 0.0338595
66 0.0335232
67 0.0331553
68 0.0328712
69 0.0321011
70 0.0315497
71 0.0311889
72 0.0308791
73 0.0305675
74 0.0301065
75 0.0299145
76 0.0297269
77 0.0295785
78 0.0292051
79 0.0289993
80 0.0288366
81 0.0286063
82 0.0284368
83 0.0283005
84 0.0279239
85 0.027783
86 0.0276492
87 0.0274912
88 0.0271587
89 0.0267911
90 0.026667
91 0.0264787
92 0.0262373
93 0.0260002
94 0.0258448
95 0.0255859
96 0.0253686
97 0.0252364
98 0.0251179
99 0.0248646
100 0.0246752
101 0.0245365
102 0.0243536
103 0.0241891
104 0.0239456
105 0.0237671
106 0.023678
107 0.0233867
108 0.0233135
109 0.0232819
110 0.0230691
111 0.0229467
112 0.0228678
113 0.0226861
114 0.0225468
115 0.0223629
116 0.0223144
117 0.0221558
118 0.0219821
119 0.0218746
120 0.0217759
121 0.0215359
122 0.0214782
123 0.0213663
124 0.0211329
125 0.0210573
126 0.0209127
127 0.0207186
128 0.02066
129 0.0204459
130 0.0204617
131 0.0203027
132 0.0202828
133 0.0201241
134 0.0199996
135 0.0199149
136 0.0197566
137 0.0196456
138 0.0195699
139 0.0194839
140 0.0192732
141 0.0192178
142 0.019223
143 0.0190681
144 0.0190102
145 0.0189333
146 0.0187824
147 0.018708
148 0.0185784
149 0.0184797
150 0.0183392
151 0.0183629
152 0.0181899
153 0.0181225
154 0.0179308
155 0.0179296
156 0.0178902
157 0.017817
158 0.0177002
159 0.01758
160 0.017559
161 0.0174732
162 0.0173968
163 0.0173039
164 0.0171402
165 0.0171096
166 0.0170235
167 0.0169267
168 0.0169206
169 0.0168098
170 0.0167455
171 0.0166019
172 0.0166693
173 0.0165162
174 0.016474
175 0.0163823
176 0.016241
177 0.0162279
178 0.0162062
179 0.0160988
180 0.0160621
181 0.0159666
182 0.015917
183 0.0158859
184 0.015781
185 0.0157284
186 0.0156564
187 0.0156124
188 0.0154656
189 0.0154254
190 0.0154101
191 0.0153313
192 0.0152666
193 0.0151668
194 0.0152176
195 0.0151193
196 0.0149875
197 0.0149631
198 0.0149157
199 0.014902
200 0.0147318
201 0.0147112
202 0.014671
203 0.0146344
204 0.0146867
205 0.0145247
206 0.0144278
207 0.0144245
208 0.0144258
209 0.0143341
210 0.0142303
211 0.0142047
212 0.0141679
213 0.0141026
214 0.0139518
215 0.0140474
216 0.0138773
217 0.0139154
218 0.0138776
219 0.0137781
220 0.0137569
221 0.0137937
222 0.013691
223 0.0136501
224 0.0135755
225 0.013478
226 0.013479
227 0.0134234
228 0.0134756
229 0.0133672
230 0.0133069
231 0.0132635
232 0.0131591
233 0.0131713
234 0.0131099
235 0.0131011
236 0.0130741
237 0.013019
238 0.01297
239 0.0129211
240 0.0129652
241 0.0128139
242 0.0128126
243 0.0128389
244 0.0127928
245 0.0127483
246 0.0126231
247 0.0126403
248 0.0125349
249 0.0125176
250 0.0124999
251 0.0124589
252 0.01242
253 0.0123985
254 0.0124046
255 0.0123094
256 0.0122726
257 0.0121907
258 0.0122274
259 0.0121963
260 0.0120882
261 0.0120925
262 0.0121103
263 0.0119946
264 0.0120443
265 0.0119567
266 0.0119143
267 0.0117923
268 0.0118767
269 0.0118811
270 0.0118564
271 0.0117855
272 0.0117164
273 0.0116846
274 0.0117791
275 0.0116103
276 0.0116287
277 0.0115956
278 0.0115565
279 0.0114589
280 0.0114652
281 0.0114387
282 0.0114061
283 0.0113959
284 0.0113612
285 0.0113027
286 0.0113152
287 0.0112887
288 0.0111825
289 0.0112033
290 0.0111166
291 0.0111617
292 0.0110617
293 0.01103
294 0.0110125
295 0.0110763
296 0.010969
297 0.0109658
298 0.0109413
299 0.0108693
300 0.0108729
