1 0.5
2 0.5
3 0.5
4 0.5
5 0.497338
6 0.496285
7 0.496107
8 0.494859
9 0.493423
10 0.492651
11 0.492031
12 0.491479
13 0.491275
14 0.490803
15 0.490231
16 0.489989
17 0.489857
18 0.489349
19 0.489035
20 0.48861
21 0.488348
22 0.488249
23 0.48808
24 0.487666
25 0.487616
26 0.487496
27 0.486843
28 0.486805
29 0.486179
30 0.485985
31 0.485811
32 0.485843
33 0.485801
34 0.485504
35 0.485413
36 0.485371
37 0.485258
38 0.485191
39 0.484993
40 0.484816
41 0.485054
42 0.484849
43 0.484871
44 0.484583
45 0.484763
46 0.484693
47 0.484472
48 0.48447
49 0.484446
50 0.484208
51 0.484162
52 0.484023
53 0.484136
54 0.483872
55 0.483888
56 0.483814
57 0.483844
58 0.483765
59 0.483482
60 0.483456
61 0.483289
62 0.483171
63 0.483372
64 0.483096
65 0.483219
66 0.483248
67 0.483132
68 0.483073
69 0.482739
70 0.482612
71 0.482669
72 0.482445
73 0.482301
74 0.482231
75 0.482141
76 0.48204
77 0.481838
78 0.481978
79 0.482043
80 0.48199
81 0.481932
82 0.481652
83 0.481779
84 0.481546
85 0.48172
86 0.481567
87 0.481506
88 0.481464
89 0.481265
90 0.481176
91 0.48115
92 0.481103
93 0.480988
94 0.48127
95 0.481029
96 0.480882
97 0.480818
98 0.480694
99 0.4806
100 0.480635
101 0.480728
102 0.480779
103 0.480649
104 0.480511
105 0.480325
106 0.480455
107 0.480142
108 0.480269
109 0.480316
110 0.480267
111 0.480346
112 0.48003
113 0.480298
114 0.480078
115 0.480176
116 0.480426
117 0.479641
118 0.480002
119 0.480054
120 0.479963
121 0.479705
122 0.479827
123 0.479778
124 0.479482
125 0.479362
126 0.479631
127 0.47961
128 0.479473
129 0.479397
130 0.479428
131 0.479295
132 0.479439
133 0.479366
134 0.47946
135 0.479311
136 0.47934
137 0.479232
138 0.479403
139 0.479334
140 0.479414
141 0.479239
142 0.479082
143 0.479118
144 0.479098
145 0.478917
146 0.479001
147 0.478685
148 0.479144
149 0.479167
150 0.478915
151 0.478982
152 0.47886
153 0.478819
154 0.478568
155 0.478917
156 0.478599
157 0.478683
158 0.478526
159 0.478485
160 0.478485
161 0.478538
162 0.478523
163 0.478422
164 0.478491
165 0.478782
166 0.478469
167 0.478333
168 0.47848
169 0.47834
170 0.478345
171 0.478189
172 0.478268
173 0.478562
174 0.478253
175 0.478093
176 0.478116
177 0.478125
178 0.47821
179 0.477868
180 0.478054
181 0.478267
182 0.478264
183 0.478171
184 0.478258
185 0.478023
186 0.478258
187 0.477906
188 0.478153
189 0.478192
190 0.477788
191 0.477972
192 0.478134
193 0.477957
194 0.477981
195 0.477971
196 0.478023
197 0.477934
198 0.477692
199 0.477547
200 0.477896
201 0.477942
202 0.477592
203 0.477935
204 0.477638
205 0.477643
206 0.477597
207 0.47764
208 0.477733
209 0.477581
210 0.477665
211 0.477476
212 0.477756
213 0.477459
214 0.477625
215 0.477689
216 0.477596
217 0.477534
218 0.477543
219 0.47738
220 0.477534
221 0.47742
222 0.47718
223 0.477404
224 0.477298
225 0.477483
226 0.477336
227 0.477381
228 0.477398
229 0.477285
230 0.477344
231 0.477303
232 0.477188
233 0.477442
234 0.47748
235 0.477343
236 0.477058
237 0.476988
238 0.47707
239 0.477027
240 0.477178
241 0.476973
242 0.477139
243 0.477239
244 0.47684
245 0.477169
246 0.477229
247 0.477102
248 0.476937
249 0.476956
250 0.477188
251 0.477052
252 0.477063
253 0.476954
254 0.477229
255 0.477
256 0.476839
257 0.47712
258 0.477038
259 0.477054
260 0.476728
261 0.476931
262 0.476868
263 0.476944
264 0.477015
265 0.476655
266 0.476928
267 0.47714
268 0.477072
269 0.476681
270 0.476749
271 0.476727
272 0.476855
273 0.476508
274 0.476727
275 0.476568
276 0.476962
277 0.476773
278 0.476698
279 0.476829
280 0.476693
281 0.476765
282 0.476905
283 0.476781
284 0.47651
285 0.476716
286 0.476709
287 0.476603
288 0.476791
289 0.476687
290 0.47656
291 0.47684
292 0.476641
293 0.476708
294 0.476753
295 0.47663
296 0.476354
297 0.476676
298 0.476378
299 0.47655
300 0.47664
