1 0.161914
2 0.162071
3 0.162072
4 0.162071
5 0.151857
6 0.143485
7 0.137176
8 0.131387
9 0.128497
10 0.124951
11 0.12059
12 0.116566
13 0.112937
14 0.109585
15 0.106652
16 0.10398
17 0.10147
18 0.0982618
19 0.0958885
20 0.0935002
21 0.0914468
22 0.0899769
23 0.0888265
24 0.0878312
25 0.0865844
26 0.0854513
27 0.0839143
28 0.082041
29 0.0809795
30 0.0796986
31 0.0786988
32 0.0778333
33 0.0768845
34 0.075964
35 0.0750778
36 0.0743043
37 0.0735048
38 0.0726456
39 0.0720796
40 0.0714312
41 0.0707059
42 0.0700149
43 0.0694373
44 0.0687974
45 0.0681988
46 0.0678406
47 0.0673738
48 0.0668989
49 0.0663461
50 0.065734
51 0.0652317
52 0.0646356
53 0.0640583
54 0.0637181
55 0.0634531
56 0.062982
57 0.0626639
58 0.0622121
59 0.0617093
60 0.0615376
61 0.0611223
62 0.0608013
63 0.0602915
64 0.0600925
65 0.0597142
66 0.0592986
67 0.0588608
68 0.0585477
69 0.0580528
70 0.0577436
71 0.0574077
72 0.0570018
73 0.0566469
74 0.0561405
75 0.05589
76 0.0555552
77 0.0553059
78 0.0549233
79 0.0546764
80 0.0543756
81 0.0540694
82 0.0538209
83 0.0535641
84 0.0531838
85 0.0529171
86 0.0527497
87 0.0524862
88 0.0521812
89 0.0518036
90 0.0515657
91 0.0513402
92 0.0510277
93 0.0507531
94 0.0505633
95 0.0502576
96 0.0500243
97 0.0498258
98 0.0496403
99 0.0493327
100 0.0490967
101 0.048857
102 0.0486123
103 0.0484518
104 0.048191
105 0.0479396
106 0.0477799
107 0.0474702
108 0.0473316
109 0.0471743
110 0.0469447
111 0.0467788
112 0.0465914
113 0.0463855
114 0.046193
115 0.0459494
116 0.0458225
117 0.0456164
118 0.0454146
119 0.0452613
120 0.045114
121 0.0448438
122 0.0447274
123 0.0445166
124 0.0443338
125 0.044164
126 0.0440277
127 0.0438009
128 0.0436844
129 0.043439
130 0.0432992
131 0.0431313
132 0.0430502
133 0.0428932
134 0.0427351
135 0.0425827
136 0.042389
137 0.042267
138 0.0420832
139 0.0418875
140 0.0417398
141 0.0416104
142 0.0415284
143 0.0413451
144 0.0412651
145 0.0411059
146 0.0409296
147 0.0407607
148 0.0406417
149 0.0405263
150 0.0403594
151 0.0402442
152 0.040114
153 0.0399585
154 0.0397789
155 0.0397388
156 0.0396121
157 0.0395234
158 0.0393579
159 0.0392368
160 0.0391249
161 0.0390349
162 0.0388718
163 0.0387891
164 0.0386252
165 0.0384979
166 0.0383815
167 0.038238
168 0.0382214
169 0.0380274
170 0.0379465
171 0.0377549
172 0.0377866
173 0.0375872
174 0.0375333
175 0.0373931
176 0.0372549
177 0.0371349
178 0.0370843
179 0.0369757
180 0.0368724
181 0.0367529
182 0.0366244
183 0.0365687
184 0.036458
185 0.0363595
186 0.0362338
187 0.036172
188 0.0359931
189 0.0358978
190 0.0358597
191 0.035743
192 0.0356629
193 0.0355164
194 0.0355228
195 0.0353637
196 0.0352043
197 0.0351271
198 0.0350788
199 0.0350337
200 0.0348697
201 0.0347877
202 0.0347185
203 0.0346248
204 0.034597
205 0.0344504
206 0.0343313
207 0.0343207
208 0.034303
209 0.034105
210 0.0339864
211 0.0339421
212 0.0338379
213 0.0337487
214 0.0335906
215 0.0336271
216 0.0334411
217 0.0333972
218 0.0333728
219 0.0332202
220 0.0331621
221 0.0331831
222 0.0330557
223 0.0329931
224 0.0328956
225 0.0327293
226 0.0327264
227 0.0326112
228 0.0326173
229 0.032509
230 0.0323702
231 0.0323225
232 0.0321808
233 0.0321682
234 0.0320918
235 0.0320648
236 0.0319589
237 0.0318745
238 0.0318579
239 0.0317678
240 0.0317611
241 0.0316112
242 0.0315486
243 0.0315538
244 0.0314834
245 0.0313985
246 0.0312859
247 0.0312341
248 0.0310943
249 0.0310636
250 0.0309958
251 0.0309553
252 0.0308997
253 0.0308331
254 0.0307908
255 0.0307083
256 0.0306437
257 0.0305253
258 0.0305049
259 0.0304253
260 0.0303339
261 0.0302966
262 0.0302777
263 0.0301669
264 0.0301505
265 0.0300434
266 0.0299843
267 0.0298527
268 0.0298726
269 0.0298489
270 0.0298094
271 0.0297066
272 0.0296358
273 0.0295544
274 0.0295944
275 0.0294587
276 0.0294477
277 0.0294103
278 0.0292941
279 0.0291805
280 0.0291837
281 0.0291463
282 0.0290693
283 0.0290378
284 0.0289486
285 0.0288816
286 0.0288688
287 0.0288184
288 0.028706
289 0.0286528
290 0.0285904
291 0.028606
292 0.028498
293 0.0284265
294 0.0283652
295 0.0284106
296 0.0282909
297 0.028255
298 0.0281931
299 0.0281121
300 0.0281245
