1 0.499887
2 0.499479
3 0.499599
4 0.499576
5 0.551532
6 0.560842
7 0.562275
8 0.571519
9 0.580835
10 0.585412
11 0.588914
12 0.591919
13 0.593005
14 0.595464
15 0.598356
16 0.599554
17 0.600203
18 0.602657
19 0.604142
20 0.606116
21 0.607317
22 0.607768
23 0.608527
24 0.610375
25 0.610597
26 0.611122
27 0.61395
28 0.614111
29 0.616752
30 0.617556
31 0.618271
32 0.618139
33 0.618312
34 0.619528
35 0.619894
36 0.620064
37 0.620523
38 0.620791
39 0.621584
40 0.622285
41 0.621341
42 0.622157
43 0.622068
44 0.623206
45 0.622495
46 0.622773
47 0.623641
48 0.62365
49 0.623746
50 0.624674
51 0.62485
52 0.625387
53 0.624951
54 0.625969
55 0.625909
56 0.626192
57 0.626077
58 0.62638
59 0.627457
60 0.627559
61 0.62819
62 0.628633
63 0.627874
64 0.628915
65 0.628453
66 0.628344
67 0.62878
68 0.629
69 0.630245
70 0.630713
71 0.630503
72 0.631331
73 0.631856
74 0.632113
75 0.632442
76 0.63281
77 0.633538
78 0.633033
79 0.632797
80 0.63299
81 0.6332
82 0.63421
83 0.633751
84 0.634587
85 0.633966
86 0.634514
87 0.63473
88 0.634883
89 0.635589
90 0.635904
91 0.635997
92 0.636164
93 0.636568
94 0.635572
95 0.636424
96 0.636942
97 0.637165
98 0.637602
99 0.637929
100 0.637805
101 0.637482
102 0.637303
103 0.637759
104 0.63824
105 0.638882
106 0.638433
107 0.639515
108 0.639076
109 0.638915
110 0.639082
111 0.638811
112 0.639898
113 0.638975
114 0.639734
115 0.639398
116 0.638534
117 0.641228
118 0.639996
119 0.639818
120 0.640129
121 0.641008
122 0.640593
123 0.640762
124 0.641765
125 0.642173
126 0.641263
127 0.641332
128 0.641798
129 0.642052
130 0.641949
131 0.642397
132 0.641912
133 0.642158
134 0.641841
135 0.642343
136 0.642245
137 0.642608
138 0.642033
139 0.642266
140 0.641996
141 0.642584
142 0.643113
143 0.642991
144 0.643057
145 0.643663
146 0.643384
147 0.644433
148 0.642904
149 0.642826
150 0.64367
151 0.643446
152 0.643854
153 0.64399
154 0.644823
155 0.643664
156 0.644718
157 0.644441
158 0.644962
159 0.645095
160 0.645097
161 0.644921
162 0.644969
163 0.645302
164 0.645075
165 0.644114
166 0.645149
167 0.645597
168 0.645113
169 0.645572
170 0.645555
171 0.646069
172 0.645809
173 0.644842
174 0.645857
175 0.646381
176 0.646307
177 0.646277
178 0.646
179 0.647114
180 0.646511
181 0.645814
182 0.645824
183 0.646126
184 0.645841
185 0.646611
186 0.645841
187 0.646993
188 0.646186
189 0.64606
190 0.647376
191 0.646778
192 0.646248
193 0.646826
194 0.646749
195 0.646781
196 0.646609
197 0.6469
198 0.647686
199 0.648155
200 0.647025
201 0.646875
202 0.64801
203 0.646897
204 0.64786
205 0.647843
206 0.647991
207 0.647854
208 0.647552
209 0.648045
210 0.647774
211 0.648383
212 0.647479
213 0.648437
214 0.647903
215 0.647694
216 0.647996
217 0.648196
218 0.648167
219 0.64869
220 0.648194
221 0.648564
222 0.649332
223 0.648613
224 0.648953
225 0.64836
226 0.648833
227 0.648688
228 0.648634
229 0.648997
230 0.648805
231 0.648937
232 0.649307
233 0.648493
234 0.64837
235 0.648809
236 0.649721
237 0.649944
238 0.649681
239 0.64982
240 0.649338
241 0.64999
242 0.649463
243 0.649142
244 0.650414
245 0.649366
246 0.649174
247 0.649581
248 0.650105
249 0.650045
250 0.649306
251 0.649741
252 0.649704
253 0.650053
254 0.649176
255 0.649905
256 0.650417
257 0.649522
258 0.649785
259 0.649735
260 0.650769
261 0.650126
262 0.650325
263 0.650084
264 0.649858
265 0.650999
266 0.650135
267 0.649458
268 0.649675
269 0.650916
270 0.650701
271 0.650772
272 0.650365
273 0.651462
274 0.650772
275 0.651273
276 0.650027
277 0.650625
278 0.650863
279 0.65045
280 0.65088
281 0.650652
282 0.650206
283 0.6506
284 0.651456
285 0.650805
286 0.650828
287 0.651163
288 0.650568
289 0.650899
290 0.651298
291 0.650413
292 0.651042
293 0.650831
294 0.650689
295 0.651079
296 0.651945
297 0.650932
298 0.65187
299 0.65133
300 0.651045
