1 0.196093
2 0.141705
3 0.129674
4 0.194713
5 0.102295
6 0.130486
7 0.0892377
8 0.0965802
9 0.0762612
10 0.0745738
11 0.0726121
12 0.066136
13 0.0616479
14 0.0610048
15 0.0580404
16 0.0578874
17 0.0552859
18 0.0566772
19 0.0516611
20 0.0513474
21 0.0488012
22 0.0482146
23 0.0469526
24 0.0465339
25 0.0468013
26 0.0461313
27 0.0449997
28 0.0436285
29 0.0424351
30 0.0424219
31 0.0409679
32 0.0404072
33 0.0402143
34 0.040357
35 0.039235
36 0.0389423
37 0.0378277
38 0.0373611
39 0.0371807
40 0.0369452
41 0.0367444
42 0.0362081
43 0.036616
44 0.03585
45 0.0357567
46 0.0352937
47 0.0349222
48 0.034855
49 0.0341664
50 0.0337407
51 0.0332545
52 0.032961
53 0.0325348
54 0.0322885
55 0.032751
56 0.0320441
57 0.0320182
58 0.031419
59 0.0311871
60 0.0311292
61 0.0309392
62 0.0309567
63 0.0303955
64 0.0301964
65 0.0300412
66 0.0301091
67 0.0296492
68 0.0293694
69 0.0288361
70 0.0282816
71 0.0279396
72 0.027633
73 0.0273439
74 0.0270318
75 0.0269161
76 0.0267757
77 0.0265526
78 0.0263637
79 0.026178
80 0.0260582
81 0.0259001
82 0.0255521
83 0.0254345
84 0.0253394
85 0.0253452
86 0.0252563
87 0.0253006
88 0.024935
89 0.0245714
90 0.0245813
91 0.0243472
92 0.0240711
93 0.0239542
94 0.0238312
95 0.0236157
96 0.0233248
97 0.0232447
98 0.0230384
99 0.0228635
100 0.0227113
101 0.0225988
102 0.0224011
103 0.0222282
104 0.0220111
105 0.0218569
106 0.021906
107 0.0215814
108 0.0216133
109 0.0215199
110 0.0212825
111 0.0212164
112 0.0211334
113 0.0209291
114 0.0207335
115 0.0206804
116 0.0206264
117 0.0205102
118 0.0203575
119 0.020167
120 0.0201626
121 0.0199595
122 0.0199822
123 0.0199415
124 0.019742
125 0.0196166
126 0.0195286
127 0.0193627
128 0.0192515
129 0.0190936
130 0.0190436
131 0.0189098
132 0.0189494
133 0.0188224
134 0.0186494
135 0.0186233
136 0.0184887
137 0.0183184
138 0.0182316
139 0.0181415
140 0.0179686
141 0.0179319
142 0.0178814
143 0.0177629
144 0.0176964
145 0.0176619
146 0.017463
147 0.0174353
148 0.0173358
149 0.0172323
150 0.017118
151 0.0171506
152 0.0169383
153 0.0169805
154 0.0168489
155 0.0167955
156 0.0167605
157 0.0167264
158 0.0166251
159 0.0164989
160 0.0164846
161 0.016432
162 0.016375
163 0.0162759
164 0.0161656
165 0.016129
166 0.0160392
167 0.0159567
168 0.0159972
169 0.0158529
170 0.015768
171 0.0156709
172 0.0157394
173 0.0155715
174 0.0155254
175 0.0154777
176 0.015305
177 0.015317
178 0.0153098
179 0.0151795
180 0.0151771
181 0.0151334
182 0.0150795
183 0.015032
184 0.0149253
185 0.014883
186 0.0148219
187 0.0147849
188 0.0146207
189 0.0146239
190 0.0146101
191 0.0145265
192 0.0144949
193 0.0143704
194 0.0143989
195 0.0143748
196 0.0142286
197 0.0142012
198 0.0141532
199 0.0141749
200 0.0139868
201 0.0140423
202 0.0139869
203 0.0139054
204 0.0139657
205 0.0138084
206 0.013671
207 0.0136897
208 0.0136528
209 0.0136351
210 0.0135436
211 0.0134847
212 0.0134697
213 0.0134319
214 0.013252
215 0.0133329
216 0.0131958
217 0.0132019
218 0.0131787
219 0.013102
220 0.0131033
221 0.0131143
222 0.0130173
223 0.0130237
224 0.0128783
225 0.0128481
226 0.0128432
227 0.0127742
228 0.0128722
229 0.0127649
230 0.0126871
231 0.0126654
232 0.0125477
233 0.0125774
234 0.0125161
235 0.0125004
236 0.0124693
237 0.0124177
238 0.0123994
239 0.0123555
240 0.0123533
241 0.0122678
242 0.012212
243 0.0122328
244 0.0121894
245 0.0121467
246 0.0120478
247 0.0120779
248 0.0119724
249 0.0119292
250 0.0119226
251 0.0119101
252 0.0118523
253 0.0118539
254 0.0118218
255 0.0117863
256 0.0117037
257 0.0116791
258 0.0117201
259 0.0116596
260 0.0116004
261 0.0115705
262 0.0115752
263 0.0114719
264 0.0115365
265 0.0114193
266 0.0113908
267 0.0113036
268 0.011396
269 0.0113223
270 0.0113158
271 0.0112728
272 0.0112269
273 0.0112092
274 0.0112984
275 0.011127
276 0.0111344
277 0.0110952
278 0.0110737
279 0.0109808
280 0.0109967
281 0.0109594
282 0.0109186
283 0.0109309
284 0.0109217
285 0.010882
286 0.0108559
287 0.0108336
288 0.0107649
289 0.010775
290 0.0106684
291 0.0107055
292 0.0106369
293 0.010632
294 0.0106204
295 0.0106193
296 0.0105431
297 0.0105526
298 0.0104956
299 0.0104607
300 0.0104426
