1 0.499887
2 0.499885
3 0.499961
4 0.500132
5 0.51039
6 0.518826
7 0.524922
8 0.530955
9 0.533714
10 0.537179
11 0.541533
12 0.545659
13 0.549269
14 0.552696
15 0.555538
16 0.55822
17 0.560783
18 0.564073
19 0.56631
20 0.56884
21 0.570774
22 0.57227
23 0.573478
24 0.574423
25 0.575647
26 0.576834
27 0.578292
28 0.580164
29 0.581249
30 0.582601
31 0.583599
32 0.584452
33 0.58531
34 0.586217
35 0.587103
36 0.587934
37 0.588746
38 0.58951
39 0.590161
40 0.590843
41 0.591587
42 0.592252
43 0.592798
44 0.593409
45 0.594013
46 0.594393
47 0.594867
48 0.59531
49 0.595913
50 0.596457
51 0.59701
52 0.59763
53 0.598144
54 0.598513
55 0.598792
56 0.599244
57 0.599467
58 0.599967
59 0.600527
60 0.600624
61 0.60108
62 0.601443
63 0.601931
64 0.602123
65 0.602509
66 0.602935
67 0.603317
68 0.603674
69 0.604172
70 0.604456
71 0.60484
72 0.605205
73 0.60563
74 0.606074
75 0.606395
76 0.6067
77 0.606973
78 0.607362
79 0.607571
80 0.60789
81 0.60816
82 0.608471
83 0.608727
84 0.609082
85 0.609319
86 0.609522
87 0.609806
88 0.610053
89 0.610449
90 0.610683
91 0.610919
92 0.611199
93 0.611534
94 0.6117
95 0.612021
96 0.612202
97 0.612448
98 0.612586
99 0.612984
100 0.613148
101 0.613403
102 0.613615
103 0.613766
104 0.614093
105 0.614281
106 0.61448
107 0.614802
108 0.614927
109 0.615029
110 0.615319
111 0.615449
112 0.61569
113 0.615881
114 0.61603
115 0.616256
116 0.616436
117 0.616626
118 0.61682
119 0.617007
120 0.617127
121 0.61742
122 0.617517
123 0.617722
124 0.617948
125 0.618077
126 0.618243
127 0.618413
128 0.618563
129 0.618792
130 0.618953
131 0.619079
132 0.619188
133 0.619338
134 0.61954
135 0.619664
136 0.619854
137 0.619951
138 0.620129
139 0.620384
140 0.620502
141 0.620637
142 0.620696
143 0.620882
144 0.620963
145 0.621157
146 0.621331
147 0.621505
148 0.621579
149 0.621703
150 0.621864
151 0.621982
152 0.62213
153 0.622285
154 0.622451
155 0.622508
156 0.622626
157 0.622712
158 0.622875
159 0.622998
160 0.623094
161 0.623189
162 0.623347
163 0.62343
164 0.623612
165 0.623718
166 0.623814
167 0.623992
168 0.624008
169 0.624198
170 0.624247
171 0.62435
172 0.624429
173 0.624623
174 0.624697
175 0.624833
176 0.624967
177 0.625099
178 0.62517
179 0.625275
180 0.62536
181 0.625464
182 0.6256
183 0.625686
184 0.625723
185 0.625855
186 0.626003
187 0.626036
188 0.626239
189 0.626335
190 0.626347
191 0.626462
192 0.626561
193 0.626715
194 0.626704
195 0.626848
196 0.627003
197 0.627086
198 0.627139
199 0.627216
200 0.62736
201 0.627456
202 0.627548
203 0.627605
204 0.62765
205 0.627773
206 0.627902
207 0.627894
208 0.627945
209 0.628149
210 0.628219
211 0.628283
212 0.628392
213 0.628456
214 0.628638
215 0.628617
216 0.628781
217 0.628837
218 0.628836
219 0.628991
220 0.629066
221 0.629082
222 0.629181
223 0.629247
224 0.629322
225 0.629502
226 0.629512
227 0.629591
228 0.629629
229 0.629727
230 0.629867
231 0.629916
232 0.630044
233 0.630052
234 0.63014
235 0.630165
236 0.630261
237 0.630366
238 0.630397
239 0.630462
240 0.630459
241 0.630669
242 0.630681
243 0.630684
244 0.630756
245 0.630849
246 0.63095
247 0.630983
248 0.631139
249 0.631165
250 0.631236
251 0.631287
252 0.63132
253 0.631406
254 0.63145
255 0.631523
256 0.631566
257 0.631763
258 0.631749
259 0.631828
260 0.631898
261 0.631911
262 0.631957
263 0.632058
264 0.632093
265 0.632185
266 0.632257
267 0.632387
268 0.63237
269 0.632393
270 0.632442
271 0.632519
272 0.632595
273 0.632636
274 0.632642
275 0.632784
276 0.6328
277 0.632828
278 0.632943
279 0.633029
280 0.633044
281 0.633076
282 0.633165
283 0.633191
284 0.633268
285 0.633328
286 0.633371
287 0.633435
288 0.633565
289 0.633569
290 0.633646
291 0.633615
292 0.63377
293 0.633825
294 0.633884
295 0.63382
296 0.63394
297 0.634005
298 0.634044
299 0.634115
300 0.634087
