1 0.414346
2 0.460427
3 0.479886
4 0.48062
5 0.517887
6 0.529167
7 0.547295
8 0.561583
9 0.58069
10 0.589369
11 0.59831
12 0.608182
13 0.613442
14 0.620869
15 0.625351
16 0.630365
17 0.635712
18 0.637869
19 0.642601
20 0.64717
21 0.65132
22 0.655523
23 0.658592
24 0.661096
25 0.664092
26 0.666579
27 0.668317
28 0.672561
29 0.675615
30 0.678914
31 0.681375
32 0.683937
33 0.686749
34 0.687463
35 0.689848
36 0.69142
37 0.693618
38 0.694806
39 0.69642
40 0.696797
41 0.698953
42 0.700763
43 0.701153
44 0.702113
45 0.703879
46 0.704416
47 0.704727
48 0.706614
49 0.70906
50 0.710853
51 0.713353
52 0.714574
53 0.715876
54 0.716408
55 0.717863
56 0.718691
57 0.719964
58 0.721264
59 0.721937
60 0.723024
61 0.723948
62 0.725094
63 0.726313
64 0.727006
65 0.727515
66 0.728518
67 0.730299
68 0.731151
69 0.734096
70 0.735459
71 0.737335
72 0.738938
73 0.740216
74 0.741501
75 0.742922
76 0.743149
77 0.744415
78 0.745392
79 0.74716
80 0.746844
81 0.748189
82 0.749018
83 0.749694
84 0.75018
85 0.751032
86 0.751571
87 0.751773
88 0.753151
89 0.755158
90 0.755358
91 0.756298
92 0.757404
93 0.758416
94 0.758747
95 0.760055
96 0.761669
97 0.761919
98 0.762433
99 0.763885
100 0.764834
101 0.764867
102 0.766047
103 0.766747
104 0.767429
105 0.76843
106 0.768779
107 0.769605
108 0.770007
109 0.770159
110 0.771569
111 0.772377
112 0.772252
113 0.77303
114 0.773926
115 0.774548
116 0.774877
117 0.775593
118 0.77627
119 0.777243
120 0.777636
121 0.778769
122 0.7785
123 0.779011
124 0.78032
125 0.780824
126 0.781506
127 0.78245
128 0.78284
129 0.783849
130 0.784159
131 0.7849
132 0.784864
133 0.785971
134 0.786731
135 0.787122
136 0.787697
137 0.788064
138 0.788682
139 0.788639
140 0.789674
141 0.790258
142 0.79036
143 0.790768
144 0.79132
145 0.791906
146 0.792811
147 0.792898
148 0.793841
149 0.794436
150 0.795224
151 0.794587
152 0.795633
153 0.795693
154 0.796886
155 0.796986
156 0.797682
157 0.797497
158 0.798298
159 0.799245
160 0.799248
161 0.799563
162 0.800453
163 0.800511
164 0.801544
165 0.801226
166 0.802464
167 0.802966
168 0.802468
169 0.803187
170 0.803964
171 0.804509
172 0.803415
173 0.804604
174 0.805296
175 0.80547
176 0.806673
177 0.806343
178 0.806934
179 0.807814
180 0.807492
181 0.807825
182 0.808248
183 0.808286
184 0.809038
185 0.809451
186 0.809737
187 0.809955
188 0.810866
189 0.811142
190 0.81166
191 0.811661
192 0.812312
193 0.813056
194 0.812637
195 0.812914
196 0.813995
197 0.814046
198 0.814287
199 0.814578
200 0.815803
201 0.815288
202 0.815239
203 0.81579
204 0.815901
205 0.816653
206 0.81764
207 0.817506
208 0.818099
209 0.818035
210 0.81823
211 0.81875
212 0.818616
213 0.818917
214 0.819845
215 0.82002
216 0.820775
217 0.820633
218 0.820795
219 0.8216
220 0.820878
221 0.82148
222 0.821925
223 0.821908
224 0.823178
225 0.823429
226 0.823669
227 0.824199
228 0.823072
229 0.824163
230 0.82415
231 0.824677
232 0.825184
233 0.825396
234 0.825701
235 0.825813
236 0.826145
237 0.826424
238 0.827081
239 0.826905
240 0.827159
241 0.827548
242 0.82806
243 0.827976
244 0.82804
245 0.828802
246 0.828962
247 0.829001
248 0.830057
249 0.829846
250 0.830274
251 0.830234
252 0.83114
253 0.830897
254 0.83062
255 0.831545
256 0.8316
257 0.832219
258 0.831497
259 0.832297
260 0.832459
261 0.832332
262 0.832504
263 0.833773
264 0.832963
265 0.833852
266 0.834258
267 0.835169
268 0.833998
269 0.83432
270 0.834536
271 0.834986
272 0.835456
273 0.835591
274 0.834764
275 0.835998
276 0.836149
277 0.836575
278 0.836727
279 0.83675
280 0.837108
281 0.837338
282 0.837488
283 0.837654
284 0.837892
285 0.837694
286 0.838431
287 0.838592
288 0.839096
289 0.839279
290 0.839624
291 0.839752
292 0.840431
293 0.840241
294 0.840095
295 0.840333
296 0.840738
297 0.840837
298 0.841074
299 0.841592
300 0.841582
