1 0.5
2 0.353875
3 0.302102
4 0.267262
5 0.245499
6 0.23225
7 0.223172
8 0.216179
9 0.20228
10 0.196179
11 0.192174
12 0.189219
13 0.18707
14 0.18452
15 0.182878
16 0.181304
17 0.180195
18 0.178977
19 0.177623
20 0.175951
21 0.174527
22 0.173806
23 0.172883
24 0.171921
25 0.171255
26 0.170634
27 0.168724
28 0.16692
29 0.165865
30 0.165006
31 0.164206
32 0.163801
33 0.16331
34 0.162852
35 0.162203
36 0.161596
37 0.161399
38 0.161067
39 0.160763
40 0.160653
41 0.160289
42 0.159812
43 0.15967
44 0.159687
45 0.159338
46 0.159148
47 0.158896
48 0.15868
49 0.158539
50 0.158422
51 0.158268
52 0.158024
53 0.157813
54 0.157428
55 0.15769
56 0.157408
57 0.157466
58 0.15696
59 0.156645
60 0.156629
61 0.156401
62 0.156311
63 0.156038
64 0.155602
65 0.155985
66 0.155735
67 0.155501
68 0.155385
69 0.154962
70 0.154685
71 0.15452
72 0.154395
73 0.153968
74 0.154111
75 0.15382
76 0.153914
77 0.153689
78 0.153624
79 0.153611
80 0.153339
81 0.153126
82 0.153215
83 0.153171
84 0.152807
85 0.152707
86 0.152671
87 0.152496
88 0.152537
89 0.152122
90 0.152055
91 0.152042
92 0.15187
93 0.151778
94 0.151659
95 0.15149
96 0.151341
97 0.151392
98 0.151381
99 0.151117
100 0.151197
101 0.150968
102 0.150975
103 0.150764
104 0.150678
105 0.150533
106 0.150403
107 0.150357
108 0.150225
109 0.150182
110 0.150249
111 0.150039
112 0.149975
113 0.149683
114 0.149723
115 0.149696
116 0.149766
117 0.149702
118 0.149513
119 0.149296
120 0.149441
121 0.149308
122 0.149247
123 0.149175
124 0.149017
125 0.148723
126 0.148709
127 0.148836
128 0.148704
129 0.148659
130 0.148599
131 0.148587
132 0.148594
133 0.148394
134 0.148404
135 0.148369
136 0.148324
137 0.148123
138 0.148143
139 0.147962
140 0.147986
141 0.147984
142 0.147925
143 0.147868
144 0.147761
145 0.14773
146 0.147758
147 0.147586
148 0.147526
149 0.14736
150 0.147344
151 0.147435
152 0.147322
153 0.147223
154 0.147124
155 0.147239
156 0.147082
157 0.147103
158 0.147057
159 0.14701
160 0.146988
161 0.146898
162 0.146835
163 0.146861
164 0.146653
165 0.146677
166 0.146591
167 0.146721
168 0.146446
169 0.146495
170 0.146633
171 0.146741
172 0.146389
173 0.146254
174 0.146235
175 0.14626
176 0.146194
177 0.146108
178 0.146107
179 0.146122
180 0.146015
181 0.145972
182 0.145972
183 0.145995
184 0.145952
185 0.145867
186 0.145621
187 0.145933
188 0.145703
189 0.145666
190 0.145733
191 0.145644
192 0.145536
193 0.145637
194 0.145555
195 0.145673
196 0.145496
197 0.14553
198 0.145434
199 0.145376
200 0.145289
201 0.14523
202 0.145188
203 0.145281
204 0.145147
205 0.145232
206 0.145053
207 0.145209
208 0.145238
209 0.145052
210 0.144989
211 0.144932
212 0.145037
213 0.144938
214 0.144935
215 0.144881
216 0.144755
217 0.144815
218 0.144757
219 0.144757
220 0.144739
221 0.144711
222 0.144681
223 0.144722
224 0.14464
225 0.144442
226 0.144519
227 0.144594
228 0.144569
229 0.144446
230 0.144396
231 0.144426
232 0.144434
233 0.144468
234 0.144315
235 0.144374
236 0.144414
237 0.144297
238 0.144239
239 0.144295
240 0.144259
241 0.144145
242 0.144186
243 0.144241
244 0.144161
245 0.144212
246 0.14411
247 0.144122
248 0.144074
249 0.144101
250 0.144047
251 0.143956
252 0.143995
253 0.143987
254 0.144005
255 0.14406
256 0.143966
257 0.143623
258 0.143816
259 0.143773
260 0.143746
261 0.143818
262 0.143754
263 0.143741
264 0.143795
265 0.143733
266 0.143701
267 0.143656
268 0.14367
269 0.143644
270 0.143634
271 0.143632
272 0.143603
273 0.143644
274 0.143619
275 0.143474
276 0.143467
277 0.143559
278 0.143398
279 0.143449
280 0.143412
281 0.143495
282 0.143456
283 0.143351
284 0.143305
285 0.143198
286 0.143288
287 0.143282
288 0.143184
289 0.143209
290 0.143228
291 0.143198
292 0.143242
293 0.143216
294 0.143064
295 0.1432
296 0.143066
297 0.143148
298 0.143081
299 0.143119
300 0.143074
