1 0.334063
2 0.33353
3 0.333901
4 0.333577
5 0.455343
6 0.477769
7 0.484732
8 0.511601
9 0.540794
10 0.553863
11 0.562141
12 0.573245
13 0.579402
14 0.586946
15 0.592787
16 0.597832
17 0.602403
18 0.607191
19 0.612622
20 0.618561
21 0.623624
22 0.627309
23 0.630287
24 0.63268
25 0.635815
26 0.637128
27 0.643868
28 0.651205
29 0.655388
30 0.658553
31 0.661607
32 0.663958
33 0.666763
34 0.66762
35 0.670118
36 0.671722
37 0.673319
38 0.674205
39 0.675996
40 0.676274
41 0.677798
42 0.678991
43 0.680246
44 0.680933
45 0.682992
46 0.682449
47 0.683164
48 0.685201
49 0.687746
50 0.689844
51 0.692098
52 0.694206
53 0.695722
54 0.696298
55 0.69702
56 0.698322
57 0.699487
58 0.701508
59 0.702218
60 0.702676
61 0.704443
62 0.705168
63 0.706752
64 0.707144
65 0.70766
66 0.708929
67 0.710848
68 0.712303
69 0.715583
70 0.717911
71 0.719722
72 0.721313
73 0.722743
74 0.724711
75 0.72627
76 0.726531
77 0.727575
78 0.72928
79 0.730559
80 0.731274
81 0.732499
82 0.732985
83 0.733935
84 0.735292
85 0.736298
86 0.737011
87 0.737234
88 0.738851
89 0.741019
90 0.741592
91 0.742493
92 0.743759
93 0.744954
94 0.745509
95 0.746714
96 0.748562
97 0.7489
98 0.749449
99 0.751064
100 0.751996
101 0.752354
102 0.753785
103 0.754387
104 0.755627
105 0.756102
106 0.756975
107 0.758164
108 0.758661
109 0.758572
110 0.760055
111 0.761166
112 0.760985
113 0.762102
114 0.762617
115 0.764017
116 0.764269
117 0.765289
118 0.765782
119 0.766744
120 0.767247
121 0.768769
122 0.768446
123 0.769202
124 0.770704
125 0.771101
126 0.77186
127 0.772801
128 0.773501
129 0.774591
130 0.774579
131 0.77542
132 0.775682
133 0.776757
134 0.777591
135 0.777941
136 0.778803
137 0.779344
138 0.779714
139 0.779878
140 0.781492
141 0.7818
142 0.781825
143 0.782466
144 0.782953
145 0.783481
146 0.784352
147 0.784575
148 0.78565
149 0.786289
150 0.787291
151 0.786547
152 0.7876
153 0.788029
154 0.78952
155 0.789384
156 0.789868
157 0.790046
158 0.790834
159 0.792023
160 0.791714
161 0.792312
162 0.792917
163 0.793183
164 0.794523
165 0.794047
166 0.795359
167 0.796046
168 0.795578
169 0.796224
170 0.797077
171 0.797846
172 0.796702
173 0.798144
174 0.798597
175 0.799002
176 0.800036
177 0.79968
178 0.800446
179 0.801343
180 0.801211
181 0.801794
182 0.802159
183 0.80198
184 0.802772
185 0.803217
186 0.803773
187 0.803728
188 0.804596
189 0.805133
190 0.80569
191 0.805753
192 0.80634
193 0.807227
194 0.806831
195 0.807293
196 0.808219
197 0.808292
198 0.808445
199 0.809035
200 0.810166
201 0.809975
202 0.809954
203 0.810318
204 0.810568
205 0.811352
206 0.812172
207 0.811999
208 0.812547
209 0.812859
210 0.813234
211 0.81354
212 0.813275
213 0.814061
214 0.81468
215 0.814849
216 0.815769
217 0.815261
218 0.815623
219 0.816503
220 0.816133
221 0.816541
222 0.817087
223 0.817058
224 0.818203
225 0.818509
226 0.81905
227 0.819251
228 0.818457
229 0.819607
230 0.819613
231 0.820089
232 0.82056
233 0.820836
234 0.821275
235 0.821183
236 0.821725
237 0.821931
238 0.822736
239 0.822332
240 0.822455
241 0.823275
242 0.823459
243 0.823427
244 0.823448
245 0.824343
246 0.824623
247 0.824635
248 0.825643
249 0.825494
250 0.825894
251 0.826028
252 0.826711
253 0.826533
254 0.826377
255 0.827517
256 0.827349
257 0.828143
258 0.827528
259 0.82827
260 0.828568
261 0.828138
262 0.828281
263 0.82973
264 0.828968
265 0.829741
266 0.83013
267 0.831212
268 0.83024
269 0.830009
270 0.830464
271 0.831048
272 0.83159
273 0.831956
274 0.831232
275 0.832054
276 0.832398
277 0.832634
278 0.832943
279 0.832944
280 0.83347
281 0.833633
282 0.833788
283 0.833962
284 0.834345
285 0.834381
286 0.834838
287 0.835035
288 0.835592
289 0.835679
290 0.836205
291 0.836143
292 0.83698
293 0.837048
294 0.836894
295 0.836656
296 0.83736
297 0.837411
298 0.837504
299 0.838318
300 0.838259
