1 0.066188
2 0.067799
3 0.069604
4 0.071311
5 0.072929
6 0.074198
7 0.076912
8 0.078764
9 0.080247
10 0.08188
11 0.08383
12 0.086113
13 0.088222
14 0.089837
15 0.092586
16 0.094385
17 0.09649
18 0.098748
19 0.101208
20 0.103592
21 0.106028
22 0.10791
23 0.1099
24 0.112727
25 0.114588
26 0.117857
27 0.120265
28 0.122695
29 0.1247
30 0.127073
31 0.129127
32 0.131779
33 0.134702
34 0.136767
35 0.139738
36 0.141666
37 0.14447
38 0.147136
39 0.149503
40 0.151885
41 0.154786
42 0.156491
43 0.159248
44 0.161747
45 0.164576
46 0.165919
47 0.169645
48 0.170912
49 0.173969
50 0.176808
51 0.178865
52 0.181723
53 0.183565
54 0.186012
55 0.188586
56 0.190876
57 0.193726
58 0.195483
59 0.198387
60 0.200175
61 0.202726
62 0.205172
63 0.206943
64 0.209611
65 0.21219
66 0.214152
67 0.215808
68 0.218717
69 0.220209
70 0.222821
71 0.225192
72 0.227083
73 0.229473
74 0.231736
75 0.23428
76 0.236212
77 0.237628
78 0.239549
79 0.242679
80 0.244294
81 0.246161
82 0.248438
83 0.249938
84 0.251764
85 0.254592
86 0.256954
87 0.258123
88 0.260169
89 0.262685
90 0.264953
91 0.266616
92 0.268399
93 0.269779
94 0.272471
95 0.273776
96 0.275525
97 0.277686
98 0.279598
99 0.281554
100 0.282898
101 0.284625
102 0.286416
103 0.288915
104 0.290954
105 0.292398
106 0.294183
107 0.295817
108 0.297511
109 0.299191
110 0.30032
111 0.302884
112 0.304003
113 0.305551
114 0.307368
115 0.308333
116 0.310891
117 0.312622
118 0.31409
119 0.316115
120 0.317417
121 0.318552
122 0.319883
123 0.322063
124 0.322823
125 0.325392
126 0.327486
127 0.328214
128 0.329325
129 0.331369
130 0.333157
131 0.334548
132 0.335423
133 0.336389
134 0.339077
135 0.341172
136 0.341761
137 0.343106
138 0.34465
139 0.346499
140 0.347177
141 0.348386
142 0.35057
143 0.351461
144 0.353711
145 0.354742
146 0.35663
147 0.357522
148 0.358615
149 0.359677
150 0.361298
151 0.363185
152 0.363935
153 0.365485
154 0.36653
155 0.368151
156 0.369204
157 0.370936
158 0.371675
159 0.373269
160 0.374169
161 0.37658
162 0.377295
163 0.379194
164 0.379741
165 0.380876
166 0.382689
167 0.383086
168 0.384424
169 0.385707
170 0.386755
171 0.38835
172 0.389222
173 0.390523
174 0.391017
175 0.391896
176 0.393912
177 0.395088
178 0.39618
179 0.39676
180 0.398492
181 0.399726
182 0.400734
183 0.401983
184 0.40272
185 0.403446
186 0.40493
187 0.405364
188 0.407482
189 0.408688
190 0.409522
191 0.410428
192 0.411818
193 0.412522
194 0.413382
195 0.414701
196 0.415745
197 0.416415
198 0.418369
199 0.419051
200 0.420542
201 0.421181
202 0.422039
203 0.422584
204 0.423927
205 0.424483
206 0.425814
207 0.426521
208 0.427516
209 0.429052
210 0.430427
211 0.430433
212 0.431228
213 0.432491
214 0.433256
215 0.434109
216 0.434758
217 0.436326
218 0.437739
219 0.438403
220 0.439106
221 0.440528
222 0.441733
223 0.441689
224 0.443368
225 0.443921
226 0.444892
227 0.44531
228 0.446178
229 0.447844
230 0.448571
231 0.449387
232 0.449795
233 0.45133
234 0.451588
235 0.452585
236 0.453269
237 0.454452
238 0.454925
239 0.455361
240 0.456457
241 0.457895
242 0.459599
243 0.459583
244 0.460174
245 0.460927
246 0.462766
247 0.46284
248 0.463398
249 0.46394
250 0.465382
251 0.466228
252 0.466411
253 0.467963
254 0.468365
255 0.468967
256 0.470203
257 0.470711
258 0.471938
259 0.47196
260 0.472935
261 0.472898
262 0.474983
263 0.4756
264 0.476801
265 0.476709
266 0.477611
267 0.478344
268 0.479409
269 0.479561
270 0.481547
271 0.480904
272 0.482673
273 0.482815
274 0.482874
275 0.484947
276 0.484962
277 0.486106
278 0.486457
279 0.487508
280 0.488308
281 0.489079
282 0.488934
283 0.490415
284 0.491054
285 0.491929
286 0.491824
287 0.4926
288 0.493742
289 0.494669
290 0.495387
291 0.495279
292 0.496356
293 0.497245
294 0.498083
295 0.499301
296 0.499441
297 0.500435
298 0.50026
299 0.501449
300 0.50202
