1 0.29951
2 0.300661
3 0.30148
4 0.302318
5 0.30311
6 0.303885
7 0.304704
8 0.305492
9 0.306263
10 0.307014
11 0.307827
12 0.308665
13 0.30944
14 0.31023
15 0.310994
16 0.311796
17 0.312626
18 0.313438
19 0.314274
20 0.315096
21 0.315884
22 0.316645
23 0.317481
24 0.318301
25 0.319096
26 0.319915
27 0.320708
28 0.321511
29 0.3223
30 0.323086
31 0.323861
32 0.324646
33 0.325412
34 0.32621
35 0.326979
36 0.327756
37 0.328518
38 0.329283
39 0.330068
40 0.330839
41 0.33162
42 0.332383
43 0.333146
44 0.333915
45 0.33466
46 0.335409
47 0.336166
48 0.336896
49 0.337623
50 0.338337
51 0.339044
52 0.339764
53 0.340479
54 0.34117
55 0.341865
56 0.342573
57 0.343276
58 0.343971
59 0.344655
60 0.345349
61 0.346036
62 0.346716
63 0.347384
64 0.348059
65 0.348741
66 0.349401
67 0.350063
68 0.350709
69 0.351365
70 0.352005
71 0.352646
72 0.353291
73 0.353917
74 0.354553
75 0.355182
76 0.355797
77 0.35642
78 0.357024
79 0.357648
80 0.358252
81 0.358842
82 0.359444
83 0.360038
84 0.360633
85 0.36122
86 0.3618
87 0.362374
88 0.36295
89 0.363526
90 0.364097
91 0.364666
92 0.365232
93 0.365786
94 0.366338
95 0.366887
96 0.367443
97 0.367991
98 0.368537
99 0.369084
100 0.369623
101 0.370153
102 0.370683
103 0.371206
104 0.371742
105 0.372264
106 0.372776
107 0.373287
108 0.373797
109 0.374298
110 0.374801
111 0.375294
112 0.375793
113 0.37629
114 0.376781
115 0.377262
116 0.377753
117 0.378231
118 0.378709
119 0.379186
120 0.379666
121 0.380135
122 0.3806
123 0.381065
124 0.381529
125 0.381995
126 0.382456
127 0.382917
128 0.383367
129 0.383821
130 0.38427
131 0.384711
132 0.38516
133 0.385597
134 0.386032
135 0.386466
136 0.386895
137 0.387328
138 0.38776
139 0.388177
140 0.388602
141 0.38902
142 0.389441
143 0.389856
144 0.39027
145 0.390676
146 0.39108
147 0.39149
148 0.391895
149 0.392295
150 0.392697
151 0.393096
152 0.393497
153 0.393892
154 0.394285
155 0.394679
156 0.395066
157 0.395451
158 0.395834
159 0.396212
160 0.396589
161 0.396969
162 0.397348
163 0.39772
164 0.398094
165 0.398459
166 0.398829
167 0.399191
168 0.39956
169 0.399919
170 0.400276
171 0.400629
172 0.400988
173 0.401339
174 0.40169
175 0.40204
176 0.40239
177 0.402741
178 0.403084
179 0.403422
180 0.403762
181 0.404108
182 0.404447
183 0.404782
184 0.405116
185 0.405446
186 0.405783
187 0.406115
188 0.406441
189 0.406764
190 0.407092
191 0.407414
192 0.407737
193 0.408055
194 0.408369
195 0.408689
196 0.409007
197 0.409317
198 0.409629
199 0.409937
200 0.410244
201 0.410553
202 0.410858
203 0.411164
204 0.411467
205 0.411768
206 0.412068
207 0.412368
208 0.412662
209 0.412953
210 0.413245
211 0.413535
212 0.413827
213 0.414116
214 0.414408
215 0.414698
216 0.414983
217 0.415271
218 0.415558
219 0.415839
220 0.416116
221 0.416398
222 0.416675
223 0.416952
224 0.417225
225 0.417497
226 0.417768
227 0.418039
228 0.418306
229 0.418577
230 0.418841
231 0.419108
232 0.419373
233 0.419637
234 0.4199
235 0.420159
236 0.420419
237 0.420681
238 0.420942
239 0.421199
240 0.421453
241 0.421708
242 0.42196
243 0.422213
244 0.422466
245 0.422717
246 0.42297
247 0.42322
248 0.423473
249 0.423721
250 0.423969
251 0.424214
252 0.424459
253 0.424699
254 0.424939
255 0.425178
256 0.425413
257 0.42565
258 0.425887
259 0.426124
260 0.426361
261 0.426595
262 0.426827
263 0.427059
264 0.427291
265 0.427521
266 0.42775
267 0.427982
268 0.428211
269 0.42844
270 0.428664
271 0.428889
272 0.429116
273 0.429339
274 0.429563
275 0.429784
276 0.430008
277 0.430223
278 0.430442
279 0.430658
280 0.430874
281 0.431091
282 0.431308
283 0.431523
284 0.431734
285 0.431946
286 0.432158
287 0.432371
288 0.432583
289 0.432792
290 0.433004
291 0.433209
292 0.433416
293 0.433623
294 0.433829
295 0.434035
296 0.434238
297 0.434443
298 0.434647
299 0.434847
300 0.435049
