1 0.5
2 0.493041
3 0.493042
4 0.489306
5 0.490482
6 0.483955
7 0.48484
8 0.483687
9 0.4831
10 0.484011
11 0.481527
12 0.483406
13 0.481269
14 0.481604
15 0.481768
16 0.479816
17 0.485564
18 0.481983
19 0.480399
20 0.480502
21 0.478952
22 0.479504
23 0.48011
24 0.478156
25 0.478494
26 0.478705
27 0.482963
28 0.480653
29 0.478888
30 0.477829
31 0.47782
32 0.477203
33 0.477589
34 0.477553
35 0.47774
36 0.476169
37 0.477409
38 0.477066
39 0.476732
40 0.476872
41 0.477106
42 0.476803
43 0.475895
44 0.476529
45 0.476154
46 0.476259
47 0.476401
48 0.476504
49 0.476211
50 0.476009
51 0.476965
52 0.47575
53 0.475571
54 0.476195
55 0.475941
56 0.475905
57 0.475499
58 0.476071
59 0.476108
60 0.475436
61 0.475856
62 0.475823
63 0.475453
64 0.47546
65 0.475814
66 0.475322
67 0.475539
68 0.475454
69 0.47553
70 0.475563
71 0.475374
72 0.475314
73 0.475569
74 0.475499
75 0.474997
76 0.475017
77 0.475012
78 0.475274
79 0.475046
80 0.475066
81 0.475279
82 0.475016
83 0.475047
84 0.474782
85 0.475118
86 0.474765
87 0.475127
88 0.474747
89 0.474856
90 0.474689
91 0.474591
92 0.474516
93 0.474716
94 0.47463
95 0.474926
96 0.474733
97 0.474237
98 0.4746
99 0.474733
100 0.474712
101 0.474564
102 0.474376
103 0.474377
104 0.475227
105 0.474623
106 0.474233
107 0.474532
108 0.474604
109 0.47477
110 0.474204
111 0.474514
112 0.474598
113 0.473939
114 0.474251
115 0.474278
116 0.474265
117 0.474077
118 0.47435
119 0.474436
120 0.474367
121 0.474126
122 0.474209
123 0.474373
124 0.474501
125 0.474343
126 0.474376
127 0.47417
128 0.474001
129 0.474578
130 0.474247
131 0.474173
132 0.474287
133 0.47382
134 0.474089
135 0.473783
136 0.473964
137 0.474162
138 0.474093
139 0.474192
140 0.474094
141 0.474001
142 0.474043
143 0.474008
144 0.474103
145 0.474009
146 0.47404
147 0.473788
148 0.474382
149 0.474175
150 0.47405
151 0.47381
152 0.474067
153 0.473844
154 0.474023
155 0.473609
156 0.47366
157 0.47354
158 0.473855
159 0.473783
160 0.473755
161 0.473704
162 0.473636
163 0.473981
164 0.474059
165 0.47363
166 0.47372
167 0.473517
168 0.473461
169 0.473552
170 0.473826
171 0.473671
172 0.473477
173 0.473609
174 0.473677
175 0.474094
176 0.473836
177 0.474113
178 0.473688
179 0.473804
180 0.473722
181 0.473344
182 0.473669
183 0.473584
184 0.473622
185 0.47382
186 0.473915
187 0.473619
188 0.473586
189 0.473455
190 0.47385
191 0.47351
192 0.473416
193 0.473305
194 0.473725
195 0.473535
196 0.473603
197 0.474072
198 0.473804
199 0.473603
200 0.473573
201 0.473703
202 0.473623
203 0.473722
204 0.474471
205 0.473649
206 0.473507
207 0.473409
208 0.473532
209 0.473891
210 0.473577
211 0.473469
212 0.473661
213 0.473433
214 0.473504
215 0.473598
216 0.473548
217 0.473426
218 0.473632
219 0.473615
220 0.473589
221 0.473597
222 0.473448
223 0.473665
224 0.47344
225 0.473526
226 0.47347
227 0.473342
228 0.473354
229 0.47356
230 0.47357
231 0.473314
232 0.474386
233 0.473581
234 0.473449
235 0.473488
236 0.473328
237 0.473629
238 0.473443
239 0.473346
240 0.473384
241 0.47316
242 0.473443
243 0.47338
244 0.473273
245 0.47319
246 0.473297
247 0.473203
248 0.473506
249 0.473231
250 0.473498
251 0.472988
252 0.473376
253 0.473487
254 0.473956
255 0.473582
256 0.473395
257 0.473132
258 0.473256
259 0.473079
260 0.473314
261 0.47328
262 0.473205
263 0.4732
264 0.47323
265 0.473195
266 0.47313
267 0.473226
268 0.473279
269 0.473158
270 0.473313
271 0.473308
272 0.473232
273 0.473306
274 0.474089
275 0.473653
276 0.473411
277 0.473416
278 0.473319
279 0.473078
280 0.473335
281 0.473257
282 0.473384
283 0.473201
284 0.473028
285 0.473052
286 0.473118
287 0.473368
288 0.473206
289 0.473351
290 0.473294
291 0.473425
292 0.47391
293 0.473422
294 0.473037
295 0.473189
296 0.473348
297 0.473463
298 0.473387
299 0.473086
300 0.472868
