1 0.500152
2 0.582852
3 0.610719
4 0.637096
5 0.649536
6 0.669961
7 0.683153
8 0.694835
9 0.704982
10 0.711637
11 0.720273
12 0.724948
13 0.731593
14 0.737054
15 0.74126
16 0.746628
17 0.748432
18 0.751583
19 0.755325
20 0.758424
21 0.762198
22 0.765444
23 0.767991
24 0.771234
25 0.774166
26 0.776659
27 0.778147
28 0.779788
29 0.781828
30 0.78408
31 0.786177
32 0.788463
33 0.790474
34 0.79239
35 0.794099
36 0.796199
37 0.797862
38 0.799588
39 0.801227
40 0.802903
41 0.804345
42 0.805827
43 0.80741
44 0.808825
45 0.810302
46 0.811678
47 0.812951
48 0.814204
49 0.81549
50 0.816765
51 0.817798
52 0.819065
53 0.820304
54 0.821323
55 0.822439
56 0.823496
57 0.824571
58 0.825509
59 0.826464
60 0.827467
61 0.828353
62 0.829279
63 0.830172
64 0.831028
65 0.831835
66 0.832719
67 0.833508
68 0.834326
69 0.835101
70 0.835852
71 0.836636
72 0.837362
73 0.838115
74 0.838827
75 0.839574
76 0.840291
77 0.841005
78 0.841684
79 0.842374
80 0.842993
81 0.843601
82 0.844252
83 0.844863
84 0.845492
85 0.846091
86 0.846719
87 0.847295
88 0.847888
89 0.848463
90 0.84906
91 0.849611
92 0.850176
93 0.85074
94 0.851287
95 0.851795
96 0.852321
97 0.852868
98 0.853362
99 0.853851
100 0.854338
101 0.854852
102 0.855334
103 0.855812
104 0.856254
105 0.856708
106 0.857179
107 0.857628
108 0.858063
109 0.858511
110 0.858956
111 0.859392
112 0.859805
113 0.860246
114 0.860655
115 0.861076
116 0.8615
117 0.861909
118 0.862317
119 0.862714
120 0.863103
121 0.863514
122 0.863906
123 0.864289
124 0.864657
125 0.865031
126 0.86539
127 0.865744
128 0.8661
129 0.866426
130 0.866777
131 0.867129
132 0.867464
133 0.867814
134 0.868144
135 0.868494
136 0.868829
137 0.869158
138 0.869492
139 0.869817
140 0.870145
141 0.870457
142 0.870773
143 0.871084
144 0.871399
145 0.871705
146 0.872017
147 0.872321
148 0.872614
149 0.872905
150 0.87319
151 0.873486
152 0.873777
153 0.874066
154 0.874341
155 0.874632
156 0.874918
157 0.875206
158 0.875475
159 0.875755
160 0.876028
161 0.876299
162 0.876574
163 0.876835
164 0.877091
165 0.87735
166 0.877614
167 0.877868
168 0.878123
169 0.878385
170 0.878628
171 0.878875
172 0.879121
173 0.87937
174 0.879617
175 0.879848
176 0.880079
177 0.88031
178 0.880553
179 0.880784
180 0.881022
181 0.881248
182 0.881477
183 0.881703
184 0.88193
185 0.882153
186 0.882363
187 0.882577
188 0.882797
189 0.883007
190 0.883221
191 0.883433
192 0.883642
193 0.883855
194 0.884064
195 0.884272
196 0.884476
197 0.884666
198 0.884865
199 0.885061
200 0.885255
201 0.885453
202 0.885651
203 0.885838
204 0.886008
205 0.886194
206 0.886376
207 0.886566
208 0.88675
209 0.886931
210 0.887113
211 0.887295
212 0.887474
213 0.887649
214 0.887827
215 0.888002
216 0.888174
217 0.888347
218 0.888517
219 0.888693
220 0.888861
221 0.889023
222 0.889192
223 0.889359
224 0.889522
225 0.889689
226 0.889853
227 0.890016
228 0.890177
229 0.890339
230 0.890496
231 0.890647
232 0.890783
233 0.890933
234 0.891086
235 0.891237
236 0.891389
237 0.89154
238 0.89169
239 0.891842
240 0.891993
241 0.892142
242 0.892292
243 0.892439
244 0.89259
245 0.892733
246 0.892879
247 0.893025
248 0.893167
249 0.89331
250 0.893452
251 0.89359
252 0.893729
253 0.893866
254 0.893987
255 0.894117
256 0.894254
257 0.894388
258 0.894523
259 0.894655
260 0.894784
261 0.894918
262 0.89505
263 0.89518
264 0.89531
265 0.895439
266 0.895571
267 0.895699
268 0.895827
269 0.895955
270 0.896082
271 0.896206
272 0.896333
273 0.896453
274 0.896564
275 0.896683
276 0.896803
277 0.896924
278 0.897042
279 0.897165
280 0.897282
281 0.897402
282 0.897522
283 0.897635
284 0.897755
285 0.897872
286 0.897988
287 0.898101
288 0.898215
289 0.898328
290 0.898441
291 0.898551
292 0.898653
293 0.898758
294 0.898869
295 0.898977
296 0.899087
297 0.899193
298 0.8993
299 0.899406
300 0.899515
