1 0.166549
2 0.125086
3 0.111161
4 0.0993153
5 0.0933653
6 0.084746
7 0.0791079
8 0.0741937
9 0.0701575
10 0.0673001
11 0.0640633
12 0.0620159
13 0.0596335
14 0.0576839
15 0.0560017
16 0.0541442
17 0.0537711
18 0.052643
19 0.0512948
20 0.0501291
21 0.0488634
22 0.0477551
23 0.0468486
24 0.0457519
25 0.0447872
26 0.0439207
27 0.0436954
28 0.0431462
29 0.0424499
30 0.0416786
31 0.0409692
32 0.0402346
33 0.039582
34 0.0389739
35 0.0384126
36 0.0377669
37 0.0372289
38 0.036692
39 0.0361784
40 0.035669
41 0.035232
42 0.0347845
43 0.0343127
44 0.0338739
45 0.0334331
46 0.033031
47 0.0326566
48 0.0322904
49 0.0319198
50 0.0315583
51 0.0312536
52 0.0308967
53 0.030545
54 0.0302459
55 0.0299389
56 0.0296433
57 0.029347
58 0.0290822
59 0.0288233
60 0.028554
61 0.0283043
62 0.0280485
63 0.0277986
64 0.0275573
65 0.0273326
66 0.0270977
67 0.0268764
68 0.0266587
69 0.0264533
70 0.0262512
71 0.0260499
72 0.0258514
73 0.0256594
74 0.0254728
75 0.0252711
76 0.0250811
77 0.0248907
78 0.0247143
79 0.0245345
80 0.0243759
81 0.0242189
82 0.0240573
83 0.0239002
84 0.0237375
85 0.0235873
86 0.0234278
87 0.0232851
88 0.0231366
89 0.0229921
90 0.0228403
91 0.0226983
92 0.0225526
93 0.022411
94 0.0222737
95 0.0221476
96 0.0220201
97 0.0218844
98 0.0217624
99 0.0216437
100 0.0215257
101 0.0214002
102 0.0212846
103 0.0211666
104 0.0210685
105 0.0209601
106 0.0208465
107 0.0207377
108 0.0206334
109 0.0205264
110 0.020419
111 0.0203165
112 0.0202148
113 0.0201128
114 0.0200145
115 0.0199119
116 0.0198095
117 0.0197128
118 0.0196172
119 0.0195244
120 0.01943
121 0.0193346
122 0.0192425
123 0.0191518
124 0.0190663
125 0.0189803
126 0.018896
127 0.0188148
128 0.0187332
129 0.0186622
130 0.0185831
131 0.0185014
132 0.0184238
133 0.0183444
134 0.0182688
135 0.0181889
136 0.0181124
137 0.0180382
138 0.0179621
139 0.0178893
140 0.0178144
141 0.0177429
142 0.0176722
143 0.0176023
144 0.0175314
145 0.0174624
146 0.0173922
147 0.0173238
148 0.0172626
149 0.017199
150 0.0171358
151 0.0170693
152 0.0170057
153 0.0169417
154 0.0168805
155 0.0168163
156 0.0167531
157 0.0166896
158 0.016629
159 0.0165688
160 0.0165091
161 0.0164488
162 0.0163888
163 0.0163315
164 0.0162791
165 0.0162243
166 0.0161671
167 0.0161104
168 0.0160547
169 0.015999
170 0.015947
171 0.0158944
172 0.0158403
173 0.0157867
174 0.0157329
175 0.0156868
176 0.0156388
177 0.0155901
178 0.0155389
179 0.0154887
180 0.0154381
181 0.0153898
182 0.0153412
183 0.0152934
184 0.0152466
185 0.0151986
186 0.0151564
187 0.0151126
188 0.015067
189 0.0150229
190 0.0149785
191 0.0149338
192 0.0148899
193 0.0148448
194 0.0148011
195 0.0147574
196 0.0147149
197 0.0146776
198 0.0146368
199 0.014596
200 0.0145548
201 0.014514
202 0.0144737
203 0.014435
204 0.0144086
205 0.0143713
206 0.014334
207 0.0142947
208 0.0142565
209 0.0142186
210 0.014182
211 0.0141439
212 0.0141061
213 0.0140703
214 0.0140334
215 0.0139973
216 0.0139619
217 0.0139267
218 0.0138913
219 0.0138553
220 0.0138201
221 0.0137865
222 0.0137526
223 0.0137177
224 0.013684
225 0.0136493
226 0.013615
227 0.0135809
228 0.0135479
229 0.0135142
230 0.013482
231 0.0134513
232 0.0134297
233 0.0134006
234 0.0133693
235 0.0133385
236 0.0133073
237 0.013277
238 0.0132462
239 0.013215
240 0.0131837
241 0.0131529
242 0.0131218
243 0.0130916
244 0.0130609
245 0.0130318
246 0.0130012
247 0.0129711
248 0.0129422
249 0.012913
250 0.0128838
251 0.0128557
252 0.0128277
253 0.0128011
254 0.0127821
255 0.0127566
256 0.012729
257 0.0127022
258 0.0126749
259 0.0126479
260 0.0126217
261 0.012594
262 0.0125671
263 0.0125405
264 0.012514
265 0.0124879
266 0.0124615
267 0.0124354
268 0.0124099
269 0.0123839
270 0.0123576
271 0.0123325
272 0.0123074
273 0.0122832
274 0.012266
275 0.0122433
276 0.0122196
277 0.0121949
278 0.0121711
279 0.0121459
280 0.012122
281 0.0120983
282 0.0120742
283 0.0120511
284 0.0120266
285 0.0120024
286 0.0119785
287 0.0119557
288 0.0119327
289 0.0119104
290 0.011888
291 0.0118659
292 0.0118497
293 0.0118294
294 0.0118068
295 0.0117849
296 0.0117631
297 0.0117422
298 0.0117209
299 0.0116994
300 0.0116775
