1 0.500812
2 0.541974
3 0.555693
4 0.567484
5 0.573407
6 0.582114
7 0.587839
8 0.592694
9 0.596717
10 0.599589
11 0.602777
12 0.604858
13 0.607221
14 0.609161
15 0.610803
16 0.612667
17 0.613056
18 0.614165
19 0.615453
20 0.616594
21 0.617877
22 0.61896
23 0.619858
24 0.620955
25 0.621919
26 0.622782
27 0.623028
28 0.623553
29 0.62425
30 0.625017
31 0.625734
32 0.62647
33 0.627123
34 0.627741
35 0.628306
36 0.628979
37 0.629509
38 0.63004
39 0.630571
40 0.631065
41 0.631516
42 0.631969
43 0.632467
44 0.632897
45 0.633334
46 0.633745
47 0.634129
48 0.634491
49 0.634856
50 0.635219
51 0.635509
52 0.635862
53 0.636211
54 0.636512
55 0.636816
56 0.637111
57 0.637418
58 0.637684
59 0.637938
60 0.638219
61 0.63847
62 0.638714
63 0.638968
64 0.639214
65 0.639436
66 0.639674
67 0.639895
68 0.640113
69 0.640322
70 0.640523
71 0.640727
72 0.640927
73 0.641112
74 0.641294
75 0.641492
76 0.641684
77 0.641871
78 0.642043
79 0.642219
80 0.642391
81 0.64255
82 0.642715
83 0.642875
84 0.64304
85 0.64319
86 0.643349
87 0.643491
88 0.643644
89 0.643789
90 0.643936
91 0.644084
92 0.644231
93 0.644368
94 0.644505
95 0.64463
96 0.644758
97 0.644899
98 0.645026
99 0.645146
100 0.645265
101 0.645385
102 0.645509
103 0.64563
104 0.645725
105 0.645835
106 0.645954
107 0.646062
108 0.646166
109 0.646264
110 0.646375
111 0.646477
112 0.646574
113 0.646686
114 0.646789
115 0.646889
116 0.646988
117 0.64709
118 0.647183
119 0.647273
120 0.647362
121 0.647456
122 0.647547
123 0.647632
124 0.647713
125 0.647796
126 0.647877
127 0.647962
128 0.648049
129 0.648122
130 0.648201
131 0.64828
132 0.648356
133 0.648441
134 0.648519
135 0.648602
136 0.648681
137 0.648753
138 0.648827
139 0.648897
140 0.648968
141 0.64904
142 0.64911
143 0.64918
144 0.649247
145 0.649315
146 0.649382
147 0.649452
148 0.64951
149 0.649571
150 0.649634
151 0.649701
152 0.649761
153 0.649826
154 0.649886
155 0.649953
156 0.650018
157 0.650085
158 0.650145
159 0.650206
160 0.650266
161 0.650327
162 0.650388
163 0.650442
164 0.650494
165 0.650553
166 0.650609
167 0.650669
168 0.650729
169 0.650786
170 0.650839
171 0.650893
172 0.65095
173 0.651004
174 0.651056
175 0.651101
176 0.651149
177 0.651192
178 0.651242
179 0.65129
180 0.651338
181 0.651392
182 0.65144
183 0.651488
184 0.651536
185 0.65158
186 0.651622
187 0.651668
188 0.651714
189 0.651762
190 0.651803
191 0.651849
192 0.651896
193 0.651945
194 0.651986
195 0.65203
196 0.652072
197 0.652107
198 0.652145
199 0.652186
200 0.652227
201 0.652266
202 0.652306
203 0.652343
204 0.65237
205 0.652408
206 0.652447
207 0.652488
208 0.652527
209 0.65256
210 0.652597
211 0.652636
212 0.652671
213 0.652709
214 0.652746
215 0.652782
216 0.652817
217 0.652854
218 0.652888
219 0.652922
220 0.652956
221 0.652989
222 0.653024
223 0.653056
224 0.65309
225 0.653124
226 0.653157
227 0.653192
228 0.653227
229 0.653258
230 0.653289
231 0.653323
232 0.653343
233 0.653374
234 0.653405
235 0.653436
236 0.653469
237 0.653497
238 0.653528
239 0.653559
240 0.65359
241 0.653623
242 0.653653
243 0.653683
244 0.653714
245 0.653746
246 0.653777
247 0.653808
248 0.653835
249 0.653866
250 0.653893
251 0.653925
252 0.653954
253 0.65398
254 0.654001
255 0.654026
256 0.654053
257 0.654083
258 0.654111
259 0.654141
260 0.654168
261 0.654195
262 0.654223
263 0.65425
264 0.654277
265 0.654305
266 0.654333
267 0.654359
268 0.654385
269 0.654412
270 0.654437
271 0.654462
272 0.654487
273 0.654512
274 0.654528
275 0.654548
276 0.654571
277 0.654594
278 0.654617
279 0.654643
280 0.654666
281 0.65469
282 0.654712
283 0.654736
284 0.654762
285 0.654787
286 0.654811
287 0.654833
288 0.654856
289 0.654878
290 0.654899
291 0.65492
292 0.654935
293 0.654955
294 0.654979
295 0.655002
296 0.655022
297 0.655041
298 0.655061
299 0.655084
300 0.655108
