1 0.166549
2 0.0836232
3 0.0833106
4 0.0637788
5 0.0695651
6 0.0416496
7 0.045279
8 0.0397945
9 0.0378684
10 0.0415836
11 0.0316947
12 0.0394944
13 0.0310444
14 0.0323401
15 0.0324509
16 0.0262816
17 0.047801
18 0.0334662
19 0.0270256
20 0.0279826
21 0.0235476
22 0.0244807
23 0.0269069
24 0.0205265
25 0.0216342
26 0.0222588
27 0.0378378
28 0.0283175
29 0.022954
30 0.0193111
31 0.0196858
32 0.0174619
33 0.0187
34 0.0189057
35 0.0193286
36 0.0151689
37 0.0178613
38 0.0168243
39 0.0166613
40 0.0158051
41 0.0177519
42 0.0164377
43 0.0144973
44 0.0150041
45 0.0140384
46 0.0149371
47 0.0154308
48 0.0150798
49 0.0141303
50 0.0138475
51 0.0160201
52 0.012694
53 0.0122578
54 0.0143892
55 0.0133627
56 0.0133868
57 0.0127547
58 0.0139882
59 0.0138059
60 0.0126669
61 0.0133226
62 0.0124438
63 0.0123025
64 0.0123579
65 0.0129513
66 0.011831
67 0.0122662
68 0.0120775
69 0.0124863
70 0.0123035
71 0.0119557
72 0.0117629
73 0.0118331
74 0.0118507
75 0.0103434
76 0.0108346
77 0.0104194
78 0.0111291
79 0.0105145
80 0.0118443
81 0.0116603
82 0.0109626
83 0.0110191
84 0.0102349
85 0.0109727
86 0.00987023
87 0.0110091
88 0.0102171
89 0.0102817
90 0.00932303
91 0.00992529
92 0.00928796
93 0.00938941
94 0.00950372
95 0.0102926
96 0.00990301
97 0.00886452
98 0.0099252
99 0.0100071
100 0.00984789
101 0.00885346
102 0.00960574
103 0.00912929
104 0.0109674
105 0.00968421
106 0.00892208
107 0.00920248
108 0.00947568
109 0.0089724
110 0.00871272
111 0.00903643
112 0.00892364
113 0.00868704
114 0.00891385
115 0.00821308
116 0.00803249
117 0.00849143
118 0.00843552
119 0.00857046
120 0.00820562
121 0.00788298
122 0.00810131
123 0.00808203
124 0.0085452
125 0.00832212
126 0.00836319
127 0.00857205
128 0.00838182
129 0.00956985
130 0.00837689
131 0.00787573
132 0.00826539
133 0.00786797
134 0.00820168
135 0.00748358
136 0.00778948
137 0.00794721
138 0.0075424
139 0.00784359
140 0.00739949
141 0.00772993
142 0.0076977
143 0.00768151
144 0.00739224
145 0.00752312
146 0.00721571
147 0.00734163
148 0.00826701
149 0.007779
150 0.00772467
151 0.00709784
152 0.00740391
153 0.00720835
154 0.00751226
155 0.00692637
156 0.00696419
157 0.00677822
158 0.00712247
159 0.00705808
160 0.00701886
161 0.00679922
162 0.00672423
163 0.00705459
164 0.00773925
165 0.00722708
166 0.00672593
167 0.00671182
168 0.00674714
169 0.00663395
170 0.00716269
171 0.00695078
172 0.00659397
173 0.00657133
174 0.00642695
175 0.00766428
176 0.00723287
177 0.00701996
178 0.00648292
179 0.00655548
180 0.00636911
181 0.00670684
182 0.00653791
183 0.00659989
184 0.00667063
185 0.00636593
186 0.00736212
187 0.00695656
188 0.00653719
189 0.00674454
190 0.00658242
191 0.00644095
192 0.00650643
193 0.00617296
194 0.0063684
195 0.00628909
196 0.0064256
197 0.0073707
198 0.00659113
199 0.00651474
200 0.00636242
201 0.00634244
202 0.00639123
203 0.00661612
204 0.00904554
205 0.0067578
206 0.00668551
207 0.00619393
208 0.00635691
209 0.006342
210 0.00653
211 0.00613151
212 0.00613274
213 0.00649349
214 0.00617194
215 0.00626047
216 0.00635091
217 0.00632086
218 0.00622636
219 0.00600926
220 0.00610968
221 0.0063893
222 0.00625133
223 0.0059832
224 0.00616502
225 0.00588436
226 0.00588328
227 0.00586811
228 0.00607474
229 0.00583255
230 0.00610023
231 0.0063873
232 0.00843818
233 0.00665908
234 0.00606735
235 0.00613742
236 0.00596284
237 0.00614382
238 0.00594282
239 0.0057883
240 0.00568733
241 0.00577141
242 0.00563529
243 0.00576307
244 0.00561297
245 0.00593881
246 0.00549962
247 0.00556981
248 0.00579421
249 0.00566747
250 0.00561348
251 0.00582867
252 0.00579893
253 0.00611293
254 0.00796707
255 0.00628205
256 0.00569377
257 0.00584055
258 0.00566957
259 0.00568087
260 0.00581402
261 0.00541483
262 0.0055234
263 0.00558929
264 0.00553404
265 0.00558719
266 0.00549111
267 0.00549017
268 0.00558147
269 0.00543011
270 0.00527937
271 0.00556138
272 0.00549285
273 0.00570674
274 0.00756131
275 0.00603358
276 0.00569062
277 0.00537751
278 0.00559031
279 0.00512871
280 0.00547661
281 0.00544198
282 0.00531001
283 0.00553414
284 0.00508558
285 0.00513071
286 0.00518662
287 0.0054351
288 0.00531506
289 0.00548484
290 0.00542371
291 0.00546427
292 0.00711622
293 0.00591241
294 0.00518661
295 0.0053411
296 0.00533728
297 0.00554382
298 0.00539467
299 0.00531139
300 0.00513372
