1 0.500812
2 0.583136
3 0.58313
4 0.602858
5 0.597098
6 0.625651
7 0.62219
8 0.626679
9 0.628901
10 0.625437
11 0.634657
12 0.627745
13 0.635577
14 0.634381
15 0.633791
16 0.640632
17 0.619282
18 0.633016
19 0.638627
20 0.638271
21 0.643548
22 0.641691
23 0.639624
24 0.646175
25 0.645065
26 0.644368
27 0.62941
28 0.637744
29 0.643759
30 0.647242
31 0.647272
32 0.649257
33 0.648017
34 0.648134
35 0.647531
36 0.652523
37 0.648597
38 0.649696
39 0.650755
40 0.650311
41 0.649569
42 0.650531
43 0.653378
44 0.651395
45 0.65257
46 0.652243
47 0.651797
48 0.651476
49 0.652394
50 0.653022
51 0.650016
52 0.653827
53 0.65438
54 0.652444
55 0.653236
56 0.653347
57 0.654602
58 0.652831
59 0.652716
60 0.654794
61 0.653499
62 0.653599
63 0.654743
64 0.654722
65 0.653629
66 0.655143
67 0.654477
68 0.654739
69 0.654504
70 0.654405
71 0.654985
72 0.655169
73 0.654384
74 0.6546
75 0.656136
76 0.656074
77 0.656091
78 0.655291
79 0.655986
80 0.655927
81 0.655276
82 0.656079
83 0.655983
84 0.656789
85 0.655768
86 0.656841
87 0.655741
88 0.656896
89 0.656563
90 0.65707
91 0.657366
92 0.657592
93 0.656988
94 0.657249
95 0.656351
96 0.656938
97 0.65843
98 0.657339
99 0.656937
100 0.657002
101 0.657446
102 0.658012
103 0.65801
104 0.655436
105 0.65727
106 0.658443
107 0.657545
108 0.657328
109 0.656824
110 0.658527
111 0.657597
112 0.657344
113 0.65932
114 0.658388
115 0.658307
116 0.658345
117 0.658908
118 0.65809
119 0.657833
120 0.65804
121 0.658761
122 0.658512
123 0.658022
124 0.657638
125 0.658112
126 0.658012
127 0.65863
128 0.659135
129 0.657405
130 0.658401
131 0.65862
132 0.658281
133 0.659673
134 0.658871
135 0.659781
136 0.659245
137 0.658653
138 0.65886
139 0.658565
140 0.658857
141 0.659135
142 0.659009
143 0.659112
144 0.658829
145 0.65911
146 0.659017
147 0.659768
148 0.657994
149 0.658616
150 0.658988
151 0.659702
152 0.658938
153 0.659602
154 0.65907
155 0.660297
156 0.660145
157 0.660502
158 0.659568
159 0.659782
160 0.659864
161 0.660015
162 0.660218
163 0.659193
164 0.65896
165 0.660235
166 0.65997
167 0.660569
168 0.660734
169 0.660464
170 0.659654
171 0.660115
172 0.660688
173 0.660297
174 0.660095
175 0.658857
176 0.659626
177 0.658801
178 0.660065
179 0.65972
180 0.659964
181 0.661078
182 0.660119
183 0.660371
184 0.660259
185 0.659673
186 0.65939
187 0.660269
188 0.660365
189 0.66075
190 0.659582
191 0.660589
192 0.660865
193 0.661194
194 0.659955
195 0.660515
196 0.660314
197 0.658924
198 0.659719
199 0.660315
200 0.660402
201 0.660018
202 0.660256
203 0.659964
204 0.657726
205 0.66018
206 0.660599
207 0.660888
208 0.660525
209 0.659463
210 0.660391
211 0.66071
212 0.660144
213 0.660816
214 0.660606
215 0.66033
216 0.660477
217 0.660836
218 0.660228
219 0.66028
220 0.660356
221 0.660334
222 0.660773
223 0.660133
224 0.660796
225 0.660542
226 0.660706
227 0.661085
228 0.66105
229 0.660441
230 0.660413
231 0.661167
232 0.657983
233 0.660379
234 0.660769
235 0.660653
236 0.661125
237 0.660237
238 0.660788
239 0.661073
240 0.660959
241 0.661617
242 0.660786
243 0.660972
244 0.661287
245 0.661531
246 0.661217
247 0.661492
248 0.660601
249 0.661411
250 0.660626
251 0.662119
252 0.660983
253 0.660656
254 0.659268
255 0.660377
256 0.660927
257 0.6617
258 0.661335
259 0.661854
260 0.661167
261 0.661265
262 0.661485
263 0.6615
264 0.661413
265 0.661514
266 0.661705
267 0.661424
268 0.661269
269 0.661624
270 0.661169
271 0.661184
272 0.661408
273 0.661191
274 0.658871
275 0.660166
276 0.660881
277 0.660865
278 0.661151
279 0.661858
280 0.661103
281 0.661332
282 0.660961
283 0.661498
284 0.662003
285 0.661933
286 0.66174
287 0.661007
288 0.661482
289 0.661057
290 0.661225
291 0.66084
292 0.659406
293 0.66085
294 0.661978
295 0.661534
296 0.661067
297 0.660727
298 0.660953
299 0.661834
300 0.662469
