1 0.500138
2 0.583361
3 0.610865
4 0.641554
5 0.659988
6 0.675153
7 0.688276
8 0.699712
9 0.70822
10 0.717789
11 0.72572
12 0.732502
13 0.738712
14 0.744492
15 0.749268
16 0.754406
17 0.758738
18 0.763199
19 0.767175
20 0.770646
21 0.774169
22 0.777384
23 0.780676
24 0.783039
25 0.786937
26 0.788855
27 0.790997
28 0.793928
29 0.796396
30 0.798535
31 0.801083
32 0.802795
33 0.805396
34 0.807162
35 0.808815
36 0.810633
37 0.811952
38 0.814053
39 0.815685
40 0.817204
41 0.818965
42 0.820159
43 0.821644
44 0.822799
45 0.824628
46 0.825909
47 0.82704
48 0.828128
49 0.829105
50 0.830645
51 0.831974
52 0.832646
53 0.833768
54 0.835213
55 0.836034
56 0.837406
57 0.838395
58 0.839172
59 0.840357
60 0.84109
61 0.842246
62 0.843292
63 0.844016
64 0.844408
65 0.845718
66 0.846306
67 0.84699
68 0.848116
69 0.848819
70 0.849588
71 0.850529
72 0.851154
73 0.851965
74 0.852558
75 0.853337
76 0.854273
77 0.854773
78 0.855369
79 0.8565
80 0.857096
81 0.857622
82 0.858401
83 0.858929
84 0.859417
85 0.859816
86 0.860498
87 0.861236
88 0.861458
89 0.86188
90 0.862898
91 0.863297
92 0.863881
93 0.864283
94 0.865083
95 0.865488
96 0.865968
97 0.867064
98 0.867118
99 0.867709
100 0.867873
101 0.868203
102 0.869062
103 0.869577
104 0.869933
105 0.870389
106 0.871128
107 0.871253
108 0.871776
109 0.872445
110 0.872322
111 0.872886
112 0.873298
113 0.873907
114 0.874528
115 0.874824
116 0.875408
117 0.875212
118 0.876063
119 0.875808
120 0.876906
121 0.877158
122 0.877284
123 0.877588
124 0.878122
125 0.878778
126 0.879276
127 0.879581
128 0.879877
129 0.87984
130 0.880346
131 0.880809
132 0.881053
133 0.881055
134 0.881745
135 0.882066
136 0.882063
137 0.882931
138 0.882683
139 0.883155
140 0.883803
141 0.884098
142 0.884147
143 0.88454
144 0.884739
145 0.885249
146 0.885185
147 0.885875
148 0.886313
149 0.88615
150 0.886501
151 0.886897
152 0.887387
153 0.887246
154 0.887564
155 0.888153
156 0.888734
157 0.888789
158 0.88883
159 0.889425
160 0.889157
161 0.889705
162 0.88997
163 0.890271
164 0.890771
165 0.891047
166 0.891126
167 0.891062
168 0.891709
169 0.891816
170 0.892241
171 0.892644
172 0.89235
173 0.892816
174 0.893097
175 0.892877
176 0.893391
177 0.893419
178 0.894051
179 0.894552
180 0.894125
181 0.894556
182 0.894806
183 0.894875
184 0.895326
185 0.895419
186 0.895553
187 0.895862
188 0.8962
189 0.895863
190 0.896715
191 0.896821
192 0.897232
193 0.897376
194 0.897639
195 0.897513
196 0.897803
197 0.898288
198 0.898067
199 0.898161
200 0.898688
201 0.898721
202 0.898902
203 0.899118
204 0.899462
205 0.900026
206 0.899877
207 0.899903
208 0.900405
209 0.900513
210 0.900965
211 0.900799
212 0.901289
213 0.901485
214 0.901562
215 0.901519
216 0.90192
217 0.902132
218 0.901948
219 0.902384
220 0.902579
221 0.902517
222 0.902867
223 0.902627
224 0.90296
225 0.903196
226 0.903371
227 0.903683
228 0.903716
229 0.903929
230 0.904389
231 0.904195
232 0.904492
233 0.904859
234 0.904922
235 0.905262
236 0.905331
237 0.905072
238 0.905342
239 0.905612
240 0.9058
241 0.906075
242 0.905996
243 0.905971
244 0.906393
245 0.9065
246 0.906914
247 0.906879
248 0.906922
249 0.906934
250 0.907317
251 0.907583
252 0.907387
253 0.907885
254 0.90791
255 0.908195
256 0.908183
257 0.908013
258 0.908361
259 0.908712
260 0.908438
261 0.908851
262 0.908716
263 0.908959
264 0.909248
265 0.909362
266 0.909149
267 0.909312
268 0.909713
269 0.909791
270 0.909668
271 0.910214
272 0.910122
273 0.910367
274 0.910044
275 0.910535
276 0.91053
277 0.910332
278 0.910988
279 0.911075
280 0.911209
281 0.911279
282 0.911303
283 0.91209
284 0.912054
285 0.911882
286 0.912185
287 0.912097
288 0.912404
289 0.912709
290 0.912279
291 0.912331
292 0.912995
293 0.91288
294 0.913122
295 0.913278
296 0.913411
297 0.913332
298 0.913667
299 0.913539
300 0.913758
