1 0.666054
2 0.666655
3 0.715808
4 0.733553
5 0.74876
6 0.760901
7 0.775578
8 0.776026
9 0.79045
10 0.798531
11 0.803865
12 0.809058
13 0.818331
14 0.818379
15 0.82536
16 0.827385
17 0.830854
18 0.836022
19 0.838843
20 0.840795
21 0.845344
22 0.847241
23 0.849229
24 0.850607
25 0.854513
26 0.85472
27 0.85743
28 0.858938
29 0.860643
30 0.862998
31 0.865315
32 0.866086
33 0.868895
34 0.869264
35 0.870512
36 0.871982
37 0.873035
38 0.873984
39 0.875781
40 0.877047
41 0.877983
42 0.879314
43 0.880211
44 0.880736
45 0.882486
46 0.883421
47 0.884193
48 0.884907
49 0.885197
50 0.886287
51 0.887607
52 0.888138
53 0.888897
54 0.889761
55 0.890451
56 0.891558
57 0.892564
58 0.892748
59 0.893709
60 0.894292
61 0.895022
62 0.896113
63 0.89634
64 0.896527
65 0.897946
66 0.898076
67 0.898444
68 0.8991
69 0.899601
70 0.900178
71 0.901012
72 0.901466
73 0.902023
74 0.902484
75 0.902985
76 0.903567
77 0.904372
78 0.904447
79 0.905247
80 0.905769
81 0.906085
82 0.906435
83 0.907097
84 0.90735
85 0.907525
86 0.90817
87 0.908734
88 0.90881
89 0.90883
90 0.909841
91 0.909851
92 0.910499
93 0.910715
94 0.91126
95 0.911448
96 0.911811
97 0.912996
98 0.91278
99 0.913183
100 0.912938
101 0.913159
102 0.914064
103 0.914563
104 0.914539
105 0.914752
106 0.915501
107 0.915762
108 0.915876
109 0.91651
110 0.916162
111 0.916691
112 0.917011
113 0.917377
114 0.917861
115 0.917934
116 0.918464
117 0.918387
118 0.918909
119 0.918303
120 0.919542
121 0.919744
122 0.919509
123 0.919729
124 0.920182
125 0.92088
126 0.921108
127 0.921214
128 0.921615
129 0.92151
130 0.922128
131 0.922441
132 0.922421
133 0.922353
134 0.922818
135 0.923144
136 0.92298
137 0.923607
138 0.923431
139 0.923581
140 0.924295
141 0.924638
142 0.924356
143 0.924627
144 0.924911
145 0.925265
146 0.925399
147 0.925535
148 0.926031
149 0.925626
150 0.926012
151 0.926158
152 0.926559
153 0.92635
154 0.926569
155 0.927229
156 0.927733
157 0.927908
158 0.927489
159 0.928032
160 0.927697
161 0.928287
162 0.928366
163 0.928543
164 0.928816
165 0.92916
166 0.929125
167 0.92912
168 0.929658
169 0.92971
170 0.930097
171 0.930462
172 0.929852
173 0.9305
174 0.930686
175 0.930218
176 0.9308
177 0.930655
178 0.931347
179 0.931534
180 0.931211
181 0.931588
182 0.931755
183 0.931665
184 0.932082
185 0.932161
186 0.932306
187 0.932426
188 0.932573
189 0.93211
190 0.932883
191 0.932926
192 0.933406
193 0.933517
194 0.933935
195 0.933517
196 0.933765
197 0.934268
198 0.933891
199 0.9339
200 0.934389
201 0.934407
202 0.934547
203 0.934547
204 0.935051
205 0.935273
206 0.93479
207 0.934999
208 0.935354
209 0.935364
210 0.935957
211 0.935514
212 0.936031
213 0.936261
214 0.936283
215 0.936139
216 0.936402
217 0.936678
218 0.936434
219 0.936827
220 0.936975
221 0.936988
222 0.936972
223 0.93682
224 0.937221
225 0.937243
226 0.937384
227 0.937853
228 0.937367
229 0.937666
230 0.938094
231 0.937742
232 0.938134
233 0.938375
234 0.938479
235 0.938701
236 0.938812
237 0.938413
238 0.938728
239 0.938801
240 0.939083
241 0.939165
242 0.939188
243 0.938905
244 0.939416
245 0.939263
246 0.939846
247 0.939798
248 0.939628
249 0.939575
250 0.940019
251 0.94027
252 0.939924
253 0.940487
254 0.940449
255 0.940637
256 0.940699
257 0.940588
258 0.940895
259 0.941146
260 0.940916
261 0.941363
262 0.940995
263 0.94122
264 0.941494
265 0.941635
266 0.941324
267 0.941378
268 0.941789
269 0.941667
270 0.941529
271 0.942285
272 0.94211
273 0.942304
274 0.941752
275 0.942238
276 0.942185
277 0.941912
278 0.942602
279 0.942655
280 0.942704
281 0.942641
282 0.942635
283 0.943523
284 0.94356
285 0.943129
286 0.943432
287 0.943349
288 0.943676
289 0.943795
290 0.943523
291 0.943423
292 0.944056
293 0.943723
294 0.943998
295 0.944026
296 0.944196
297 0.944002
298 0.944363
299 0.944072
300 0.944459
