1 0.0835145
2 0.141507
3 0.0612136
4 0.075896
5 0.0578565
6 0.0547825
7 0.0399914
8 0.0519446
9 0.0346354
10 0.0360706
11 0.0346264
12 0.0325026
13 0.0268519
14 0.0301307
15 0.0248554
16 0.0266925
17 0.0244827
18 0.0229488
19 0.0212533
20 0.0224844
21 0.019881
22 0.0197621
23 0.0192384
24 0.0190965
25 0.0175047
26 0.0182744
27 0.0167444
28 0.016849
29 0.0163595
30 0.0158181
31 0.0153845
32 0.015429
33 0.0143278
34 0.014385
35 0.014191
36 0.0140114
37 0.0133992
38 0.013612
39 0.0129091
40 0.0128618
41 0.0126808
42 0.0123703
43 0.0120279
44 0.0121805
45 0.011686
46 0.0116313
47 0.0113357
48 0.0112679
49 0.011021
50 0.0110681
51 0.0107251
52 0.0106316
53 0.0104747
54 0.010338
55 0.010102
56 0.0101191
57 0.00979813
58 0.00981931
59 0.00964212
60 0.00952546
61 0.00942352
62 0.00928664
63 0.00915173
64 0.00915115
65 0.0088927
66 0.00893265
67 0.00880465
68 0.00882191
69 0.00861636
70 0.00853904
71 0.00844559
72 0.00836591
73 0.00820485
74 0.00817978
75 0.00801237
76 0.00803537
77 0.00785958
78 0.00784936
79 0.00772133
80 0.00770472
81 0.00760582
82 0.00755233
83 0.00746428
84 0.00743204
85 0.00736498
86 0.00734353
87 0.00719999
88 0.00718516
89 0.00712662
90 0.00703594
91 0.00696164
92 0.00692319
93 0.00686564
94 0.00682327
95 0.00677536
96 0.00670472
97 0.00660956
98 0.00660153
99 0.00655734
100 0.00653117
101 0.00653865
102 0.00640463
103 0.00636488
104 0.00633381
105 0.00628011
106 0.00623571
107 0.00616611
108 0.00613969
109 0.0060931
110 0.00613
111 0.00604882
112 0.00598342
113 0.00593412
114 0.00589496
115 0.00587847
116 0.00584682
117 0.00580283
118 0.00574041
119 0.00578212
120 0.00567201
121 0.00561991
122 0.00565811
123 0.00561183
124 0.00554927
125 0.00549401
126 0.00545741
127 0.00541475
128 0.0054054
129 0.00539933
130 0.00534387
131 0.00532098
132 0.0052883
133 0.00527891
134 0.00522818
135 0.00516958
136 0.00519573
137 0.00513664
138 0.00514383
139 0.00511635
140 0.00505844
141 0.00502239
142 0.00500301
143 0.00499506
144 0.00496744
145 0.00491337
146 0.00492631
147 0.00487461
148 0.00481618
149 0.00486081
150 0.00481581
151 0.00480307
152 0.00475346
153 0.00474483
154 0.00473258
155 0.00469183
156 0.00464468
157 0.00461977
158 0.00463133
159 0.00457386
160 0.00461583
161 0.00457441
162 0.00456525
163 0.0044927
164 0.00447517
165 0.00446649
166 0.00444921
167 0.00446369
168 0.00443169
169 0.00437952
170 0.00436643
171 0.00431705
172 0.00437285
173 0.00432831
174 0.00428713
175 0.00430517
176 0.00424588
177 0.00423913
178 0.00423323
179 0.00419595
180 0.00418642
181 0.0041609
182 0.00414775
183 0.00412362
184 0.0041083
185 0.00409146
186 0.00408083
187 0.00406655
188 0.00404717
189 0.00410044
190 0.00401561
191 0.00398759
192 0.0039601
193 0.0039533
194 0.00391003
195 0.00393317
196 0.00392719
197 0.00387825
198 0.00391656
199 0.00388378
200 0.00384367
201 0.00384868
202 0.00382608
203 0.00384152
204 0.00380101
205 0.00374131
206 0.00379068
207 0.00377872
208 0.00374847
209 0.00372159
210 0.00370623
211 0.0037337
212 0.00366823
213 0.0036627
214 0.00366537
215 0.00366802
216 0.00364061
217 0.00362536
218 0.00364737
219 0.00357021
220 0.00356337
221 0.00356268
222 0.00355529
223 0.00355825
224 0.00354776
225 0.00354893
226 0.00350018
227 0.00347538
228 0.0035131
229 0.00347196
230 0.00345852
231 0.00347103
232 0.00344058
233 0.00340788
234 0.00342014
235 0.00340602
236 0.00339174
237 0.0034027
238 0.00338146
239 0.0033696
240 0.0033614
241 0.00331707
242 0.003344
243 0.00335701
244 0.0033154
245 0.00330889
246 0.00328
247 0.00328192
248 0.00328485
249 0.00328817
250 0.00324917
251 0.00322104
252 0.00324109
253 0.003217
254 0.00321257
255 0.0032055
256 0.00319625
257 0.00319618
258 0.00315551
259 0.00313812
260 0.00316606
261 0.00314033
262 0.00314498
263 0.00311158
264 0.00310426
265 0.00307452
266 0.00310851
267 0.00309628
268 0.00309026
269 0.00308249
270 0.00308545
271 0.0030411
272 0.00303983
273 0.00302649
274 0.00307148
275 0.00302083
276 0.00301954
277 0.00303099
278 0.0030005
279 0.00298918
280 0.00298516
281 0.00297719
282 0.00296264
283 0.00292674
284 0.00291745
285 0.0029307
286 0.00291401
287 0.0029268
288 0.00287801
289 0.00289338
290 0.00290715
291 0.00291366
292 0.00287346
293 0.00290328
294 0.00287061
295 0.00285668
296 0.00284108
297 0.00286723
298 0.00281791
299 0.002852
300 0.00281059
