1 0.500138
2 0.666584
3 0.666334
4 0.733366
5 0.733201
6 0.753589
7 0.766527
8 0.778219
9 0.781176
10 0.797807
11 0.801754
12 0.808663
13 0.815858
14 0.818791
15 0.822892
16 0.827539
17 0.829914
18 0.835297
19 0.837818
20 0.841224
21 0.844173
22 0.846547
23 0.849064
24 0.850263
25 0.85388
26 0.854831
27 0.856682
28 0.858941
29 0.86027
30 0.862564
31 0.864811
32 0.865992
33 0.868347
34 0.869112
35 0.870387
36 0.871774
37 0.872552
38 0.873894
39 0.875536
40 0.876993
41 0.877811
42 0.879149
43 0.879988
44 0.880844
45 0.88219
46 0.883239
47 0.884035
48 0.884724
49 0.88497
50 0.886282
51 0.887491
52 0.888052
53 0.888897
54 0.889642
55 0.890339
56 0.891457
57 0.892338
58 0.892659
59 0.893601
60 0.894134
61 0.894879
62 0.896107
63 0.896318
64 0.896511
65 0.897895
66 0.897991
67 0.898367
68 0.899196
69 0.899653
70 0.900149
71 0.900864
72 0.901409
73 0.901965
74 0.902491
75 0.902902
76 0.903571
77 0.904289
78 0.904458
79 0.905191
80 0.905677
81 0.906039
82 0.906411
83 0.907005
84 0.907308
85 0.907482
86 0.908087
87 0.908765
88 0.908735
89 0.908799
90 0.909837
91 0.909824
92 0.910467
93 0.910695
94 0.911301
95 0.911362
96 0.911767
97 0.912885
98 0.912712
99 0.913195
100 0.912932
101 0.91323
102 0.913991
103 0.914505
104 0.914495
105 0.914854
106 0.915488
107 0.915663
108 0.915746
109 0.916452
110 0.916111
111 0.916646
112 0.916901
113 0.917352
114 0.917838
115 0.917973
116 0.918407
117 0.918396
118 0.918831
119 0.918319
120 0.919603
121 0.919663
122 0.91948
123 0.919646
124 0.920181
125 0.920795
126 0.921106
127 0.921198
128 0.921542
129 0.921566
130 0.922145
131 0.922447
132 0.922501
133 0.922316
134 0.922778
135 0.923058
136 0.922945
137 0.923581
138 0.92341
139 0.923585
140 0.924299
141 0.924641
142 0.924271
143 0.924663
144 0.924856
145 0.925271
146 0.925365
147 0.92553
148 0.926001
149 0.925635
150 0.925991
151 0.926113
152 0.926607
153 0.926295
154 0.926567
155 0.927179
156 0.927679
157 0.927951
158 0.927436
159 0.92801
160 0.927686
161 0.928207
162 0.92839
163 0.928557
164 0.928824
165 0.929128
166 0.929073
167 0.929123
168 0.929606
169 0.929704
170 0.930062
171 0.930486
172 0.929764
173 0.930449
174 0.930682
175 0.930216
176 0.93076
177 0.93061
178 0.931329
179 0.931522
180 0.931164
181 0.931551
182 0.931704
183 0.931688
184 0.932109
185 0.932175
186 0.932258
187 0.93242
188 0.932644
189 0.932068
190 0.93284
191 0.932962
192 0.933374
193 0.933485
194 0.933913
195 0.933512
196 0.933773
197 0.934235
198 0.933889
199 0.93386
200 0.934363
201 0.934382
202 0.934591
203 0.934567
204 0.935036
205 0.935293
206 0.934754
207 0.93497
208 0.935343
209 0.935366
210 0.935947
211 0.935503
212 0.936039
213 0.936236
214 0.936245
215 0.936074
216 0.936409
217 0.936681
218 0.936418
219 0.936819
220 0.936969
221 0.936939
222 0.936949
223 0.93679
224 0.9372
225 0.93722
226 0.937337
227 0.937884
228 0.937362
229 0.937655
230 0.938055
231 0.937721
232 0.938114
233 0.93839
234 0.938506
235 0.93868
236 0.938813
237 0.93839
238 0.938737
239 0.938787
240 0.939054
241 0.939173
242 0.939148
243 0.938904
244 0.939424
245 0.939298
246 0.939812
247 0.939749
248 0.939648
249 0.939591
250 0.940022
251 0.940242
252 0.939906
253 0.940466
254 0.940446
255 0.940611
256 0.940649
257 0.940554
258 0.940868
259 0.941185
260 0.940925
261 0.941373
262 0.940989
263 0.941252
264 0.941506
265 0.941611
266 0.941325
267 0.941342
268 0.941772
269 0.94164
270 0.941543
271 0.942265
272 0.942064
273 0.9423
274 0.941745
275 0.94224
276 0.942178
277 0.941926
278 0.942573
279 0.942628
280 0.942682
281 0.942646
282 0.942675
283 0.943521
284 0.943526
285 0.943148
286 0.943416
287 0.943348
288 0.943672
289 0.943799
290 0.94355
291 0.943412
292 0.944075
293 0.943687
294 0.943968
295 0.944027
296 0.944168
297 0.943991
298 0.944383
299 0.944099
300 0.944455
