1 0.166478
2 0.124894
3 0.111046
4 0.0972964
5 0.0888511
6 0.0820198
7 0.0764469
8 0.0716375
9 0.0681215
10 0.0644462
11 0.0615286
12 0.0588726
13 0.0566036
14 0.0544757
15 0.052565
16 0.0507991
17 0.0491682
18 0.047726
19 0.0462974
20 0.0451644
21 0.0439478
22 0.042835
23 0.0417355
24 0.0408887
25 0.0397864
26 0.038987
27 0.0382822
28 0.0374033
29 0.0366501
30 0.0360375
31 0.0353702
32 0.0347799
33 0.0340239
34 0.0335077
35 0.032962
36 0.0324582
37 0.031928
38 0.0314311
39 0.0309799
40 0.0305213
41 0.0300696
42 0.0297078
43 0.0292366
44 0.0288876
45 0.0284124
46 0.0281091
47 0.027723
48 0.0274094
49 0.0270854
50 0.0267718
51 0.0264374
52 0.0261326
53 0.0258767
54 0.0255559
55 0.0252471
56 0.0249901
57 0.0246905
58 0.0244849
59 0.0241929
60 0.0239601
61 0.0237069
62 0.0234534
63 0.0232779
64 0.023113
65 0.0227718
66 0.0226099
67 0.0224567
68 0.0222291
69 0.0220363
70 0.021829
71 0.0216467
72 0.0214847
73 0.0212275
74 0.0211108
75 0.0209006
76 0.0207585
77 0.0205784
78 0.0204327
79 0.0202496
80 0.0200958
81 0.0199555
82 0.0197832
83 0.019636
84 0.0195149
85 0.0194094
86 0.0192342
87 0.0190605
88 0.0189765
89 0.0188006
90 0.0186779
91 0.0185136
92 0.0184061
93 0.0182944
94 0.0181853
95 0.0180699
96 0.0179218
97 0.0177987
98 0.017711
99 0.0175972
100 0.017478
101 0.0174323
102 0.0172612
103 0.0171766
104 0.0170429
105 0.0169264
106 0.0168251
107 0.0167566
108 0.0166451
109 0.0165564
110 0.0165033
111 0.0163956
112 0.0162857
113 0.0161672
114 0.0160893
115 0.0160059
116 0.0159342
117 0.0158939
118 0.0157458
119 0.0157213
120 0.0155705
121 0.0154936
122 0.0154462
123 0.0153818
124 0.0152698
125 0.0151904
126 0.0150759
127 0.0149934
128 0.0149366
129 0.0148985
130 0.0148221
131 0.0147541
132 0.0146489
133 0.0146302
134 0.0145124
135 0.0144357
136 0.0144091
137 0.0143144
138 0.0142843
139 0.0141942
140 0.0141104
141 0.0140557
142 0.0139882
143 0.0139392
144 0.0138905
145 0.0137874
146 0.0137817
147 0.0136939
148 0.0136008
149 0.0135936
150 0.0135351
151 0.0134718
152 0.0134109
153 0.0133584
154 0.0133075
155 0.0132414
156 0.0131467
157 0.0131236
158 0.0130918
159 0.0129886
160 0.0130064
161 0.0129374
162 0.0128886
163 0.0127905
164 0.0127172
165 0.0126926
166 0.0126484
167 0.0126485
168 0.0125694
169 0.0125043
170 0.0124508
171 0.0123714
172 0.0123932
173 0.0123473
174 0.0122894
175 0.0122599
176 0.0121764
177 0.0121509
178 0.0120954
179 0.0120353
180 0.0120123
181 0.0119705
182 0.0119237
183 0.0118712
184 0.011821
185 0.0118002
186 0.0117629
187 0.0117333
188 0.0116708
189 0.0116895
190 0.0115843
191 0.0115339
192 0.0114817
193 0.0114687
194 0.0114047
195 0.0113832
196 0.0113668
197 0.0112998
198 0.0113088
199 0.0112664
200 0.0111966
201 0.0111739
202 0.0111308
203 0.0111188
204 0.0110589
205 0.0110015
206 0.0109863
207 0.0109822
208 0.0109196
209 0.0108721
210 0.0108355
211 0.0108217
212 0.0107663
213 0.0107348
214 0.0107193
215 0.0106858
216 0.0106423
217 0.0106192
218 0.0106182
219 0.0105298
220 0.0105117
221 0.0105031
222 0.0104485
223 0.0104464
224 0.0104039
225 0.0103813
226 0.0103297
227 0.0102835
228 0.0102912
229 0.0102437
230 0.0101946
231 0.010182
232 0.0101585
233 0.0100948
234 0.0100931
235 0.0100641
236 0.0100281
237 0.0100342
238 0.0100057
239 0.00995943
240 0.00993549
241 0.00987963
242 0.00989738
243 0.00987899
244 0.0098351
245 0.00980011
246 0.00975787
247 0.0097547
248 0.0097221
249 0.00971371
250 0.00967178
251 0.00962712
252 0.00963324
253 0.00958633
254 0.00957407
255 0.00953689
256 0.00951734
257 0.00950203
258 0.00944992
259 0.00941809
260 0.00943427
261 0.00940185
262 0.00937261
263 0.00933241
264 0.00931317
265 0.00926861
266 0.00929169
267 0.00926655
268 0.00923955
269 0.00920653
270 0.00919236
271 0.00915461
272 0.00912857
273 0.00911154
274 0.00913175
275 0.00907362
276 0.00905541
277 0.00906873
278 0.00900901
279 0.00897637
280 0.00897151
281 0.00894488
282 0.00891751
283 0.00887698
284 0.00885822
285 0.00884165
286 0.00882024
287 0.00881839
288 0.00877219
289 0.00875381
290 0.0087781
291 0.00875174
292 0.00870083
293 0.00872114
294 0.00866938
295 0.0086463
296 0.0086223
297 0.00863186
298 0.00858275
299 0.00859251
300 0.00854995
