1 0.166478
2 0.0833093
3 0.0832952
4 0.0556056
5 0.0556316
6 0.0474788
7 0.0430423
8 0.0391618
9 0.0378901
10 0.0327969
11 0.0316729
12 0.0295653
13 0.0274667
14 0.0267276
15 0.0254742
16 0.0243058
17 0.0234455
18 0.0221845
19 0.0215153
20 0.020662
21 0.0198888
22 0.0193039
23 0.0187389
24 0.0184039
25 0.0176316
26 0.0173311
27 0.0169017
28 0.0164513
29 0.016091
30 0.0156168
31 0.0152344
32 0.0149012
33 0.0144177
34 0.0142082
35 0.0139993
36 0.0137031
37 0.013476
38 0.0132397
39 0.0129633
40 0.0126759
41 0.0124811
42 0.0122753
43 0.0120656
44 0.011917
45 0.0116785
46 0.0114836
47 0.01128
48 0.0111687
49 0.0110635
50 0.0109289
51 0.0106813
52 0.0105085
53 0.0104281
54 0.0102806
55 0.0101333
56 0.00997094
57 0.00983301
58 0.00976968
59 0.00958697
60 0.00946814
61 0.00939594
62 0.00919079
63 0.00915826
64 0.00910337
65 0.00886936
66 0.00884889
67 0.00881724
68 0.00872578
69 0.00861495
70 0.00850522
71 0.00841259
72 0.00832333
73 0.00819324
74 0.00812248
75 0.00802289
76 0.00798356
77 0.00784361
78 0.00781662
79 0.00772841
80 0.00765718
81 0.00759777
82 0.00753519
83 0.00746141
84 0.00740259
85 0.00736871
86 0.00730022
87 0.0071903
88 0.00716961
89 0.00712173
90 0.00701514
91 0.00694984
92 0.00688405
93 0.00687051
94 0.00679621
95 0.00676902
96 0.00668136
97 0.00661901
98 0.00658303
99 0.006555
100 0.00651189
101 0.00651065
102 0.00639577
103 0.00636849
104 0.00630438
105 0.00626895
106 0.00621031
107 0.00616835
108 0.00612129
109 0.00610082
110 0.00611346
111 0.00604545
112 0.00598004
113 0.00592606
114 0.00588705
115 0.00587055
116 0.00581818
117 0.00580117
118 0.00573736
119 0.00577844
120 0.00565456
121 0.00561881
122 0.00563912
123 0.00561909
124 0.00553575
125 0.00549773
126 0.00544183
127 0.00542044
128 0.00539313
129 0.00539051
130 0.00533375
131 0.00531217
132 0.00527453
133 0.0052813
134 0.005219
135 0.00517685
136 0.0051811
137 0.00513688
138 0.00514145
139 0.00511085
140 0.00504483
141 0.00501674
142 0.00500186
143 0.00498847
144 0.00496589
145 0.00491413
146 0.00491504
147 0.00487769
148 0.00480947
149 0.00485602
150 0.00480806
151 0.00480416
152 0.00474093
153 0.00474717
154 0.00472742
155 0.0046937
156 0.00463638
157 0.00461602
158 0.00462354
159 0.00457582
160 0.00460936
161 0.00457333
162 0.00456114
163 0.00449514
164 0.00446481
165 0.0044663
166 0.00444357
167 0.00446068
168 0.00443007
169 0.00438141
170 0.00436228
171 0.00431152
172 0.0043729
173 0.00433151
174 0.00428547
175 0.00430817
176 0.00423606
177 0.00424382
178 0.00422905
179 0.00419606
180 0.00418356
181 0.00416041
182 0.00414419
183 0.00412288
184 0.0041045
185 0.00408773
186 0.00407819
187 0.00406771
188 0.00403881
189 0.00410124
190 0.00401559
191 0.00398291
192 0.0039584
193 0.00395611
194 0.00390436
195 0.00393453
196 0.0039215
197 0.00387855
198 0.00391367
199 0.0038862
200 0.00384015
201 0.00385109
202 0.00382221
203 0.00383949
204 0.00379834
205 0.00373903
206 0.00378771
207 0.00378057
208 0.00374709
209 0.00372175
210 0.00370448
211 0.00373305
212 0.00366309
213 0.00366389
214 0.00366426
215 0.0036704
216 0.00363533
217 0.00362452
218 0.00364498
219 0.00357217
220 0.00355782
221 0.00356414
222 0.00355639
223 0.00356007
224 0.00354516
225 0.00355019
226 0.00349832
227 0.00347367
228 0.00351076
229 0.00347141
230 0.00345612
231 0.00347211
232 0.00343923
233 0.00340609
234 0.00341465
235 0.00340736
236 0.0033863
237 0.00340415
238 0.00337866
239 0.00336961
240 0.00336144
241 0.00331609
242 0.00334256
243 0.00335693
244 0.00331305
245 0.00330755
246 0.00327843
247 0.00328586
248 0.0032806
249 0.00328696
250 0.00324713
251 0.00322068
252 0.00323941
253 0.00321863
254 0.0032113
255 0.00320635
256 0.00319441
257 0.00319789
258 0.00315577
259 0.00313891
260 0.00316275
261 0.00313803
262 0.00314286
263 0.00310907
264 0.00310181
265 0.00307835
266 0.00310431
267 0.00309791
268 0.00308855
269 0.00308268
270 0.00308248
271 0.0030412
272 0.00303768
273 0.00302689
274 0.00307107
275 0.00302023
276 0.00301897
277 0.00303131
278 0.00300036
279 0.00299111
280 0.00298413
281 0.002975
282 0.00295922
283 0.00292673
284 0.00291675
285 0.00292919
286 0.00291225
287 0.00292666
288 0.00287822
289 0.00289264
290 0.00290334
291 0.00291415
292 0.00287232
293 0.00290362
294 0.00287164
295 0.00285533
296 0.00283988
297 0.00286734
298 0.00281721
299 0.00285143
300 0.00280958
