1 0.500502
2 0.54234
3 0.555944
4 0.569962
5 0.578209
6 0.584985
7 0.590644
8 0.595411
9 0.599074
10 0.60266
11 0.605639
12 0.608077
13 0.610492
14 0.612743
15 0.614507
16 0.61629
17 0.618012
18 0.619466
19 0.620631
20 0.621897
21 0.623102
22 0.624259
23 0.625387
24 0.6262
25 0.627301
26 0.628225
27 0.628836
28 0.629608
29 0.630369
30 0.631163
31 0.631686
32 0.632304
33 0.633095
34 0.633708
35 0.63417
36 0.634783
37 0.63519
38 0.635755
39 0.63616
40 0.63658
41 0.637062
42 0.637468
43 0.637829
44 0.638236
45 0.638783
46 0.638978
47 0.639428
48 0.639701
49 0.640039
50 0.640383
51 0.640789
52 0.640948
53 0.641158
54 0.641596
55 0.641956
56 0.642174
57 0.642475
58 0.642645
59 0.642951
60 0.64315
61 0.643369
62 0.6436
63 0.643801
64 0.644
65 0.64434
66 0.64445
67 0.644639
68 0.644864
69 0.645092
70 0.645245
71 0.645474
72 0.645607
73 0.646039
74 0.645985
75 0.646201
76 0.646361
77 0.646525
78 0.646717
79 0.64688
80 0.647082
81 0.647163
82 0.647404
83 0.647542
84 0.647623
85 0.647738
86 0.647875
87 0.648064
88 0.648173
89 0.648232
90 0.648383
91 0.648646
92 0.648682
93 0.648818
94 0.648937
95 0.64899
96 0.649263
97 0.649326
98 0.649407
99 0.649488
100 0.64963
101 0.649692
102 0.649845
103 0.64993
104 0.650042
105 0.650167
106 0.650268
107 0.650333
108 0.650491
109 0.650531
110 0.650587
111 0.650703
112 0.650842
113 0.650948
114 0.651027
115 0.651142
116 0.651159
117 0.651177
118 0.651363
119 0.651434
120 0.65152
121 0.651668
122 0.651657
123 0.65173
124 0.651845
125 0.651918
126 0.652046
127 0.652102
128 0.652181
129 0.652194
130 0.652291
131 0.652367
132 0.652455
133 0.652453
134 0.652636
135 0.652724
136 0.652695
137 0.652758
138 0.652898
139 0.652972
140 0.652991
141 0.653034
142 0.65316
143 0.653178
144 0.653238
145 0.65335
146 0.653315
147 0.653489
148 0.653494
149 0.65356
150 0.653591
151 0.653668
152 0.653729
153 0.653785
154 0.653791
155 0.653924
156 0.653985
157 0.653991
158 0.654015
159 0.654127
160 0.654136
161 0.65419
162 0.654265
163 0.654328
164 0.654398
165 0.654393
166 0.654446
167 0.654439
168 0.654559
169 0.654632
170 0.65474
171 0.654671
172 0.654735
173 0.654724
174 0.654808
175 0.654844
176 0.654947
177 0.654966
178 0.65497
179 0.65505
180 0.655109
181 0.655183
182 0.655178
183 0.655229
184 0.655264
185 0.655318
186 0.655341
187 0.655348
188 0.65539
189 0.655426
190 0.655495
191 0.655581
192 0.655591
193 0.655631
194 0.65567
195 0.655688
196 0.655694
197 0.655793
198 0.65581
199 0.655815
200 0.655896
201 0.655945
202 0.655992
203 0.655979
204 0.65603
205 0.656133
206 0.656088
207 0.656111
208 0.656165
209 0.656275
210 0.656261
211 0.656307
212 0.656349
213 0.656376
214 0.65638
215 0.656418
216 0.656428
217 0.656461
218 0.656469
219 0.656592
220 0.656588
221 0.656602
222 0.656662
223 0.656667
224 0.656669
225 0.656706
226 0.656766
227 0.656788
228 0.656793
229 0.65683
230 0.656899
231 0.656912
232 0.656946
233 0.656997
234 0.657012
235 0.65705
236 0.657068
237 0.657116
238 0.657087
239 0.65711
240 0.657171
241 0.657228
242 0.657193
243 0.657246
244 0.657277
245 0.657293
246 0.657351
247 0.657361
248 0.657366
249 0.657396
250 0.657451
251 0.657466
252 0.657462
253 0.657534
254 0.657557
255 0.657606
256 0.657586
257 0.657572
258 0.657639
259 0.657661
260 0.657648
261 0.657704
262 0.657696
263 0.657733
264 0.65774
265 0.657831
266 0.657799
267 0.657826
268 0.657861
269 0.657876
270 0.65787
271 0.657936
272 0.657967
273 0.657958
274 0.657989
275 0.658013
276 0.658034
277 0.65802
278 0.658077
279 0.658088
280 0.658105
281 0.658136
282 0.658176
283 0.658219
284 0.658246
285 0.658238
286 0.658267
287 0.65827
288 0.658297
289 0.658329
290 0.658351
291 0.658332
292 0.658368
293 0.658415
294 0.658435
295 0.658461
296 0.658477
297 0.658475
298 0.658529
299 0.658481
300 0.658551
