1 0.5
2 0.492893
3 0.492974
4 0.487327
5 0.487425
6 0.48563
7 0.484355
8 0.48309
9 0.482875
10 0.481798
11 0.481273
12 0.480627
13 0.480209
14 0.479899
15 0.479363
16 0.479256
17 0.47893
18 0.478396
19 0.478648
20 0.47802
21 0.47768
22 0.477847
23 0.477446
24 0.477416
25 0.477132
26 0.47675
27 0.476728
28 0.476779
29 0.476626
30 0.476371
31 0.476498
32 0.47618
33 0.476196
34 0.476003
35 0.475964
36 0.475875
37 0.475729
38 0.475535
39 0.475582
40 0.475634
41 0.475539
42 0.475525
43 0.475253
44 0.475335
45 0.474923
46 0.475207
47 0.475027
48 0.475003
49 0.474884
50 0.47506
51 0.474984
52 0.474793
53 0.474846
54 0.474627
55 0.474891
56 0.474716
57 0.474436
58 0.474698
59 0.474535
60 0.474511
61 0.474387
62 0.474202
63 0.474316
64 0.47443
65 0.474524
66 0.474184
67 0.47431
68 0.474412
69 0.474119
70 0.474345
71 0.474062
72 0.473978
73 0.474286
74 0.473967
75 0.474149
76 0.473962
77 0.473815
78 0.473951
79 0.474078
80 0.473934
81 0.473741
82 0.474133
83 0.473773
84 0.473911
85 0.473703
86 0.473866
87 0.473886
88 0.473786
89 0.473711
90 0.47361
91 0.473338
92 0.473687
93 0.473747
94 0.473731
95 0.473478
96 0.473486
97 0.473542
98 0.473564
99 0.473581
100 0.473618
101 0.473393
102 0.47351
103 0.473501
104 0.473538
105 0.47353
106 0.473483
107 0.473119
108 0.473161
109 0.473401
110 0.47354
111 0.473485
112 0.473333
113 0.473488
114 0.47312
115 0.47315
116 0.473181
117 0.473331
118 0.473265
119 0.473347
120 0.473106
121 0.473135
122 0.473298
123 0.473147
124 0.473498
125 0.473207
126 0.473141
127 0.473385
128 0.473114
129 0.472984
130 0.473213
131 0.473075
132 0.473079
133 0.47327
134 0.472948
135 0.472994
136 0.473025
137 0.473209
138 0.472937
139 0.473161
140 0.472921
141 0.472776
142 0.473224
143 0.473047
144 0.473023
145 0.473027
146 0.472872
147 0.47298
148 0.472881
149 0.472813
150 0.47299
151 0.473125
152 0.472944
153 0.473112
154 0.472757
155 0.472857
156 0.47259
157 0.473036
158 0.472848
159 0.472964
160 0.472667
161 0.472812
162 0.472954
163 0.47289
164 0.472597
165 0.472803
166 0.472923
167 0.472654
168 0.473084
169 0.472897
170 0.472909
171 0.472834
172 0.472671
173 0.472656
174 0.472917
175 0.472999
176 0.472941
177 0.472551
178 0.472799
179 0.472849
180 0.472826
181 0.472376
182 0.472498
183 0.472626
184 0.472866
185 0.472426
186 0.472566
187 0.472614
188 0.472594
189 0.472797
190 0.472701
191 0.472545
192 0.472716
193 0.472898
194 0.472602
195 0.472588
196 0.472657
197 0.472477
198 0.472621
199 0.472385
200 0.472645
201 0.472715
202 0.472843
203 0.472681
204 0.472693
205 0.472667
206 0.472559
207 0.472989
208 0.472672
209 0.472738
210 0.472753
211 0.472634
212 0.472626
213 0.472687
214 0.472839
215 0.472438
216 0.472434
217 0.472386
218 0.472816
219 0.472526
220 0.472493
221 0.47232
222 0.472406
223 0.472398
224 0.472667
225 0.472415
226 0.472447
227 0.47233
228 0.472266
229 0.472531
230 0.472642
231 0.472262
232 0.47242
233 0.472406
234 0.472184
235 0.472576
236 0.472364
237 0.472487
238 0.472415
239 0.472618
240 0.472431
241 0.4724
242 0.472293
243 0.472358
244 0.472567
245 0.472876
246 0.472286
247 0.472142
248 0.472404
249 0.472353
250 0.472122
251 0.472341
252 0.472342
253 0.47229
254 0.472191
255 0.47241
256 0.472313
257 0.472304
258 0.472434
259 0.472329
260 0.472429
261 0.47231
262 0.472471
263 0.472389
264 0.472653
265 0.472268
266 0.472259
267 0.472303
268 0.472426
269 0.472442
270 0.472404
271 0.472374
272 0.472197
273 0.472183
274 0.47226
275 0.472375
276 0.472386
277 0.472374
278 0.47234
279 0.472319
280 0.472207
281 0.472489
282 0.472161
283 0.472331
284 0.472325
285 0.472248
286 0.472401
287 0.47232
288 0.472669
289 0.472324
290 0.472371
291 0.472443
292 0.472294
293 0.472419
294 0.472222
295 0.472311
296 0.472322
297 0.47236
298 0.472377
299 0.472113
300 0.472248
