1 0.500502
2 0.584004
3 0.583528
4 0.611864
5 0.611433
6 0.619012
7 0.624099
8 0.628938
9 0.629739
10 0.633684
11 0.635563
12 0.637835
13 0.639284
14 0.640347
15 0.642169
16 0.642527
17 0.643619
18 0.645388
19 0.644557
20 0.646621
21 0.647725
22 0.647183
23 0.648478
24 0.648574
25 0.649484
26 0.650699
27 0.650769
28 0.650606
29 0.651092
30 0.651894
31 0.651494
32 0.65249
33 0.65244
34 0.653042
35 0.653164
36 0.65344
37 0.65389
38 0.654489
39 0.654346
40 0.654185
41 0.654477
42 0.65452
43 0.655354
44 0.655103
45 0.656362
46 0.655495
47 0.656046
48 0.656118
49 0.656479
50 0.655944
51 0.656177
52 0.656755
53 0.656594
54 0.657258
55 0.656458
56 0.656989
57 0.657833
58 0.657044
59 0.657534
60 0.657607
61 0.65798
62 0.658535
63 0.658193
64 0.65785
65 0.657569
66 0.658589
67 0.65821
68 0.657904
69 0.658783
70 0.658105
71 0.658952
72 0.659203
73 0.658282
74 0.659235
75 0.658693
76 0.65925
77 0.659686
78 0.659283
79 0.658904
80 0.659334
81 0.659908
82 0.65874
83 0.659811
84 0.659403
85 0.66002
86 0.659536
87 0.659477
88 0.659773
89 0.659995
90 0.660295
91 0.661097
92 0.660067
93 0.65989
94 0.659935
95 0.660684
96 0.660661
97 0.660496
98 0.660429
99 0.660379
100 0.660271
101 0.660934
102 0.660589
103 0.660616
104 0.660508
105 0.660529
106 0.66067
107 0.661737
108 0.661614
109 0.660911
110 0.6605
111 0.660662
112 0.661111
113 0.660654
114 0.661734
115 0.661647
116 0.661555
117 0.661116
118 0.661309
119 0.661068
120 0.661776
121 0.661691
122 0.661214
123 0.661655
124 0.660625
125 0.661479
126 0.661672
127 0.660958
128 0.661752
129 0.662131
130 0.661462
131 0.661865
132 0.661856
133 0.661295
134 0.662238
135 0.662103
136 0.662012
137 0.661473
138 0.662269
139 0.661616
140 0.662316
141 0.662737
142 0.661429
143 0.661948
144 0.662018
145 0.662007
146 0.662459
147 0.662145
148 0.662431
149 0.662631
150 0.662114
151 0.661719
152 0.662248
153 0.661758
154 0.662792
155 0.662502
156 0.663277
157 0.661981
158 0.662528
159 0.662189
160 0.663055
161 0.662633
162 0.66222
163 0.662405
164 0.663258
165 0.662659
166 0.66231
167 0.663092
168 0.661839
169 0.662385
170 0.66235
171 0.66257
172 0.663043
173 0.663085
174 0.662326
175 0.662087
176 0.662258
177 0.663391
178 0.662672
179 0.662526
180 0.662592
181 0.663894
182 0.663542
183 0.663174
184 0.662475
185 0.663751
186 0.663346
187 0.663208
188 0.663266
189 0.662676
190 0.662955
191 0.663407
192 0.662913
193 0.662384
194 0.663243
195 0.663284
196 0.663082
197 0.663604
198 0.663186
199 0.66387
200 0.663119
201 0.662914
202 0.662542
203 0.663012
204 0.662978
205 0.663055
206 0.663367
207 0.662118
208 0.66304
209 0.662849
210 0.662805
211 0.66315
212 0.663173
213 0.662995
214 0.662553
215 0.663716
216 0.663728
217 0.663867
218 0.662622
219 0.663463
220 0.663557
221 0.664057
222 0.663809
223 0.663833
224 0.663053
225 0.663783
226 0.66369
227 0.664028
228 0.664211
229 0.663447
230 0.663125
231 0.664223
232 0.663767
233 0.663809
234 0.664448
235 0.663316
236 0.663931
237 0.663575
238 0.663782
239 0.663195
240 0.663737
241 0.663826
242 0.664135
243 0.663947
244 0.663343
245 0.662448
246 0.664155
247 0.664568
248 0.663813
249 0.663961
250 0.664625
251 0.663996
252 0.663994
253 0.664142
254 0.664427
255 0.663797
256 0.664076
257 0.664101
258 0.663728
259 0.664029
260 0.663741
261 0.664084
262 0.663622
263 0.663858
264 0.663094
265 0.664207
266 0.664232
267 0.664104
268 0.663752
269 0.663706
270 0.663815
271 0.6639
272 0.664409
273 0.664449
274 0.664228
275 0.663899
276 0.663866
277 0.663902
278 0.663998
279 0.66406
280 0.664381
281 0.663569
282 0.664513
283 0.664024
284 0.664043
285 0.664265
286 0.663823
287 0.664057
288 0.663047
289 0.664046
290 0.663909
291 0.663701
292 0.66413
293 0.66377
294 0.664339
295 0.664083
296 0.66405
297 0.663942
298 0.663893
299 0.66465
300 0.664264
