1 0.5
2 0.379646
3 0.342448
4 0.319051
5 0.306121
6 0.296491
7 0.289401
8 0.284238
9 0.280431
10 0.276387
11 0.273859
12 0.271435
13 0.269382
14 0.267324
15 0.26602
16 0.264353
17 0.263333
18 0.262248
19 0.261295
20 0.260552
21 0.259384
22 0.258839
23 0.258058
24 0.257368
25 0.256602
26 0.255947
27 0.25579
28 0.255047
29 0.254808
30 0.254068
31 0.253801
32 0.253226
33 0.253034
34 0.252547
35 0.252199
36 0.251738
37 0.251552
38 0.251192
39 0.251015
40 0.25075
41 0.250448
42 0.25021
43 0.25006
44 0.249757
45 0.249509
46 0.249511
47 0.24926
48 0.248974
49 0.248709
50 0.248508
51 0.248238
52 0.248172
53 0.24808
54 0.247829
55 0.247738
56 0.24757
57 0.247552
58 0.247302
59 0.247156
60 0.247003
61 0.247009
62 0.246846
63 0.246631
64 0.246268
65 0.24658
66 0.246324
67 0.246245
68 0.246157
69 0.246006
70 0.245904
71 0.245718
72 0.245678
73 0.245433
74 0.24553
75 0.24537
76 0.245343
77 0.245243
78 0.245211
79 0.245055
80 0.244982
81 0.24488
82 0.244737
83 0.24473
84 0.244593
85 0.24454
86 0.244531
87 0.244415
88 0.244419
89 0.244462
90 0.244263
91 0.244293
92 0.24411
93 0.244121
94 0.243903
95 0.243902
96 0.243798
97 0.24382
98 0.243599
99 0.243717
100 0.243696
101 0.243584
102 0.243536
103 0.243485
104 0.243433
105 0.243406
106 0.243272
107 0.243238
108 0.243158
109 0.24307
110 0.243189
111 0.243144
112 0.243023
113 0.242967
114 0.242821
115 0.242867
116 0.242809
117 0.242947
118 0.242686
119 0.242686
120 0.242653
121 0.242594
122 0.242556
123 0.242561
124 0.242513
125 0.242363
126 0.242366
127 0.242408
128 0.242355
129 0.242353
130 0.242307
131 0.242256
132 0.242235
133 0.24215
134 0.24208
135 0.242073
136 0.242116
137 0.242028
138 0.241987
139 0.241899
140 0.241945
141 0.241979
142 0.241884
143 0.241843
144 0.241867
145 0.241743
146 0.24187
147 0.241655
148 0.241639
149 0.241634
150 0.241604
151 0.241612
152 0.24159
153 0.241507
154 0.241557
155 0.241475
156 0.24145
157 0.241475
158 0.241376
159 0.241461
160 0.241383
161 0.241329
162 0.241291
163 0.241223
164 0.241261
165 0.241272
166 0.241245
167 0.241268
168 0.241173
169 0.24103
170 0.240973
171 0.24125
172 0.241112
173 0.24106
174 0.241041
175 0.240996
176 0.240981
177 0.240951
178 0.241033
179 0.240968
180 0.240927
181 0.240787
182 0.240885
183 0.240874
184 0.240851
185 0.240781
186 0.240814
187 0.240834
188 0.240781
189 0.240732
190 0.240682
191 0.240712
192 0.240603
193 0.240659
194 0.240627
195 0.240693
196 0.240593
197 0.240651
198 0.24058
199 0.240584
200 0.240549
201 0.240499
202 0.240462
203 0.240482
204 0.240535
205 0.240297
206 0.240412
207 0.240419
208 0.240362
209 0.240327
210 0.240359
211 0.240344
212 0.240242
213 0.240246
214 0.240274
215 0.240326
216 0.240245
217 0.24023
218 0.240181
219 0.240203
220 0.240186
221 0.240152
222 0.240154
223 0.240202
224 0.240186
225 0.240151
226 0.24015
227 0.240171
228 0.240101
229 0.240127
230 0.240057
231 0.240064
232 0.240039
233 0.24004
234 0.240027
235 0.239978
236 0.240004
237 0.239871
238 0.239906
239 0.239916
240 0.239897
241 0.239855
242 0.239872
243 0.239877
244 0.239853
245 0.23986
246 0.239822
247 0.239802
248 0.239829
249 0.239813
250 0.23978
251 0.239773
252 0.239764
253 0.239716
254 0.239719
255 0.239598
256 0.239756
257 0.239811
258 0.239697
259 0.239705
260 0.239687
261 0.239688
262 0.239676
263 0.23966
264 0.239666
265 0.239587
266 0.239633
267 0.239647
268 0.239613
269 0.239596
270 0.239585
271 0.239539
272 0.239555
273 0.239626
274 0.239508
275 0.239542
276 0.239505
277 0.23953
278 0.239476
279 0.239511
280 0.239471
281 0.239487
282 0.239484
283 0.23935
284 0.239446
285 0.23943
286 0.239437
287 0.239381
288 0.239387
289 0.239371
290 0.239336
291 0.239364
292 0.239378
293 0.239269
294 0.239308
295 0.239305
296 0.239283
297 0.239325
298 0.239295
299 0.239262
300 0.239252
