1 0.499527
2 0.583447
3 0.625002
4 0.654374
5 0.675888
6 0.692172
7 0.705793
8 0.717752
9 0.726518
10 0.733552
11 0.74063
12 0.746736
13 0.751555
14 0.756451
15 0.760901
16 0.762854
17 0.767089
18 0.769827
19 0.771595
20 0.774018
21 0.776205
22 0.778998
23 0.779878
24 0.78198
25 0.784003
26 0.785287
27 0.785819
28 0.787337
29 0.788519
30 0.78954
31 0.789552
32 0.791992
33 0.79198
34 0.79372
35 0.794095
36 0.794993
37 0.795246
38 0.796509
39 0.796447
40 0.797431
41 0.798071
42 0.799404
43 0.798988
44 0.799682
45 0.801732
46 0.802127
47 0.803131
48 0.804485
49 0.805492
50 0.805724
51 0.806968
52 0.807333
53 0.809332
54 0.811299
55 0.812242
56 0.813832
57 0.815116
58 0.816769
59 0.818124
60 0.820085
61 0.821806
62 0.82253
63 0.824924
64 0.82624
65 0.828841
66 0.830092
67 0.831874
68 0.833696
69 0.835802
70 0.838146
71 0.839997
72 0.842803
73 0.844122
74 0.846059
75 0.848231
76 0.850733
77 0.852223
78 0.854264
79 0.856137
80 0.857426
81 0.86009
82 0.861015
83 0.86283
84 0.864677
85 0.866236
86 0.867886
87 0.869352
88 0.871619
89 0.872476
90 0.874229
91 0.875454
92 0.876606
93 0.877546
94 0.880074
95 0.880815
96 0.881804
97 0.882259
98 0.884254
99 0.885638
100 0.886079
101 0.887335
102 0.88849
103 0.889125
104 0.89025
105 0.891304
106 0.891971
107 0.893181
108 0.893953
109 0.894406
110 0.895348
111 0.896262
112 0.896851
113 0.897399
114 0.897892
115 0.899046
116 0.899514
117 0.899909
118 0.900181
119 0.901188
120 0.901816
121 0.901918
122 0.902646
123 0.903002
124 0.903512
125 0.903731
126 0.904694
127 0.905214
128 0.905276
129 0.905797
130 0.906172
131 0.905885
132 0.906991
133 0.907241
134 0.907828
135 0.907823
136 0.907897
137 0.908892
138 0.908458
139 0.909195
140 0.909612
141 0.909298
142 0.909842
143 0.909971
144 0.910603
145 0.910572
146 0.910953
147 0.911356
148 0.911483
149 0.911321
150 0.91167
151 0.911572
152 0.912017
153 0.912361
154 0.912904
155 0.912835
156 0.912844
157 0.913001
158 0.913235
159 0.913647
160 0.913369
161 0.913762
162 0.913833
163 0.914039
164 0.914352
165 0.914629
166 0.914745
167 0.914775
168 0.915082
169 0.914904
170 0.915297
171 0.915771
172 0.91495
173 0.915546
174 0.916261
175 0.916187
176 0.91666
177 0.916423
178 0.916465
179 0.916963
180 0.916858
181 0.916907
182 0.917091
183 0.917424
184 0.917112
185 0.917759
186 0.917699
187 0.917751
188 0.918243
189 0.918058
190 0.918454
191 0.918276
192 0.918612
193 0.918638
194 0.918603
195 0.918611
196 0.919245
197 0.91879
198 0.919369
199 0.919002
200 0.919384
201 0.919692
202 0.919966
203 0.919687
204 0.919773
205 0.919515
206 0.920211
207 0.920317
208 0.920694
209 0.920305
210 0.920612
211 0.920593
212 0.920658
213 0.920659
214 0.920885
215 0.920677
216 0.920874
217 0.921059
218 0.921303
219 0.921146
220 0.921125
221 0.921548
222 0.921702
223 0.921512
224 0.92152
225 0.922148
226 0.922266
227 0.922307
228 0.922449
229 0.92235
230 0.92224
231 0.922638
232 0.923034
233 0.9223
234 0.922754
235 0.922418
236 0.92262
237 0.92313
238 0.922929
239 0.922826
240 0.92314
241 0.923353
242 0.923136
243 0.923307
244 0.923689
245 0.923266
246 0.923479
247 0.923374
248 0.923489
249 0.923804
250 0.923774
251 0.924019
252 0.92379
253 0.923685
254 0.924232
255 0.924098
256 0.924249
257 0.923981
258 0.924333
259 0.92434
260 0.924701
261 0.924679
262 0.92471
263 0.924259
264 0.924777
265 0.924497
266 0.924514
267 0.924877
268 0.924767
269 0.92519
270 0.925061
271 0.924892
272 0.92498
273 0.925233
274 0.925393
275 0.925107
276 0.924931
277 0.925885
278 0.925601
279 0.925533
280 0.925515
281 0.926099
282 0.925811
283 0.925495
284 0.926128
285 0.925475
286 0.925957
287 0.926336
288 0.925954
289 0.926067
290 0.925811
291 0.926074
292 0.92642
293 0.926443
294 0.92644
295 0.926383
296 0.926439
297 0.926459
298 0.926794
299 0.926653
300 0.926921
