1 0.5
2 0.492988
3 0.484123
4 0.475573
5 0.468043
6 0.461596
7 0.455686
8 0.450094
9 0.445747
10 0.442102
11 0.43829
12 0.434882
13 0.432112
14 0.429224
15 0.426534
16 0.425333
17 0.422687
18 0.420944
19 0.419806
20 0.418228
21 0.416787
22 0.414923
23 0.41433
24 0.412902
25 0.411513
26 0.410624
27 0.410254
28 0.409192
29 0.40836
30 0.407636
31 0.407628
32 0.405884
33 0.405892
34 0.404635
35 0.404362
36 0.403708
37 0.403523
38 0.402596
39 0.402641
40 0.401915
41 0.401441
42 0.400447
43 0.400758
44 0.400239
45 0.398696
46 0.398397
47 0.397633
48 0.396598
49 0.395822
50 0.395643
51 0.394679
52 0.394395
53 0.392829
54 0.391272
55 0.39052
56 0.389243
57 0.388204
58 0.386857
59 0.385743
60 0.384118
61 0.382677
62 0.382067
63 0.380033
64 0.378904
65 0.376649
66 0.375553
67 0.373979
68 0.372354
69 0.370456
70 0.368318
71 0.36661
72 0.363988
73 0.362741
74 0.360893
75 0.358798
76 0.356353
77 0.35488
78 0.352843
79 0.350952
80 0.349639
81 0.346895
82 0.345932
83 0.344028
84 0.34207
85 0.3404
86 0.338616
87 0.337016
88 0.334515
89 0.33356
90 0.331592
91 0.330205
92 0.32889
93 0.327811
94 0.324876
95 0.324007
96 0.322841
97 0.322303
98 0.319921
99 0.318252
100 0.317717
101 0.316184
102 0.314764
103 0.313979
104 0.312579
105 0.311259
106 0.310418
107 0.308884
108 0.307899
109 0.307319
110 0.306106
111 0.304922
112 0.304155
113 0.303439
114 0.302792
115 0.301269
116 0.300648
117 0.300123
118 0.29976
119 0.298411
120 0.297565
121 0.297427
122 0.296441
123 0.295957
124 0.295261
125 0.294961
126 0.293639
127 0.292921
128 0.292835
129 0.292112
130 0.291591
131 0.29199
132 0.290447
133 0.290096
134 0.28927
135 0.289277
136 0.289173
137 0.287764
138 0.28838
139 0.287333
140 0.286738
141 0.287186
142 0.28641
143 0.286225
144 0.285318
145 0.285362
146 0.284813
147 0.284231
148 0.284047
149 0.284281
150 0.283776
151 0.283918
152 0.283272
153 0.282771
154 0.281977
155 0.282078
156 0.282065
157 0.281835
158 0.281492
159 0.280886
160 0.281295
161 0.280717
162 0.280612
163 0.280308
164 0.279845
165 0.279435
166 0.279262
167 0.279218
168 0.278761
169 0.279026
170 0.278441
171 0.277733
172 0.278958
173 0.278069
174 0.276998
175 0.277109
176 0.276397
177 0.276754
178 0.276691
179 0.27594
180 0.276098
181 0.276024
182 0.275746
183 0.275242
184 0.275715
185 0.274733
186 0.274824
187 0.274745
188 0.273996
189 0.274278
190 0.273673
191 0.273945
192 0.273432
193 0.273392
194 0.273446
195 0.273433
196 0.27246
197 0.273159
198 0.272269
199 0.272834
200 0.272246
201 0.271771
202 0.271348
203 0.271779
204 0.271646
205 0.272044
206 0.270968
207 0.270804
208 0.270217
209 0.270822
210 0.270345
211 0.270375
212 0.270274
213 0.270272
214 0.26992
215 0.270244
216 0.269937
217 0.269648
218 0.269267
219 0.269512
220 0.269545
221 0.268883
222 0.268642
223 0.26894
224 0.268927
225 0.26794
226 0.267754
227 0.26769
228 0.267465
229 0.267622
230 0.267795
231 0.267167
232 0.266539
233 0.267701
234 0.266983
235 0.267514
236 0.267195
237 0.266387
238 0.266706
239 0.266869
240 0.266371
241 0.266032
242 0.266377
243 0.266105
244 0.265497
245 0.266171
246 0.265832
247 0.265999
248 0.265816
249 0.265313
250 0.265361
251 0.264969
252 0.265336
253 0.265503
254 0.264628
255 0.264843
256 0.264601
257 0.26503
258 0.264466
259 0.264455
260 0.263875
261 0.26391
262 0.26386
263 0.264585
264 0.263753
265 0.264203
266 0.264176
267 0.263591
268 0.263769
269 0.263086
270 0.263295
271 0.263567
272 0.263425
273 0.263017
274 0.262758
275 0.26322
276 0.263504
277 0.26196
278 0.262421
279 0.262531
280 0.26256
281 0.261611
282 0.26208
283 0.262593
284 0.261564
285 0.262625
286 0.261843
287 0.261225
288 0.261848
289 0.261664
290 0.26208
291 0.261652
292 0.261088
293 0.26105
294 0.261055
295 0.261148
296 0.261057
297 0.261024
298 0.260476
299 0.260707
300 0.260268
