1 0.437538
2 0.353656
3 0.312581
4 0.282874
5 0.261773
6 0.244954
7 0.231542
8 0.220238
9 0.21141
10 0.203422
11 0.196963
12 0.190758
13 0.185586
14 0.181362
15 0.177241
16 0.174113
17 0.170557
18 0.167898
19 0.165086
20 0.163051
21 0.160609
22 0.158901
23 0.157414
24 0.155733
25 0.153953
26 0.152565
27 0.151641
28 0.150219
29 0.148858
30 0.14812
31 0.147242
32 0.146239
33 0.145488
34 0.144584
35 0.143698
36 0.143069
37 0.142232
38 0.141521
39 0.140875
40 0.140197
41 0.139375
42 0.138458
43 0.137564
44 0.136793
45 0.136067
46 0.135117
47 0.134268
48 0.133346
49 0.132242
50 0.131182
51 0.130036
52 0.128915
53 0.127845
54 0.126269
55 0.125158
56 0.123508
57 0.122299
58 0.120882
59 0.119195
60 0.117474
61 0.115851
62 0.114505
63 0.112501
64 0.110729
65 0.109074
66 0.107251
67 0.105073
68 0.103245
69 0.10114
70 0.0991774
71 0.0972533
72 0.0951179
73 0.0932423
74 0.0912868
75 0.0893221
76 0.0872464
77 0.0855372
78 0.0835935
79 0.0815968
80 0.0799425
81 0.0779383
82 0.0762336
83 0.0745964
84 0.0728008
85 0.0711288
86 0.0695285
87 0.0679114
88 0.0663264
89 0.0650142
90 0.0633852
91 0.0619057
92 0.0607608
93 0.0591804
94 0.0580142
95 0.0566546
96 0.0555681
97 0.0543775
98 0.0533709
99 0.052085
100 0.0511611
101 0.050121
102 0.049131
103 0.0480655
104 0.0471159
105 0.0462235
106 0.0453858
107 0.0444521
108 0.0437602
109 0.0430107
110 0.0422407
111 0.041639
112 0.0407827
113 0.0401518
114 0.0394653
115 0.0388278
116 0.0380882
117 0.0376335
118 0.036998
119 0.0364586
120 0.0359124
121 0.035425
122 0.0348788
123 0.0344658
124 0.0338657
125 0.0336307
126 0.0331204
127 0.0327121
128 0.0322788
129 0.0318715
130 0.0314449
131 0.031111
132 0.0307586
133 0.0304413
134 0.0301028
135 0.0297758
136 0.0294644
137 0.029046
138 0.0288129
139 0.0284305
140 0.028131
141 0.0279687
142 0.0276658
143 0.0272725
144 0.0270281
145 0.0269319
146 0.0266016
147 0.0264698
148 0.0261354
149 0.0259871
150 0.0256474
151 0.0255003
152 0.025341
153 0.0251167
154 0.0248906
155 0.0246903
156 0.0244473
157 0.0244101
158 0.024179
159 0.0239541
160 0.0237727
161 0.0236248
162 0.0234963
163 0.0232068
164 0.0231087
165 0.0229559
166 0.0227958
167 0.0225427
168 0.0224631
169 0.0223727
170 0.0221268
171 0.0219745
172 0.0218913
173 0.0217703
174 0.0215703
175 0.021403
176 0.0212414
177 0.0211974
178 0.0208717
179 0.020788
180 0.0206816
181 0.020512
182 0.0203072
183 0.0202055
184 0.0201523
185 0.0199311
186 0.0198456
187 0.019676
188 0.0195955
189 0.0195215
190 0.0193253
191 0.0191603
192 0.0190699
193 0.0190404
194 0.0188363
195 0.0187759
196 0.0186424
197 0.0185238
198 0.0182765
199 0.0182489
200 0.0181055
201 0.0180247
202 0.0179185
203 0.0177543
204 0.0176983
205 0.0175636
206 0.0174605
207 0.0172885
208 0.0171811
209 0.0170946
210 0.0170115
211 0.0169416
212 0.0168442
213 0.0167161
214 0.0166749
215 0.0165069
216 0.0164189
217 0.0163585
218 0.0161968
219 0.0161013
220 0.0160725
221 0.0159485
222 0.0158542
223 0.0157903
224 0.0156719
225 0.0156097
226 0.0154864
227 0.0154203
228 0.0152901
229 0.0152126
230 0.0151831
231 0.0150968
232 0.0149186
233 0.0149169
234 0.014845
235 0.01481
236 0.0146811
237 0.0146526
238 0.0145996
239 0.0145154
240 0.0144024
241 0.0142794
242 0.0142223
243 0.0142227
244 0.0140909
245 0.0139967
246 0.0138939
247 0.0138329
248 0.0138145
249 0.0137019
250 0.0136481
251 0.0135795
252 0.013515
253 0.0134551
254 0.0134053
255 0.0133992
256 0.0132321
257 0.0132316
258 0.0131474
259 0.0130726
260 0.0129975
261 0.0129202
262 0.0129419
263 0.0128764
264 0.0127629
265 0.0126711
266 0.0126418
267 0.0125781
268 0.0125287
269 0.0124155
270 0.0123914
271 0.0123733
272 0.0122779
273 0.0123053
274 0.0122172
275 0.0121156
276 0.0120391
277 0.0120431
278 0.0119542
279 0.0118446
280 0.011813
281 0.0118368
282 0.0117303
283 0.0117377
284 0.0116403
285 0.0116612
286 0.0115992
287 0.0114658
288 0.0114539
289 0.0114297
290 0.0113327
291 0.011285
292 0.0112497
293 0.0112306
294 0.0111271
295 0.0111449
296 0.0110728
297 0.0109956
298 0.011031
299 0.0109137
300 0.0108766
