1 0.066826
2 0.082486
3 0.0931427
4 0.102436
5 0.109543
6 0.116011
7 0.121732
8 0.127017
9 0.131145
10 0.135629
11 0.139068
12 0.142936
13 0.146116
14 0.149226
15 0.151811
16 0.154212
17 0.157199
18 0.159273
19 0.161339
20 0.163317
21 0.165694
22 0.167242
23 0.168566
24 0.170161
25 0.171695
26 0.173373
27 0.174475
28 0.176135
29 0.177919
30 0.178581
31 0.179493
32 0.180931
33 0.181938
34 0.180822
35 0.179713
36 0.178759
37 0.178373
38 0.17728
39 0.17605
40 0.175324
41 0.174987
42 0.1746
43 0.174322
44 0.174157
45 0.173892
46 0.17411
47 0.1741
48 0.17492
49 0.175229
50 0.176071
51 0.176911
52 0.178033
53 0.179214
54 0.180956
55 0.182217
56 0.184382
57 0.185788
58 0.187956
59 0.189897
60 0.192734
61 0.195072
62 0.197075
63 0.200104
64 0.202692
65 0.204872
66 0.20787
67 0.211018
68 0.214048
69 0.216878
70 0.219852
71 0.222927
72 0.225809
73 0.228436
74 0.23142
75 0.234334
76 0.237331
77 0.240459
78 0.243194
79 0.246525
80 0.249155
81 0.251945
82 0.254826
83 0.257716
84 0.260814
85 0.263292
86 0.2664
87 0.2694
88 0.272013
89 0.274409
90 0.277288
91 0.279891
92 0.282339
93 0.285252
94 0.287734
95 0.290623
96 0.292834
97 0.295379
98 0.297573
99 0.300218
100 0.302721
101 0.304718
102 0.30731
103 0.309928
104 0.311969
105 0.314468
106 0.316141
107 0.318671
108 0.32105
109 0.323233
110 0.325135
111 0.326882
112 0.329548
113 0.331706
114 0.333473
115 0.335657
116 0.338102
117 0.339498
118 0.341669
119 0.343791
120 0.345583
121 0.347833
122 0.349794
123 0.351653
124 0.35339
125 0.354811
126 0.356797
127 0.359052
128 0.361024
129 0.362407
130 0.364368
131 0.365717
132 0.367575
133 0.369216
134 0.370828
135 0.372599
136 0.374218
137 0.376143
138 0.377479
139 0.379333
140 0.380623
141 0.382083
142 0.383652
143 0.385333
144 0.387098
145 0.387754
146 0.389339
147 0.390597
148 0.392244
149 0.393432
150 0.395293
151 0.395833
152 0.397466
153 0.39873
154 0.400257
155 0.401313
156 0.402874
157 0.403272
158 0.404735
159 0.405863
160 0.407226
161 0.408472
162 0.40927
163 0.410907
164 0.411998
165 0.413241
166 0.414042
167 0.415777
168 0.416522
169 0.417756
170 0.418867
171 0.420074
172 0.420847
173 0.421799
174 0.423049
175 0.424184
176 0.425207
177 0.426003
178 0.427719
179 0.428988
180 0.429783
181 0.430957
182 0.432075
183 0.433228
184 0.434055
185 0.435289
186 0.435836
187 0.436981
188 0.438298
189 0.438839
190 0.440069
191 0.441458
192 0.44208
193 0.442973
194 0.44415
195 0.445171
196 0.44624
197 0.446717
198 0.448394
199 0.448912
200 0.450458
201 0.450884
202 0.45198
203 0.452992
204 0.453553
205 0.454688
206 0.455687
207 0.456611
208 0.457558
209 0.458537
210 0.45936
211 0.460338
212 0.461259
213 0.462236
214 0.463078
215 0.463877
216 0.465
217 0.465859
218 0.466749
219 0.468289
220 0.468206
221 0.469397
222 0.470092
223 0.470859
224 0.471569
225 0.472566
226 0.473376
227 0.474514
228 0.475135
229 0.475976
230 0.476338
231 0.4776
232 0.478461
233 0.479059
234 0.479995
235 0.480355
236 0.481634
237 0.482097
238 0.482724
239 0.483826
240 0.484634
241 0.485529
242 0.485802
243 0.486186
244 0.486764
245 0.487647
246 0.488681
247 0.488765
248 0.48965
249 0.490033
250 0.490864
251 0.49107
252 0.491988
253 0.49269
254 0.493081
255 0.493771
256 0.494488
257 0.495002
258 0.495817
259 0.496482
260 0.496674
261 0.497769
262 0.498179
263 0.498489
264 0.499282
265 0.500198
266 0.500383
267 0.500887
268 0.501568
269 0.502513
270 0.503114
271 0.503395
272 0.504082
273 0.504063
274 0.504972
275 0.505925
276 0.506516
277 0.50663
278 0.507342
279 0.508043
280 0.508765
281 0.508719
282 0.509411
283 0.510072
284 0.510964
285 0.510723
286 0.511312
287 0.512293
288 0.512874
289 0.513432
290 0.513953
291 0.514415
292 0.514646
293 0.515371
294 0.516175
295 0.516241
296 0.516773
297 0.51745
298 0.517487
299 0.518176
300 0.518621
