1 0.499527
2 0.541667
3 0.569422
4 0.590499
5 0.607652
6 0.621874
7 0.634021
8 0.644451
9 0.6535
10 0.661311
11 0.668469
12 0.675124
13 0.681087
14 0.686504
15 0.691317
16 0.695637
17 0.700103
18 0.70379
19 0.70747
20 0.710928
21 0.714065
22 0.716891
23 0.719502
24 0.722381
25 0.724825
26 0.726972
27 0.729101
28 0.731303
29 0.73344
30 0.735151
31 0.736809
32 0.738665
33 0.740207
34 0.740291
35 0.740507
36 0.740676
37 0.740829
38 0.740989
39 0.740788
40 0.740408
41 0.740173
42 0.740194
43 0.739811
44 0.739623
45 0.739227
46 0.739087
47 0.738719
48 0.738523
49 0.738202
50 0.737907
51 0.737582
52 0.73737
53 0.7373
54 0.737301
55 0.737251
56 0.737486
57 0.737429
58 0.737667
59 0.738036
60 0.738366
61 0.738833
62 0.739119
63 0.739851
64 0.74041
65 0.741004
66 0.741776
67 0.742669
68 0.743431
69 0.744458
70 0.745346
71 0.746281
72 0.747362
73 0.748292
74 0.749308
75 0.750408
76 0.751452
77 0.752437
78 0.753518
79 0.754707
80 0.75577
81 0.75706
82 0.758114
83 0.759209
84 0.760437
85 0.761517
86 0.762708
87 0.763935
88 0.765022
89 0.766031
90 0.767337
91 0.768485
92 0.76946
93 0.770594
94 0.771713
95 0.772797
96 0.773891
97 0.774924
98 0.775872
99 0.777054
100 0.777967
101 0.778953
102 0.779961
103 0.781098
104 0.782105
105 0.782994
106 0.783867
107 0.78484
108 0.785746
109 0.786648
110 0.787491
111 0.788374
112 0.789264
113 0.790277
114 0.791136
115 0.791955
116 0.792883
117 0.793686
118 0.794467
119 0.795312
120 0.796103
121 0.796814
122 0.797678
123 0.798422
124 0.799217
125 0.799945
126 0.800585
127 0.801491
128 0.802246
129 0.802908
130 0.803657
131 0.804316
132 0.804962
133 0.805575
134 0.806332
135 0.806953
136 0.80756
137 0.808367
138 0.808858
139 0.80953
140 0.810032
141 0.810642
142 0.811312
143 0.811914
144 0.812498
145 0.812935
146 0.813543
147 0.814015
148 0.814605
149 0.815105
150 0.815628
151 0.816126
152 0.816597
153 0.817089
154 0.817629
155 0.818139
156 0.818584
157 0.818948
158 0.819417
159 0.819902
160 0.820334
161 0.82082
162 0.821162
163 0.821714
164 0.822092
165 0.82251
166 0.822897
167 0.823409
168 0.82379
169 0.824147
170 0.824618
171 0.825041
172 0.825365
173 0.825806
174 0.826222
175 0.82662
176 0.826987
177 0.8273
178 0.827844
179 0.828137
180 0.82851
181 0.828961
182 0.82932
183 0.829746
184 0.830002
185 0.830453
186 0.830775
187 0.831143
188 0.831527
189 0.83179
190 0.832234
191 0.832559
192 0.832917
193 0.833192
194 0.833554
195 0.83387
196 0.834216
197 0.834561
198 0.83494
199 0.835201
200 0.835506
201 0.835868
202 0.836228
203 0.83654
204 0.836804
205 0.83715
206 0.837499
207 0.83779
208 0.83813
209 0.838441
210 0.83873
211 0.838982
212 0.839347
213 0.839625
214 0.839903
215 0.840267
216 0.840435
217 0.840788
218 0.841087
219 0.84146
220 0.841669
221 0.841906
222 0.842249
223 0.842483
224 0.842742
225 0.842999
226 0.843294
227 0.843541
228 0.843804
229 0.84408
230 0.844281
231 0.844566
232 0.844892
233 0.845033
234 0.845327
235 0.845546
236 0.845874
237 0.846093
238 0.846298
239 0.846593
240 0.846753
241 0.847018
242 0.847188
243 0.84735
244 0.847528
245 0.847737
246 0.848004
247 0.848173
248 0.848336
249 0.848528
250 0.848832
251 0.848947
252 0.849139
253 0.849346
254 0.849521
255 0.849637
256 0.84992
257 0.850077
258 0.850272
259 0.850426
260 0.850622
261 0.850802
262 0.850923
263 0.851112
264 0.851328
265 0.85153
266 0.85162
267 0.85179
268 0.851964
269 0.852211
270 0.852319
271 0.8525
272 0.852682
273 0.852752
274 0.852983
275 0.85316
276 0.853283
277 0.853444
278 0.853587
279 0.853822
280 0.85392
281 0.854025
282 0.854219
283 0.854368
284 0.854537
285 0.854641
286 0.854777
287 0.854993
288 0.85512
289 0.855216
290 0.855431
291 0.855531
292 0.855665
293 0.855772
294 0.855997
295 0.85607
296 0.856231
297 0.856411
298 0.856424
299 0.856634
300 0.856755
