1 0.5
2 0.379435
3 0.325986
4 0.29375
5 0.271422
6 0.254827
7 0.241916
8 0.231001
9 0.222266
10 0.214683
11 0.208028
12 0.202364
13 0.197205
14 0.19269
15 0.188542
16 0.184988
17 0.18143
18 0.178493
19 0.175678
20 0.173061
21 0.170614
22 0.168297
23 0.166451
24 0.164352
25 0.16251
26 0.161137
27 0.159487
28 0.158099
29 0.156575
30 0.155351
31 0.154195
32 0.153062
33 0.151945
34 0.148916
35 0.146106
36 0.143786
37 0.14166
38 0.139723
39 0.137474
40 0.135494
41 0.133586
42 0.131818
43 0.13019
44 0.128651
45 0.127262
46 0.125996
47 0.124647
48 0.123212
49 0.12196
50 0.120869
51 0.119726
52 0.118762
53 0.117815
54 0.117052
55 0.11618
56 0.11562
57 0.114968
58 0.114441
59 0.114022
60 0.113576
61 0.113225
62 0.112945
63 0.112566
64 0.112266
65 0.112108
66 0.111912
67 0.11155
68 0.111347
69 0.111051
70 0.110778
71 0.110533
72 0.110138
73 0.109822
74 0.109385
75 0.109034
76 0.108528
77 0.108259
78 0.107746
79 0.107264
80 0.106825
81 0.106339
82 0.10586
83 0.1053
84 0.104835
85 0.104294
86 0.103741
87 0.103223
88 0.102665
89 0.102158
90 0.101562
91 0.100943
92 0.100399
93 0.0997536
94 0.09928
95 0.0986472
96 0.0980897
97 0.097618
98 0.097091
99 0.0965599
100 0.0960651
101 0.0954824
102 0.0949386
103 0.0943262
104 0.0937627
105 0.0933722
106 0.0928668
107 0.0923514
108 0.0918571
109 0.091444
110 0.0910587
111 0.0905711
112 0.0900228
113 0.0895718
114 0.0891292
115 0.0886707
116 0.0882108
117 0.0878261
118 0.0873863
119 0.0870844
120 0.0866459
121 0.086391
122 0.0859597
123 0.0856661
124 0.0851977
125 0.085042
126 0.0846553
127 0.0842879
128 0.0839716
129 0.0835804
130 0.0833425
131 0.0831024
132 0.0829452
133 0.0826309
134 0.0822634
135 0.0821597
136 0.0819022
137 0.0814192
138 0.0814021
139 0.0810421
140 0.0809502
141 0.0807422
142 0.0805796
143 0.0801688
144 0.0799959
145 0.079921
146 0.0797081
147 0.0794618
148 0.0791764
149 0.0791263
150 0.0789032
151 0.0787694
152 0.0784789
153 0.0784749
154 0.0781157
155 0.0780787
156 0.0778936
157 0.0778405
158 0.0777017
159 0.0774607
160 0.0773389
161 0.0771719
162 0.0771389
163 0.0769556
164 0.0768056
165 0.0766965
166 0.0765253
167 0.0764006
168 0.0762725
169 0.076256
170 0.0760959
171 0.0759513
172 0.0758993
173 0.075797
174 0.0756883
175 0.0755392
176 0.0754393
177 0.0754782
178 0.0752735
179 0.0751963
180 0.0751048
181 0.0750154
182 0.0749432
183 0.0748085
184 0.0747816
185 0.0747116
186 0.0746006
187 0.0745842
188 0.0745096
189 0.074571
190 0.0744195
191 0.0742941
192 0.0742311
193 0.0741708
194 0.0741694
195 0.0741296
196 0.0740158
197 0.0739456
198 0.0738311
199 0.0737866
200 0.0737572
201 0.0737018
202 0.0735361
203 0.0735567
204 0.0735426
205 0.0734477
206 0.0733976
207 0.0733161
208 0.0732818
209 0.0732002
210 0.0732029
211 0.073194
212 0.0730886
213 0.0730785
214 0.0730839
215 0.0728076
216 0.0729393
217 0.072904
218 0.072787
219 0.0727388
220 0.0727404
221 0.0728541
222 0.0725714
223 0.072589
224 0.0725909
225 0.0725222
226 0.0724251
227 0.0724739
228 0.072386
229 0.0723506
230 0.0724171
231 0.0723173
232 0.0721599
233 0.0722933
234 0.0721612
235 0.0722143
236 0.0720782
237 0.0720366
238 0.0720894
239 0.0720341
240 0.0720253
241 0.0719186
242 0.0718974
243 0.0718556
244 0.0718549
245 0.0717798
246 0.0716166
247 0.071697
248 0.0716958
249 0.0716284
250 0.0715044
251 0.0715411
252 0.0715822
253 0.0715482
254 0.0715152
255 0.0715025
256 0.0713599
257 0.0714171
258 0.0713649
259 0.0714149
260 0.0712859
261 0.0712837
262 0.0713923
263 0.071303
264 0.0712296
265 0.0711604
266 0.0711636
267 0.071161
268 0.0710751
269 0.0709857
270 0.0710848
271 0.0710512
272 0.0709281
273 0.0710651
274 0.0709307
275 0.0708511
276 0.0708705
277 0.0708528
278 0.0708274
279 0.0706815
280 0.070823
281 0.0707105
282 0.0706425
283 0.0706652
284 0.0706032
285 0.0706193
286 0.0706739
287 0.070447
288 0.0705156
289 0.0705381
290 0.0703855
291 0.0703805
292 0.0703344
293 0.0703943
294 0.0702809
295 0.0702923
296 0.0702067
297 0.0701281
298 0.0702057
299 0.0701051
300 0.0700227
