1 0.437538
2 0.395597
3 0.367932
4 0.346564
5 0.329659
6 0.315495
7 0.303577
8 0.292978
9 0.284039
10 0.276074
11 0.268901
12 0.262247
13 0.256278
14 0.250994
15 0.24611
16 0.241742
17 0.237295
18 0.233637
19 0.229856
20 0.226541
21 0.22332
22 0.220525
23 0.217944
24 0.215193
25 0.212685
26 0.210393
27 0.208438
28 0.206086
29 0.203989
30 0.202244
31 0.200615
32 0.198776
33 0.197229
34 0.197128
35 0.196968
36 0.196761
37 0.196673
38 0.196449
39 0.19668
40 0.197087
41 0.197305
42 0.197264
43 0.197587
44 0.197792
45 0.1982
46 0.198363
47 0.198739
48 0.198944
49 0.19923
50 0.199601
51 0.199848
52 0.200006
53 0.200118
54 0.200125
55 0.200173
56 0.199977
57 0.200017
58 0.199778
59 0.199429
60 0.19906
61 0.198575
62 0.198359
63 0.197576
64 0.197061
65 0.196465
66 0.195678
67 0.194786
68 0.194016
69 0.193033
70 0.192122
71 0.191193
72 0.190113
73 0.189178
74 0.188181
75 0.187095
76 0.18603
77 0.185035
78 0.183935
79 0.182791
80 0.181707
81 0.180426
82 0.179445
83 0.178309
84 0.177011
85 0.175967
86 0.174817
87 0.173582
88 0.172475
89 0.171403
90 0.170194
91 0.16903
92 0.168046
93 0.166853
94 0.165761
95 0.16468
96 0.1636
97 0.162582
98 0.16163
99 0.160464
100 0.159504
101 0.158557
102 0.157533
103 0.156401
104 0.155402
105 0.154489
106 0.153583
107 0.152615
108 0.151748
109 0.150822
110 0.14998
111 0.14912
112 0.148196
113 0.147237
114 0.146385
115 0.145559
116 0.144612
117 0.143837
118 0.143024
119 0.142209
120 0.141376
121 0.140661
122 0.139789
123 0.139051
124 0.138283
125 0.137563
126 0.136878
127 0.136016
128 0.135276
129 0.134611
130 0.133858
131 0.133201
132 0.132544
133 0.131897
134 0.131194
135 0.130544
136 0.129946
137 0.129135
138 0.1287
139 0.127957
140 0.127478
141 0.126849
142 0.126211
143 0.125577
144 0.125016
145 0.124587
146 0.123979
147 0.123501
148 0.12293
149 0.122412
150 0.121859
151 0.121377
152 0.120951
153 0.120422
154 0.119899
155 0.119384
156 0.11894
157 0.118551
158 0.1181
159 0.117628
160 0.117176
161 0.116721
162 0.116345
163 0.115803
164 0.115444
165 0.115003
166 0.114626
167 0.114104
168 0.113701
169 0.113366
170 0.112845
171 0.112457
172 0.112135
173 0.111709
174 0.111279
175 0.110892
176 0.110529
177 0.110203
178 0.109679
179 0.109355
180 0.109
181 0.108553
182 0.108164
183 0.107793
184 0.107503
185 0.107042
186 0.106759
187 0.10636
188 0.105982
189 0.105717
190 0.105266
191 0.104913
192 0.104593
193 0.10429
194 0.103949
195 0.103646
196 0.103287
197 0.102931
198 0.102541
199 0.102289
200 0.101977
201 0.101637
202 0.101264
203 0.100957
204 0.100704
205 0.100312
206 0.0999957
207 0.0997217
208 0.0993525
209 0.0990493
210 0.0987796
211 0.0984813
212 0.098189
213 0.0978563
214 0.0975874
215 0.0972638
216 0.0970685
217 0.096715
218 0.0964149
219 0.0960351
220 0.0958422
221 0.0955792
222 0.0952578
223 0.0949848
224 0.0947623
225 0.0945077
226 0.0942188
227 0.0939288
228 0.0937038
229 0.0934143
230 0.0932043
231 0.0929232
232 0.0926192
233 0.0924705
234 0.0921851
235 0.0919689
236 0.0916722
237 0.0914475
238 0.0912217
239 0.0909246
240 0.0907417
241 0.0904809
242 0.0903121
243 0.0901373
244 0.0899798
245 0.0897466
246 0.0894736
247 0.0893042
248 0.0891613
249 0.0889654
250 0.0886884
251 0.0885711
252 0.0883573
253 0.0881455
254 0.0879847
255 0.0878363
256 0.0876026
257 0.0874399
258 0.0872392
259 0.0870673
260 0.0868834
261 0.0866794
262 0.0865784
263 0.0863982
264 0.0861661
265 0.0859805
266 0.0858686
267 0.0857076
268 0.0855058
269 0.0852906
270 0.0851475
271 0.0849839
272 0.0848136
273 0.084735
274 0.0845462
275 0.084319
276 0.0842041
277 0.0840492
278 0.0839105
279 0.0836705
280 0.0835483
281 0.0834549
282 0.0832734
283 0.083141
284 0.0829601
285 0.0828424
286 0.0827316
287 0.0825212
288 0.0823608
289 0.0822631
290 0.0820523
291 0.081956
292 0.0818286
293 0.08171
294 0.0814724
295 0.0814264
296 0.0812774
297 0.0810897
298 0.0810608
299 0.0808551
300 0.0807434
