1 0.066826
2 0.098146
3 0.114369
4 0.129335
5 0.139187
6 0.148405
7 0.155897
8 0.162757
9 0.167534
10 0.173305
11 0.176945
12 0.181364
13 0.184896
14 0.188096
15 0.190741
16 0.193169
17 0.19604
18 0.197957
19 0.199907
20 0.201557
21 0.204017
22 0.205327
23 0.205997
24 0.207255
25 0.208536
26 0.21015
27 0.210753
28 0.212177
29 0.213698
30 0.21383
31 0.214467
32 0.215506
33 0.216188
34 0.217289
35 0.218501
36 0.219513
37 0.221355
38 0.222308
39 0.223609
40 0.225724
41 0.228058
42 0.230512
43 0.233236
44 0.236135
45 0.23906
46 0.242341
47 0.24569
48 0.249943
49 0.253493
50 0.257907
51 0.262634
52 0.267111
53 0.271723
54 0.277598
55 0.282112
56 0.288141
57 0.292906
58 0.298345
59 0.303727
60 0.310384
61 0.316254
62 0.321089
63 0.328443
64 0.334469
65 0.339427
66 0.346126
67 0.352661
68 0.359132
69 0.365453
70 0.372038
71 0.378012
72 0.383893
73 0.389255
74 0.395049
75 0.401083
76 0.407122
77 0.413018
78 0.418331
79 0.424735
80 0.429316
81 0.434608
82 0.439733
83 0.444584
84 0.449827
85 0.454754
86 0.459992
87 0.464571
88 0.469125
89 0.473447
90 0.478405
91 0.482658
92 0.486466
93 0.491219
94 0.49531
95 0.500242
96 0.503231
97 0.507077
98 0.510994
99 0.514938
100 0.51876
101 0.521785
102 0.525866
103 0.529837
104 0.532864
105 0.536429
106 0.53903
107 0.54286
108 0.546533
109 0.549549
110 0.552689
111 0.554549
112 0.558784
113 0.561449
114 0.563659
115 0.566776
116 0.570425
117 0.571956
118 0.574901
119 0.577781
120 0.580125
121 0.583621
122 0.585727
123 0.58772
124 0.590118
125 0.591845
126 0.594325
127 0.597102
128 0.599952
129 0.601228
130 0.603447
131 0.605248
132 0.607292
133 0.609374
134 0.61104
135 0.613804
136 0.615324
137 0.617456
138 0.619473
139 0.621595
140 0.623626
141 0.624944
142 0.626802
143 0.628716
144 0.630639
145 0.631323
146 0.633305
147 0.634535
148 0.636911
149 0.637862
150 0.640504
151 0.640883
152 0.642683
153 0.643712
154 0.645847
155 0.646999
156 0.648991
157 0.649044
158 0.651132
159 0.651996
160 0.653953
161 0.654749
162 0.656055
163 0.657897
164 0.659362
165 0.660139
166 0.661118
167 0.663456
168 0.66337
169 0.665336
170 0.666498
171 0.667761
172 0.668115
173 0.669115
174 0.670403
175 0.671968
176 0.672946
177 0.673341
178 0.675602
179 0.677008
180 0.677519
181 0.679092
182 0.68034
183 0.681453
184 0.682163
185 0.683242
186 0.683825
187 0.685127
188 0.686664
189 0.686745
190 0.687971
191 0.689972
192 0.689788
193 0.690544
194 0.692387
195 0.693359
196 0.694345
197 0.694735
198 0.697116
199 0.6967
200 0.699109
201 0.698611
202 0.699613
203 0.701186
204 0.701159
205 0.702396
206 0.703412
207 0.704506
208 0.705348
209 0.705992
210 0.706934
211 0.707597
212 0.709109
213 0.70925
214 0.710354
215 0.711109
216 0.712439
217 0.712766
218 0.714252
219 0.715361
220 0.715045
221 0.716387
222 0.716554
223 0.717188
224 0.718018
225 0.719098
226 0.71971
227 0.72073
228 0.721326
229 0.721981
230 0.722452
231 0.723604
232 0.724514
233 0.72493
234 0.725634
235 0.726013
236 0.72737
237 0.727576
238 0.727811
239 0.728661
240 0.729949
241 0.731199
242 0.730953
243 0.730985
244 0.732547
245 0.733196
246 0.734498
247 0.734299
248 0.735492
249 0.735932
250 0.735967
251 0.736877
252 0.737552
253 0.73828
254 0.738323
255 0.738998
256 0.740187
257 0.740438
258 0.741577
259 0.742258
260 0.742053
261 0.743524
262 0.743535
263 0.743914
264 0.745053
265 0.745888
266 0.746161
267 0.746631
268 0.747053
269 0.748141
270 0.748865
271 0.74871
272 0.750009
273 0.749583
274 0.750744
275 0.751324
276 0.752157
277 0.752003
278 0.753147
279 0.753563
280 0.75485
281 0.753866
282 0.754871
283 0.75528
284 0.756549
285 0.755959
286 0.756594
287 0.757695
288 0.75835
289 0.75883
290 0.759281
291 0.759818
292 0.759903
293 0.760559
294 0.761656
295 0.761242
296 0.761982
297 0.762829
298 0.762656
299 0.76324
300 0.763825
