1 0.499664
2 0.500884
3 0.501123
4 0.500869
5 0.522841
6 0.542224
7 0.557668
8 0.571071
9 0.57864
10 0.583688
11 0.594569
12 0.604636
13 0.610575
14 0.616839
15 0.622955
16 0.629231
17 0.632307
18 0.637133
19 0.642718
20 0.646936
21 0.650689
22 0.655358
23 0.659369
24 0.66351
25 0.666907
26 0.670371
27 0.673713
28 0.677578
29 0.680557
30 0.68322
31 0.68612
32 0.688969
33 0.691294
34 0.693759
35 0.696001
36 0.698227
37 0.700202
38 0.702257
39 0.704042
40 0.705902
41 0.707668
42 0.709486
43 0.711125
44 0.712834
45 0.71428
46 0.715859
47 0.717439
48 0.718857
49 0.72031
50 0.721769
51 0.723063
52 0.724477
53 0.725752
54 0.727067
55 0.728374
56 0.729727
57 0.731124
58 0.732467
59 0.733742
60 0.735032
61 0.736366
62 0.737706
63 0.738991
64 0.740234
65 0.741523
66 0.742709
67 0.744254
68 0.745345
69 0.746674
70 0.747733
71 0.749
72 0.750243
73 0.751444
74 0.752732
75 0.753731
76 0.754904
77 0.756198
78 0.757265
79 0.758358
80 0.759524
81 0.760558
82 0.761703
83 0.762835
84 0.763929
85 0.765088
86 0.766096
87 0.767158
88 0.768146
89 0.76921
90 0.770052
91 0.771205
92 0.772086
93 0.772943
94 0.773977
95 0.775009
96 0.775815
97 0.776804
98 0.777746
99 0.77865
100 0.779529
101 0.78037
102 0.781236
103 0.782046
104 0.783061
105 0.783683
106 0.784649
107 0.78547
108 0.786218
109 0.787078
110 0.787775
111 0.788546
112 0.789293
113 0.790072
114 0.790767
115 0.791582
116 0.792294
117 0.793018
118 0.793688
119 0.794399
120 0.795089
121 0.795772
122 0.796582
123 0.797159
124 0.797908
125 0.798464
126 0.799191
127 0.799773
128 0.800425
129 0.80106
130 0.8017
131 0.802262
132 0.802871
133 0.803487
134 0.804092
135 0.80462
136 0.805228
137 0.805806
138 0.806403
139 0.806932
140 0.807543
141 0.808077
142 0.808593
143 0.809124
144 0.809578
145 0.810132
146 0.810634
147 0.811242
148 0.811723
149 0.812209
150 0.812741
151 0.813172
152 0.813675
153 0.814173
154 0.814647
155 0.815194
156 0.815504
157 0.815961
158 0.816416
159 0.816833
160 0.817293
161 0.817833
162 0.818202
163 0.818601
164 0.818927
165 0.819419
166 0.819806
167 0.820174
168 0.820638
169 0.820972
170 0.821383
171 0.821841
172 0.822195
173 0.822523
174 0.822885
175 0.823284
176 0.823697
177 0.82396
178 0.824399
179 0.824715
180 0.825046
181 0.825397
182 0.825724
183 0.826103
184 0.826505
185 0.826863
186 0.82706
187 0.827463
188 0.827815
189 0.828212
190 0.828461
191 0.828855
192 0.829116
193 0.829485
194 0.829824
195 0.830107
196 0.830381
197 0.830639
198 0.831009
199 0.831315
200 0.831689
201 0.831984
202 0.832173
203 0.832509
204 0.832789
205 0.833103
206 0.8334
207 0.833701
208 0.83399
209 0.834296
210 0.834633
211 0.834776
212 0.835105
213 0.835421
214 0.835758
215 0.835913
216 0.836267
217 0.836535
218 0.836796
219 0.837093
220 0.837356
221 0.837649
222 0.837874
223 0.838163
224 0.838365
225 0.838669
226 0.838936
227 0.839196
228 0.839478
229 0.839659
230 0.839942
231 0.840203
232 0.840453
233 0.840678
234 0.840923
235 0.841219
236 0.84153
237 0.84168
238 0.841963
239 0.842239
240 0.84238
241 0.842678
242 0.84298
243 0.84319
244 0.84333
245 0.843584
246 0.84392
247 0.844081
248 0.844314
249 0.844559
250 0.844751
251 0.845022
252 0.845222
253 0.845486
254 0.845603
255 0.845925
256 0.846097
257 0.846327
258 0.846547
259 0.846717
260 0.846988
261 0.84726
262 0.847422
263 0.847607
264 0.84785
265 0.847973
266 0.848229
267 0.848351
268 0.848615
269 0.848791
270 0.849113
271 0.849207
272 0.849398
273 0.849596
274 0.849789
275 0.849974
276 0.850202
277 0.850359
278 0.850553
279 0.850704
280 0.850956
281 0.851101
282 0.85133
283 0.851466
284 0.851609
285 0.85178
286 0.851994
287 0.852165
288 0.852372
289 0.852577
290 0.852784
291 0.852888
292 0.85309
293 0.853269
294 0.853409
295 0.85361
296 0.853811
297 0.853925
298 0.854122
299 0.854244
300 0.854433
