1 0.437402
2 0.436976
3 0.436829
4 0.436976
5 0.414807
6 0.395176
7 0.379697
8 0.366418
9 0.358888
10 0.3538
11 0.342943
12 0.332645
13 0.327061
14 0.320684
15 0.314513
16 0.308411
17 0.305416
18 0.300527
19 0.294889
20 0.290635
21 0.286871
22 0.282249
23 0.278157
24 0.274134
25 0.270687
26 0.267243
27 0.263873
28 0.260116
29 0.257107
30 0.254377
31 0.251426
32 0.248696
33 0.246361
34 0.243936
35 0.241624
36 0.239458
37 0.237322
38 0.235403
39 0.233512
40 0.231681
41 0.229984
42 0.228088
43 0.22647
44 0.224814
45 0.223269
46 0.221734
47 0.220253
48 0.218796
49 0.217374
50 0.215894
51 0.214514
52 0.213177
53 0.211923
54 0.210574
55 0.20922
56 0.207899
57 0.206508
58 0.20516
59 0.203844
60 0.202625
61 0.201275
62 0.199956
63 0.198638
64 0.197429
65 0.196071
66 0.194918
67 0.193408
68 0.19236
69 0.191022
70 0.189889
71 0.188656
72 0.187419
73 0.186209
74 0.184939
75 0.183916
76 0.182729
77 0.181463
78 0.180392
79 0.179292
80 0.178145
81 0.177081
82 0.175936
83 0.174812
84 0.17372
85 0.172622
86 0.171512
87 0.170444
88 0.169524
89 0.168435
90 0.167578
91 0.16646
92 0.165539
93 0.164686
94 0.163681
95 0.162633
96 0.16186
97 0.160832
98 0.159892
99 0.158996
100 0.158127
101 0.15729
102 0.156371
103 0.155591
104 0.154538
105 0.153937
106 0.15302
107 0.152145
108 0.151414
109 0.150603
110 0.149869
111 0.149094
112 0.148334
113 0.14759
114 0.146868
115 0.146078
116 0.145354
117 0.144604
118 0.14394
119 0.143229
120 0.142544
121 0.141874
122 0.141037
123 0.140491
124 0.139746
125 0.13917
126 0.13846
127 0.137895
128 0.137195
129 0.136599
130 0.13596
131 0.13534
132 0.134795
133 0.134184
134 0.133527
135 0.133031
136 0.132403
137 0.13181
138 0.131214
139 0.130699
140 0.130105
141 0.129576
142 0.129033
143 0.128476
144 0.128043
145 0.127509
146 0.126988
147 0.126378
148 0.125896
149 0.125419
150 0.124898
151 0.124441
152 0.123966
153 0.123452
154 0.122973
155 0.122481
156 0.122127
157 0.121696
158 0.121229
159 0.12079
160 0.120374
161 0.119827
162 0.119438
163 0.11901
164 0.118717
165 0.118244
166 0.117812
167 0.117441
168 0.117011
169 0.116683
170 0.116246
171 0.115824
172 0.115448
173 0.115116
174 0.114763
175 0.114371
176 0.113946
177 0.113655
178 0.113225
179 0.11291
180 0.112591
181 0.112256
182 0.111924
183 0.111521
184 0.11116
185 0.110798
186 0.110552
187 0.110213
188 0.109838
189 0.109426
190 0.109147
191 0.108806
192 0.108549
193 0.108158
194 0.107819
195 0.107528
196 0.107258
197 0.106988
198 0.106635
199 0.106313
200 0.105957
201 0.10569
202 0.105465
203 0.105138
204 0.104875
205 0.104528
206 0.104263
207 0.103927
208 0.103625
209 0.103369
210 0.103019
211 0.10284
212 0.102545
213 0.102237
214 0.101887
215 0.10172
216 0.101392
217 0.101099
218 0.100839
219 0.100518
220 0.100293
221 0.100003
222 0.0997427
223 0.0994785
224 0.099264
225 0.0989569
226 0.0987082
227 0.0984502
228 0.0981729
229 0.0979722
230 0.0977176
231 0.0974158
232 0.0971667
233 0.0969399
234 0.0966844
235 0.0964104
236 0.0960838
237 0.0959435
238 0.0956837
239 0.0954066
240 0.0952611
241 0.094945
242 0.0946632
243 0.0944401
244 0.0942527
245 0.0940685
246 0.0937144
247 0.0935628
248 0.0933138
249 0.093065
250 0.0928854
251 0.0926042
252 0.0924159
253 0.0921379
254 0.0920233
255 0.0917349
256 0.0915432
257 0.0912886
258 0.0910709
259 0.0908987
260 0.0906278
261 0.0903805
262 0.0902294
263 0.090017
264 0.0898025
265 0.0896625
266 0.0893821
267 0.0892767
268 0.0890154
269 0.0888371
270 0.0885363
271 0.0884376
272 0.0882535
273 0.0880185
274 0.0878475
275 0.0876518
276 0.0874405
277 0.0872719
278 0.0870632
279 0.0869079
280 0.0866778
281 0.0865599
282 0.086295
283 0.0861653
284 0.0859934
285 0.0858453
286 0.0856403
287 0.0854383
288 0.0852498
289 0.0850407
290 0.08485
291 0.0847209
292 0.0845144
293 0.0843635
294 0.0842315
295 0.0840209
296 0.0838095
297 0.0837184
298 0.0835241
299 0.0833874
300 0.0831844
