1 0.5
2 0.499999
3 0.499999
4 0.5
5 0.487417
6 0.479877
7 0.47724
8 0.472183
9 0.465998
10 0.463665
11 0.458991
12 0.454952
13 0.451051
14 0.445847
15 0.441595
16 0.437339
17 0.432454
18 0.428507
19 0.423697
20 0.419335
21 0.416003
22 0.411726
23 0.408418
24 0.403838
25 0.400622
26 0.397928
27 0.394911
28 0.391371
29 0.389136
30 0.386521
31 0.383358
32 0.381
33 0.378899
34 0.375668
35 0.3728
36 0.370492
37 0.368695
38 0.365797
39 0.363235
40 0.361276
41 0.359292
42 0.357039
43 0.354993
44 0.352927
45 0.351762
46 0.349065
47 0.347338
48 0.345419
49 0.343292
50 0.341715
51 0.339649
52 0.337043
53 0.336435
54 0.334395
55 0.332495
56 0.331071
57 0.329896
58 0.327513
59 0.326876
60 0.324067
61 0.322864
62 0.321924
63 0.320076
64 0.318017
65 0.317007
66 0.31576
67 0.314592
68 0.313098
69 0.311932
70 0.310967
71 0.309881
72 0.308727
73 0.306843
74 0.305445
75 0.304779
76 0.304241
77 0.303102
78 0.3023
79 0.301525
80 0.300171
81 0.299467
82 0.298099
83 0.297675
84 0.296943
85 0.295826
86 0.295291
87 0.293847
88 0.294189
89 0.293131
90 0.292719
91 0.291921
92 0.291889
93 0.290711
94 0.289956
95 0.289305
96 0.288878
97 0.28848
98 0.287501
99 0.286885
100 0.286528
101 0.286434
102 0.285974
103 0.285553
104 0.28497
105 0.284163
106 0.284027
107 0.283895
108 0.283209
109 0.282475
110 0.282785
111 0.28173
112 0.281242
113 0.281788
114 0.281308
115 0.280125
116 0.27961
117 0.27977
118 0.278958
119 0.278362
120 0.278941
121 0.279022
122 0.27762
123 0.277424
124 0.278139
125 0.2777
126 0.277625
127 0.276483
128 0.276489
129 0.276591
130 0.276596
131 0.276448
132 0.275713
133 0.275792
134 0.276356
135 0.274356
136 0.276141
137 0.274788
138 0.274461
139 0.274045
140 0.274522
141 0.274408
142 0.273823
143 0.274444
144 0.273165
145 0.273177
146 0.273366
147 0.272946
148 0.272382
149 0.272511
150 0.272397
151 0.271385
152 0.272115
153 0.271474
154 0.270909
155 0.27145
156 0.2711
157 0.271521
158 0.271317
159 0.270963
160 0.270283
161 0.27041
162 0.270898
163 0.270965
164 0.270546
165 0.268911
166 0.270292
167 0.270294
168 0.270328
169 0.27034
170 0.269173
171 0.268944
172 0.26947
173 0.269175
174 0.268544
175 0.268794
176 0.268955
177 0.267653
178 0.26772
179 0.26869
180 0.268348
181 0.268305
182 0.267947
183 0.268444
184 0.268028
185 0.268338
186 0.268055
187 0.26735
188 0.26722
189 0.266833
190 0.266956
191 0.267587
192 0.267568
193 0.266304
194 0.266966
195 0.267089
196 0.266587
197 0.267099
198 0.266939
199 0.266355
200 0.26616
201 0.265852
202 0.266175
203 0.266233
204 0.266393
205 0.265922
206 0.265438
207 0.266455
208 0.265406
209 0.265126
210 0.266031
211 0.265067
212 0.265355
213 0.264797
214 0.264692
215 0.265125
216 0.264476
217 0.264838
218 0.264736
219 0.264118
220 0.264336
221 0.264684
222 0.264164
223 0.263888
224 0.263728
225 0.263933
226 0.264596
227 0.263844
228 0.264455
229 0.263603
230 0.264232
231 0.263814
232 0.263914
233 0.264171
234 0.262981
235 0.263774
236 0.264086
237 0.263968
238 0.263782
239 0.263403
240 0.263157
241 0.263483
242 0.262479
243 0.26358
244 0.263538
245 0.262555
246 0.263419
247 0.262568
248 0.262751
249 0.262984
250 0.263535
251 0.262426
252 0.262267
253 0.262234
254 0.261664
255 0.262111
256 0.262298
257 0.262002
258 0.261958
259 0.262317
260 0.261579
261 0.260714
262 0.261572
263 0.261865
264 0.261086
265 0.262077
266 0.261594
267 0.261527
268 0.26075
269 0.261445
270 0.261139
271 0.260846
272 0.260615
273 0.261535
274 0.260797
275 0.26081
276 0.260668
277 0.261088
278 0.260591
279 0.260399
280 0.260988
281 0.260836
282 0.25981
283 0.26033
284 0.260709
285 0.260543
286 0.260663
287 0.260892
288 0.260232
289 0.26079
290 0.26089
291 0.260304
292 0.259578
293 0.260041
294 0.259334
295 0.259718
296 0.260082
297 0.260137
298 0.260312
299 0.259589
300 0.259461
