1 0.499664
2 0.501362
3 0.501379
4 0.500288
5 0.611469
6 0.640424
7 0.649141
8 0.66445
9 0.681235
10 0.687123
11 0.698313
12 0.707411
13 0.715763
14 0.72632
15 0.73451
16 0.742354
17 0.750966
18 0.757648
19 0.765484
20 0.772321
21 0.777385
22 0.783694
23 0.788436
24 0.794814
25 0.79917
26 0.802744
27 0.806669
28 0.811174
29 0.813965
30 0.817179
31 0.820994
32 0.82379
33 0.826246
34 0.829961
35 0.833198
36 0.835763
37 0.837735
38 0.840871
39 0.8436
40 0.84566
41 0.847721
42 0.850034
43 0.852109
44 0.85418
45 0.855337
46 0.857987
47 0.859663
48 0.861506
49 0.863526
50 0.865009
51 0.866932
52 0.869328
53 0.869882
54 0.871727
55 0.873427
56 0.87469
57 0.875725
58 0.877804
59 0.878356
60 0.880764
61 0.881785
62 0.882578
63 0.884125
64 0.885832
65 0.886662
66 0.887681
67 0.888629
68 0.889834
69 0.890768
70 0.891536
71 0.892396
72 0.893305
73 0.894776
74 0.895859
75 0.896372
76 0.896785
77 0.897656
78 0.898266
79 0.898853
80 0.899873
81 0.9004
82 0.90142
83 0.901734
84 0.902276
85 0.903098
86 0.90349
87 0.904543
88 0.904294
89 0.905062
90 0.90536
91 0.905935
92 0.905958
93 0.906802
94 0.907341
95 0.907803
96 0.908106
97 0.908387
98 0.909077
99 0.909509
100 0.909759
101 0.909825
102 0.910146
103 0.910439
104 0.910844
105 0.911403
106 0.911497
107 0.911588
108 0.91206
109 0.912564
110 0.912351
111 0.913073
112 0.913405
113 0.913033
114 0.91336
115 0.914163
116 0.914511
117 0.914403
118 0.91495
119 0.91535
120 0.914961
121 0.914907
122 0.915846
123 0.915977
124 0.915499
125 0.915793
126 0.915843
127 0.916603
128 0.916599
129 0.916531
130 0.916528
131 0.916626
132 0.917113
133 0.917061
134 0.916687
135 0.918007
136 0.91683
137 0.917723
138 0.917938
139 0.918211
140 0.917898
141 0.917973
142 0.918356
143 0.917949
144 0.918786
145 0.918778
146 0.918655
147 0.918929
148 0.919296
149 0.919212
150 0.919286
151 0.919942
152 0.919469
153 0.919884
154 0.920249
155 0.9199
156 0.920126
157 0.919854
158 0.919986
159 0.920214
160 0.920652
161 0.92057
162 0.920256
163 0.920213
164 0.920483
165 0.92153
166 0.920646
167 0.920645
168 0.920623
169 0.920615
170 0.921363
171 0.921509
172 0.921173
173 0.921362
174 0.921764
175 0.921605
176 0.921502
177 0.92233
178 0.922288
179 0.921671
180 0.921889
181 0.921916
182 0.922144
183 0.921828
184 0.922092
185 0.921895
186 0.922075
187 0.922522
188 0.922604
189 0.922849
190 0.922771
191 0.922372
192 0.922384
193 0.923182
194 0.922765
195 0.922687
196 0.923004
197 0.922681
198 0.922782
199 0.92315
200 0.923273
201 0.923466
202 0.923263
203 0.923227
204 0.923126
205 0.923422
206 0.923726
207 0.923087
208 0.923746
209 0.923921
210 0.923354
211 0.923958
212 0.923778
213 0.924127
214 0.924192
215 0.923922
216 0.924327
217 0.924101
218 0.924165
219 0.92455
220 0.924414
221 0.924197
222 0.924521
223 0.924693
224 0.924792
225 0.924665
226 0.924252
227 0.92472
228 0.92434
229 0.92487
230 0.924479
231 0.924739
232 0.924677
233 0.924517
234 0.925255
235 0.924764
236 0.92457
237 0.924643
238 0.924759
239 0.924994
240 0.925146
241 0.924944
242 0.925565
243 0.924884
244 0.92491
245 0.925518
246 0.924984
247 0.92551
248 0.925397
249 0.925253
250 0.924912
251 0.925598
252 0.925696
253 0.925716
254 0.926067
255 0.925792
256 0.925677
257 0.925859
258 0.925886
259 0.925665
260 0.926119
261 0.926649
262 0.926123
263 0.925943
264 0.926421
265 0.925813
266 0.92611
267 0.926151
268 0.926627
269 0.926201
270 0.926389
271 0.926568
272 0.926709
273 0.926146
274 0.926598
275 0.92659
276 0.926677
277 0.92642
278 0.926724
279 0.926841
280 0.926481
281 0.926574
282 0.9272
283 0.926883
284 0.926652
285 0.926753
286 0.92668
287 0.92654
288 0.926943
289 0.926602
290 0.926541
291 0.926899
292 0.927341
293 0.927059
294 0.927489
295 0.927256
296 0.927034
297 0.927001
298 0.926894
299 0.927334
300 0.927412
