1 0.437402
2 0.436958
3 0.436535
4 0.437418
5 0.326128
6 0.296756
7 0.287854
8 0.273154
9 0.25615
10 0.250727
11 0.238813
12 0.229441
13 0.222092
14 0.211205
15 0.203408
16 0.195452
17 0.187532
18 0.179854
19 0.172569
20 0.165821
21 0.160148
22 0.15409
23 0.148669
24 0.143364
25 0.138967
26 0.134864
27 0.131167
28 0.127033
29 0.123378
30 0.120407
31 0.116825
32 0.113816
33 0.110793
34 0.107643
35 0.10474
36 0.10221
37 0.0995965
38 0.0968703
39 0.0944994
40 0.0922646
41 0.0900026
42 0.0875562
43 0.0856012
44 0.0835631
45 0.0817342
46 0.0796402
47 0.0777595
48 0.0760126
49 0.0742223
50 0.0724508
51 0.0705818
52 0.0690085
53 0.0675294
54 0.0658942
55 0.0642909
56 0.0629367
57 0.0613709
58 0.0599526
59 0.0586115
60 0.0573649
61 0.0559649
62 0.0548669
63 0.0534625
64 0.0524094
65 0.0510796
66 0.0499828
67 0.0487606
68 0.0479008
69 0.0467833
70 0.0460381
71 0.0451007
72 0.0442244
73 0.043266
74 0.0422681
75 0.0417197
76 0.0408734
77 0.0400257
78 0.0392661
79 0.0386739
80 0.0379956
81 0.0372519
82 0.0366276
83 0.0361478
84 0.0353961
85 0.0348495
86 0.0342755
87 0.033641
88 0.0331973
89 0.0326233
90 0.0322184
91 0.0317342
92 0.0312606
93 0.0308366
94 0.0304173
95 0.0298423
96 0.0296155
97 0.0292537
98 0.0288067
99 0.0283504
100 0.0280709
101 0.0278169
102 0.0274597
103 0.0270499
104 0.0266849
105 0.0265711
106 0.0261072
107 0.025842
108 0.0255503
109 0.025283
110 0.0250757
111 0.0247085
112 0.0244689
113 0.0242912
114 0.0239933
115 0.0237189
116 0.0234913
117 0.0233066
118 0.0230499
119 0.0228886
120 0.0227027
121 0.0225074
122 0.0222555
123 0.0220866
124 0.0217841
125 0.0217678
126 0.0215807
127 0.0213988
128 0.0211713
129 0.0209935
130 0.0208631
131 0.0207075
132 0.0206494
133 0.020482
134 0.0203437
135 0.0202704
136 0.0200729
137 0.0199072
138 0.0197337
139 0.0196554
140 0.0196084
141 0.0193872
142 0.0192645
143 0.0191071
144 0.0190733
145 0.0189156
146 0.0188868
147 0.0186057
148 0.0186022
149 0.018443
150 0.0182403
151 0.0182109
152 0.0180909
153 0.0179229
154 0.0178678
155 0.0176796
156 0.017706
157 0.0177055
158 0.0175457
159 0.0174359
160 0.0173352
161 0.0171202
162 0.0170551
163 0.0169855
164 0.0169737
165 0.0169111
166 0.0167418
167 0.0167234
168 0.016594
169 0.0165735
170 0.0163561
171 0.0163636
172 0.0162984
173 0.0162095
174 0.0162165
175 0.0160859
176 0.0159197
177 0.015914
178 0.0157892
179 0.0157887
180 0.0157011
181 0.0156676
182 0.0155851
183 0.0154993
184 0.0153468
185 0.0153157
186 0.0153451
187 0.0152523
188 0.0151693
189 0.0150165
190 0.0149441
191 0.0149585
192 0.0149906
193 0.0148299
194 0.0147482
195 0.0147614
196 0.0147419
197 0.0146776
198 0.0146059
199 0.0145565
200 0.0143913
201 0.0143792
202 0.0144053
203 0.0143413
204 0.0142657
205 0.0141665
206 0.0141436
207 0.0140311
208 0.0139778
209 0.0139689
210 0.0138852
211 0.0138799
212 0.013839
213 0.0137452
214 0.0136263
215 0.0136549
216 0.0135886
217 0.0134805
218 0.0134888
219 0.0134348
220 0.0133996
221 0.0133061
222 0.0132658
223 0.0132081
224 0.0131881
225 0.0130991
226 0.0130697
227 0.0130095
228 0.0129299
229 0.0129934
230 0.0129256
231 0.0128761
232 0.0128229
233 0.0127665
234 0.0127493
235 0.012702
236 0.0125897
237 0.0126058
238 0.0125357
239 0.0125155
240 0.0125209
241 0.012386
242 0.0123948
243 0.0122949
244 0.0123035
245 0.0122882
246 0.0121424
247 0.0122361
248 0.0121302
249 0.0120477
250 0.0120343
251 0.012
252 0.0119695
253 0.0118749
254 0.0119381
255 0.0117985
256 0.0118693
257 0.0117608
258 0.0117107
259 0.0117188
260 0.0116531
261 0.011571
262 0.0115551
263 0.0115263
264 0.0114849
265 0.0115492
266 0.0114022
267 0.011461
268 0.0114051
269 0.0113228
270 0.0112758
271 0.0113056
272 0.0112447
273 0.011219
274 0.0111591
275 0.0111434
276 0.011068
277 0.0111032
278 0.0110519
279 0.0110492
280 0.0109686
281 0.0110201
282 0.010908
283 0.0108977
284 0.0109212
285 0.010826
286 0.0108231
287 0.010809
288 0.0107483
289 0.0106485
290 0.0105981
291 0.0106601
292 0.0105902
293 0.0105689
294 0.0105705
295 0.0105
296 0.0104797
297 0.0104888
298 0.010449
299 0.0104428
300 0.0103938
