1 0.066788
2 0.066687
3 0.066781
4 0.066687
5 0.0754806
6 0.0827895
7 0.0890603
8 0.0957501
9 0.101358
10 0.102096
11 0.108793
12 0.115589
13 0.118599
14 0.123235
15 0.128016
16 0.132618
17 0.136079
18 0.139919
19 0.144783
20 0.148424
21 0.151937
22 0.156642
23 0.160253
24 0.164344
25 0.167581
26 0.171354
27 0.174867
28 0.17908
29 0.182162
30 0.184915
31 0.188663
32 0.192007
33 0.194392
34 0.19761
35 0.200817
36 0.20325
37 0.206316
38 0.208802
39 0.211647
40 0.214038
41 0.216633
42 0.219115
43 0.221653
44 0.224046
45 0.22634
46 0.229098
47 0.231242
48 0.233887
49 0.236168
50 0.238663
51 0.241009
52 0.243181
53 0.245811
54 0.248155
55 0.25048
56 0.252958
57 0.255557
58 0.257861
59 0.260408
60 0.262844
61 0.265352
62 0.267676
63 0.270337
64 0.272657
65 0.275631
66 0.277695
67 0.280681
68 0.282829
69 0.28551
70 0.287907
71 0.290029
72 0.292937
73 0.295011
74 0.297625
75 0.299445
76 0.301902
77 0.304676
78 0.306758
79 0.308982
80 0.310983
81 0.313558
82 0.315634
83 0.31779
84 0.320122
85 0.322178
86 0.32451
87 0.326441
88 0.328571
89 0.330554
90 0.332596
91 0.334986
92 0.33671
93 0.338507
94 0.340122
95 0.342446
96 0.343845
97 0.346432
98 0.34822
99 0.350043
100 0.35161
101 0.353444
102 0.354986
103 0.356872
104 0.358772
105 0.359899
106 0.362158
107 0.363833
108 0.365453
109 0.36679
110 0.368422
111 0.370049
112 0.371592
113 0.373002
114 0.374636
115 0.376305
116 0.377993
117 0.379422
118 0.380951
119 0.382178
120 0.383427
121 0.3849
122 0.38667
123 0.38785
124 0.389335
125 0.390471
126 0.391837
127 0.393357
128 0.395118
129 0.396037
130 0.397436
131 0.398576
132 0.39984
133 0.401136
134 0.402383
135 0.403524
136 0.404925
137 0.405934
138 0.407165
139 0.408532
140 0.409709
141 0.411016
142 0.411972
143 0.413039
144 0.414317
145 0.415287
146 0.416374
147 0.417785
148 0.418735
149 0.419557
150 0.420906
151 0.421932
152 0.422633
153 0.424112
154 0.425034
155 0.426122
156 0.42669
157 0.427716
158 0.42855
159 0.429619
160 0.43053
161 0.431796
162 0.4328
163 0.433913
164 0.434263
165 0.435349
166 0.436495
167 0.436961
168 0.437922
169 0.438741
170 0.440149
171 0.440674
172 0.44137
173 0.442432
174 0.44319
175 0.444327
176 0.445346
177 0.445751
178 0.446579
179 0.447758
180 0.448133
181 0.448704
182 0.449922
183 0.450712
184 0.451222
185 0.452066
186 0.452569
187 0.453511
188 0.454264
189 0.455694
190 0.4561
191 0.456722
192 0.457216
193 0.458411
194 0.458947
195 0.459864
196 0.460356
197 0.460901
198 0.462068
199 0.462385
200 0.463685
201 0.4644
202 0.464434
203 0.465444
204 0.466057
205 0.467033
206 0.467184
207 0.468559
208 0.468818
209 0.469665
210 0.47026
211 0.470936
212 0.471954
213 0.472283
214 0.473126
215 0.473985
216 0.474204
217 0.475301
218 0.475652
219 0.47703
220 0.477029
221 0.477699
222 0.478554
223 0.479147
224 0.479949
225 0.480468
226 0.481436
227 0.481919
228 0.482601
229 0.483115
230 0.483814
231 0.484473
232 0.484897
233 0.485553
234 0.486336
235 0.487045
236 0.487799
237 0.488389
238 0.488784
239 0.489825
240 0.490108
241 0.491094
242 0.491771
243 0.492382
244 0.492703
245 0.493038
246 0.4941
247 0.494447
248 0.495392
249 0.495738
250 0.496417
251 0.496977
252 0.497645
253 0.498236
254 0.49856
255 0.499474
256 0.499931
257 0.500521
258 0.501314
259 0.501593
260 0.502258
261 0.503112
262 0.503468
263 0.503945
264 0.504578
265 0.504583
266 0.505631
267 0.505985
268 0.5065
269 0.507215
270 0.507994
271 0.508121
272 0.50892
273 0.509432
274 0.509834
275 0.510602
276 0.511227
277 0.511252
278 0.512508
279 0.512727
280 0.513009
281 0.513133
282 0.513945
283 0.514669
284 0.514706
285 0.515343
286 0.516112
287 0.516634
288 0.517139
289 0.518047
290 0.518533
291 0.518514
292 0.51942
293 0.519588
294 0.520042
295 0.520847
296 0.520957
297 0.521409
298 0.522218
299 0.522471
300 0.522871
