1 0.5
2 0.353384
3 0.319139
4 0.288621
5 0.261492
6 0.251062
7 0.245879
8 0.24204
9 0.227531
10 0.22211
11 0.220065
12 0.21692
13 0.209534
14 0.206209
15 0.202923
16 0.199107
17 0.194411
18 0.190358
19 0.186879
20 0.183324
21 0.180113
22 0.176868
23 0.174003
24 0.170974
25 0.168418
26 0.166139
27 0.164007
28 0.161588
29 0.159384
30 0.157573
31 0.155456
32 0.153983
33 0.152218
34 0.150503
35 0.148936
36 0.14707
37 0.145735
38 0.144047
39 0.142831
40 0.1412
41 0.140053
42 0.138582
43 0.137392
44 0.136192
45 0.134985
46 0.133739
47 0.132465
48 0.131513
49 0.130316
50 0.129381
51 0.127872
52 0.12689
53 0.126083
54 0.125096
55 0.123984
56 0.123319
57 0.121968
58 0.121227
59 0.12016
60 0.119339
61 0.118416
62 0.117641
63 0.116615
64 0.115846
65 0.114992
66 0.114276
67 0.113062
68 0.112572
69 0.111705
70 0.111273
71 0.110645
72 0.109759
73 0.108988
74 0.10827
75 0.107725
76 0.107144
77 0.106297
78 0.105615
79 0.105396
80 0.10455
81 0.104045
82 0.103474
83 0.102838
84 0.102546
85 0.101936
86 0.101303
87 0.100633
88 0.100388
89 0.0997776
90 0.0994766
91 0.0991761
92 0.0985803
93 0.0984151
94 0.0978772
95 0.0972022
96 0.0969555
97 0.0966194
98 0.096405
99 0.0956955
100 0.095288
101 0.0950659
102 0.0945831
103 0.0944078
104 0.0937649
105 0.0938108
106 0.0933534
107 0.092782
108 0.0926752
109 0.0922686
110 0.0921834
111 0.0916697
112 0.0913398
113 0.0911228
114 0.0910628
115 0.0903226
116 0.0900903
117 0.0899011
118 0.0896828
119 0.0892305
120 0.0890651
121 0.089065
122 0.0882204
123 0.0882127
124 0.0877342
125 0.0878075
126 0.0875368
127 0.0873923
128 0.087013
129 0.0868928
130 0.08664
131 0.0864445
132 0.086404
133 0.0862028
134 0.0857265
135 0.0858186
136 0.0856611
137 0.0853047
138 0.0849988
139 0.0850801
140 0.0848369
141 0.084653
142 0.084547
143 0.084221
144 0.0843163
145 0.0840066
146 0.0839012
147 0.083528
148 0.083468
149 0.0832451
150 0.0830013
151 0.0829386
152 0.082819
153 0.0826231
154 0.0824489
155 0.0820409
156 0.0821768
157 0.0821431
158 0.082021
159 0.0817359
160 0.0819399
161 0.0814298
162 0.0814873
163 0.0813433
164 0.0813636
165 0.0812787
166 0.0810177
167 0.0809782
168 0.0807242
169 0.0807343
170 0.0806048
171 0.0804487
172 0.0803843
173 0.0804532
174 0.0802468
175 0.0800705
176 0.0799239
177 0.0799327
178 0.0797649
179 0.0798555
180 0.0796991
181 0.0794143
182 0.0796058
183 0.0792948
184 0.0790775
185 0.078873
186 0.0790756
187 0.0790141
188 0.0786778
189 0.0784555
190 0.0785506
191 0.0783571
192 0.0785476
193 0.0783818
194 0.0782638
195 0.0782493
196 0.0781773
197 0.0780248
198 0.0781181
199 0.0778813
200 0.0777461
201 0.0778415
202 0.077772
203 0.0777004
204 0.0776802
205 0.0773793
206 0.0772605
207 0.0773802
208 0.0771507
209 0.0772795
210 0.076861
211 0.0772392
212 0.0772044
213 0.076892
214 0.0765683
215 0.0769417
216 0.0765809
217 0.0764752
218 0.0765603
219 0.0766372
220 0.0764106
221 0.0763086
222 0.0762481
223 0.0762227
224 0.0762973
225 0.0760626
226 0.0759784
227 0.0760274
228 0.0757859
229 0.0761513
230 0.0760023
231 0.075925
232 0.075714
233 0.0756872
234 0.0757684
235 0.075437
236 0.0753403
237 0.0754639
238 0.0752567
239 0.075295
240 0.0755858
241 0.07521
242 0.075166
243 0.0750354
244 0.0751398
245 0.0749751
246 0.0747815
247 0.0749668
248 0.0748452
249 0.0748229
250 0.0748302
251 0.0745813
252 0.0747139
253 0.0744198
254 0.0747374
255 0.0746136
256 0.0747299
257 0.0745166
258 0.0744472
259 0.0745517
260 0.0743788
261 0.0742489
262 0.074223
263 0.0742432
264 0.0740259
265 0.0743001
266 0.0741366
267 0.074372
268 0.0740464
269 0.0740519
270 0.0738385
271 0.0739995
272 0.0739344
273 0.0739405
274 0.0738685
275 0.073731
276 0.0737787
277 0.0736915
278 0.0738687
279 0.0739003
280 0.0736389
281 0.0737075
282 0.0735668
283 0.0736738
284 0.0736857
285 0.0735597
286 0.0736746
287 0.0736397
288 0.0735146
289 0.0733929
290 0.07323
291 0.0734616
292 0.0733317
293 0.0732843
294 0.0732684
295 0.0732752
296 0.0730598
297 0.0731277
298 0.0732107
299 0.073258
300 0.0731692
