1 0.066788
2 0.06656
3 0.066969
4 0.066405
5 0.110655
6 0.119587
7 0.126077
8 0.13638
9 0.148934
10 0.152117
11 0.16379
12 0.17156
13 0.176849
14 0.188345
15 0.196754
16 0.204651
17 0.214993
18 0.222571
19 0.231714
20 0.240312
21 0.247835
22 0.256674
23 0.263769
24 0.271805
25 0.278395
26 0.285156
27 0.291624
28 0.298812
29 0.305306
30 0.310844
31 0.317975
32 0.324559
33 0.329866
34 0.337114
35 0.344137
36 0.349648
37 0.356305
38 0.362714
39 0.369506
40 0.375305
41 0.381135
42 0.387527
43 0.393264
44 0.39912
45 0.404684
46 0.411391
47 0.416658
48 0.423146
49 0.428273
50 0.434444
51 0.440579
52 0.445351
53 0.451853
54 0.457419
55 0.463131
56 0.468136
57 0.47375
58 0.478529
59 0.483927
60 0.489505
61 0.494317
62 0.498703
63 0.504278
64 0.508561
65 0.514495
66 0.518377
67 0.523765
68 0.527368
69 0.53223
70 0.536152
71 0.539606
72 0.543969
73 0.548552
74 0.552376
75 0.554749
76 0.5594
77 0.564179
78 0.5666
79 0.570149
80 0.572749
81 0.57707
82 0.579866
83 0.582087
84 0.585822
85 0.588952
86 0.591902
87 0.594957
88 0.597393
89 0.600242
90 0.603622
91 0.60645
92 0.608082
93 0.610849
94 0.612435
95 0.615288
96 0.616989
97 0.620126
98 0.622728
99 0.624421
100 0.625911
101 0.628373
102 0.630197
103 0.632499
104 0.634178
105 0.635322
106 0.637938
107 0.640114
108 0.641745
109 0.6432
110 0.644952
111 0.647153
112 0.648687
113 0.649866
114 0.652185
115 0.65354
116 0.655535
117 0.656393
118 0.658376
119 0.658741
120 0.660292
121 0.661904
122 0.663246
123 0.664807
124 0.666395
125 0.666842
126 0.668285
127 0.670114
128 0.671461
129 0.672864
130 0.673536
131 0.674062
132 0.676361
133 0.676875
134 0.677848
135 0.678597
136 0.680251
137 0.680652
138 0.681996
139 0.683273
140 0.684003
141 0.685938
142 0.686122
143 0.686967
144 0.687791
145 0.688716
146 0.690175
147 0.691159
148 0.691481
149 0.69246
150 0.69418
151 0.694903
152 0.69543
153 0.697274
154 0.697468
155 0.699207
156 0.698997
157 0.699581
158 0.700232
159 0.701481
160 0.70218
161 0.703336
162 0.704318
163 0.705165
164 0.705664
165 0.706162
166 0.707421
167 0.707259
168 0.70848
169 0.708841
170 0.711
171 0.710514
172 0.711104
173 0.712467
174 0.713046
175 0.714198
176 0.715242
177 0.715309
178 0.716069
179 0.7171
180 0.71731
181 0.717084
182 0.718861
183 0.719124
184 0.71992
185 0.720239
186 0.720736
187 0.721517
188 0.722118
189 0.723928
190 0.724186
191 0.724251
192 0.724294
193 0.725586
194 0.726216
195 0.726653
196 0.726914
197 0.727239
198 0.728424
199 0.728439
200 0.730326
201 0.730293
202 0.729886
203 0.730947
204 0.731891
205 0.732599
206 0.732547
207 0.733942
208 0.733582
209 0.734616
210 0.734611
211 0.73546
212 0.736238
213 0.736563
214 0.736881
215 0.737837
216 0.737664
217 0.738978
218 0.738627
219 0.740469
220 0.739801
221 0.740535
222 0.741233
223 0.741708
224 0.742873
225 0.742372
226 0.743596
227 0.743994
228 0.744541
229 0.744446
230 0.745467
231 0.745674
232 0.745311
233 0.746213
234 0.746911
235 0.747517
236 0.74796
237 0.748436
238 0.748547
239 0.749651
240 0.749862
241 0.750432
242 0.751032
243 0.751677
244 0.75151
245 0.751796
246 0.753204
247 0.752539
248 0.753893
249 0.754264
250 0.754569
251 0.754565
252 0.755016
253 0.755954
254 0.755845
255 0.756527
256 0.756827
257 0.757126
258 0.75823
259 0.757925
260 0.758359
261 0.75902
262 0.759617
263 0.759599
264 0.759975
265 0.759863
266 0.760813
267 0.76126
268 0.761482
269 0.762469
270 0.762891
271 0.762915
272 0.763564
273 0.763711
274 0.764186
275 0.764518
276 0.765296
277 0.764509
278 0.766234
279 0.766034
280 0.765901
281 0.765618
282 0.766577
283 0.767463
284 0.767107
285 0.767877
286 0.768207
287 0.768705
288 0.768878
289 0.770285
290 0.770553
291 0.769891
292 0.770975
293 0.770512
294 0.771205
295 0.771839
296 0.771908
297 0.771829
298 0.77295
299 0.772811
300 0.772976
