1 0
2 0.499108
3 0
4 0.133123
5 0.467428
6 0.319129
7 0.228306
8 0.283056
9 0.212431
10 0.398336
11 0.296395
12 0.28073
13 0.251262
14 0.300843
15 0.315008
16 0.416335
17 0.2679
18 0.300813
19 0.270574
20 0.303402
21 0.269956
22 0.292192
23 0.342789
24 0.310934
25 0.321643
26 0.320787
27 0.290333
28 0.295079
29 0.297858
30 0.294385
31 0.292548
32 0.303887
33 0.326017
34 0.324334
35 0.305236
36 0.30028
37 0.312143
38 0.299347
39 0.288851
40 0.289612
41 0.290565
42 0.306609
43 0.29534
44 0.307184
45 0.30367
46 0.306571
47 0.304342
48 0.290696
49 0.303254
50 0.299687
51 0.290622
52 0.292238
53 0.303105
54 0.298861
55 0.303942
56 0.292585
57 0.292332
58 0.293635
59 0.296585
60 0.290964
61 0.297081
62 0.291499
63 0.289728
64 0.290367
65 0.291254
66 0.300364
67 0.289123
68 0.285125
69 0.297944
70 0.291828
71 0.285004
72 0.282223
73 0.296778
74 0.289571
75 0.285165
76 0.279999
77 0.291359
78 0.294101
79 0.284111
80 0.278192
81 0.29087
82 0.284326
83 0.280774
84 0.285243
85 0.28925
86 0.28057
87 0.283058
88 0.28388
89 0.284778
90 0.274323
91 0.280923
92 0.289082
93 0.286726
94 0.273654
95 0.27707
96 0.278938
97 0.281911
98 0.27351
99 0.280758
100 0.281118
