1 0
2 0.249554
3 0.166456
4 0.15804
5 0.220196
6 0.236525
7 0.235331
8 0.241317
9 0.238208
10 0.23684
11 0.242142
12 0.24546
13 0.245858
14 0.243689
15 0.248256
16 0.258923
17 0.259434
18 0.259053
19 0.259589
20 0.261507
21 0.2621
22 0.261863
23 0.265312
24 0.267175
25 0.266145
26 0.267187
27 0.267992
28 0.266981
29 0.267576
30 0.267939
31 0.26738
32 0.268456
33 0.270136
34 0.270509
35 0.271272
36 0.272101
37 0.27316
38 0.273133
39 0.273465
40 0.273695
41 0.273712
42 0.274144
43 0.274673
44 0.275372
45 0.275757
46 0.276085
47 0.276827
48 0.276786
49 0.27726
50 0.277509
51 0.277642
52 0.277956
53 0.278265
54 0.278535
55 0.278846
56 0.279162
57 0.279207
58 0.279325
59 0.279579
60 0.278815
61 0.278522
62 0.277944
63 0.27775
64 0.277994
65 0.277908
66 0.277969
67 0.278179
68 0.277907
69 0.27812
70 0.278256
71 0.27819
72 0.278039
73 0.278209
74 0.278357
75 0.278258
76 0.278104
77 0.278251
78 0.278451
79 0.278547
80 0.278244
81 0.278289
82 0.278255
83 0.278343
84 0.278295
85 0.278436
86 0.278301
87 0.278388
88 0.278287
89 0.278317
90 0.27826
91 0.278157
92 0.278295
93 0.278138
94 0.278159
95 0.278047
96 0.278047
97 0.278045
98 0.277927
99 0.277944
100 0.277935
