1 0.29995
2 0.308981
3 0.316941
4 0.322825
5 0.328315
6 0.332969
7 0.337208
8 0.3409
9 0.344684
10 0.348074
11 0.351229
12 0.353987
13 0.356956
14 0.359456
15 0.361995
16 0.364407
17 0.366548
18 0.368691
19 0.370701
20 0.372767
21 0.37465
22 0.376242
23 0.378092
24 0.379637
25 0.381357
26 0.382699
27 0.38418
28 0.385773
29 0.387169
30 0.388378
31 0.389781
32 0.390845
33 0.392064
34 0.393429
35 0.394672
36 0.395672
37 0.396743
38 0.397944
39 0.398903
40 0.4
41 0.400898
42 0.401972
43 0.402886
44 0.403724
45 0.404664
46 0.405479
47 0.406316
48 0.407154
49 0.408076
50 0.408848
51 0.409605
52 0.410555
53 0.41111
54 0.412048
55 0.412736
56 0.413406
57 0.414172
58 0.415018
59 0.415516
60 0.416222
61 0.416813
62 0.417586
63 0.418266
64 0.418825
65 0.419299
66 0.420078
67 0.420694
68 0.421115
69 0.421718
70 0.422317
71 0.422982
72 0.423549
73 0.423819
74 0.42454
75 0.425147
76 0.425488
77 0.426038
78 0.426628
79 0.427165
80 0.42771
81 0.428036
82 0.428495
83 0.428959
84 0.429504
85 0.429926
86 0.430442
87 0.430842
88 0.431219
89 0.431665
90 0.432114
91 0.43241
92 0.433032
93 0.433466
94 0.433865
95 0.434374
96 0.434659
97 0.435009
98 0.435585
99 0.435826
100 0.436256
101 0.436539
102 0.437023
103 0.437351
104 0.437749
105 0.438203
106 0.43855
107 0.438751
108 0.439159
109 0.43958
110 0.439906
111 0.440311
112 0.440504
113 0.440934
114 0.441155
115 0.441394
116 0.441949
117 0.442265
118 0.442507
119 0.442795
120 0.443142
121 0.443387
122 0.443637
123 0.443951
124 0.444342
125 0.444581
126 0.444959
127 0.445246
128 0.445485
129 0.445699
130 0.446072
131 0.446331
132 0.446671
133 0.446889
134 0.447199
135 0.447421
136 0.447758
137 0.447902
138 0.448269
139 0.448615
140 0.448764
141 0.44907
142 0.449297
143 0.449578
144 0.449821
145 0.45007
146 0.4502
147 0.450497
148 0.450693
149 0.451102
150 0.451261
151 0.45151
152 0.451814
153 0.451937
154 0.452136
155 0.452508
156 0.45254
157 0.452853
158 0.453058
159 0.453342
160 0.453626
161 0.453763
162 0.453901
163 0.454268
164 0.454527
165 0.45465
166 0.454835
167 0.45495
168 0.455272
169 0.455512
170 0.455525
171 0.455807
172 0.45608
173 0.456267
174 0.456347
175 0.456572
176 0.456746
177 0.457052
178 0.457172
179 0.457429
180 0.457632
181 0.45775
182 0.458008
183 0.458144
184 0.458366
185 0.458407
186 0.458715
187 0.458821
188 0.459209
189 0.459114
190 0.459431
191 0.459664
192 0.459731
193 0.459994
194 0.46017
195 0.460343
196 0.460466
197 0.460519
198 0.460836
199 0.460955
200 0.461158
201 0.461288
202 0.461417
203 0.461707
204 0.461783
205 0.46194
206 0.462099
207 0.462197
208 0.462468
209 0.462636
210 0.462748
211 0.462863
212 0.463045
213 0.463171
214 0.463395
215 0.463536
216 0.463656
217 0.463746
218 0.463933
219 0.464136
220 0.464307
221 0.464476
222 0.464629
223 0.464729
224 0.464816
225 0.464982
226 0.465136
227 0.465296
228 0.465395
229 0.46552
230 0.46564
231 0.465829
232 0.465958
233 0.466153
234 0.466257
235 0.466452
236 0.466328
237 0.466666
238 0.46675
239 0.466944
240 0.467103
241 0.467173
242 0.46728
243 0.467327
244 0.467493
245 0.467763
246 0.467707
247 0.46781
248 0.467973
249 0.468081
250 0.468272
251 0.468416
252 0.468542
253 0.468659
254 0.468783
255 0.468984
256 0.468981
257 0.469102
258 0.469221
259 0.469317
260 0.469469
261 0.469651
262 0.469592
263 0.469841
264 0.47
265 0.470062
266 0.470209
267 0.47027
268 0.470405
269 0.4705
270 0.470613
271 0.470751
272 0.470889
273 0.471003
274 0.471031
275 0.471195
276 0.471277
277 0.471404
278 0.471449
279 0.471707
280 0.471774
281 0.471864
282 0.471939
283 0.472069
284 0.47214
285 0.472188
286 0.472358
287 0.472385
288 0.472534
289 0.472664
290 0.472742
291 0.472897
292 0.473048
293 0.473082
294 0.47316
295 0.473247
296 0.473318
297 0.47343
298 0.473554
299 0.473615
300 0.473826
