1 0.458236
2 0.336811
3 0.283978
4 0.252977
5 0.23185
6 0.216718
7 0.205109
8 0.195809
9 0.188298
10 0.181956
11 0.176664
12 0.172284
13 0.168484
14 0.164956
15 0.16181
16 0.159107
17 0.156902
18 0.154586
19 0.152546
20 0.150654
21 0.149092
22 0.147405
23 0.146214
24 0.144741
25 0.143694
26 0.142403
27 0.141387
28 0.140314
29 0.139453
30 0.138396
31 0.137616
32 0.13694
33 0.136088
34 0.13534
35 0.134668
36 0.134138
37 0.13346
38 0.132895
39 0.132235
40 0.131662
41 0.131231
42 0.130779
43 0.130286
44 0.129698
45 0.129381
46 0.129022
47 0.128578
48 0.128056
49 0.127788
50 0.127465
51 0.127124
52 0.126743
53 0.12645
54 0.126211
55 0.12575
56 0.125588
57 0.125348
58 0.124905
59 0.124735
60 0.124298
61 0.12411
62 0.123883
63 0.123648
64 0.123331
65 0.123025
66 0.122979
67 0.122644
68 0.12246
69 0.122257
70 0.12194
71 0.1219
72 0.121688
73 0.121279
74 0.121226
75 0.120921
76 0.120899
77 0.120692
78 0.12047
79 0.120336
80 0.120123
81 0.119894
82 0.119801
83 0.119618
84 0.11953
85 0.119407
86 0.11918
87 0.119144
88 0.11887
89 0.118767
90 0.118527
91 0.118449
92 0.11833
93 0.118195
94 0.118018
95 0.117977
96 0.117795
97 0.117681
98 0.117582
99 0.117431
100 0.117351
101 0.117183
102 0.117188
103 0.11704
104 0.116783
105 0.116792
106 0.116797
107 0.116526
108 0.116373
109 0.116392
110 0.116156
111 0.116111
112 0.115971
113 0.11598
114 0.115798
115 0.115735
116 0.115637
117 0.115539
118 0.115482
119 0.115373
120 0.115259
121 0.115159
122 0.115021
123 0.115118
124 0.114823
125 0.114797
126 0.114633
127 0.114727
128 0.114624
129 0.114466
130 0.114357
131 0.114419
132 0.114298
133 0.114207
134 0.114078
135 0.113949
136 0.113873
137 0.113869
138 0.113808
139 0.113692
140 0.113737
141 0.113577
142 0.113585
143 0.113433
144 0.113396
145 0.113317
146 0.113352
147 0.113223
148 0.113263
149 0.113054
150 0.113117
151 0.112974
152 0.112823
153 0.112786
154 0.112773
155 0.112773
156 0.112621
157 0.112577
158 0.11251
159 0.112525
160 0.112446
161 0.112273
162 0.112323
163 0.112289
164 0.112207
165 0.112141
166 0.112059
167 0.112038
168 0.111959
169 0.111864
170 0.111804
171 0.111786
172 0.111714
173 0.111749
174 0.111559
175 0.1116
176 0.111544
177 0.111428
178 0.111351
179 0.111404
180 0.111384
181 0.111191
182 0.11125
183 0.111199
184 0.111067
185 0.111065
186 0.111119
187 0.110983
188 0.110953
189 0.110904
190 0.110907
191 0.110836
192 0.110801
193 0.11077
194 0.11073
195 0.110739
196 0.11059
197 0.110683
198 0.110578
199 0.110412
200 0.110492
201 0.110407
202 0.110293
203 0.110376
204 0.110307
205 0.110192
206 0.110206
207 0.110125
208 0.110247
209 0.110021
210 0.109991
211 0.110002
212 0.109933
213 0.10989
214 0.109853
215 0.109832
216 0.109827
217 0.109768
218 0.109652
219 0.109661
220 0.109663
221 0.109714
222 0.109598
223 0.109534
224 0.109517
225 0.109429
226 0.109494
227 0.109368
228 0.109459
229 0.109341
230 0.109331
231 0.109292
232 0.109185
233 0.109281
234 0.1092
235 0.109092
236 0.109096
237 0.109089
238 0.109033
239 0.108998
240 0.108972
241 0.108889
242 0.108889
243 0.108828
244 0.108858
245 0.108825
246 0.108851
247 0.108699
248 0.108695
249 0.108696
250 0.108694
251 0.108689
252 0.108684
253 0.108585
254 0.108504
255 0.108437
256 0.108556
257 0.108474
258 0.108395
259 0.108402
260 0.108377
261 0.108272
262 0.108293
263 0.108281
264 0.108267
265 0.108256
266 0.108173
267 0.108169
268 0.108075
269 0.108174
270 0.108041
271 0.108064
272 0.107989
273 0.108046
274 0.107995
275 0.108023
276 0.107884
277 0.107848
278 0.107841
279 0.107922
280 0.107871
281 0.107781
282 0.107799
283 0.107744
284 0.107739
285 0.107648
286 0.107624
287 0.107696
288 0.107573
289 0.107568
290 0.107525
291 0.107478
292 0.107555
293 0.107508
294 0.107438
295 0.107509
296 0.107472
297 0.107366
298 0.107366
299 0.107256
300 0.107298
