1 0.458236
2 0.465986
3 0.470836
4 0.474192
5 0.47693
6 0.479005
7 0.480791
8 0.482011
9 0.483808
10 0.484882
11 0.486058
12 0.486823
13 0.48772
14 0.488434
15 0.489039
16 0.48978
17 0.490334
18 0.490871
19 0.491296
20 0.491696
21 0.492146
22 0.49239
23 0.492778
24 0.493002
25 0.493418
26 0.493568
27 0.493865
28 0.49422
29 0.494359
30 0.494435
31 0.494695
32 0.494947
33 0.49506
34 0.495272
35 0.495501
36 0.495704
37 0.495826
38 0.495996
39 0.496043
40 0.496216
41 0.496252
42 0.496538
43 0.496603
44 0.496668
45 0.496784
46 0.496814
47 0.496974
48 0.497114
49 0.497134
50 0.497137
51 0.49729
52 0.497366
53 0.497455
54 0.497517
55 0.497496
56 0.497734
57 0.497772
58 0.497856
59 0.497885
60 0.497907
61 0.498032
62 0.498039
63 0.498128
64 0.498096
65 0.498185
66 0.498237
67 0.498304
68 0.498324
69 0.498389
70 0.498443
71 0.498438
72 0.498492
73 0.498507
74 0.498549
75 0.498545
76 0.498615
77 0.49867
78 0.498649
79 0.498698
80 0.498744
81 0.498833
82 0.498888
83 0.498826
84 0.498897
85 0.498905
86 0.498933
87 0.498968
88 0.498946
89 0.499001
90 0.499075
91 0.499066
92 0.49905
93 0.499095
94 0.499151
95 0.499134
96 0.49916
97 0.499186
98 0.499212
99 0.499221
100 0.499188
101 0.49926
102 0.499253
103 0.499246
104 0.499296
105 0.499355
106 0.499366
107 0.499353
108 0.499387
109 0.499395
110 0.499429
111 0.499391
112 0.49942
113 0.499414
114 0.499441
115 0.499401
116 0.499462
117 0.49949
118 0.499488
119 0.499493
120 0.49946
121 0.499518
122 0.499554
123 0.499547
124 0.499578
125 0.499612
126 0.499552
127 0.499577
128 0.499588
129 0.499619
130 0.499613
131 0.499612
132 0.499636
133 0.499643
134 0.499675
135 0.499656
136 0.499703
137 0.499698
138 0.499694
139 0.499719
140 0.499697
141 0.499681
142 0.499687
143 0.499705
144 0.499737
145 0.499705
146 0.499736
147 0.499733
148 0.499768
149 0.499761
150 0.499745
151 0.499751
152 0.499764
153 0.499782
154 0.499782
155 0.499784
156 0.499764
157 0.499797
158 0.499804
159 0.499809
160 0.499809
161 0.499831
162 0.499822
163 0.499851
164 0.499849
165 0.49984
166 0.499847
167 0.499844
168 0.499873
169 0.499849
170 0.499844
171 0.499856
172 0.499845
173 0.499864
174 0.499861
175 0.49988
176 0.499869
177 0.49988
178 0.499886
179 0.499883
180 0.499909
181 0.499896
182 0.499894
183 0.4999
184 0.499902
185 0.499907
186 0.499902
187 0.49989
188 0.499918
189 0.499913
190 0.499931
191 0.49991
192 0.499913
193 0.499925
194 0.499943
195 0.499926
196 0.499932
197 0.499937
198 0.499944
199 0.499926
200 0.499937
201 0.49993
202 0.49994
203 0.499946
204 0.499941
205 0.499949
206 0.499949
207 0.499945
208 0.49995
209 0.499958
210 0.49996
211 0.499959
212 0.499968
213 0.499948
214 0.499962
215 0.499954
216 0.49996
217 0.499966
218 0.49996
219 0.499974
220 0.499972
221 0.499962
222 0.499975
223 0.499965
224 0.499978
225 0.499973
226 0.499972
227 0.499982
228 0.499979
229 0.499981
230 0.499978
231 0.499977
232 0.499976
233 0.499978
234 0.499982
235 0.499984
236 0.499985
237 0.499985
238 0.49998
239 0.49999
240 0.499989
241 0.499993
242 0.499991
243 0.49999
244 0.499995
245 0.499987
246 0.499985
247 0.499987
248 0.49999
249 0.499992
250 0.49999
251 0.499993
252 0.499993
253 0.499987
254 0.499992
255 0.499996
256 0.499996
257 0.499992
258 0.499995
259 0.499993
260 0.499996
261 0.5
262 0.499997
263 0.499998
264 0.499995
265 0.499999
266 0.499998
267 0.5
268 0.499995
269 0.499999
270 0.5
271 0.5
272 0.499998
273 0.5
274 0.499999
275 0.5
276 0.5
277 0.5
278 0.5
279 0.5
280 0.5
281 0.5
282 0.5
283 0.5
284 0.5
285 0.5
286 0.5
287 0.5
288 0.5
289 0.5
290 0.500001
291 0.5
292 0.5
293 0.5
294 0.5
295 0.5
296 0.5
297 0.5
298 0.5
299 0.5
300 0.499996
