1 0.230605
2 0.211579
3 0.198191
4 0.188822
5 0.181074
6 0.173877
7 0.167781
8 0.162338
9 0.156987
10 0.152156
11 0.148244
12 0.144319
13 0.140131
14 0.137448
15 0.134181
16 0.130947
17 0.128522
18 0.125929
19 0.123446
20 0.121083
21 0.11933
22 0.117281
23 0.115306
24 0.113398
25 0.111608
26 0.1102
27 0.108697
28 0.106787
29 0.105494
30 0.104274
31 0.102622
32 0.101393
33 0.10026
34 0.0988226
35 0.0974664
36 0.0962977
37 0.0953447
38 0.0942914
39 0.0931507
40 0.0921533
41 0.0910532
42 0.090065
43 0.0890832
44 0.0882522
45 0.0873057
46 0.0865395
47 0.0856223
48 0.0848005
49 0.0838124
50 0.0832497
51 0.0823233
52 0.0814375
53 0.0808457
54 0.0800207
55 0.0793112
56 0.0787144
57 0.0779464
58 0.0771587
59 0.0766338
60 0.0759361
61 0.0755336
62 0.0748291
63 0.0741184
64 0.0736398
65 0.0731504
66 0.0725577
67 0.0717957
68 0.0715147
69 0.0710402
70 0.0703566
71 0.0698127
72 0.0693125
73 0.0691494
74 0.0684173
75 0.0677828
76 0.0675966
77 0.067074
78 0.0665522
79 0.0660051
80 0.0656251
81 0.0653874
82 0.0648123
83 0.0644473
84 0.0640627
85 0.0636434
86 0.0631553
87 0.0628407
88 0.0625335
89 0.0622121
90 0.0617494
91 0.0615394
92 0.0609741
93 0.0605155
94 0.0601975
95 0.0598507
96 0.0595446
97 0.0592318
98 0.0588186
99 0.0585882
100 0.0581974
101 0.0579532
102 0.0575846
103 0.0572977
104 0.0568398
105 0.0565048
106 0.056246
107 0.0561063
108 0.0557529
109 0.0553742
110 0.055058
111 0.054865
112 0.0546768
113 0.0543309
114 0.054161
115 0.0539205
116 0.0534035
117 0.0531817
118 0.0530266
119 0.0528026
120 0.0524126
121 0.0523734
122 0.052067
123 0.0518665
124 0.0515194
125 0.0512934
126 0.0509687
127 0.0507967
128 0.0505896
129 0.0503122
130 0.0500672
131 0.0498965
132 0.0495864
133 0.0494802
134 0.0491928
135 0.0490013
136 0.0487812
137 0.0486573
138 0.0483863
139 0.0480764
140 0.0480326
141 0.0477789
142 0.0474957
143 0.0473064
144 0.0471153
145 0.0468818
146 0.0468683
147 0.0466291
148 0.0464854
149 0.0461582
150 0.0459894
151 0.0458124
152 0.0454805
153 0.0455058
154 0.0452911
155 0.0449545
156 0.044987
157 0.0447943
158 0.0445542
159 0.0443652
160 0.0441341
161 0.0441302
162 0.0438949
163 0.0436537
164 0.0434885
165 0.0433773
166 0.0431776
167 0.0431623
168 0.0428963
169 0.0427344
170 0.0427387
171 0.0424478
172 0.0422788
173 0.0421558
174 0.0420794
175 0.0419197
176 0.0417658
177 0.0414823
178 0.0414399
179 0.0412225
180 0.0410544
181 0.0410125
182 0.0407941
183 0.0407313
184 0.0405326
185 0.0405435
186 0.040301
187 0.0402071
188 0.0398552
189 0.039992
190 0.0396952
191 0.0396284
192 0.0395405
193 0.0393309
194 0.0391991
195 0.0390798
196 0.0390051
197 0.038935
198 0.0386713
199 0.0386462
200 0.0385111
201 0.0383494
202 0.0382995
203 0.0381232
204 0.0380126
205 0.0378704
206 0.0377661
207 0.0377405
208 0.0375231
209 0.037386
210 0.0373052
211 0.0372211
212 0.037035
213 0.0369584
214 0.0368732
215 0.036741
216 0.0366236
217 0.0365724
218 0.0364206
219 0.036308
220 0.0361813
221 0.0360348
222 0.0359296
223 0.0358101
224 0.0357841
225 0.0357003
226 0.0356022
227 0.0354302
228 0.0354226
229 0.0353542
230 0.0352414
231 0.0350788
232 0.0349671
233 0.0348726
234 0.0348081
235 0.0346237
236 0.0347843
237 0.0345227
238 0.0344341
239 0.0342627
240 0.0341686
241 0.034149
242 0.0340707
243 0.0340231
244 0.0339336
245 0.033729
246 0.0337746
247 0.0337059
248 0.0335682
249 0.0334643
250 0.0333437
251 0.0332836
252 0.0331657
253 0.0330573
254 0.0329802
255 0.0328997
256 0.0328635
257 0.0328059
258 0.0326951
259 0.0326679
260 0.0325393
261 0.0323985
262 0.0323881
263 0.0322832
264 0.0321694
265 0.0320625
266 0.0320763
267 0.0319889
268 0.0319173
269 0.031721
270 0.031674
271 0.0316418
272 0.031452
273 0.0314784
274 0.0314544
275 0.0313172
276 0.0312826
277 0.0311642
278 0.0312049
279 0.0309865
280 0.0309383
281 0.030856
282 0.0308578
283 0.0307183
284 0.0306349
285 0.0306166
286 0.030544
287 0.030499
288 0.0304502
289 0.0303248
290 0.0302922
291 0.0301335
292 0.030099
293 0.0299921
294 0.0299921
295 0.029961
296 0.0299028
297 0.0298159
298 0.0297101
299 0.0296746
300 0.0295055
