1 0.29995
2 0.318733
3 0.331732
4 0.341436
5 0.349873
6 0.356633
7 0.36274
8 0.367086
9 0.373784
10 0.377977
11 0.382748
12 0.385966
13 0.389865
14 0.393076
15 0.395878
16 0.39942
17 0.402159
18 0.404889
19 0.407107
20 0.40925
21 0.411722
22 0.413097
23 0.415322
24 0.416637
25 0.419134
26 0.420054
27 0.421911
28 0.424189
29 0.425105
30 0.425603
31 0.427354
32 0.429091
33 0.429883
34 0.431401
35 0.43307
36 0.434596
37 0.435525
38 0.436849
39 0.43722
40 0.438597
41 0.438887
42 0.44126
43 0.441813
44 0.442365
45 0.443377
46 0.443637
47 0.44507
48 0.446348
49 0.446538
50 0.44657
51 0.448005
52 0.448742
53 0.449608
54 0.450225
55 0.450021
56 0.452445
57 0.452851
58 0.453742
59 0.454052
60 0.454299
61 0.455677
62 0.455758
63 0.456765
64 0.456404
65 0.457431
66 0.458043
67 0.458841
68 0.459095
69 0.459891
70 0.460563
71 0.4605
72 0.461189
73 0.461387
74 0.461932
75 0.461877
76 0.4628
77 0.463553
78 0.463269
79 0.463932
80 0.464571
81 0.465854
82 0.466658
83 0.465753
84 0.466802
85 0.466925
86 0.467341
87 0.467885
88 0.467551
89 0.468402
90 0.4696
91 0.469449
92 0.469186
93 0.469921
94 0.470859
95 0.470582
96 0.471018
97 0.471467
98 0.471937
99 0.472094
100 0.471501
101 0.472794
102 0.472667
103 0.472549
104 0.473476
105 0.474601
106 0.474811
107 0.474569
108 0.475247
109 0.475407
110 0.476103
111 0.475312
112 0.47592
113 0.475787
114 0.476363
115 0.475513
116 0.476811
117 0.477406
118 0.477371
119 0.477473
120 0.476753
121 0.478033
122 0.47888
123 0.478701
124 0.479445
125 0.480286
126 0.478839
127 0.479426
128 0.479691
129 0.480474
130 0.48032
131 0.480301
132 0.480903
133 0.481093
134 0.481975
135 0.481447
136 0.48275
137 0.482621
138 0.482504
139 0.483239
140 0.482576
141 0.482128
142 0.482304
143 0.482824
144 0.483774
145 0.482803
146 0.483748
147 0.483638
148 0.484746
149 0.484535
150 0.484012
151 0.484212
152 0.484639
153 0.48521
154 0.485216
155 0.485305
156 0.484629
157 0.485753
158 0.485979
159 0.486175
160 0.486163
161 0.486972
162 0.486655
163 0.48777
164 0.487679
165 0.487327
166 0.4876
167 0.487488
168 0.488715
169 0.487692
170 0.487482
171 0.487962
172 0.487516
173 0.488317
174 0.488206
175 0.489023
176 0.488532
177 0.489044
178 0.489278
179 0.489163
180 0.490434
181 0.489766
182 0.489682
183 0.489952
184 0.490062
185 0.490312
186 0.490078
187 0.489496
188 0.490932
189 0.490622
190 0.491644
191 0.490504
192 0.490645
193 0.491325
194 0.492391
195 0.491387
196 0.491721
197 0.492063
198 0.492486
199 0.491342
200 0.492048
201 0.491583
202 0.492196
203 0.492619
204 0.492279
205 0.49285
206 0.492808
207 0.492564
208 0.492913
209 0.493503
210 0.493645
211 0.493524
212 0.494278
213 0.492769
214 0.493806
215 0.493164
216 0.493644
217 0.494102
218 0.493607
219 0.494896
220 0.494669
221 0.493796
222 0.494988
223 0.494035
224 0.495308
225 0.494754
226 0.494627
227 0.495685
228 0.49537
229 0.495548
230 0.495266
231 0.495188
232 0.495101
233 0.495308
234 0.495701
235 0.495898
236 0.496096
237 0.496016
238 0.495496
239 0.496722
240 0.496578
241 0.497265
242 0.496966
243 0.496714
244 0.497591
245 0.496317
246 0.496018
247 0.496387
248 0.496792
249 0.497171
250 0.496815
251 0.497277
252 0.497292
253 0.496358
254 0.497172
255 0.497787
256 0.497968
257 0.497101
258 0.49773
259 0.497311
260 0.497914
261 0.499114
262 0.498157
263 0.498342
264 0.49766
265 0.498964
266 0.498347
267 0.499415
268 0.497722
269 0.498801
270 0.499265
271 0.499202
272 0.498481
273 0.499108
274 0.498776
275 0.499749
276 0.49907
277 0.499025
278 0.499434
279 0.499638
280 0.499375
281 0.499291
282 0.49907
283 0.499335
284 0.499648
285 0.499636
286 0.500117
287 0.499513
288 0.50004
289 0.500017
290 0.5
291 0.500303
292 0.500952
293 0.499746
294 0.500783
295 0.499284
296 0.500418
297 0.500493
298 0.500977
299 0.500949
300 0.502071
