1 0.230605
2 0.221092
3 0.213423
4 0.207353
5 0.202138
6 0.1974
7 0.193235
8 0.189425
9 0.185733
10 0.182379
11 0.17914
12 0.176363
13 0.173282
14 0.170963
15 0.168358
16 0.166075
17 0.163931
18 0.161783
19 0.159752
20 0.157772
21 0.155954
22 0.154268
23 0.152463
24 0.150837
25 0.149163
26 0.147795
27 0.146333
28 0.144739
29 0.143412
30 0.142188
31 0.140755
32 0.139616
33 0.138406
34 0.137103
35 0.135864
36 0.134833
37 0.133788
38 0.132693
39 0.131683
40 0.130596
41 0.129643
42 0.128612
43 0.12768
44 0.126823
45 0.125863
46 0.125112
47 0.124202
48 0.123391
49 0.122463
50 0.121683
51 0.12089
52 0.120036
53 0.119358
54 0.118488
55 0.117783
56 0.117138
57 0.116327
58 0.115553
59 0.114979
60 0.114282
61 0.113697
62 0.113005
63 0.112247
64 0.111677
65 0.111164
66 0.110471
67 0.109767
68 0.10939
69 0.10879
70 0.108196
71 0.107494
72 0.106981
73 0.10665
74 0.105974
75 0.105273
76 0.104988
77 0.104443
78 0.103822
79 0.103271
80 0.10277
81 0.102482
82 0.10195
83 0.101504
84 0.101001
85 0.100538
86 0.100019
87 0.0996152
88 0.0992305
89 0.0988281
90 0.0983862
91 0.0980541
92 0.097432
93 0.0970105
94 0.0966066
95 0.0961264
96 0.0958437
97 0.0954612
98 0.0949431
99 0.0947084
100 0.094254
101 0.0939538
102 0.0934708
103 0.0931375
104 0.0927273
105 0.0923007
106 0.0919492
107 0.0917475
108 0.0913209
109 0.0909243
110 0.0905587
111 0.0902366
112 0.0900008
113 0.0895619
114 0.0893918
115 0.0890953
116 0.0885459
117 0.0882527
118 0.0879741
119 0.0877226
120 0.0873379
121 0.0871547
122 0.0868657
123 0.0865476
124 0.0861597
125 0.0858877
126 0.0855262
127 0.0852847
128 0.0849779
129 0.0847735
130 0.0844263
131 0.0841512
132 0.083834
133 0.0835789
134 0.0832972
135 0.0831029
136 0.0827626
137 0.0825836
138 0.0822327
139 0.0818937
140 0.0817535
141 0.0814424
142 0.0811956
143 0.0809199
144 0.0806949
145 0.0804465
146 0.0803292
147 0.0800301
148 0.0798158
149 0.0794014
150 0.0792756
151 0.079027
152 0.0786987
153 0.0785927
154 0.0783318
155 0.0779798
156 0.0779456
157 0.0776675
158 0.0774065
159 0.0771621
160 0.0769068
161 0.0767821
162 0.0765675
163 0.0762497
164 0.0760216
165 0.0758938
166 0.075646
167 0.0755527
168 0.0752358
169 0.0750023
170 0.0749882
171 0.0746761
172 0.0744654
173 0.0742851
174 0.0741373
175 0.0739476
176 0.0737284
177 0.0734383
178 0.0733584
179 0.073084
180 0.0728667
181 0.0727725
182 0.0724861
183 0.0723771
184 0.0721459
185 0.0721077
186 0.0718016
187 0.0716956
188 0.07132
189 0.0713709
190 0.0710358
191 0.0708734
192 0.0707536
193 0.0705286
194 0.0703478
195 0.0701841
196 0.070062
197 0.069976
198 0.0696691
199 0.0695625
200 0.0693947
201 0.0692091
202 0.0691073
203 0.0688112
204 0.0687226
205 0.0685378
206 0.0683908
207 0.0683224
208 0.0680596
209 0.0678936
210 0.0677806
211 0.0676459
212 0.0674511
213 0.0673017
214 0.0671234
215 0.0669759
216 0.0668769
217 0.0667638
218 0.066564
219 0.0663737
220 0.0662273
221 0.0660397
222 0.0658962
223 0.0657725
224 0.0656947
225 0.0655494
226 0.0654011
227 0.0652192
228 0.065137
229 0.0650054
230 0.0648869
231 0.0646894
232 0.064539
233 0.0643882
234 0.0642763
235 0.0640714
236 0.0641783
237 0.0638658
238 0.0637879
239 0.0635764
240 0.0634324
241 0.0633379
242 0.0632365
243 0.0631995
244 0.0630308
245 0.0627672
246 0.0627874
247 0.0626972
248 0.0625266
249 0.0624343
250 0.0622379
251 0.0621103
252 0.061957
253 0.0618551
254 0.0617394
255 0.0615587
256 0.0615292
257 0.0614224
258 0.0612732
259 0.061225
260 0.061059
261 0.0608593
262 0.0608872
263 0.0606604
264 0.0604971
265 0.0604414
266 0.0603204
267 0.0602619
268 0.0601348
269 0.0599897
270 0.05988
271 0.0597638
272 0.0596065
273 0.0595138
274 0.059503
275 0.0593402
276 0.0592434
277 0.0591252
278 0.0590823
279 0.0588446
280 0.0587585
281 0.0586438
282 0.05858
283 0.0584445
284 0.0583627
285 0.0583188
286 0.0581735
287 0.0581451
288 0.057991
289 0.0578652
290 0.0577752
291 0.0576187
292 0.0574749
293 0.0574254
294 0.0573563
295 0.0572709
296 0.0571977
297 0.0570767
298 0.0569625
299 0.0569133
300 0.0567225
