1 0.099819
2 0.112463
3 0.123031
4 0.131386
5 0.139241
6 0.146402
7 0.152854
8 0.158875
9 0.16551
10 0.171564
11 0.177646
12 0.182851
13 0.188476
14 0.193156
15 0.197873
16 0.202646
17 0.206991
18 0.210897
19 0.214945
20 0.2189
21 0.222493
22 0.225799
23 0.229686
24 0.23289
25 0.23641
26 0.239318
27 0.24234
28 0.245855
29 0.248903
30 0.251188
31 0.254686
32 0.25752
33 0.260017
34 0.262587
35 0.265733
36 0.268278
37 0.270815
38 0.272931
39 0.275698
40 0.278195
41 0.280732
42 0.283555
43 0.285386
44 0.287654
45 0.289756
46 0.291461
47 0.293539
48 0.295664
49 0.298603
50 0.300505
51 0.30259
52 0.304823
53 0.306561
54 0.309501
55 0.310784
56 0.312593
57 0.314797
58 0.316946
59 0.318392
60 0.32009
61 0.322201
62 0.323788
63 0.326073
64 0.32728
65 0.328381
66 0.330464
67 0.332966
68 0.333382
69 0.335073
70 0.336892
71 0.33901
72 0.340187
73 0.341117
74 0.343583
75 0.345075
76 0.346344
77 0.347539
78 0.349062
79 0.350994
80 0.352492
81 0.352897
82 0.354905
83 0.356409
84 0.357522
85 0.359265
86 0.360361
87 0.361694
88 0.362749
89 0.36395
90 0.365667
91 0.366489
92 0.368872
93 0.370154
94 0.370906
95 0.372004
96 0.37307
97 0.374214
98 0.376471
99 0.377005
100 0.378544
101 0.379115
102 0.380703
103 0.381824
104 0.383448
105 0.384615
106 0.385681
107 0.385888
108 0.387473
109 0.388955
110 0.390861
111 0.391029
112 0.391727
113 0.393645
114 0.39368
115 0.394842
116 0.397034
117 0.398088
118 0.398364
119 0.398938
120 0.400674
121 0.401386
122 0.402443
123 0.403224
124 0.404345
125 0.40538
126 0.406712
127 0.407672
128 0.40856
129 0.409305
130 0.410266
131 0.411549
132 0.412452
133 0.413141
134 0.414464
135 0.415205
136 0.416715
137 0.416929
138 0.417619
139 0.419663
140 0.419876
141 0.420408
142 0.421703
143 0.422832
144 0.423936
145 0.423997
146 0.424782
147 0.42607
148 0.426448
149 0.428533
150 0.428178
151 0.429601
152 0.430555
153 0.431035
154 0.432322
155 0.43345
156 0.433501
157 0.434499
158 0.435289
159 0.436242
160 0.437259
161 0.437522
162 0.438377
163 0.439895
164 0.440842
165 0.441013
166 0.441957
167 0.442163
168 0.443471
169 0.444137
170 0.444168
171 0.445533
172 0.446201
173 0.446925
174 0.447021
175 0.448382
176 0.448692
177 0.450004
178 0.450046
179 0.451734
180 0.451924
181 0.452462
182 0.453812
183 0.454654
184 0.454913
185 0.454741
186 0.455955
187 0.456901
188 0.458326
189 0.457622
190 0.459513
191 0.459936
192 0.460258
193 0.461059
194 0.462213
195 0.46272
196 0.463043
197 0.463092
198 0.464647
199 0.464999
200 0.465701
201 0.466639
202 0.466776
203 0.468239
204 0.468605
205 0.468979
206 0.469779
207 0.46921
208 0.471046
209 0.471735
210 0.472289
211 0.472729
212 0.473622
213 0.474113
214 0.474592
215 0.475357
216 0.475902
217 0.476433
218 0.477011
219 0.477664
220 0.47822
221 0.479459
222 0.479776
223 0.480671
224 0.480493
225 0.481204
226 0.481529
227 0.482633
228 0.482311
229 0.48343
230 0.48382
231 0.484789
232 0.48574
233 0.485634
234 0.486226
235 0.487281
236 0.486563
237 0.487866
238 0.488286
239 0.488959
240 0.4901
241 0.490165
242 0.490527
243 0.490684
244 0.491002
245 0.492719
246 0.492638
247 0.492701
248 0.493426
249 0.494261
250 0.494752
251 0.495283
252 0.495914
253 0.496275
254 0.496738
255 0.497963
256 0.49732
257 0.497851
258 0.499227
259 0.498906
260 0.499811
261 0.500887
262 0.500643
263 0.501225
264 0.502318
265 0.50252
266 0.502738
267 0.50334
268 0.503133
269 0.504365
270 0.505126
271 0.505245
272 0.50587
273 0.506481
274 0.506753
275 0.507468
276 0.507277
277 0.508438
278 0.507562
279 0.509551
280 0.509399
281 0.510043
282 0.510771
283 0.510722
284 0.511689
285 0.511511
286 0.512254
287 0.512289
288 0.512756
289 0.51371
290 0.51402
291 0.514945
292 0.515444
293 0.515546
294 0.51601
295 0.516032
296 0.516857
297 0.516967
298 0.517682
299 0.517918
300 0.51891
