1 0.099819
2 0.125107
3 0.143814
4 0.157198
5 0.170395
6 0.182038
7 0.19215
8 0.201798
9 0.212365
10 0.221287
11 0.229252
12 0.236665
13 0.24498
14 0.25005
15 0.256969
16 0.264483
17 0.268689
18 0.274246
19 0.280202
20 0.284753
21 0.288922
22 0.293393
23 0.298286
24 0.302182
25 0.30653
26 0.309709
27 0.313407
28 0.318024
29 0.321269
30 0.323988
31 0.32839
32 0.3315
33 0.334438
34 0.337603
35 0.341454
36 0.344845
37 0.347513
38 0.349309
39 0.352986
40 0.355662
41 0.35925
42 0.362396
43 0.364344
44 0.366918
45 0.369414
46 0.371307
47 0.373544
48 0.376151
49 0.379822
50 0.381446
51 0.384075
52 0.386875
53 0.388433
54 0.392139
55 0.393469
56 0.395332
57 0.398068
58 0.400356
59 0.402064
60 0.404047
61 0.406202
62 0.407978
63 0.410494
64 0.411675
65 0.412838
66 0.415172
67 0.418308
68 0.418485
69 0.420183
70 0.422824
71 0.424744
72 0.426363
73 0.426869
74 0.429568
75 0.431306
76 0.43254
77 0.434174
78 0.435568
79 0.437648
80 0.439526
81 0.439536
82 0.442297
83 0.443936
84 0.444781
85 0.446745
86 0.447831
87 0.449288
88 0.450482
89 0.451655
90 0.454047
91 0.454546
92 0.457248
93 0.458553
94 0.459214
95 0.460389
96 0.461803
97 0.462818
98 0.465483
99 0.465977
100 0.46763
101 0.46841
102 0.469676
103 0.470908
104 0.473104
105 0.474107
106 0.475013
107 0.475227
108 0.476994
109 0.478755
110 0.481065
111 0.480906
112 0.48145
113 0.483512
114 0.483687
115 0.484784
116 0.487165
117 0.488424
118 0.488209
119 0.488906
120 0.491082
121 0.491472
122 0.492981
123 0.493496
124 0.494573
125 0.496018
126 0.497506
127 0.498165
128 0.499138
129 0.50032
130 0.501291
131 0.502193
132 0.503614
133 0.503745
134 0.505394
135 0.506483
136 0.50792
137 0.507989
138 0.508494
139 0.510813
140 0.510769
141 0.511306
142 0.513147
143 0.514129
144 0.515253
145 0.515479
146 0.516041
147 0.517334
148 0.517693
149 0.519859
150 0.519499
151 0.521176
152 0.522488
153 0.522406
154 0.52396
155 0.52512
156 0.525238
157 0.526062
158 0.526856
159 0.527812
160 0.529026
161 0.529116
162 0.530168
163 0.531696
164 0.532839
165 0.532792
166 0.533912
167 0.533838
168 0.535212
169 0.535913
170 0.536099
171 0.537454
172 0.538196
173 0.538851
174 0.5388
175 0.540434
176 0.540392
177 0.542057
178 0.542129
179 0.543934
180 0.544035
181 0.544728
182 0.545913
183 0.546778
184 0.547167
185 0.546791
186 0.547594
187 0.549234
188 0.550603
189 0.549827
190 0.551563
191 0.551971
192 0.552244
193 0.553075
194 0.554336
195 0.555014
196 0.555337
197 0.555165
198 0.556771
199 0.557043
200 0.557908
201 0.558773
202 0.558758
203 0.560258
204 0.560772
205 0.560926
206 0.561932
207 0.561335
208 0.563025
209 0.564081
210 0.564619
211 0.564967
212 0.566191
213 0.566383
214 0.566658
215 0.567422
216 0.568309
217 0.568662
218 0.569154
219 0.569743
220 0.570233
221 0.571867
222 0.571963
223 0.572942
224 0.572742
225 0.573491
226 0.57365
227 0.574906
228 0.574194
229 0.575514
230 0.575895
231 0.576972
232 0.577944
233 0.577574
234 0.578109
235 0.579414
236 0.578444
237 0.579755
238 0.580595
239 0.581066
240 0.582364
241 0.581981
242 0.582514
243 0.582712
244 0.582738
245 0.584584
246 0.584446
247 0.584589
248 0.585381
249 0.586519
250 0.586686
251 0.587204
252 0.587669
253 0.588374
254 0.588599
255 0.589809
256 0.589113
257 0.589691
258 0.591072
259 0.590697
260 0.591548
261 0.592648
262 0.592633
263 0.59294
264 0.593836
265 0.594483
266 0.594174
267 0.594841
268 0.594766
269 0.596424
270 0.597024
271 0.597166
272 0.597663
273 0.598249
274 0.598522
275 0.599317
276 0.599069
277 0.600348
278 0.598941
279 0.601244
280 0.600903
281 0.601613
282 0.60239
283 0.602191
284 0.603422
285 0.603295
286 0.603701
287 0.603843
288 0.603907
289 0.605255
290 0.605373
291 0.606501
292 0.606852
293 0.607102
294 0.607551
295 0.607481
296 0.608212
297 0.608368
298 0.609032
299 0.609482
300 0.610708
