1 0.499999
2 0.499999
3 0.5
4 0.500001
5 0.5
6 0.5
7 0.5
8 0.5
9 0.5
10 0.5
11 0.498967
12 0.498904
13 0.498857
14 0.498635
15 0.498234
16 0.497402
17 0.496612
18 0.495842
19 0.495388
20 0.494962
21 0.494491
22 0.494121
23 0.49413
24 0.494005
25 0.494163
26 0.49437
27 0.494375
28 0.494387
29 0.49483
30 0.494581
31 0.49465
32 0.494655
33 0.494663
34 0.494789
35 0.494726
36 0.494805
37 0.494528
38 0.494557
39 0.494421
40 0.49451
41 0.494541
42 0.494586
43 0.494485
44 0.494482
45 0.494494
46 0.494784
47 0.494666
48 0.494585
49 0.494637
50 0.494684
51 0.494555
52 0.494722
53 0.494542
54 0.494618
55 0.494597
56 0.494947
57 0.494892
58 0.494779
59 0.494766
60 0.494796
61 0.494586
62 0.494487
63 0.49422
64 0.494254
65 0.493945
66 0.494009
67 0.493792
68 0.493646
69 0.493437
70 0.493268
71 0.493186
72 0.492869
73 0.492781
74 0.49264
75 0.492291
76 0.492157
77 0.491905
78 0.491682
79 0.491595
80 0.491488
81 0.491233
82 0.491011
83 0.49073
84 0.490649
85 0.490324
86 0.49032
87 0.489998
88 0.489933
89 0.489545
90 0.489379
91 0.489325
92 0.489328
93 0.489195
94 0.488921
95 0.489131
96 0.488597
97 0.48845
98 0.488204
99 0.488298
100 0.488188
101 0.487891
102 0.487865
103 0.487775
104 0.487685
105 0.48756
106 0.487408
107 0.487153
108 0.487257
109 0.487047
110 0.487132
111 0.486969
112 0.486796
113 0.486793
114 0.486584
115 0.486636
116 0.486373
117 0.48636
118 0.486186
119 0.486211
120 0.486177
121 0.486062
122 0.485879
123 0.485821
124 0.485675
125 0.485897
126 0.485654
127 0.485774
128 0.485417
129 0.485421
130 0.485406
131 0.485343
132 0.485131
133 0.485189
134 0.485249
135 0.484978
136 0.485242
137 0.485214
138 0.484688
139 0.484901
140 0.484733
141 0.48461
142 0.484541
143 0.484513
144 0.484547
145 0.484427
146 0.484625
147 0.484264
148 0.484207
149 0.484329
150 0.484215
151 0.483993
152 0.484243
153 0.484104
154 0.48414
155 0.483986
156 0.483918
157 0.483686
158 0.48399
159 0.483881
160 0.483691
161 0.483735
162 0.483632
163 0.483578
164 0.483639
165 0.48343
166 0.483428
167 0.483554
168 0.483562
169 0.483467
170 0.483284
171 0.483152
172 0.483095
173 0.483081
174 0.483004
175 0.483081
176 0.482902
177 0.483021
178 0.48308
179 0.48309
180 0.483115
181 0.483039
182 0.482892
183 0.482849
184 0.482908
185 0.482768
186 0.482577
187 0.482563
188 0.482611
189 0.482726
190 0.482608
191 0.482441
192 0.482376
193 0.482488
194 0.482599
195 0.482229
196 0.482237
197 0.482205
198 0.482257
199 0.482111
200 0.482098
201 0.482164
202 0.481966
203 0.481972
204 0.481918
205 0.481766
206 0.481807
207 0.481789
208 0.481755
209 0.481877
210 0.481566
211 0.481346
212 0.481705
213 0.481485
214 0.481527
215 0.481333
216 0.481471
217 0.481143
218 0.481579
219 0.481373
220 0.481336
221 0.481429
222 0.481112
223 0.481151
224 0.481153
225 0.481157
226 0.480934
227 0.480951
228 0.480598
229 0.480761
230 0.480825
231 0.480815
232 0.48112
233 0.480833
234 0.480927
235 0.480619
236 0.480606
237 0.480587
238 0.480503
239 0.480874
240 0.48045
241 0.480374
242 0.480156
243 0.480432
244 0.480061
245 0.480215
246 0.48015
247 0.480151
248 0.480237
249 0.479997
250 0.479984
251 0.479974
252 0.479836
253 0.479974
254 0.479898
255 0.479962
256 0.479838
257 0.479707
258 0.479665
259 0.479897
260 0.479714
261 0.479616
262 0.479715
263 0.479628
264 0.479481
265 0.479646
266 0.479672
267 0.479442
268 0.479489
269 0.47936
270 0.479108
271 0.47941
272 0.479139
273 0.478952
274 0.479147
275 0.479036
276 0.478862
277 0.478723
278 0.478952
279 0.479083
280 0.478916
281 0.479055
282 0.479139
283 0.478894
284 0.478733
285 0.478955
286 0.478565
287 0.478363
288 0.478619
289 0.478482
290 0.478501
291 0.47855
292 0.478384
293 0.47828
294 0.478146
295 0.478275
296 0.478147
297 0.478216
298 0.478034
299 0.478041
300 0.478113
