1 0.099887
2 0.099895
3 0.100146
4 0.099468
5 0.099461
6 0.100616
7 0.1
8 0.100248
9 0.09965
10 0.100629
11 0.145454
12 0.144562
13 0.147228
14 0.152893
15 0.164767
16 0.179078
17 0.194028
18 0.207057
19 0.216767
20 0.226054
21 0.233129
22 0.238429
23 0.239552
24 0.240696
25 0.241113
26 0.237632
27 0.238751
28 0.239842
29 0.234789
30 0.237041
31 0.238456
32 0.240027
33 0.241881
34 0.240121
35 0.242422
36 0.244184
37 0.245198
38 0.245991
39 0.248875
40 0.250236
41 0.250543
42 0.252354
43 0.252352
44 0.252642
45 0.254088
46 0.253287
47 0.254168
48 0.254794
49 0.255538
50 0.255011
51 0.254948
52 0.255163
53 0.25626
54 0.255861
55 0.25533
56 0.254398
57 0.253735
58 0.253596
59 0.255608
60 0.255875
61 0.256398
62 0.257662
63 0.259598
64 0.2613
65 0.263524
66 0.265837
67 0.268397
68 0.269972
69 0.272085
70 0.27459
71 0.276438
72 0.279292
73 0.282088
74 0.284788
75 0.287496
76 0.290727
77 0.294221
78 0.297347
79 0.30024
80 0.302334
81 0.305214
82 0.308365
83 0.31125
84 0.314321
85 0.316917
86 0.319922
87 0.322667
88 0.325685
89 0.328182
90 0.329984
91 0.332033
92 0.333763
93 0.336319
94 0.338961
95 0.340544
96 0.343739
97 0.346189
98 0.34862
99 0.349903
100 0.351158
101 0.353094
102 0.354982
103 0.357145
104 0.359169
105 0.361035
106 0.362549
107 0.364064
108 0.366379
109 0.367492
110 0.368794
111 0.370128
112 0.371963
113 0.373374
114 0.374976
115 0.376269
116 0.377187
117 0.378645
118 0.37982
119 0.381095
120 0.38253
121 0.383659
122 0.385634
123 0.386755
124 0.388159
125 0.388875
126 0.38989
127 0.39162
128 0.392612
129 0.393561
130 0.394879
131 0.396334
132 0.397694
133 0.398929
134 0.399529
135 0.400558
136 0.401748
137 0.402859
138 0.404022
139 0.405347
140 0.406114
141 0.407051
142 0.407466
143 0.408993
144 0.409913
145 0.410513
146 0.41165
147 0.412437
148 0.413562
149 0.414844
150 0.415378
151 0.416096
152 0.416727
153 0.417667
154 0.418785
155 0.420336
156 0.420926
157 0.421618
158 0.422798
159 0.42354
160 0.424329
161 0.424961
162 0.424908
163 0.426466
164 0.426977
165 0.427906
166 0.429056
167 0.429773
168 0.430615
169 0.432031
170 0.433066
171 0.433971
172 0.434589
173 0.434663
174 0.435612
175 0.435922
176 0.436419
177 0.437719
178 0.438172
179 0.438712
180 0.438788
181 0.439747
182 0.440633
183 0.440926
184 0.441581
185 0.442515
186 0.44383
187 0.444825
188 0.445789
189 0.445996
190 0.446693
191 0.447271
192 0.448126
193 0.449174
194 0.449884
195 0.450646
196 0.450939
197 0.451459
198 0.452086
199 0.452357
200 0.452933
201 0.453443
202 0.45414
203 0.455197
204 0.456019
205 0.456778
206 0.457995
207 0.458066
208 0.458641
209 0.45932
210 0.460199
211 0.46066
212 0.461297
213 0.462395
214 0.462581
215 0.463471
216 0.464337
217 0.46472
218 0.465228
219 0.466214
220 0.466806
221 0.467305
222 0.467936
223 0.468472
224 0.469653
225 0.470048
226 0.47087
227 0.471825
228 0.472275
229 0.472944
230 0.473832
231 0.474082
232 0.474969
233 0.475537
234 0.476318
235 0.476759
236 0.477017
237 0.47794
238 0.478217
239 0.479222
240 0.480088
241 0.480459
242 0.480945
243 0.481356
244 0.48242
245 0.482987
246 0.483731
247 0.484315
248 0.485587
249 0.486459
250 0.486776
251 0.487473
252 0.488145
253 0.488763
254 0.489065
255 0.489709
256 0.490735
257 0.490875
258 0.491134
259 0.492248
260 0.492836
261 0.49368
262 0.494454
263 0.495124
264 0.495558
265 0.496256
266 0.496652
267 0.497131
268 0.497653
269 0.498069
270 0.498672
271 0.499622
272 0.499903
273 0.50082
274 0.50182
275 0.50226
276 0.502403
277 0.503539
278 0.504505
279 0.504796
280 0.504704
281 0.505753
282 0.506657
283 0.507414
284 0.508128
285 0.508208
286 0.50908
287 0.50965
288 0.510333
289 0.511415
290 0.511956
291 0.512523
292 0.513036
293 0.513783
294 0.514848
295 0.515349
296 0.516092
297 0.515791
298 0.516539
299 0.516875
300 0.517557
