1 0.696885
2 0.696885
3 0.696885
4 0.696885
5 0.696885
6 0.696885
7 0.696885
8 0.696885
9 0.696885
10 0.696885
11 0.696885
12 0.696885
13 0.696885
14 0.696885
15 0.696885
16 0.696885
17 0.696885
18 0.696885
19 0.696885
20 0.696885
21 0.696885
22 0.696885
23 0.696885
24 0.696885
25 0.696885
26 0.696885
27 0.696885
28 0.696885
29 0.696885
30 0.696885
31 0.696885
32 0.696885
33 0.696885
34 0.696885
35 0.696885
36 0.696885
37 0.696885
38 0.696885
39 0.696885
40 0.696885
41 0.696885
42 0.696885
43 0.696885
44 0.696885
45 0.696885
46 0.696885
47 0.696885
48 0.696885
49 0.696885
50 0.696885
51 0.696885
52 0.696885
53 0.696885
54 0.696885
55 0.696885
56 0.696885
57 0.696885
58 0.696885
59 0.696885
60 0.696885
61 0.696885
62 0.696885
63 0.696885
64 0.696885
65 0.696885
66 0.696885
67 0.696885
68 0.696885
69 0.696885
70 0.696885
71 0.696885
72 0.696885
73 0.696885
74 0.696885
75 0.696885
76 0.696885
77 0.696885
78 0.696885
79 0.696885
80 0.696885
81 0.696885
82 0.696885
83 0.696885
84 0.696885
85 0.696885
86 0.696885
87 0.696885
88 0.696885
89 0.696885
90 0.696885
91 0.696885
92 0.696885
93 0.696885
94 0.696885
95 0.696885
96 0.696885
97 0.696885
98 0.696885
99 0.696885
100 0.696885
101 0.696885
102 0.696885
103 0.696885
104 0.696885
105 0.696885
106 0.696885
107 0.696885
108 0.696885
109 0.696885
110 0.696885
111 0.696885
112 0.696885
113 0.696885
114 0.696885
115 0.696885
116 0.696885
117 0.696885
118 0.696885
119 0.696885
120 0.696885
121 0.696885
122 0.696885
123 0.696885
124 0.696885
125 0.696885
126 0.696885
127 0.696885
128 0.696885
129 0.696885
130 0.696885
131 0.696885
132 0.696885
133 0.696885
134 0.696885
135 0.696885
136 0.696885
137 0.696885
138 0.696885
139 0.696885
140 0.696885
141 0.696885
142 0.696885
143 0.696885
144 0.696885
145 0.696885
146 0.696885
147 0.696885
148 0.696885
149 0.696885
150 0.696885
151 0.696885
152 0.696885
153 0.696885
154 0.696885
155 0.696885
156 0.696885
157 0.696885
158 0.696885
159 0.696885
160 0.696885
161 0.696885
162 0.696885
163 0.696885
164 0.696885
165 0.696885
166 0.696885
167 0.696885
168 0.696885
169 0.696885
170 0.696885
171 0.696885
172 0.696885
173 0.696885
174 0.696885
175 0.696885
176 0.696885
177 0.696885
178 0.696885
179 0.696885
180 0.696885
181 0.696885
182 0.696885
183 0.696885
184 0.696885
185 0.696885
186 0.696885
187 0.696885
188 0.696885
189 0.696885
190 0.696885
191 0.696885
192 0.696885
193 0.696885
194 0.696885
195 0.696885
196 0.696885
197 0.696885
198 0.696885
199 0.696885
200 0.696885
201 0.696885
202 0.696885
203 0.696885
204 0.696885
205 0.696885
206 0.696885
207 0.696885
208 0.696885
209 0.696885
210 0.696885
211 0.696885
212 0.696885
213 0.696885
214 0.696885
215 0.696885
216 0.696885
217 0.696885
218 0.696885
219 0.696885
220 0.696885
221 0.696885
222 0.696885
223 0.696885
224 0.696885
225 0.696885
226 0.696885
227 0.696885
228 0.696885
229 0.696885
230 0.696885
231 0.696885
232 0.696885
233 0.696885
234 0.696885
235 0.696885
236 0.696885
237 0.696885
238 0.696885
239 0.696885
240 0.696885
241 0.696885
242 0.696885
243 0.696885
244 0.696885
245 0.696885
246 0.696885
247 0.696885
248 0.696885
249 0.696885
250 0.696885
251 0.696885
252 0.696885
253 0.696885
254 0.696885
255 0.696885
256 0.696885
257 0.696885
258 0.696885
259 0.696885
260 0.696885
261 0.696885
262 0.696885
263 0.696885
264 0.696885
265 0.696885
266 0.696885
267 0.696885
268 0.696885
269 0.696885
270 0.696885
271 0.696885
272 0.696885
273 0.696885
274 0.696885
275 0.696885
276 0.696885
277 0.696885
278 0.696885
279 0.696885
280 0.696885
281 0.696885
282 0.696885
283 0.696885
284 0.696885
285 0.696885
286 0.696885
287 0.696885
288 0.696885
289 0.696885
290 0.696885
291 0.696885
292 0.696885
293 0.696885
294 0.696885
295 0.696885
296 0.696885
297 0.696885
298 0.696885
299 0.696885
300 0.696885
