1 0.499999
2 0.353872
3 0.288559
4 0.249922
5 0.223656
6 0.204114
7 0.188836
8 0.176636
9 0.166542
10 0.15809
11 0.150761
12 0.14433
13 0.138606
14 0.133359
15 0.12852
16 0.124199
17 0.120526
18 0.117438
19 0.114813
20 0.112567
21 0.110741
22 0.109198
23 0.10789
24 0.10678
25 0.105783
26 0.104822
27 0.103951
28 0.103098
29 0.102236
30 0.101403
31 0.100624
32 0.0999011
33 0.0992093
34 0.0984655
35 0.0977633
36 0.097087
37 0.0964425
38 0.0958188
39 0.0952511
40 0.0947069
41 0.0941932
42 0.0937066
43 0.0932329
44 0.0928232
45 0.0924478
46 0.0920709
47 0.0917127
48 0.091375
49 0.0910605
50 0.0907274
51 0.0903912
52 0.0900518
53 0.0896997
54 0.0893452
55 0.0889977
56 0.0886229
57 0.0882338
58 0.0878278
59 0.0874047
60 0.0869686
61 0.0865448
62 0.0861163
63 0.0856747
64 0.0852307
65 0.0847714
66 0.0843273
67 0.0838985
68 0.0834556
69 0.0830133
70 0.0825762
71 0.0821513
72 0.0817217
73 0.081301
74 0.0808775
75 0.0804856
76 0.0800893
77 0.0797159
78 0.0793439
79 0.0789981
80 0.0786692
81 0.0783436
82 0.078025
83 0.0777295
84 0.0774472
85 0.0771817
86 0.0769222
87 0.0766663
88 0.0764321
89 0.0762111
90 0.0760105
91 0.0758048
92 0.0756166
93 0.0754427
94 0.075281
95 0.07513
96 0.0749927
97 0.0748518
98 0.0747267
99 0.0745968
100 0.0744694
101 0.0743583
102 0.0742452
103 0.0741406
104 0.0740467
105 0.0739626
106 0.0738792
107 0.0738067
108 0.0737322
109 0.073666
110 0.0736063
111 0.0735457
112 0.073485
113 0.0734279
114 0.073374
115 0.0733331
116 0.0732844
117 0.0732364
118 0.0731989
119 0.0731637
120 0.0731231
121 0.0730818
122 0.0730503
123 0.0730226
124 0.073
125 0.0729747
126 0.0729538
127 0.0729295
128 0.0729072
129 0.0728834
130 0.0728686
131 0.0728596
132 0.0728399
133 0.072827
134 0.0728201
135 0.0728151
136 0.0728125
137 0.0728026
138 0.0727928
139 0.0727853
140 0.0727829
141 0.0727768
142 0.0727739
143 0.0727701
144 0.0727616
145 0.0727577
146 0.0727558
147 0.0727479
148 0.0727434
149 0.0727392
150 0.0727345
151 0.0727325
152 0.0727356
153 0.0727368
154 0.0727423
155 0.0727468
156 0.0727502
157 0.0727496
158 0.0727602
159 0.0727646
160 0.0727712
161 0.0727766
162 0.072784
163 0.0727876
164 0.0727929
165 0.0727973
166 0.0728076
167 0.0728149
168 0.0728253
169 0.0728304
170 0.0728367
171 0.0728415
172 0.0728453
173 0.0728518
174 0.0728619
175 0.0728651
176 0.0728713
177 0.0728756
178 0.0728832
179 0.0728901
180 0.0728978
181 0.0729003
182 0.0729063
183 0.0729093
184 0.0729118
185 0.072915
186 0.0729186
187 0.072923
188 0.0729245
189 0.0729281
190 0.0729309
191 0.072937
192 0.07294
193 0.0729445
194 0.072952
195 0.0729531
196 0.0729542
197 0.0729567
198 0.0729561
199 0.0729572
200 0.0729619
201 0.072964
202 0.0729664
203 0.0729656
204 0.0729693
205 0.072971
206 0.0729739
207 0.0729715
208 0.0729724
209 0.0729764
210 0.0729744
211 0.0729723
212 0.0729706
213 0.0729673
214 0.0729698
215 0.0729675
216 0.0729669
217 0.0729681
218 0.0729689
219 0.0729665
220 0.0729691
221 0.0729706
222 0.0729683
223 0.0729635
224 0.0729607
225 0.0729604
226 0.0729593
227 0.0729589
228 0.072955
229 0.0729501
230 0.0729472
231 0.0729424
232 0.0729391
233 0.0729388
234 0.0729345
235 0.0729304
236 0.0729301
237 0.0729296
238 0.0729277
239 0.0729245
240 0.0729217
241 0.0729215
242 0.0729202
243 0.072917
244 0.0729117
245 0.0729111
246 0.0729063
247 0.0729021
248 0.0728996
249 0.0728969
250 0.0728913
251 0.0728875
252 0.0728826
253 0.0728794
254 0.0728745
255 0.0728684
256 0.0728606
257 0.0728523
258 0.072849
259 0.0728438
260 0.0728355
261 0.0728283
262 0.0728211
263 0.0728176
264 0.0728121
265 0.0728055
266 0.0727993
267 0.072795
268 0.0727904
269 0.0727847
270 0.0727782
271 0.0727723
272 0.0727657
273 0.07276
274 0.0727549
275 0.0727461
276 0.072742
277 0.0727359
278 0.0727277
279 0.0727207
280 0.0727145
281 0.0727078
282 0.0727019
283 0.0726947
284 0.0726902
285 0.0726828
286 0.0726786
287 0.0726721
288 0.072668
289 0.0726602
290 0.0726557
291 0.07265
292 0.0726428
293 0.0726354
294 0.0726308
295 0.0726243
296 0.0726196
297 0.0726165
298 0.0726112
299 0.0726014
300 0.0725972
