1 0.167026
2 0.156228
3 0.146598
4 0.138133
5 0.130592
6 0.123942
7 0.118084
8 0.112814
9 0.108081
10 0.103799
11 0.0999008
12 0.0963167
13 0.0930615
14 0.0900573
15 0.0872638
16 0.0846794
17 0.0822773
18 0.0800471
19 0.0779562
20 0.0760043
21 0.0741629
22 0.0724287
23 0.0707843
24 0.0692271
25 0.067762
26 0.0663653
27 0.0650415
28 0.0637733
29 0.0625701
30 0.0614192
31 0.0603198
32 0.0592643
33 0.0582551
34 0.0572836
35 0.0563564
36 0.0554667
37 0.0546063
38 0.053774
39 0.0529746
40 0.052203
41 0.0514623
42 0.0507446
43 0.0500504
44 0.04938
45 0.0487317
46 0.0481044
47 0.0474949
48 0.0469029
49 0.04633
50 0.0457729
51 0.0452338
52 0.0447091
53 0.0441977
54 0.0436991
55 0.043215
56 0.0427442
57 0.0422852
58 0.0418373
59 0.0413997
60 0.040973
61 0.040558
62 0.0401517
63 0.0397562
64 0.0393704
65 0.0389961
66 0.0386292
67 0.0382699
68 0.0379189
69 0.0375752
70 0.0372394
71 0.0369092
72 0.036586
73 0.0362712
74 0.0359623
75 0.0356593
76 0.0353618
77 0.0350704
78 0.0347845
79 0.0345048
80 0.0342305
81 0.0339616
82 0.0336974
83 0.033437
84 0.0331827
85 0.0329332
86 0.0326876
87 0.0324465
88 0.0322092
89 0.0319765
90 0.031748
91 0.0315227
92 0.0313027
93 0.0310852
94 0.0308712
95 0.0306607
96 0.0304548
97 0.0302524
98 0.0300524
99 0.0298549
100 0.0296606
101 0.0294692
102 0.0292819
103 0.029096
104 0.0289137
105 0.0287333
106 0.0285567
107 0.0283828
108 0.0282105
109 0.0280405
110 0.0278735
111 0.0277084
112 0.0275466
113 0.0273863
114 0.0272283
115 0.0270725
116 0.0269189
117 0.0267676
118 0.0266175
119 0.0264701
120 0.0263243
121 0.0261805
122 0.0260385
123 0.0258985
124 0.02576
125 0.0256234
126 0.0254886
127 0.0253557
128 0.0252239
129 0.0250941
130 0.0249661
131 0.0248393
132 0.0247138
133 0.0245903
134 0.0244684
135 0.0243475
136 0.0242282
137 0.0241101
138 0.023993
139 0.0238773
140 0.0237633
141 0.0236505
142 0.0235389
143 0.0234285
144 0.0233194
145 0.0232115
146 0.0231045
147 0.0229993
148 0.022895
149 0.0227918
150 0.0226901
151 0.0225889
152 0.0224886
153 0.0223898
154 0.0222919
155 0.0221954
156 0.0220999
157 0.022005
158 0.0219111
159 0.0218181
160 0.0217264
161 0.0216356
162 0.0215457
163 0.0214562
164 0.0213677
165 0.0212802
166 0.0211934
167 0.0211076
168 0.0210225
169 0.0209381
170 0.020855
171 0.0207723
172 0.0206904
173 0.0206094
174 0.0205292
175 0.0204495
176 0.0203706
177 0.0202923
178 0.0202149
179 0.0201378
180 0.0200617
181 0.0199865
182 0.0199116
183 0.0198375
184 0.0197642
185 0.0196915
186 0.0196195
187 0.0195478
188 0.0194769
189 0.0194064
190 0.0193365
191 0.0192674
192 0.019199
193 0.019131
194 0.0190637
195 0.0189967
196 0.0189302
197 0.0188642
198 0.0187992
199 0.0187343
200 0.0186706
201 0.0186066
202 0.0185435
203 0.0184808
204 0.0184188
205 0.0183573
206 0.0182959
207 0.0182351
208 0.0181751
209 0.0181153
210 0.018056
211 0.0179973
212 0.017939
213 0.0178811
214 0.0178237
215 0.0177667
216 0.0177101
217 0.0176541
218 0.0175981
219 0.017543
220 0.0174879
221 0.0174334
222 0.0173795
223 0.0173258
224 0.0172725
225 0.0172197
226 0.0171668
227 0.0171143
228 0.0170625
229 0.0170109
230 0.0169596
231 0.0169089
232 0.0168586
233 0.0168087
234 0.0167592
235 0.0167098
236 0.0166608
237 0.0166126
238 0.0165643
239 0.0165163
240 0.0164687
241 0.0164214
242 0.0163743
243 0.0163275
244 0.016281
245 0.016235
246 0.0161892
247 0.0161439
248 0.0160987
249 0.0160539
250 0.0160094
251 0.0159652
252 0.0159213
253 0.0158775
254 0.0158342
255 0.0157911
256 0.0157482
257 0.0157057
258 0.0156634
259 0.0156213
260 0.0155793
261 0.0155378
262 0.0154965
263 0.0154558
264 0.0154149
265 0.0153743
266 0.0153339
267 0.0152941
268 0.0152544
269 0.0152148
270 0.0151754
271 0.0151363
272 0.0150975
273 0.0150589
274 0.0150207
275 0.0149825
276 0.0149445
277 0.014907
278 0.0148695
279 0.0148324
280 0.0147955
281 0.0147586
282 0.014722
283 0.0146858
284 0.0146496
285 0.0146136
286 0.0145779
287 0.0145423
288 0.014507
289 0.0144719
290 0.0144369
291 0.0144021
292 0.0143676
293 0.0143333
294 0.0142991
295 0.0142651
296 0.0142312
297 0.0141976
298 0.0141641
299 0.0141308
300 0.0140979
