1 0.500353
2 0.511317
3 0.520669
4 0.528898
5 0.536467
6 0.54318
7 0.548974
8 0.55418
9 0.558887
10 0.563187
11 0.567069
12 0.570677
13 0.573933
14 0.577001
15 0.579766
16 0.582342
17 0.584826
18 0.587001
19 0.589033
20 0.591062
21 0.592904
22 0.594653
23 0.59629
24 0.597842
25 0.599324
26 0.60071
27 0.602004
28 0.603327
29 0.604498
30 0.605701
31 0.606772
32 0.607851
33 0.608837
34 0.609826
35 0.610698
36 0.611615
37 0.612465
38 0.613322
39 0.614106
40 0.614901
41 0.615659
42 0.616369
43 0.617037
44 0.617725
45 0.618341
46 0.618987
47 0.619584
48 0.620176
49 0.620745
50 0.621318
51 0.621878
52 0.622373
53 0.622868
54 0.623384
55 0.623867
56 0.624336
57 0.624735
58 0.625252
59 0.625707
60 0.626117
61 0.626534
62 0.626933
63 0.627325
64 0.627742
65 0.628078
66 0.628456
67 0.628836
68 0.629186
69 0.629528
70 0.629846
71 0.630195
72 0.630508
73 0.630876
74 0.631102
75 0.631423
76 0.631721
77 0.632011
78 0.632288
79 0.63258
80 0.63285
81 0.63312
82 0.6334
83 0.633633
84 0.63389
85 0.63417
86 0.634367
87 0.634618
88 0.634865
89 0.635053
90 0.635313
91 0.635523
92 0.635765
93 0.635966
94 0.636205
95 0.636399
96 0.636609
97 0.636804
98 0.637015
99 0.637205
100 0.637405
101 0.637595
102 0.637807
103 0.637938
104 0.638143
105 0.638295
106 0.638513
107 0.638689
108 0.638876
109 0.639038
110 0.639193
111 0.639358
112 0.639522
113 0.639683
114 0.63985
115 0.639997
116 0.640155
117 0.640273
118 0.640467
119 0.640599
120 0.640742
121 0.640898
122 0.641021
123 0.641175
124 0.641313
125 0.64146
126 0.64159
127 0.641734
128 0.641854
129 0.641957
130 0.642096
131 0.642235
132 0.642366
133 0.642506
134 0.642625
135 0.642738
136 0.642861
137 0.642983
138 0.643089
139 0.643207
140 0.643314
141 0.643423
142 0.643545
143 0.643648
144 0.643757
145 0.643874
146 0.64396
147 0.644084
148 0.644181
149 0.644292
150 0.644393
151 0.644484
152 0.644587
153 0.644685
154 0.644778
155 0.644881
156 0.644971
157 0.64507
158 0.645172
159 0.645259
160 0.645349
161 0.645438
162 0.645533
163 0.645612
164 0.645711
165 0.64579
166 0.645873
167 0.64596
168 0.646053
169 0.646138
170 0.646245
171 0.64622
172 0.646352
173 0.646436
174 0.646526
175 0.646607
176 0.646689
177 0.646778
178 0.646834
179 0.646925
180 0.647
181 0.647081
182 0.647148
183 0.64722
184 0.647299
185 0.647371
186 0.647423
187 0.647518
188 0.647586
189 0.647653
190 0.647729
191 0.647796
192 0.647865
193 0.647925
194 0.647994
195 0.648034
196 0.648134
197 0.648187
198 0.648264
199 0.64834
200 0.648401
201 0.648466
202 0.648528
203 0.648588
204 0.648642
205 0.648739
206 0.64877
207 0.648823
208 0.648883
209 0.64895
210 0.648986
211 0.649048
212 0.649111
213 0.649168
214 0.649219
215 0.649278
216 0.649337
217 0.649386
218 0.649451
219 0.649511
220 0.649551
221 0.649607
222 0.649665
223 0.649718
224 0.649772
225 0.649823
226 0.649878
227 0.649925
228 0.649994
229 0.650039
230 0.650087
231 0.650134
232 0.650183
233 0.650224
234 0.650272
235 0.650323
236 0.650374
237 0.650425
238 0.650468
239 0.650506
240 0.650562
241 0.65064
242 0.65066
243 0.650714
244 0.650757
245 0.650801
246 0.650853
247 0.650898
248 0.65094
249 0.650985
250 0.651034
251 0.651073
252 0.651118
253 0.65117
254 0.651217
255 0.651278
256 0.651287
257 0.65129
258 0.651349
259 0.651403
260 0.651444
261 0.651487
262 0.651532
263 0.651569
264 0.651611
265 0.651653
266 0.651695
267 0.651729
268 0.651775
269 0.651815
270 0.651855
271 0.651901
272 0.651933
273 0.651944
274 0.652014
275 0.652053
276 0.65209
277 0.652128
278 0.652162
279 0.652195
280 0.652239
281 0.652273
282 0.652308
283 0.652345
284 0.652384
285 0.652415
286 0.652452
287 0.65249
288 0.652524
289 0.652559
290 0.652597
291 0.652625
292 0.652652
293 0.652716
294 0.652737
295 0.652768
296 0.652803
297 0.652837
298 0.652875
299 0.652905
300 0.652939
