1 0.499659
2 0.521399
3 0.540539
4 0.557429
5 0.57283
6 0.586532
7 0.598828
8 0.609994
9 0.620108
10 0.629583
11 0.638228
12 0.646284
13 0.653648
14 0.660594
15 0.66712
16 0.673218
17 0.679024
18 0.684311
19 0.689264
20 0.694169
21 0.69867
22 0.703029
23 0.707129
24 0.711175
25 0.714983
26 0.718581
27 0.721889
28 0.725352
29 0.728514
30 0.731695
31 0.734521
32 0.737445
33 0.740121
34 0.742954
35 0.745353
36 0.747899
37 0.750252
38 0.752682
39 0.754874
40 0.757102
41 0.7593
42 0.761249
43 0.76322
44 0.765222
45 0.767075
46 0.768964
47 0.770749
48 0.77255
49 0.77428
50 0.775988
51 0.777654
52 0.779103
53 0.780644
54 0.782262
55 0.783686
56 0.785157
57 0.786427
58 0.787984
59 0.789375
60 0.790643
61 0.791941
62 0.793184
63 0.794459
64 0.795737
65 0.796839
66 0.798039
67 0.799265
68 0.800369
69 0.801491
70 0.802553
71 0.803704
72 0.804773
73 0.805887
74 0.806724
75 0.807827
76 0.808835
77 0.809749
78 0.810679
79 0.811699
80 0.81257
81 0.813458
82 0.814453
83 0.815214
84 0.816175
85 0.817098
86 0.817707
87 0.818579
88 0.81945
89 0.820135
90 0.821037
91 0.821754
92 0.822571
93 0.82321
94 0.824109
95 0.824808
96 0.825556
97 0.826243
98 0.827004
99 0.827656
100 0.828423
101 0.829111
102 0.829804
103 0.830294
104 0.830994
105 0.831594
106 0.832363
107 0.832963
108 0.833636
109 0.834228
110 0.834762
111 0.835399
112 0.835989
113 0.836565
114 0.83726
115 0.83774
116 0.838328
117 0.838777
118 0.839441
119 0.839942
120 0.840479
121 0.841075
122 0.841564
123 0.842144
124 0.842608
125 0.843197
126 0.843691
127 0.844247
128 0.844638
129 0.844991
130 0.845503
131 0.846038
132 0.8465
133 0.847041
134 0.847524
135 0.847949
136 0.848397
137 0.84893
138 0.849331
139 0.849803
140 0.850205
141 0.85064
142 0.851125
143 0.851542
144 0.851951
145 0.852371
146 0.852682
147 0.85327
148 0.853627
149 0.854059
150 0.854445
151 0.854809
152 0.855257
153 0.855643
154 0.855967
155 0.85636
156 0.856746
157 0.857104
158 0.857576
159 0.8579
160 0.858267
161 0.858615
162 0.859026
163 0.859343
164 0.85977
165 0.860064
166 0.860407
167 0.86079
168 0.861166
169 0.861516
170 0.861847
171 0.862097
172 0.862398
173 0.862728
174 0.86308
175 0.86342
176 0.863752
177 0.864103
178 0.864334
179 0.864744
180 0.865022
181 0.865389
182 0.865647
183 0.865951
184 0.866272
185 0.866556
186 0.866773
187 0.86723
188 0.867484
189 0.867766
190 0.868087
191 0.868394
192 0.868645
193 0.868892
194 0.869189
195 0.869403
196 0.869776
197 0.870053
198 0.870313
199 0.870627
200 0.870883
201 0.871149
202 0.871405
203 0.871647
204 0.871859
205 0.872394
206 0.872541
207 0.872767
208 0.873011
209 0.873292
210 0.873474
211 0.873753
212 0.874045
213 0.874291
214 0.874499
215 0.874733
216 0.875036
217 0.875238
218 0.875512
219 0.875742
220 0.875955
221 0.876193
222 0.876429
223 0.876688
224 0.876909
225 0.877128
226 0.87735
227 0.877535
228 0.877925
229 0.878104
230 0.878318
231 0.878516
232 0.878756
233 0.878954
234 0.879142
235 0.879374
236 0.879583
237 0.879867
238 0.880051
239 0.880275
240 0.880477
241 0.880796
242 0.880926
243 0.881149
244 0.881374
245 0.881557
246 0.881799
247 0.88198
248 0.882186
249 0.882403
250 0.882628
251 0.882834
252 0.883032
253 0.883253
254 0.883442
255 0.88363
256 0.883703
257 0.883772
258 0.88395
259 0.884151
260 0.884339
261 0.884535
262 0.884754
263 0.884937
264 0.88512
265 0.885324
266 0.885533
267 0.885675
268 0.885906
269 0.886074
270 0.886283
271 0.886455
272 0.886625
273 0.886733
274 0.887025
275 0.88719
276 0.887358
277 0.887543
278 0.887698
279 0.887841
280 0.888092
281 0.888243
282 0.888406
283 0.88859
284 0.888758
285 0.888912
286 0.88909
287 0.889265
288 0.889413
289 0.889573
290 0.889733
291 0.889864
292 0.889981
293 0.89035
294 0.890452
295 0.890589
296 0.890742
297 0.89089
298 0.891068
299 0.891185
300 0.89135
