1 0.0832772
2 0.141644
3 0.0583839
4 0.0722269
5 0.0530643
6 0.0532517
7 0.0357846
8 0.0429173
9 0.0298762
10 0.0327063
11 0.029237
12 0.0274156
13 0.0225433
14 0.0246153
15 0.0199708
16 0.0214603
17 0.0193525
18 0.0186321
19 0.0163704
20 0.0175467
21 0.0154999
22 0.0154014
23 0.0144934
24 0.014498
25 0.0130341
26 0.013714
27 0.0121801
28 0.0124294
29 0.0118434
30 0.0115381
31 0.0111355
32 0.0111596
33 0.0101883
34 0.0102618
35 0.00990051
36 0.00992331
37 0.0092114
38 0.00947689
39 0.00879357
40 0.00891168
41 0.008681
42 0.00842786
43 0.00804788
44 0.00823065
45 0.00780532
46 0.00781824
47 0.00757658
48 0.0075013
49 0.00716795
50 0.00727964
51 0.00704515
52 0.00703511
53 0.0068031
54 0.00669285
55 0.00646968
56 0.0066112
57 0.00627262
58 0.00624565
59 0.00620426
60 0.00609343
61 0.00596636
62 0.00595677
63 0.00570834
64 0.00572091
65 0.00559746
66 0.00560475
67 0.00539469
68 0.00548249
69 0.00525118
70 0.00524361
71 0.00519597
72 0.00513736
73 0.00503908
74 0.00503362
75 0.00487613
76 0.00491426
77 0.00481078
78 0.00473922
79 0.00465664
80 0.0047175
81 0.00457591
82 0.00452762
83 0.00448654
84 0.00447717
85 0.00436833
86 0.00440582
87 0.00428992
88 0.00427546
89 0.00420578
90 0.00417678
91 0.00413034
92 0.00412606
93 0.00402098
94 0.00402077
95 0.0039891
96 0.00396745
97 0.00387543
98 0.00387785
99 0.0038009
100 0.00380571
101 0.0037751
102 0.00371817
103 0.00365972
104 0.00367622
105 0.00359961
106 0.00361402
107 0.00355049
108 0.00354039
109 0.00348709
110 0.00349174
111 0.00344496
112 0.00342429
113 0.00340666
114 0.0033697
115 0.00334296
116 0.00336282
117 0.00328375
118 0.00327371
119 0.00323752
120 0.00322009
121 0.00318208
122 0.00319066
123 0.0031259
124 0.0031199
125 0.00308603
126 0.00308302
127 0.00303272
128 0.00304086
129 0.00300499
130 0.00297198
131 0.00296596
132 0.00294374
133 0.00289608
134 0.00289919
135 0.00285052
136 0.00286251
137 0.00282125
138 0.00280108
139 0.00279198
140 0.00279073
141 0.00275607
142 0.00272582
143 0.00272044
144 0.00269273
145 0.00267047
146 0.00266948
147 0.00263548
148 0.0026252
149 0.00259903
150 0.00259673
151 0.00256779
152 0.0025684
153 0.00253045
154 0.00251807
155 0.00250758
156 0.0025034
157 0.00247073
158 0.00247151
159 0.00243966
160 0.00243881
161 0.00242962
162 0.00241111
163 0.002396
164 0.00240439
165 0.00237794
166 0.00237431
167 0.00234741
168 0.00232993
169 0.00231276
170 0.00231063
171 0.00229759
172 0.00229042
173 0.00227277
174 0.00225331
175 0.00223382
176 0.00224505
177 0.00221014
178 0.00221004
179 0.00219431
180 0.00219109
181 0.00217738
182 0.00216803
183 0.00215278
184 0.00213841
185 0.00213591
186 0.00212124
187 0.00211177
188 0.0021165
189 0.0020877
190 0.00208145
191 0.0020762
192 0.00206462
193 0.00204427
194 0.00204605
195 0.0020248
196 0.00202796
197 0.00201691
198 0.00200129
199 0.00199903
200 0.00199828
201 0.0019821
202 0.00197454
203 0.00196365
204 0.00195848
205 0.00194545
206 0.00194687
207 0.00192162
208 0.00192502
209 0.00191348
210 0.00190437
211 0.00190378
212 0.00189711
213 0.00188435
214 0.00187668
215 0.00186767
216 0.00186509
217 0.00185083
218 0.00184529
219 0.00183258
220 0.00182992
221 0.00182609
222 0.00181385
223 0.00180062
224 0.00180389
225 0.00178638
226 0.00178746
227 0.00177974
228 0.00177336
229 0.00175666
230 0.00175603
231 0.00174452
232 0.00173437
233 0.00172869
234 0.00172348
235 0.00171406
236 0.00171689
237 0.00169654
238 0.00169411
239 0.00168864
240 0.00168893
241 0.00167785
242 0.00167234
243 0.00166738
244 0.00166506
245 0.0016523
246 0.00165531
247 0.00164383
248 0.00164159
249 0.00162885
250 0.0016197
251 0.00160676
252 0.00160462
253 0.00159574
254 0.00159582
255 0.00158615
256 0.00158043
257 0.00157253
258 0.0015627
259 0.00155155
260 0.00156154
261 0.00154986
262 0.00154752
263 0.00153955
264 0.00153383
265 0.00153104
266 0.00152984
267 0.00151997
268 0.00151783
269 0.00151278
270 0.00149858
271 0.00150042
272 0.00149491
273 0.00148928
274 0.00148425
275 0.00148039
276 0.00147639
277 0.00146641
278 0.00146211
279 0.00145027
280 0.00145078
281 0.00144336
282 0.00144071
283 0.00143759
284 0.00143728
285 0.00142758
286 0.00142348
287 0.00141493
288 0.00141318
289 0.00140839
290 0.00140773
291 0.00140345
292 0.00139704
293 0.00139505
294 0.00139009
295 0.00138832
296 0.00138702
297 0.00137581
298 0.00137155
299 0.00137094
300 0.00136915
