1 0.666971
2 0.66677
3 0.724827
4 0.737225
5 0.759921
6 0.77195
7 0.789589
8 0.795349
9 0.808009
10 0.814618
11 0.822104
12 0.827991
13 0.834831
14 0.838463
15 0.844482
16 0.848
17 0.852211
18 0.855839
19 0.859858
20 0.862083
21 0.865469
22 0.867975
23 0.870767
24 0.872731
25 0.875336
26 0.877123
27 0.879276
28 0.881202
29 0.883004
30 0.884919
31 0.886607
32 0.888049
33 0.889633
34 0.891008
35 0.892713
36 0.893884
37 0.89528
38 0.896309
39 0.897649
40 0.898775
41 0.899926
42 0.901
43 0.902214
44 0.903109
45 0.904128
46 0.904938
47 0.905794
48 0.906636
49 0.907559
50 0.908327
51 0.909164
52 0.909852
53 0.910747
54 0.911557
55 0.912332
56 0.913023
57 0.91366
58 0.91456
59 0.915138
60 0.915792
61 0.91646
62 0.916929
63 0.917688
64 0.918279
65 0.918878
66 0.919415
67 0.919943
68 0.920425
69 0.92108
70 0.921637
71 0.922104
72 0.922557
73 0.923073
74 0.923526
75 0.923952
76 0.924448
77 0.924824
78 0.925434
79 0.925639
80 0.926033
81 0.926652
82 0.926983
83 0.927333
84 0.927652
85 0.928053
86 0.928481
87 0.928986
88 0.929187
89 0.929689
90 0.93004
91 0.930363
92 0.930746
93 0.931104
94 0.931335
95 0.931584
96 0.931918
97 0.932279
98 0.932705
99 0.932914
100 0.933222
101 0.933652
102 0.933907
103 0.934382
104 0.934595
105 0.93484
106 0.935099
107 0.935443
108 0.935818
109 0.935928
110 0.936151
111 0.936458
112 0.936687
113 0.936957
114 0.937185
115 0.937412
116 0.937598
117 0.938013
118 0.938145
119 0.938441
120 0.938686
121 0.938972
122 0.939178
123 0.939356
124 0.939616
125 0.939791
126 0.940033
127 0.940258
128 0.940494
129 0.940678
130 0.941029
131 0.941208
132 0.941401
133 0.941619
134 0.941812
135 0.942044
136 0.942229
137 0.942417
138 0.942622
139 0.942657
140 0.942914
141 0.943047
142 0.943322
143 0.943429
144 0.943788
145 0.943858
146 0.944113
147 0.944224
148 0.944516
149 0.944784
150 0.944901
151 0.9451
152 0.945252
153 0.945427
154 0.945624
155 0.945761
156 0.945929
157 0.946148
158 0.946237
159 0.946413
160 0.946473
161 0.946676
162 0.946772
163 0.946828
164 0.947053
165 0.947161
166 0.947226
167 0.947524
168 0.947742
169 0.947838
170 0.947996
171 0.948158
172 0.948216
173 0.948387
174 0.948588
175 0.948728
176 0.948869
177 0.949059
178 0.94921
179 0.949302
180 0.949459
181 0.949554
182 0.94975
183 0.94985
184 0.95006
185 0.950083
186 0.950304
187 0.950288
188 0.950399
189 0.950603
190 0.950722
191 0.95086
192 0.950937
193 0.951074
194 0.951225
195 0.951314
196 0.951497
197 0.951523
198 0.951707
199 0.951719
200 0.951769
201 0.951951
202 0.952072
203 0.952249
204 0.952254
205 0.952347
206 0.952511
207 0.952661
208 0.952667
209 0.952777
210 0.952928
211 0.952982
212 0.953106
213 0.953176
214 0.95325
215 0.953465
216 0.953512
217 0.953609
218 0.953683
219 0.953802
220 0.953923
221 0.953999
222 0.954032
223 0.954163
224 0.954262
225 0.954377
226 0.95448
227 0.954541
228 0.954611
229 0.954766
230 0.954895
231 0.954974
232 0.955096
233 0.95513
234 0.955241
235 0.955309
236 0.955366
237 0.955499
238 0.955604
239 0.955737
240 0.955756
241 0.955882
242 0.955958
243 0.956023
244 0.956065
245 0.956169
246 0.956159
247 0.956264
248 0.956349
249 0.956442
250 0.956592
251 0.956797
252 0.956813
253 0.956846
254 0.956942
255 0.957049
256 0.957182
257 0.957213
258 0.957349
259 0.957467
260 0.957436
261 0.957516
262 0.957574
263 0.957618
264 0.95778
265 0.957763
266 0.957828
267 0.957854
268 0.957933
269 0.958026
270 0.958192
271 0.958149
272 0.95829
273 0.958278
274 0.958355
275 0.958452
276 0.958582
277 0.958641
278 0.958718
279 0.958851
280 0.958838
281 0.958975
282 0.959035
283 0.959
284 0.959154
285 0.959185
286 0.959265
287 0.959376
288 0.95942
289 0.959478
290 0.95955
291 0.959578
292 0.959676
293 0.959711
294 0.959756
295 0.959814
296 0.959874
297 0.960038
298 0.960046
299 0.960059
300 0.960137
