1 0.499659
2 0.54314
3 0.578834
4 0.608084
5 0.634419
6 0.655051
7 0.672299
8 0.688467
9 0.701853
10 0.713897
11 0.725007
12 0.734682
13 0.74251
14 0.75048
15 0.758561
16 0.764549
17 0.770565
18 0.775417
19 0.78082
20 0.785068
21 0.7897
22 0.794251
23 0.798363
24 0.802569
25 0.804969
26 0.809378
27 0.811993
28 0.815664
29 0.817713
30 0.820684
31 0.823696
32 0.8259
33 0.828104
34 0.830792
35 0.832413
36 0.834268
37 0.837232
38 0.839447
39 0.841049
40 0.842581
41 0.843686
42 0.845803
43 0.847674
44 0.849442
45 0.850527
46 0.851929
47 0.853706
48 0.85539
49 0.856106
50 0.85814
51 0.858318
52 0.859734
53 0.861621
54 0.86299
55 0.864027
56 0.864773
57 0.86611
58 0.867478
59 0.868638
60 0.869859
61 0.870302
62 0.871402
63 0.872165
64 0.873215
65 0.873535
66 0.874483
67 0.875477
68 0.876315
69 0.877271
70 0.878007
71 0.879226
72 0.879884
73 0.880261
74 0.881456
75 0.881984
76 0.882949
77 0.883282
78 0.8842
79 0.884744
80 0.88559
81 0.885876
82 0.886855
83 0.887712
84 0.88784
85 0.888196
86 0.889065
87 0.889889
88 0.890399
89 0.89088
90 0.891603
91 0.892256
92 0.891951
93 0.892921
94 0.893616
95 0.894188
96 0.894492
97 0.895006
98 0.895526
99 0.896277
100 0.896836
101 0.897016
102 0.896812
103 0.898548
104 0.898539
105 0.898968
106 0.899185
107 0.899656
108 0.900446
109 0.900567
110 0.900916
111 0.901474
112 0.901709
113 0.90228
114 0.902754
115 0.903164
116 0.90365
117 0.903632
118 0.90468
119 0.904765
120 0.904924
121 0.905326
122 0.905751
123 0.905922
124 0.906677
125 0.906737
126 0.907133
127 0.907308
128 0.90788
129 0.908023
130 0.908617
131 0.908677
132 0.908959
133 0.909113
134 0.909553
135 0.910178
136 0.910211
137 0.910747
138 0.911575
139 0.911364
140 0.91149
141 0.911849
142 0.912101
143 0.912518
144 0.912875
145 0.913394
146 0.913712
147 0.913297
148 0.913646
149 0.913949
150 0.91439
151 0.914905
152 0.915369
153 0.915153
154 0.915521
155 0.915722
156 0.915753
157 0.916306
158 0.916321
159 0.917037
160 0.91682
161 0.917058
162 0.917347
163 0.91776
164 0.917615
165 0.91793
166 0.918446
167 0.918583
168 0.918948
169 0.919265
170 0.918674
171 0.919415
172 0.919969
173 0.919966
174 0.920149
175 0.920127
176 0.920523
177 0.920544
178 0.920778
179 0.921242
180 0.921351
181 0.921267
182 0.921822
183 0.922032
184 0.921964
185 0.922221
186 0.922473
187 0.922686
188 0.922906
189 0.923424
190 0.923576
191 0.92337
192 0.923465
193 0.923792
194 0.924072
195 0.924396
196 0.924689
197 0.924662
198 0.924866
199 0.925068
200 0.924549
201 0.925577
202 0.925492
203 0.925525
204 0.925846
205 0.926021
206 0.926232
207 0.926387
208 0.926506
209 0.926819
210 0.926541
211 0.92684
212 0.927006
213 0.927526
214 0.927627
215 0.927574
216 0.927925
217 0.927793
218 0.928228
219 0.92792
220 0.928441
221 0.928544
222 0.92861
223 0.928742
224 0.928889
225 0.929095
226 0.929616
227 0.9297
228 0.929731
229 0.929644
230 0.93018
231 0.930033
232 0.929795
233 0.930019
234 0.930016
235 0.93044
236 0.930664
237 0.930423
238 0.930633
239 0.931118
240 0.931086
241 0.931297
242 0.931541
243 0.931547
244 0.932055
245 0.931881
246 0.932065
247 0.931853
248 0.932427
249 0.93224
250 0.932306
251 0.932564
252 0.932911
253 0.93314
254 0.933027
255 0.933216
256 0.933377
257 0.933404
258 0.933643
259 0.933739
260 0.933979
261 0.933786
262 0.933948
263 0.933809
264 0.934346
265 0.934673
266 0.934599
267 0.934161
268 0.934365
269 0.935136
270 0.935253
271 0.935266
272 0.935221
273 0.935171
274 0.935627
275 0.935456
276 0.935922
277 0.935493
278 0.935885
279 0.935783
280 0.935772
281 0.936291
282 0.936343
283 0.936427
284 0.936609
285 0.93659
286 0.936616
287 0.936911
288 0.936783
289 0.937074
290 0.937005
291 0.93716
292 0.937375
293 0.937429
294 0.937795
295 0.937691
296 0.93804
297 0.937795
298 0.938007
299 0.938138
300 0.937847
