1 0.167026
2 0.14543
3 0.127339
4 0.112738
5 0.100426
6 0.0906942
7 0.0829386
8 0.0759182
9 0.0702209
10 0.0652587
11 0.0609197
12 0.056891
13 0.0539995
14 0.0510023
15 0.048155
16 0.0459133
17 0.0438425
18 0.0421354
19 0.0403196
20 0.0389179
21 0.0373356
22 0.0360127
23 0.0346041
24 0.0334134
25 0.0325996
26 0.0314482
27 0.0306225
28 0.0295308
29 0.0288792
30 0.0280455
31 0.0273351
32 0.0265459
33 0.025962
34 0.0252231
35 0.0248315
36 0.0243272
37 0.0236316
38 0.0229763
39 0.0226006
40 0.0221099
41 0.0218346
42 0.0213177
43 0.0208952
44 0.0205538
45 0.0202048
46 0.019877
47 0.0194552
48 0.0190813
49 0.0188322
50 0.0184699
51 0.0182837
52 0.01795
53 0.0176033
54 0.0172717
55 0.0170747
56 0.0168484
57 0.0165844
58 0.0163063
59 0.0160162
60 0.0158022
61 0.0156539
62 0.0153676
63 0.0152364
64 0.0150664
65 0.015041
66 0.01478
67 0.0145545
68 0.0144017
69 0.0142058
70 0.0140648
71 0.0137996
72 0.0136355
73 0.0136093
74 0.0134095
75 0.0132396
76 0.0130499
77 0.0129249
78 0.0127682
79 0.012689
80 0.0125597
81 0.0124452
82 0.0123043
83 0.0120788
84 0.0120794
85 0.0119711
86 0.0118126
87 0.011713
88 0.0115659
89 0.0114972
90 0.0114154
91 0.0112433
92 0.0112778
93 0.0110768
94 0.0109768
95 0.0108745
96 0.0108859
97 0.0108285
98 0.0106466
99 0.0105029
100 0.0104276
101 0.010329
102 0.0103645
103 0.0101315
104 0.0101368
105 0.0099674
106 0.0100183
107 0.00994524
108 0.00977885
109 0.0096834
110 0.00967076
111 0.00954563
112 0.00959144
113 0.009422
114 0.00937629
115 0.00931565
116 0.00924583
117 0.00922255
118 0.00905828
119 0.00907485
120 0.00897632
121 0.00891871
122 0.00885569
123 0.00882587
124 0.00872496
125 0.0086792
126 0.00864614
127 0.00860089
128 0.00849592
129 0.00847867
130 0.00844312
131 0.00836132
132 0.00828015
133 0.00828038
134 0.00825416
135 0.00814578
136 0.00812722
137 0.00805108
138 0.00793647
139 0.00792069
140 0.00791314
141 0.00786378
142 0.00780635
143 0.00775255
144 0.00770851
145 0.00767614
146 0.00759061
147 0.00764413
148 0.00755768
149 0.00752302
150 0.00752932
151 0.00741216
152 0.00734131
153 0.00737224
154 0.0073085
155 0.007341
156 0.00729368
157 0.00720901
158 0.00716359
159 0.00712322
160 0.00715261
161 0.00710974
162 0.00706624
163 0.00695705
164 0.00695155
165 0.00692473
166 0.00686798
167 0.00686636
168 0.00681495
169 0.00674777
170 0.00682147
171 0.00670903
172 0.0066815
173 0.00667749
174 0.00664792
175 0.0065886
176 0.00656457
177 0.00650807
178 0.00651208
179 0.00642148
180 0.0064327
181 0.00645282
182 0.0063578
183 0.0063536
184 0.00635179
185 0.00630386
186 0.00631136
187 0.00620704
188 0.00622589
189 0.00615736
190 0.00610865
191 0.00614552
192 0.00613303
193 0.00608351
194 0.00606333
195 0.00600126
196 0.00595707
197 0.00594475
198 0.00598001
199 0.00589954
200 0.00597735
201 0.00581873
202 0.00584926
203 0.00581251
204 0.00584722
205 0.00580277
206 0.00571196
207 0.00571272
208 0.00574767
209 0.00566534
210 0.00568854
211 0.0056572
212 0.00563391
213 0.00561362
214 0.00559087
215 0.00556802
216 0.00554195
217 0.00555111
218 0.00546364
219 0.00551997
220 0.00542858
221 0.00545097
222 0.00545636
223 0.00539711
224 0.00539612
225 0.00538079
226 0.00527518
227 0.00525256
228 0.00531068
229 0.00523368
230 0.00521708
231 0.00525194
232 0.00522813
233 0.00524328
234 0.00521643
235 0.00516404
236 0.00514536
237 0.0052161
238 0.00513981
239 0.00507413
240 0.00509574
241 0.00505785
242 0.00502796
243 0.00500568
244 0.00499575
245 0.0049877
246 0.00498977
247 0.00499628
248 0.00492115
249 0.00494443
250 0.00493491
251 0.00491604
252 0.0048984
253 0.00483632
254 0.00489331
255 0.004835
256 0.00481817
257 0.0048158
258 0.00480296
259 0.00474171
260 0.00472614
261 0.00474488
262 0.0047172
263 0.0047852
264 0.00466022
265 0.00465414
266 0.00463864
267 0.00468993
268 0.00464991
269 0.00461315
270 0.00456515
271 0.00458158
272 0.00457877
273 0.00457417
274 0.00457652
275 0.00452166
276 0.00449029
277 0.00456763
278 0.00449454
279 0.00450678
280 0.00448951
281 0.00443156
282 0.00444478
283 0.00445754
284 0.00442196
285 0.00438675
286 0.00440958
287 0.00435745
288 0.00438318
289 0.00434847
290 0.00433474
291 0.0043199
292 0.00432508
293 0.00430426
294 0.00428779
295 0.00425256
296 0.0042393
297 0.00424738
298 0.0042133
299 0.00421845
300 0.00425827
