1 0.5
2 0.499504
3 0.498447
4 0.497122
5 0.495526
6 0.494077
7 0.492956
8 0.491699
9 0.490529
10 0.489596
11 0.488629
12 0.487676
13 0.48702
14 0.486186
15 0.485752
16 0.485161
17 0.484378
18 0.484246
19 0.483742
20 0.483134
21 0.482767
22 0.482482
23 0.482059
24 0.482011
25 0.481547
26 0.481286
27 0.480824
28 0.480641
29 0.480698
30 0.480134
31 0.479992
32 0.47976
33 0.479748
34 0.479709
35 0.479357
36 0.479225
37 0.478908
38 0.478703
39 0.478564
40 0.47843
41 0.478455
42 0.478062
43 0.478313
44 0.477993
45 0.478125
46 0.477825
47 0.477822
48 0.477746
49 0.477731
50 0.477266
51 0.477207
52 0.477199
53 0.477165
54 0.477182
55 0.476876
56 0.476947
57 0.476706
58 0.476677
59 0.476522
60 0.476546
61 0.476338
62 0.476417
63 0.476355
64 0.476141
65 0.4765
66 0.476245
67 0.476119
68 0.47606
69 0.476028
70 0.476261
71 0.475904
72 0.476067
73 0.476034
74 0.475859
75 0.475783
76 0.475755
77 0.475557
78 0.475509
79 0.475579
80 0.475529
81 0.475448
82 0.475536
83 0.475407
84 0.475637
85 0.475262
86 0.475321
87 0.475138
88 0.475161
89 0.475314
90 0.475278
91 0.474863
92 0.475171
93 0.47489
94 0.475127
95 0.475212
96 0.47505
97 0.475018
98 0.474936
99 0.474916
100 0.474851
101 0.474993
102 0.474711
103 0.474684
104 0.474524
105 0.474843
106 0.474457
107 0.474565
108 0.474281
109 0.474747
110 0.474637
111 0.474608
112 0.474609
113 0.474722
114 0.474329
115 0.474368
116 0.474426
117 0.474475
118 0.474248
119 0.474423
120 0.474366
121 0.474327
122 0.47447
123 0.474074
124 0.474006
125 0.474359
126 0.474037
127 0.474194
128 0.474315
129 0.474214
130 0.474192
131 0.473767
132 0.473947
133 0.47407
134 0.474109
135 0.474045
136 0.473922
137 0.474339
138 0.474134
139 0.473938
140 0.474008
141 0.47416
142 0.473932
143 0.474071
144 0.473951
145 0.473851
146 0.473885
147 0.473903
148 0.473876
149 0.47384
150 0.473707
151 0.473903
152 0.47417
153 0.473775
154 0.473798
155 0.473632
156 0.473834
157 0.473633
158 0.473772
159 0.473611
160 0.473909
161 0.473672
162 0.473817
163 0.473753
164 0.47382
165 0.473599
166 0.473681
167 0.47384
168 0.473625
169 0.473783
170 0.473561
171 0.473711
172 0.473758
173 0.473684
174 0.473319
175 0.473473
176 0.473618
177 0.473363
178 0.473542
179 0.473521
180 0.473393
181 0.473571
182 0.473318
183 0.473617
184 0.473559
185 0.473416
186 0.473497
187 0.473544
188 0.473327
189 0.473315
190 0.473241
191 0.473585
192 0.473411
193 0.473482
194 0.47342
195 0.473345
196 0.473156
197 0.473193
198 0.473253
199 0.473314
200 0.473132
201 0.473244
202 0.473232
203 0.473463
204 0.473448
205 0.473427
206 0.47337
207 0.473322
208 0.473654
209 0.473233
210 0.473681
211 0.47323
212 0.473536
213 0.473483
214 0.473341
215 0.472899
216 0.473313
217 0.473148
218 0.473065
219 0.473115
220 0.473266
221 0.473197
222 0.473076
223 0.473215
224 0.473211
225 0.473147
226 0.473059
227 0.472994
228 0.473152
229 0.473195
230 0.473187
231 0.473248
232 0.473282
233 0.473091
234 0.473051
235 0.473087
236 0.4733
237 0.473282
238 0.473217
239 0.473046
240 0.473159
241 0.473047
242 0.472906
243 0.472981
244 0.47289
245 0.472849
246 0.472986
247 0.472981
248 0.473001
249 0.47331
250 0.472798
251 0.473162
252 0.473077
253 0.472808
254 0.472942
255 0.472954
256 0.472956
257 0.473045
258 0.473019
259 0.472893
260 0.472907
261 0.472904
262 0.473041
263 0.473081
264 0.472868
265 0.472901
266 0.473181
267 0.472672
268 0.473078
269 0.47278
270 0.472654
271 0.473039
272 0.472586
273 0.472852
274 0.472781
275 0.472782
276 0.472732
277 0.472828
278 0.473064
279 0.473034
280 0.472824
281 0.472884
282 0.473035
283 0.472881
284 0.472733
285 0.472838
286 0.472947
287 0.472533
288 0.472802
289 0.472795
290 0.472669
291 0.472816
292 0.472897
293 0.472437
294 0.473001
295 0.472728
296 0.472867
297 0.472407
298 0.472626
299 0.472844
300 0.472729
