1 0
2 0.1331
3 0.232126
4 0.266421
5 0.291008
6 0.310864
7 0.321027
8 0.326748
9 0.333121
10 0.338288
11 0.341914
12 0.345103
13 0.34804
14 0.350127
15 0.351034
16 0.3512
17 0.351983
18 0.352445
19 0.352725
20 0.352887
21 0.352874
22 0.352287
23 0.351858
24 0.351474
25 0.351161
26 0.350145
27 0.349643
28 0.349078
29 0.348206
30 0.347154
31 0.346502
32 0.345508
33 0.344525
34 0.343471
35 0.342479
36 0.341837
37 0.341082
38 0.340151
39 0.339317
40 0.338529
41 0.337593
42 0.336663
43 0.335686
44 0.334813
45 0.334144
46 0.332903
47 0.332094
48 0.331037
49 0.330336
50 0.329541
51 0.328714
52 0.327501
53 0.326773
54 0.32578
55 0.324907
56 0.324052
57 0.323185
58 0.322361
59 0.321388
60 0.320603
61 0.319813
62 0.318714
63 0.318389
64 0.317109
65 0.316509
66 0.315553
67 0.315032
68 0.314259
69 0.313298
70 0.31233
71 0.311801
72 0.311215
73 0.310167
74 0.309396
75 0.309051
76 0.308127
77 0.307496
78 0.306773
79 0.306062
80 0.305356
81 0.304731
82 0.303939
83 0.303232
84 0.302595
85 0.301771
86 0.301092
87 0.300457
88 0.299864
89 0.299176
90 0.298502
91 0.297556
92 0.297304
93 0.296593
94 0.295764
95 0.295215
96 0.294362
97 0.293856
98 0.293579
99 0.292796
100 0.292208
