1 0
2 0.266201
3 0.430605
4 0.368607
5 0.388035
6 0.411383
7 0.394383
8 0.386383
9 0.391562
10 0.380289
11 0.373498
12 0.376523
13 0.371531
14 0.37159
15 0.370177
16 0.362679
17 0.359847
18 0.357467
19 0.353205
20 0.349257
21 0.347435
22 0.342169
23 0.339615
24 0.337024
25 0.334643
26 0.332037
27 0.329952
28 0.326792
29 0.323929
30 0.321262
31 0.319286
32 0.316225
33 0.313765
34 0.311795
35 0.308847
36 0.307349
37 0.305311
38 0.302813
39 0.300668
40 0.298273
41 0.296426
42 0.294678
43 0.291571
44 0.290128
45 0.289211
46 0.287862
47 0.285912
48 0.283168
49 0.282101
50 0.280455
51 0.27875
52 0.275803
53 0.274879
54 0.273577
55 0.272894
56 0.270105
57 0.269494
58 0.267349
59 0.266422
60 0.265184
61 0.264294
62 0.262452
63 0.261347
64 0.258995
65 0.258031
66 0.256929
67 0.25536
68 0.254177
69 0.252471
70 0.252035
71 0.250278
72 0.250037
73 0.247755
74 0.246136
75 0.246168
76 0.244776
77 0.243724
78 0.242414
79 0.241843
80 0.240931
81 0.239725
82 0.23886
83 0.238544
84 0.237101
85 0.235048
86 0.234803
87 0.234147
88 0.232227
89 0.231236
90 0.230626
91 0.229522
92 0.229116
93 0.227958
94 0.227205
95 0.226314
96 0.225898
97 0.224731
98 0.22354
99 0.222808
100 0.222134
