1 0.500263
2 0.499737
3 0.666831
4 0.700463
5 0.583174
6 0.694636
7 0.552339
8 0.642809
9 0.737447
10 0.655208
11 0.681974
12 0.714483
13 0.73935
14 0.642145
15 0.695155
16 0.578906
17 0.763509
18 0.695179
19 0.729015
20 0.731886
21 0.759571
22 0.700929
23 0.69983
24 0.746342
25 0.704189
26 0.701372
27 0.73697
28 0.740827
29 0.709771
30 0.744763
31 0.725677
32 0.743178
33 0.742309
34 0.729363
35 0.754183
36 0.737277
37 0.741895
38 0.759679
39 0.757422
40 0.7488
41 0.776799
42 0.749305
43 0.753202
44 0.740065
45 0.751989
46 0.755241
47 0.747974
48 0.766388
49 0.763264
50 0.762933
51 0.774723
52 0.770012
53 0.779302
54 0.755271
55 0.756553
56 0.779371
57 0.775387
58 0.771424
59 0.783243
60 0.772334
61 0.758318
62 0.771815
63 0.782202
64 0.771787
65 0.795229
66 0.774568
67 0.785149
68 0.777664
69 0.778995
70 0.778349
71 0.79359
72 0.788015
73 0.769848
74 0.789035
75 0.787393
76 0.794302
77 0.785368
78 0.792733
79 0.787205
80 0.790187
81 0.79694
82 0.790926
83 0.786236
84 0.792158
85 0.789329
86 0.804292
87 0.786462
88 0.796953
89 0.796194
90 0.791785
91 0.799093
92 0.796159
93 0.802665
94 0.80298
95 0.79569
96 0.801665
97 0.802461
98 0.802318
99 0.800074
100 0.803639
101 0.798123
102 0.81005
103 0.80262
104 0.812984
105 0.808818
106 0.811603
107 0.801095
108 0.803902
109 0.806754
110 0.80691
111 0.805945
112 0.805976
113 0.809767
114 0.814115
115 0.805655
116 0.812626
117 0.808593
118 0.81454
119 0.809649
120 0.815452
121 0.810829
122 0.813589
123 0.815675
124 0.820832
125 0.818531
126 0.81079
127 0.817202
128 0.816078
129 0.812225
130 0.819893
131 0.8149
132 0.82084
133 0.814497
134 0.822033
135 0.812668
136 0.821743
137 0.816214
138 0.821515
139 0.822477
140 0.825388
141 0.817791
142 0.8268
143 0.81694
144 0.821397
145 0.825725
146 0.821586
147 0.824976
148 0.825737
149 0.823281
150 0.825474
151 0.826563
152 0.82494
153 0.830124
154 0.82236
155 0.831034
156 0.823607
157 0.823373
158 0.827299
159 0.827582
160 0.827983
161 0.826786
162 0.824043
163 0.831736
164 0.830037
165 0.833566
166 0.833336
167 0.82955
168 0.829687
169 0.829409
170 0.830352
171 0.832263
172 0.830418
173 0.835858
174 0.831065
175 0.833094
176 0.833235
177 0.831308
178 0.833864
179 0.833403
180 0.834721
181 0.832756
182 0.838021
183 0.833001
184 0.836226
185 0.833457
186 0.835044
187 0.837858
188 0.836392
189 0.838303
190 0.833945
191 0.840392
192 0.834643
193 0.836379
194 0.837633
195 0.832824
196 0.837757
197 0.840519
198 0.838465
199 0.839898
200 0.838432
201 0.837356
202 0.842781
203 0.839268
204 0.841181
205 0.839658
206 0.839353
207 0.843249
208 0.841744
209 0.841021
210 0.843571
211 0.841172
212 0.843668
213 0.841671
214 0.844549
215 0.841937
216 0.842886
217 0.840296
218 0.845778
219 0.841253
220 0.846996
221 0.84463
222 0.842947
223 0.845508
224 0.845418
225 0.845386
226 0.842949
227 0.846085
228 0.843467
229 0.84587
230 0.846457
231 0.848514
232 0.849686
233 0.845555
234 0.845946
235 0.84444
236 0.847163
237 0.848122
238 0.848762
239 0.851022
240 0.847822
241 0.851304
242 0.848442
243 0.847561
244 0.847753
245 0.850587
246 0.848113
247 0.850586
248 0.850213
249 0.849421
250 0.852775
251 0.851842
252 0.851026
253 0.849222
254 0.85001
255 0.850347
256 0.854685
257 0.852452
258 0.851623
259 0.851428
260 0.851696
261 0.848953
262 0.853254
263 0.854131
264 0.853768
265 0.852875
266 0.854946
267 0.851102
268 0.855869
269 0.855143
270 0.853769
271 0.853511
272 0.856058
273 0.851072
274 0.854291
275 0.854892
276 0.856299
277 0.855253
278 0.856724
279 0.85689
280 0.856665
281 0.854347
282 0.856676
283 0.855561
284 0.857398
285 0.855262
286 0.85627
287 0.855208
288 0.860682
289 0.85576
290 0.858892
291 0.858208
292 0.856616
293 0.857729
294 0.858754
295 0.858832
296 0.857069
297 0.858704
298 0.859001
299 0.858081
300 0.859996
