1 0.5
2 0.353272
3 0.318042
4 0.295717
5 0.289745
6 0.279835
7 0.263739
8 0.256004
9 0.255727
10 0.25285
11 0.252001
12 0.249418
13 0.249609
14 0.245993
15 0.245831
16 0.241971
17 0.241315
18 0.239801
19 0.239983
20 0.240093
21 0.239835
22 0.239203
23 0.239044
24 0.239062
25 0.238271
26 0.237893
27 0.237667
28 0.237502
29 0.236624
30 0.236515
31 0.235749
32 0.235467
33 0.235588
34 0.235561
35 0.235602
36 0.235364
37 0.235453
38 0.235433
39 0.235488
40 0.235248
41 0.235189
42 0.235127
43 0.234887
44 0.234732
45 0.234627
46 0.23472
47 0.234371
48 0.23437
49 0.234461
50 0.234253
51 0.234244
52 0.234377
53 0.234462
54 0.234169
55 0.234256
56 0.234249
57 0.234417
58 0.234339
59 0.234274
60 0.23435
61 0.234261
62 0.234169
63 0.234159
64 0.233935
65 0.234297
66 0.234209
67 0.234167
68 0.234195
69 0.234226
70 0.234126
71 0.234108
72 0.2342
73 0.234033
74 0.234197
75 0.234171
76 0.234181
77 0.234242
78 0.234258
79 0.234248
80 0.234233
81 0.234267
82 0.234258
83 0.234175
84 0.23414
85 0.234072
86 0.234215
87 0.234192
88 0.234234
89 0.234252
90 0.234239
91 0.234279
92 0.234269
93 0.234305
94 0.234281
95 0.234276
96 0.234235
97 0.234372
98 0.234375
99 0.234358
100 0.234384
101 0.234315
102 0.234307
103 0.234416
104 0.234414
105 0.234479
106 0.234437
107 0.234403
108 0.234459
109 0.234427
110 0.234474
111 0.234499
112 0.234447
113 0.234417
114 0.234468
115 0.234528
116 0.234534
117 0.234593
118 0.234522
119 0.234492
120 0.234537
121 0.234559
122 0.234601
123 0.234581
124 0.234591
125 0.234617
126 0.2346
127 0.23465
128 0.234643
129 0.234677
130 0.234653
131 0.234668
132 0.234658
133 0.234674
134 0.23471
135 0.234709
136 0.234697
137 0.234732
138 0.234735
139 0.234738
140 0.234757
141 0.234765
142 0.234767
143 0.234766
144 0.234791
145 0.234827
146 0.23486
147 0.234789
148 0.234818
149 0.234867
150 0.234851
151 0.234879
152 0.234907
153 0.234915
154 0.234884
155 0.23494
156 0.234914
157 0.234941
158 0.234967
159 0.234975
160 0.234975
161 0.235001
162 0.234976
163 0.234976
164 0.235
165 0.235025
166 0.235037
167 0.235078
168 0.23503
169 0.235014
170 0.234978
171 0.235213
172 0.235076
173 0.235084
174 0.235076
175 0.235098
176 0.235123
177 0.235134
178 0.235187
179 0.235178
180 0.235155
181 0.235126
182 0.235197
183 0.235227
184 0.235221
185 0.235164
186 0.235212
187 0.235238
188 0.235204
189 0.235219
190 0.235233
191 0.235273
192 0.23516
193 0.235284
194 0.235291
195 0.23533
196 0.235282
197 0.235346
198 0.235323
199 0.235297
200 0.235315
201 0.235299
202 0.235327
203 0.235335
204 0.235363
205 0.235315
206 0.235381
207 0.235412
208 0.235397
209 0.235382
210 0.235413
211 0.235414
212 0.235384
213 0.235403
214 0.235444
215 0.235443
216 0.235441
217 0.23546
218 0.235459
219 0.23549
220 0.235509
221 0.235485
222 0.235498
223 0.235524
224 0.235517
225 0.235532
226 0.235518
227 0.235576
228 0.23555
229 0.235572
230 0.235547
231 0.235551
232 0.235586
233 0.235627
234 0.235601
235 0.23558
236 0.235619
237 0.235575
238 0.235574
239 0.235643
240 0.235607
241 0.235578
242 0.23562
243 0.23563
244 0.235643
245 0.235643
246 0.235633
247 0.235638
248 0.235668
249 0.235692
250 0.235694
251 0.235683
252 0.235695
253 0.235699
254 0.235694
255 0.235618
256 0.235758
257 0.235803
258 0.235765
259 0.235741
260 0.2357
261 0.235719
262 0.235704
263 0.23575
264 0.235736
265 0.235743
266 0.235769
267 0.235784
268 0.235799
269 0.235759
270 0.235804
271 0.235764
272 0.235807
273 0.235866
274 0.235797
275 0.235803
276 0.235809
277 0.235831
278 0.235826
279 0.235817
280 0.235852
281 0.235856
282 0.235862
283 0.235853
284 0.235871
285 0.23585
286 0.235861
287 0.235851
288 0.235867
289 0.235881
290 0.235902
291 0.235905
292 0.235948
293 0.235908
294 0.235897
295 0.235921
296 0.2359
297 0.235949
298 0.235958
299 0.23593
300 0.235934
