1 0.5
2 0.5
3 0.493042
4 0.490498
5 0.497857
6 0.491197
7 0.499851
8 0.494809
9 0.486862
10 0.493157
11 0.493009
12 0.489197
13 0.487074
14 0.495992
15 0.490744
16 0.498938
17 0.486066
18 0.490813
19 0.487965
20 0.487375
21 0.486001
22 0.492106
23 0.490169
24 0.486669
25 0.491572
26 0.49151
27 0.487927
28 0.487208
29 0.491794
30 0.486784
31 0.49085
32 0.486985
33 0.486825
34 0.488836
35 0.48598
36 0.488477
37 0.487255
38 0.486005
39 0.486451
40 0.487398
41 0.485018
42 0.486222
43 0.487789
44 0.487863
45 0.486966
46 0.485807
47 0.488869
48 0.485114
49 0.485804
50 0.486357
51 0.4852
52 0.485
53 0.48439
54 0.487124
55 0.486676
56 0.484086
57 0.485077
58 0.484517
59 0.484133
60 0.484707
61 0.48799
62 0.485047
63 0.484332
64 0.484922
65 0.483443
66 0.485258
67 0.484315
68 0.48432
69 0.484425
70 0.484871
71 0.483084
72 0.483806
73 0.48589
74 0.483363
75 0.484323
76 0.483677
77 0.483399
78 0.483667
79 0.484191
80 0.483514
81 0.482774
82 0.483442
83 0.485132
84 0.483436
85 0.483422
86 0.482041
87 0.484065
88 0.483383
89 0.483308
90 0.483479
91 0.482951
92 0.483143
93 0.482482
94 0.482321
95 0.483838
96 0.482586
97 0.482331
98 0.48287
99 0.482862
100 0.482223
101 0.483312
102 0.481991
103 0.482384
104 0.481644
105 0.481813
106 0.481882
107 0.483258
108 0.482413
109 0.48245
110 0.481979
111 0.482463
112 0.483043
113 0.481887
114 0.481505
115 0.482198
116 0.481896
117 0.482014
118 0.481639
119 0.481947
120 0.482008
121 0.481926
122 0.481991
123 0.481316
124 0.480806
125 0.481061
126 0.482457
127 0.481119
128 0.48171
129 0.482072
130 0.481247
131 0.481681
132 0.481155
133 0.481287
134 0.480775
135 0.482062
136 0.481329
137 0.481083
138 0.480864
139 0.480664
140 0.480837
141 0.481163
142 0.480525
143 0.481451
144 0.481111
145 0.480678
146 0.481012
147 0.480506
148 0.480847
149 0.480559
150 0.48074
151 0.48035
152 0.480871
153 0.480526
154 0.480802
155 0.480182
156 0.481145
157 0.481148
158 0.480496
159 0.480354
160 0.480594
161 0.480675
162 0.481603
163 0.480395
164 0.480151
165 0.479981
166 0.479924
167 0.480666
168 0.480689
169 0.480468
170 0.480481
171 0.480193
172 0.480276
173 0.479752
174 0.480808
175 0.479941
176 0.480038
177 0.480086
178 0.48007
179 0.479932
180 0.480325
181 0.479977
182 0.479601
183 0.479994
184 0.480092
185 0.48009
186 0.480047
187 0.479413
188 0.47971
189 0.479065
190 0.480005
191 0.479436
192 0.480012
193 0.479833
194 0.479852
195 0.480495
196 0.479704
197 0.479503
198 0.479845
199 0.479224
200 0.480051
201 0.479582
202 0.479298
203 0.479975
204 0.479178
205 0.480267
206 0.47972
207 0.47929
208 0.479476
209 0.479677
210 0.479286
211 0.479507
212 0.478875
213 0.479178
214 0.479153
215 0.479389
216 0.479656
217 0.479386
218 0.479265
219 0.479497
220 0.478838
221 0.479385
222 0.479102
223 0.47926
224 0.4787
225 0.47897
226 0.479636
227 0.478966
228 0.479119
229 0.479444
230 0.478833
231 0.478393
232 0.47865
233 0.479346
234 0.479399
235 0.479184
236 0.479024
237 0.478697
238 0.478809
239 0.478848
240 0.47894
241 0.478446
242 0.478846
243 0.479245
244 0.478663
245 0.478852
246 0.478456
247 0.478733
248 0.478777
249 0.478706
250 0.47846
251 0.478485
252 0.478448
253 0.478758
254 0.479062
255 0.478769
256 0.478369
257 0.478242
258 0.478369
259 0.478589
260 0.478849
261 0.479266
262 0.478435
263 0.478288
264 0.478355
265 0.478558
266 0.478348
267 0.478738
268 0.478232
269 0.478266
270 0.478673
271 0.47829
272 0.478394
273 0.478745
274 0.478511
275 0.478455
276 0.478207
277 0.478322
278 0.478352
279 0.47854
280 0.477843
281 0.478418
282 0.478514
283 0.478183
284 0.477987
285 0.478473
286 0.478496
287 0.478569
288 0.477922
289 0.478066
290 0.478278
291 0.478008
292 0.478282
293 0.478147
294 0.47793
295 0.477926
296 0.478541
297 0.478267
298 0.477954
299 0.478345
300 0.478004
