1 0.166664
2 0.166724
3 0.0832312
4 0.0692801
5 0.11953
6 0.0738134
7 0.154301
8 0.0943564
9 0.0529333
10 0.0837814
11 0.0833972
12 0.0635108
13 0.0534756
14 0.104723
15 0.0707882
16 0.133642
17 0.0493086
18 0.0716213
19 0.058
20 0.0543433
21 0.0486658
22 0.0781935
23 0.0678572
24 0.0520228
25 0.0744059
26 0.0744333
27 0.0575965
28 0.0545606
29 0.0770138
30 0.052553
31 0.0712687
32 0.0536502
33 0.0529372
34 0.0613641
35 0.0494655
36 0.0602313
37 0.0537342
38 0.0480677
39 0.0519413
40 0.0546045
41 0.0454217
42 0.0502778
43 0.0568999
44 0.0576064
45 0.0531941
46 0.0484092
47 0.0611767
48 0.0461378
49 0.047948
50 0.050271
51 0.0457602
52 0.0451241
53 0.0422044
54 0.0536096
55 0.0509443
56 0.0416471
57 0.0451412
58 0.0440264
59 0.0422557
60 0.0440341
61 0.056998
62 0.0452072
63 0.042539
64 0.0440317
65 0.0380214
66 0.0455364
67 0.0422272
68 0.0422592
69 0.0433656
70 0.045631
71 0.0379143
72 0.0400144
73 0.0482299
74 0.0394442
75 0.0420979
76 0.0392236
77 0.0383161
78 0.040105
79 0.0416685
80 0.0393975
81 0.0368157
82 0.0389012
83 0.0455026
84 0.0386748
85 0.0388442
86 0.0343976
87 0.0421712
88 0.038505
89 0.0383532
90 0.03929
91 0.037383
92 0.0375894
93 0.0356849
94 0.0350681
95 0.0399409
96 0.0353624
97 0.0343348
98 0.0367595
99 0.0370782
100 0.0340472
101 0.0386708
102 0.0332436
103 0.0350319
104 0.032392
105 0.0331209
106 0.0333494
107 0.0380864
108 0.0352191
109 0.0354827
110 0.0342775
111 0.0350241
112 0.0371971
113 0.0331525
114 0.0315335
115 0.0342639
116 0.0332608
117 0.0341142
118 0.0322603
119 0.033528
120 0.0326887
121 0.0332907
122 0.0333957
123 0.0313813
124 0.0302204
125 0.0302261
126 0.0346927
127 0.0304139
128 0.0333235
129 0.0337436
130 0.0310626
131 0.0322175
132 0.030807
133 0.0312663
134 0.0297465
135 0.033572
136 0.0312671
137 0.0307358
138 0.0299022
139 0.0291459
140 0.0293503
141 0.0309622
142 0.0286896
143 0.0323389
144 0.0304649
145 0.028479
146 0.0305038
147 0.0288857
148 0.0292496
149 0.0288005
150 0.0294453
151 0.0278526
152 0.0295838
153 0.0279799
154 0.0292424
155 0.0273961
156 0.0301109
157 0.0303445
158 0.0284198
159 0.0281908
160 0.0279324
161 0.0285642
162 0.03148
163 0.0282483
164 0.0269043
165 0.0263267
166 0.0264055
167 0.0279903
168 0.0288203
169 0.0277326
170 0.028069
171 0.0271245
172 0.0268572
173 0.0258455
174 0.0291731
175 0.0263265
176 0.0270744
177 0.0268245
178 0.0272514
179 0.0261792
180 0.0275623
181 0.0267045
182 0.0255555
183 0.0265094
184 0.0265982
185 0.027428
186 0.0265701
187 0.0251414
188 0.0255671
189 0.0248897
190 0.0265849
191 0.0246267
192 0.027056
193 0.0251396
194 0.0265213
195 0.0280831
196 0.0259898
197 0.024568
198 0.0255822
199 0.0239393
200 0.0262957
201 0.0250945
202 0.0242698
203 0.0259481
204 0.023964
205 0.0270277
206 0.0248792
207 0.0238534
208 0.024389
209 0.025265
210 0.0238192
211 0.024946
212 0.0239292
213 0.0240571
214 0.0234592
215 0.0240401
216 0.0255229
217 0.0247034
218 0.0237662
219 0.0247321
220 0.0226303
221 0.0237905
222 0.0237021
223 0.023906
224 0.0228291
225 0.0230764
226 0.0251547
227 0.023243
228 0.0240294
229 0.0245487
230 0.0229552
231 0.0222078
232 0.0222338
233 0.0239957
234 0.0239817
235 0.0240414
236 0.0234844
237 0.0225031
238 0.02214
239 0.0218286
240 0.0225841
241 0.0223565
242 0.0226356
243 0.0235621
244 0.0226775
245 0.022756
246 0.0221434
247 0.0229954
248 0.0224549
249 0.0225745
250 0.0214135
251 0.0215635
252 0.0222203
253 0.022611
254 0.0231501
255 0.0224652
256 0.0209856
257 0.0213116
258 0.0216358
259 0.0221529
260 0.0226736
261 0.0233366
262 0.0215495
263 0.0210064
264 0.0208923
265 0.0215318
266 0.0211911
267 0.0224743
268 0.020835
269 0.0208108
270 0.0215593
271 0.0215004
272 0.0206748
273 0.0222183
274 0.0216519
275 0.020977
276 0.0204796
277 0.0211145
278 0.0205778
279 0.0211814
280 0.0202367
281 0.0215486
282 0.0210388
283 0.0205489
284 0.020391
285 0.0216763
286 0.0213338
287 0.0211794
288 0.0197242
289 0.0202112
290 0.0204762
291 0.0200225
292 0.0208579
293 0.0207499
294 0.0201017
295 0.0198401
296 0.0213913
297 0.0202078
298 0.019931
299 0.02039
300 0.0201447
