1 0.0831388
2 0.149685
3 0.0555552
4 0.0829403
5 0.0417288
6 0.0632029
7 0.0333487
8 0.0469111
9 0.027887
10 0.0391719
11 0.0238568
12 0.0320092
13 0.0209701
14 0.0278579
15 0.0186235
16 0.0240027
17 0.0168097
18 0.0215665
19 0.0152242
20 0.0187044
21 0.0139093
22 0.0171496
23 0.0129755
24 0.0154641
25 0.0119531
26 0.0144596
27 0.0111638
28 0.0131458
29 0.0105063
30 0.0123362
31 0.00986063
32 0.0114725
33 0.00928304
34 0.0108274
35 0.0088458
36 0.0101065
37 0.00835942
38 0.00960676
39 0.00798028
40 0.00902387
41 0.00769713
42 0.0086383
43 0.00725646
44 0.00818512
45 0.00695521
46 0.00784921
47 0.00675491
48 0.00742599
49 0.00642982
50 0.00716859
51 0.00621316
52 0.00683404
53 0.00602823
54 0.00662992
55 0.00578141
56 0.00636188
57 0.00558907
58 0.00616929
59 0.00545212
60 0.00592586
61 0.00526711
62 0.00573721
63 0.00509138
64 0.0055356
65 0.00495834
66 0.00537478
67 0.00480451
68 0.00521229
69 0.00465883
70 0.0050617
71 0.00454828
72 0.00490188
73 0.00441634
74 0.00477042
75 0.00430144
76 0.00463448
77 0.00421906
78 0.00452085
79 0.00409697
80 0.00441591
81 0.00400444
82 0.00428378
83 0.00391812
84 0.00419032
85 0.0038103
86 0.00408903
87 0.00372213
88 0.00398128
89 0.00365818
90 0.00390156
91 0.00358242
92 0.00381411
93 0.00350001
94 0.00372777
95 0.00343776
96 0.00366035
97 0.00335291
98 0.00355935
99 0.00327805
100 0.00347805
101 0.00322911
102 0.00340234
103 0.00314497
104 0.0033315
105 0.00308323
106 0.00326273
107 0.00304299
108 0.00320209
109 0.00297956
110 0.00316189
111 0.00294288
112 0.00310232
113 0.00289453
114 0.00304993
115 0.00284579
116 0.00299761
117 0.00279659
118 0.00293964
119 0.00275209
120 0.00288785
121 0.00269678
122 0.00283825
123 0.00265832
124 0.00278662
125 0.00261883
126 0.00274913
127 0.00257667
128 0.00269906
129 0.00253636
130 0.00265328
131 0.00249877
132 0.0026054
133 0.00243915
134 0.00257138
135 0.00242097
136 0.00253349
137 0.00238548
138 0.00248893
139 0.00234127
140 0.00244328
141 0.0023145
142 0.00241247
143 0.0022829
144 0.00238015
145 0.00224366
146 0.00233855
147 0.00220692
148 0.00230622
149 0.00218856
150 0.00227522
151 0.00215742
152 0.00224868
153 0.00212644
154 0.00220738
155 0.00210607
156 0.00219098
157 0.00208
158 0.00215986
159 0.0020482
160 0.00214288
161 0.00203066
162 0.00210885
163 0.00200823
164 0.00209324
165 0.00199066
166 0.00206031
167 0.00196201
168 0.00203615
169 0.00193961
170 0.00201476
171 0.00191614
172 0.00198437
173 0.00189422
174 0.00195991
175 0.00187619
176 0.00194002
177 0.0018505
178 0.00191849
179 0.00182889
180 0.00189863
181 0.00181756
182 0.00188519
183 0.00180176
184 0.00186245
185 0.00178383
186 0.00183951
187 0.00175757
188 0.00182015
189 0.00174662
190 0.00180108
191 0.00173055
192 0.00177922
193 0.00170847
194 0.00176834
195 0.00169501
196 0.00174253
197 0.00168189
198 0.00173245
199 0.00165917
200 0.0017085
201 0.00163913
202 0.0016863
203 0.00163033
204 0.00167354
205 0.00161372
206 0.00166758
207 0.00159612
208 0.00164087
209 0.00157957
210 0.00162231
211 0.00156512
212 0.001609
213 0.00155006
214 0.00159197
215 0.00153565
216 0.00157744
217 0.00152599
218 0.00156647
219 0.00151147
220 0.00155399
221 0.00149989
222 0.00153528
223 0.00148113
224 0.00152495
225 0.00146652
226 0.00150681
227 0.00145701
228 0.00149151
229 0.00144122
230 0.00147839
231 0.00143273
232 0.00146594
233 0.00142185
234 0.00145861
235 0.00141195
236 0.00144472
237 0.00139329
238 0.00142889
239 0.00138476
240 0.00141324
241 0.00137144
242 0.00140472
243 0.00136414
244 0.00140017
245 0.00135943
246 0.00138952
247 0.00134275
248 0.00137363
249 0.00133734
250 0.00136257
251 0.00132453
252 0.00134938
253 0.00131021
254 0.00133992
255 0.00129608
256 0.0013283
257 0.00128688
258 0.00131483
259 0.00128075
260 0.00130818
261 0.0012713
262 0.0012983
263 0.00126114
264 0.0012913
265 0.00125374
266 0.0012788
267 0.0012458
268 0.00127182
269 0.00123779
270 0.00125898
271 0.00122593
272 0.00125232
273 0.00121533
274 0.00124026
275 0.00120607
276 0.00123429
277 0.0011922
278 0.0012248
279 0.00119192
280 0.00121589
281 0.0011823
282 0.00120637
283 0.00117529
284 0.00120362
285 0.00116685
286 0.00118741
287 0.00115585
288 0.00118212
289 0.00115235
290 0.00117527
291 0.00114275
292 0.00116746
293 0.00113555
294 0.00115926
295 0.00112907
296 0.00115462
297 0.00112313
298 0.00114756
299 0.00111356
300 0.00113772
