1 0.500136
2 0.499937
3 0.527656
4 0.545004
5 0.545286
6 0.553298
7 0.547438
8 0.550473
9 0.557466
10 0.560013
11 0.562126
12 0.565582
13 0.569196
14 0.568795
15 0.570559
16 0.568206
17 0.571114
18 0.572438
19 0.574322
20 0.576228
21 0.578178
22 0.578662
23 0.579512
24 0.581006
25 0.581415
26 0.581813
27 0.582778
28 0.583882
29 0.584082
30 0.585122
31 0.585423
32 0.586304
33 0.587142
34 0.587687
35 0.588501
36 0.589028
37 0.589665
38 0.590386
39 0.591007
40 0.591553
41 0.592285
42 0.592848
43 0.593244
44 0.593621
45 0.59404
46 0.594574
47 0.594813
48 0.595357
49 0.595835
50 0.596235
51 0.596726
52 0.597192
53 0.597677
54 0.59797
55 0.598271
56 0.598751
57 0.599086
58 0.599566
59 0.600008
60 0.600373
61 0.600506
62 0.600849
63 0.6012
64 0.601546
65 0.601936
66 0.602221
67 0.602561
68 0.60288
69 0.603176
70 0.603447
71 0.603816
72 0.604112
73 0.604372
74 0.60463
75 0.604888
76 0.605182
77 0.605471
78 0.605742
79 0.60598
80 0.606253
81 0.606544
82 0.606813
83 0.60697
84 0.607213
85 0.607485
86 0.607754
87 0.607956
88 0.608177
89 0.608375
90 0.608611
91 0.608824
92 0.609061
93 0.609288
94 0.60954
95 0.60971
96 0.609936
97 0.610156
98 0.610357
99 0.610563
100 0.610768
101 0.610943
102 0.611184
103 0.611343
104 0.611584
105 0.611765
106 0.61199
107 0.612144
108 0.612321
109 0.612495
110 0.612682
111 0.612841
112 0.612994
113 0.613185
114 0.613364
115 0.613528
116 0.6137
117 0.613843
118 0.614044
119 0.614203
120 0.614356
121 0.614514
122 0.61465
123 0.614825
124 0.61501
125 0.615178
126 0.615295
127 0.615466
128 0.615616
129 0.615736
130 0.615902
131 0.616034
132 0.616189
133 0.616343
134 0.616496
135 0.616614
136 0.616755
137 0.616893
138 0.617038
139 0.617183
140 0.617329
141 0.617462
142 0.61761
143 0.617725
144 0.617857
145 0.618002
146 0.618119
147 0.618257
148 0.618384
149 0.618517
150 0.618642
151 0.618769
152 0.618894
153 0.61902
154 0.619142
155 0.619273
156 0.619376
157 0.619488
158 0.619603
159 0.619721
160 0.619837
161 0.619945
162 0.62004
163 0.620148
164 0.620273
165 0.620389
166 0.620503
167 0.620605
168 0.620709
169 0.620818
170 0.620951
171 0.62096
172 0.621126
173 0.621248
174 0.621345
175 0.621447
176 0.621552
177 0.621658
178 0.621747
179 0.621858
180 0.621952
181 0.622056
182 0.622156
183 0.622253
184 0.62235
185 0.622447
186 0.622528
187 0.622644
188 0.622741
189 0.622849
190 0.622937
191 0.623035
192 0.623126
193 0.623216
194 0.623304
195 0.623361
196 0.623473
197 0.623551
198 0.623653
199 0.623754
200 0.623826
201 0.623917
202 0.624006
203 0.624088
204 0.624177
205 0.624267
206 0.624327
207 0.624415
208 0.624502
209 0.624588
210 0.624662
211 0.624741
212 0.624838
213 0.624926
214 0.625007
215 0.625087
216 0.62516
217 0.625233
218 0.625314
219 0.625397
220 0.62547
221 0.62555
222 0.62563
223 0.625702
224 0.625789
225 0.625867
226 0.625937
227 0.626012
228 0.626088
229 0.626158
230 0.626235
231 0.626319
232 0.626395
233 0.626456
234 0.626525
235 0.626593
236 0.626669
237 0.626744
238 0.626816
239 0.626878
240 0.626959
241 0.627058
242 0.627101
243 0.627175
244 0.62724
245 0.627305
246 0.62738
247 0.62745
248 0.627512
249 0.627579
250 0.62765
251 0.627715
252 0.627789
253 0.627859
254 0.627926
255 0.62801
256 0.628048
257 0.628084
258 0.628173
259 0.62825
260 0.62831
261 0.628365
262 0.628434
263 0.628498
264 0.628562
265 0.628621
266 0.628685
267 0.62874
268 0.628806
269 0.628872
270 0.628924
271 0.628996
272 0.62905
273 0.629079
274 0.629161
275 0.629222
276 0.629281
277 0.629339
278 0.629396
279 0.629455
280 0.629518
281 0.629573
282 0.629631
283 0.629686
284 0.62975
285 0.629802
286 0.629857
287 0.629907
288 0.629966
289 0.630023
290 0.63008
291 0.630133
292 0.630184
293 0.630249
294 0.630298
295 0.630352
296 0.630406
297 0.630456
298 0.630512
299 0.630562
300 0.630616
