1 0.500263
2 0.5
3 0.555578
4 0.591824
5 0.590071
6 0.607503
7 0.599691
8 0.605031
9 0.619612
10 0.623256
11 0.628631
12 0.635796
13 0.643692
14 0.643642
15 0.64701
16 0.642807
17 0.649936
18 0.652433
19 0.656312
20 0.660213
21 0.664922
22 0.666618
23 0.668001
24 0.671308
25 0.672618
26 0.673725
27 0.675901
28 0.678395
29 0.679404
30 0.681639
31 0.683061
32 0.684935
33 0.686662
34 0.687932
35 0.689786
36 0.691133
37 0.69253
38 0.694266
39 0.695833
40 0.69722
41 0.699185
42 0.700355
43 0.701582
44 0.70247
45 0.703517
46 0.704671
47 0.705622
48 0.706874
49 0.708029
50 0.709132
51 0.710424
52 0.711564
53 0.712777
54 0.713617
55 0.714403
56 0.715555
57 0.716417
58 0.717543
59 0.7187
60 0.719563
61 0.720188
62 0.721026
63 0.721952
64 0.722777
65 0.723869
66 0.724651
67 0.72559
68 0.726334
69 0.727083
70 0.727815
71 0.728768
72 0.729557
73 0.730319
74 0.730943
75 0.731674
76 0.732496
77 0.733207
78 0.733944
79 0.73461
80 0.735318
81 0.736086
82 0.73676
83 0.737336
84 0.73797
85 0.738653
86 0.739367
87 0.739905
88 0.740541
89 0.741105
90 0.741723
91 0.742322
92 0.742956
93 0.743543
94 0.744228
95 0.744763
96 0.745365
97 0.745937
98 0.746534
99 0.747082
100 0.747631
101 0.748125
102 0.748802
103 0.749212
104 0.749901
105 0.750391
106 0.751017
107 0.751498
108 0.75197
109 0.752469
110 0.752958
111 0.753424
112 0.75391
113 0.754433
114 0.754942
115 0.755369
116 0.755862
117 0.756268
118 0.756835
119 0.757269
120 0.757745
121 0.758184
122 0.758613
123 0.759097
124 0.759598
125 0.760061
126 0.760434
127 0.760914
128 0.761345
129 0.7617
130 0.762196
131 0.76258
132 0.763027
133 0.763433
134 0.763858
135 0.764212
136 0.764651
137 0.765018
138 0.765424
139 0.765815
140 0.76625
141 0.766626
142 0.767058
143 0.767384
144 0.767773
145 0.768198
146 0.768515
147 0.768927
148 0.769303
149 0.769678
150 0.770032
151 0.770403
152 0.770767
153 0.771153
154 0.771492
155 0.771893
156 0.772203
157 0.772549
158 0.772878
159 0.773214
160 0.773567
161 0.773891
162 0.774214
163 0.774555
164 0.774909
165 0.775253
166 0.77559
167 0.775899
168 0.776234
169 0.776574
170 0.776965
171 0.777014
172 0.777475
173 0.777852
174 0.778178
175 0.778478
176 0.778784
177 0.779089
178 0.779359
179 0.779684
180 0.779986
181 0.780291
182 0.780589
183 0.780876
184 0.781189
185 0.781477
186 0.781726
187 0.782057
188 0.782341
189 0.782635
190 0.782904
191 0.783212
192 0.783485
193 0.783762
194 0.784029
195 0.784226
196 0.784551
197 0.784804
198 0.785114
199 0.785403
200 0.785653
201 0.785922
202 0.786199
203 0.786466
204 0.786717
205 0.787071
206 0.787226
207 0.78749
208 0.78776
209 0.788042
210 0.78827
211 0.788522
212 0.788797
213 0.789064
214 0.789312
215 0.789558
216 0.789795
217 0.79002
218 0.790277
219 0.79054
220 0.790753
221 0.791015
222 0.791252
223 0.791487
224 0.791735
225 0.791973
226 0.792207
227 0.792434
228 0.792673
229 0.792895
230 0.793133
231 0.79337
232 0.793603
233 0.793807
234 0.794037
235 0.794249
236 0.794486
237 0.794719
238 0.79494
239 0.795154
240 0.795407
241 0.795698
242 0.795846
243 0.796085
244 0.796278
245 0.796488
246 0.796702
247 0.796922
248 0.797122
249 0.797327
250 0.797559
251 0.79777
252 0.797997
253 0.798235
254 0.798463
255 0.79871
256 0.798827
257 0.798926
258 0.799172
259 0.799416
260 0.799632
261 0.799828
262 0.800057
263 0.800258
264 0.800463
265 0.800649
266 0.800859
267 0.801027
268 0.801243
269 0.801443
270 0.801624
271 0.801836
272 0.802024
273 0.802137
274 0.802384
275 0.802582
276 0.80277
277 0.802967
278 0.803158
279 0.803344
280 0.803547
281 0.803722
282 0.80392
283 0.804087
284 0.804296
285 0.804453
286 0.804652
287 0.804819
288 0.805008
289 0.805191
290 0.805384
291 0.805553
292 0.805707
293 0.805941
294 0.80608
295 0.806254
296 0.806437
297 0.80661
298 0.806798
299 0.806957
300 0.807147
