1 0.166664
2 0.166694
3 0.138873
4 0.121475
5 0.121086
6 0.113207
7 0.119078
8 0.115987
9 0.108981
10 0.106462
11 0.104365
12 0.10096
13 0.0973076
14 0.0978372
15 0.0960339
16 0.0983844
17 0.0954977
18 0.0941712
19 0.0922674
20 0.0903713
21 0.0883852
22 0.087922
23 0.0870496
24 0.0855901
25 0.0851428
26 0.0847309
27 0.0837258
28 0.0826843
29 0.0824887
30 0.0814909
31 0.0811611
32 0.0803014
33 0.0794722
34 0.0789396
35 0.0780975
36 0.0776012
37 0.0769562
38 0.076196
39 0.0755741
40 0.0750498
41 0.074327
42 0.0737545
43 0.0733625
44 0.0730044
45 0.0725642
46 0.0720391
47 0.071808
48 0.0712732
49 0.0707971
50 0.0703865
51 0.0699038
52 0.0694273
53 0.0689136
54 0.0686302
55 0.0683086
56 0.0678325
57 0.0674345
58 0.0670308
59 0.066611
60 0.0662346
61 0.0660833
62 0.0657466
63 0.0653782
64 0.0650446
65 0.064629
66 0.0643396
67 0.0640095
68 0.0636897
69 0.0633952
70 0.0631414
71 0.0627861
72 0.0624698
73 0.0622748
74 0.0619663
75 0.0617014
76 0.0614056
77 0.0611057
78 0.0608364
79 0.0605939
80 0.0603289
81 0.0600386
82 0.0597809
83 0.0596087
84 0.0593595
85 0.0591182
86 0.0588307
87 0.0586393
88 0.0584105
89 0.0581851
90 0.0579752
91 0.0577489
92 0.0575298
93 0.0572949
94 0.0570584
95 0.0568782
96 0.0566541
97 0.056424
98 0.0562234
99 0.05603
100 0.0558101
101 0.0556404
102 0.0554208
103 0.0552229
104 0.0550034
105 0.0547949
106 0.0545927
107 0.0544384
108 0.0542604
109 0.0540882
110 0.053908
111 0.0537379
112 0.0535903
113 0.0534094
114 0.0532175
115 0.0530526
116 0.052882
117 0.0527216
118 0.0525482
119 0.0523884
120 0.0522243
121 0.0520677
122 0.0519147
123 0.0517478
124 0.0515742
125 0.0514034
126 0.0512708
127 0.0511065
128 0.0509676
129 0.050834
130 0.050682
131 0.050541
132 0.0503916
133 0.0502477
134 0.0500948
135 0.0499724
136 0.0498348
137 0.0496955
138 0.049552
139 0.0494052
140 0.0492619
141 0.0491321
142 0.0489882
143 0.0488718
144 0.0487439
145 0.0486042
146 0.0484802
147 0.0483469
148 0.0482179
149 0.0480875
150 0.0479632
151 0.0478301
152 0.04771
153 0.0475811
154 0.047462
155 0.0473326
156 0.0472222
157 0.0471147
158 0.0469964
159 0.046878
160 0.0467597
161 0.0466466
162 0.046553
163 0.0464407
164 0.0463216
165 0.0462004
166 0.0460812
167 0.0459728
168 0.0458708
169 0.0457634
170 0.0456593
171 0.0455509
172 0.0454422
173 0.045329
174 0.0452361
175 0.045128
176 0.0450255
177 0.0449227
178 0.0448234
179 0.0447192
180 0.0446239
181 0.0445249
182 0.0444207
183 0.0443228
184 0.0442264
185 0.0441357
186 0.0440412
187 0.0439402
188 0.0438424
189 0.0437421
190 0.0436518
191 0.0435522
192 0.0434664
193 0.0433714
194 0.0432845
195 0.0432066
196 0.0431188
197 0.0430246
198 0.0429364
199 0.042841
200 0.0427583
201 0.0426704
202 0.0425793
203 0.0424974
204 0.0424065
205 0.0423315
206 0.0422468
207 0.0421579
208 0.0420725
209 0.0419921
210 0.0419055
211 0.0418252
212 0.0417407
213 0.0416577
214 0.0415727
215 0.0414911
216 0.0414172
217 0.0413402
218 0.0412595
219 0.0411841
220 0.0410998
221 0.0410214
222 0.0409434
223 0.040867
224 0.0407865
225 0.0407078
226 0.040639
227 0.0405623
228 0.0404898
229 0.0404202
230 0.0403443
231 0.0402658
232 0.0401881
233 0.0401185
234 0.0400496
235 0.0399814
236 0.0399116
237 0.0398381
238 0.0397637
239 0.0396887
240 0.0396174
241 0.0395459
242 0.039476
243 0.0394105
244 0.0393419
245 0.0392742
246 0.0392045
247 0.0391389
248 0.0390716
249 0.0390054
250 0.038935
251 0.0388658
252 0.0387998
253 0.0387358
254 0.0386744
255 0.0386109
256 0.038542
257 0.0384749
258 0.0384097
259 0.0383469
260 0.0382866
261 0.0382293
262 0.0381657
263 0.0381004
264 0.0380353
265 0.0379729
266 0.0379099
267 0.0378521
268 0.0377886
269 0.0377254
270 0.0376656
271 0.0376059
272 0.0375437
273 0.0374876
274 0.0374298
275 0.0373699
276 0.0373088
277 0.0372502
278 0.0371904
279 0.0371329
280 0.0370726
281 0.0370173
282 0.0369607
283 0.0369027
284 0.0368445
285 0.0367913
286 0.0367373
287 0.0366831
288 0.0366242
289 0.0365674
290 0.0365119
291 0.0364552
292 0.0364018
293 0.0363484
294 0.0362932
295 0.0362374
296 0.0361872
297 0.0361334
298 0.036079
299 0.0360266
300 0.0359736
