1 0.500136
2 0.499738
3 0.583127
4 0.597016
5 0.546244
6 0.593416
7 0.512238
8 0.571867
9 0.613868
10 0.582445
11 0.583324
12 0.603377
13 0.612959
14 0.563189
15 0.595767
16 0.532584
17 0.617219
18 0.59541
19 0.609044
20 0.611652
21 0.617489
22 0.588502
23 0.598668
24 0.614691
25 0.591418
26 0.591752
27 0.609213
28 0.612379
29 0.590217
30 0.614202
31 0.59522
32 0.613342
33 0.614027
34 0.605071
35 0.617575
36 0.606729
37 0.612174
38 0.617473
39 0.615613
40 0.611551
41 0.621484
42 0.616573
43 0.609831
44 0.609502
45 0.613424
46 0.618289
47 0.604916
48 0.621101
49 0.618299
50 0.616006
51 0.620754
52 0.621554
53 0.623965
54 0.612743
55 0.614662
56 0.625145
57 0.621246
58 0.623466
59 0.624965
60 0.622717
61 0.608934
62 0.621369
63 0.624189
64 0.621864
65 0.627605
66 0.620522
67 0.624255
68 0.624236
69 0.623826
70 0.622068
71 0.628958
72 0.626222
73 0.617948
74 0.627908
75 0.624225
76 0.626716
77 0.627772
78 0.626755
79 0.624739
80 0.627338
81 0.630115
82 0.627612
83 0.621025
84 0.627633
85 0.627686
86 0.632806
87 0.625227
88 0.627833
89 0.628119
90 0.627472
91 0.629457
92 0.628738
93 0.631192
94 0.631785
95 0.626101
96 0.630811
97 0.631749
98 0.629759
99 0.629788
100 0.632142
101 0.628102
102 0.632986
103 0.631552
104 0.634238
105 0.633631
106 0.633381
107 0.628307
108 0.631446
109 0.631311
110 0.633028
111 0.631264
112 0.629111
113 0.633363
114 0.634734
115 0.632234
116 0.633331
117 0.632902
118 0.634254
119 0.633144
120 0.632925
121 0.633223
122 0.632986
123 0.635409
124 0.63721
125 0.636312
126 0.631287
127 0.636106
128 0.633999
129 0.632693
130 0.635655
131 0.634106
132 0.635979
133 0.635513
134 0.637316
135 0.63273
136 0.635362
137 0.636234
138 0.637005
139 0.637704
140 0.637101
141 0.635951
142 0.638189
143 0.634927
144 0.636137
145 0.637658
146 0.636484
147 0.638256
148 0.637064
149 0.638071
150 0.637439
151 0.638795
152 0.63698
153 0.638185
154 0.637224
155 0.639378
156 0.636016
157 0.636004
158 0.638289
159 0.638782
160 0.637951
161 0.637668
162 0.634386
163 0.63864
164 0.639485
165 0.640066
166 0.640262
167 0.637698
168 0.637619
169 0.638387
170 0.638341
171 0.63934
172 0.639052
173 0.640849
174 0.637201
175 0.640203
176 0.639873
177 0.639706
178 0.639762
179 0.640236
180 0.638882
181 0.640081
182 0.641362
183 0.640022
184 0.639685
185 0.639692
186 0.639842
187 0.641999
188 0.640993
189 0.64317
190 0.639986
191 0.641921
192 0.639962
193 0.640573
194 0.640508
195 0.638293
196 0.641012
197 0.641694
198 0.640534
199 0.642635
200 0.639826
201 0.641426
202 0.642388
203 0.640088
204 0.642789
205 0.639082
206 0.640958
207 0.642414
208 0.641785
209 0.641104
210 0.642427
211 0.641683
212 0.643803
213 0.642792
214 0.642875
215 0.642082
216 0.641178
217 0.642091
218 0.642498
219 0.641715
220 0.643925
221 0.642094
222 0.643044
223 0.642515
224 0.644386
225 0.643486
226 0.641244
227 0.6435
228 0.642989
229 0.641894
230 0.643942
231 0.645398
232 0.644549
233 0.642226
234 0.642047
235 0.642769
236 0.643307
237 0.644395
238 0.644023
239 0.643894
240 0.643585
241 0.645223
242 0.6439
243 0.642567
244 0.644507
245 0.64388
246 0.64519
247 0.644274
248 0.644129
249 0.644366
250 0.645177
251 0.645095
252 0.645219
253 0.644193
254 0.64318
255 0.644157
256 0.645477
257 0.645895
258 0.645477
259 0.644751
260 0.643891
261 0.642495
262 0.645261
263 0.645745
264 0.645525
265 0.644854
266 0.645546
267 0.644259
268 0.645926
269 0.645815
270 0.644473
271 0.645738
272 0.645394
273 0.644235
274 0.645009
275 0.645195
276 0.646008
277 0.645631
278 0.645534
279 0.644915
280 0.647196
281 0.645317
282 0.645001
283 0.646088
284 0.646728
285 0.645134
286 0.64506
287 0.64482
288 0.646939
289 0.646471
290 0.645778
291 0.646661
292 0.645762
293 0.646206
294 0.646913
295 0.646925
296 0.644911
297 0.645812
298 0.646836
299 0.645556
300 0.646673
