1 0.667159
2 0.667105
3 0.733203
4 0.733293
5 0.771301
6 0.771185
7 0.796996
8 0.796588
9 0.814884
10 0.815015
11 0.829166
12 0.82926
13 0.840324
14 0.840786
15 0.849548
16 0.850224
17 0.857238
18 0.857988
19 0.864205
20 0.864952
21 0.870375
22 0.870954
23 0.875618
24 0.876065
25 0.879932
26 0.880607
27 0.884188
28 0.884885
29 0.888193
30 0.888637
31 0.891364
32 0.891856
33 0.894355
34 0.894949
35 0.897177
36 0.897747
37 0.899779
38 0.900446
39 0.902095
40 0.902702
41 0.904521
42 0.905065
43 0.906827
44 0.907247
45 0.908684
46 0.909175
47 0.910595
48 0.911159
49 0.912331
50 0.912824
51 0.913965
52 0.91454
53 0.91555
54 0.91601
55 0.917052
56 0.917525
57 0.918523
58 0.918868
59 0.919804
60 0.920151
61 0.92091
62 0.9213
63 0.922092
64 0.922539
65 0.923436
66 0.92377
67 0.924373
68 0.924691
69 0.925535
70 0.925865
71 0.926693
72 0.927016
73 0.927651
74 0.927966
75 0.928541
76 0.928892
77 0.929467
78 0.929747
79 0.9303
80 0.930543
81 0.931144
82 0.931452
83 0.931988
84 0.93215
85 0.932817
86 0.93299
87 0.933508
88 0.933748
89 0.934202
90 0.934362
91 0.934741
92 0.934958
93 0.935521
94 0.935705
95 0.936157
96 0.936391
97 0.936898
98 0.937269
99 0.937681
100 0.937994
101 0.938425
102 0.938598
103 0.939025
104 0.939211
105 0.939591
106 0.939815
107 0.940075
108 0.940359
109 0.940726
110 0.940715
111 0.941061
112 0.941308
113 0.94163
114 0.941756
115 0.942113
116 0.942215
117 0.942566
118 0.942774
119 0.943048
120 0.943218
121 0.94353
122 0.943744
123 0.943991
124 0.944202
125 0.944511
126 0.944644
127 0.944916
128 0.94504
129 0.945414
130 0.945504
131 0.945789
132 0.945948
133 0.946299
134 0.946272
135 0.946481
136 0.946649
137 0.946989
138 0.947069
139 0.947386
140 0.947529
141 0.947747
142 0.947926
143 0.948088
144 0.948196
145 0.948491
146 0.948695
147 0.948918
148 0.949075
149 0.949189
150 0.949288
151 0.949463
152 0.949609
153 0.949797
154 0.949994
155 0.950086
156 0.9502
157 0.950409
158 0.950462
159 0.950759
160 0.950724
161 0.951011
162 0.951035
163 0.951232
164 0.951307
165 0.951496
166 0.951642
167 0.951824
168 0.951909
169 0.952148
170 0.952199
171 0.952455
172 0.952461
173 0.952693
174 0.952738
175 0.952847
176 0.95294
177 0.953139
178 0.95318
179 0.95341
180 0.95347
181 0.953558
182 0.953564
183 0.953775
184 0.953891
185 0.954041
186 0.954163
187 0.95428
188 0.954345
189 0.954489
190 0.954574
191 0.954713
192 0.954826
193 0.954956
194 0.954978
195 0.955121
196 0.95533
197 0.955408
198 0.955459
199 0.955627
200 0.955739
201 0.955844
202 0.955989
203 0.956069
204 0.956196
205 0.956222
206 0.95632
207 0.956478
208 0.956583
209 0.956693
210 0.956792
211 0.956944
212 0.956993
213 0.957139
214 0.957223
215 0.957377
216 0.957428
217 0.957534
218 0.957621
219 0.95764
220 0.957698
221 0.957871
222 0.95801
223 0.958106
224 0.958156
225 0.958327
226 0.958432
227 0.958504
228 0.958632
229 0.958733
230 0.958804
231 0.958888
232 0.959011
233 0.959058
234 0.959072
235 0.959174
236 0.95926
237 0.959502
238 0.959524
239 0.959644
240 0.959778
241 0.959888
242 0.959894
243 0.959934
244 0.959982
245 0.959973
246 0.960098
247 0.960196
248 0.960298
249 0.960325
250 0.960445
251 0.960507
252 0.960608
253 0.960685
254 0.960727
255 0.960832
256 0.960877
257 0.961026
258 0.961046
259 0.961085
260 0.961212
261 0.961241
262 0.961348
263 0.961453
264 0.961496
265 0.961566
266 0.961689
267 0.961708
268 0.96175
269 0.961802
270 0.961949
271 0.961993
272 0.962035
273 0.962159
274 0.962232
275 0.962295
276 0.962273
277 0.962489
278 0.962456
279 0.962538
280 0.9626
281 0.962752
282 0.962776
283 0.962805
284 0.962813
285 0.962922
286 0.963023
287 0.963108
288 0.96314
289 0.963192
290 0.963269
291 0.963314
292 0.963383
293 0.963479
294 0.963517
295 0.963556
296 0.963561
297 0.963606
298 0.963647
299 0.963784
300 0.963777
