1 0.500263
2 0.5
3 0.555322
4 0.591543
5 0.619844
6 0.640706
7 0.659425
8 0.673375
9 0.684084
10 0.695912
11 0.703793
12 0.712016
13 0.718721
14 0.725215
15 0.731277
16 0.736347
17 0.740775
18 0.74547
19 0.749084
20 0.753302
21 0.757084
22 0.760661
23 0.763535
24 0.766669
25 0.769813
26 0.771836
27 0.77454
28 0.776378
29 0.778439
30 0.780905
31 0.782969
32 0.784973
33 0.78692
34 0.789157
35 0.791017
36 0.79275
37 0.794394
38 0.796214
39 0.797799
40 0.799192
41 0.801051
42 0.802488
43 0.803724
44 0.805302
45 0.806723
46 0.808105
47 0.80943
48 0.810713
49 0.812185
50 0.813479
51 0.814587
52 0.815644
53 0.816845
54 0.818114
55 0.819115
56 0.82021
57 0.82116
58 0.822278
59 0.823316
60 0.824229
61 0.825279
62 0.826082
63 0.8269
64 0.827783
65 0.828427
66 0.829291
67 0.830206
68 0.830989
69 0.831862
70 0.832616
71 0.833531
72 0.834327
73 0.835092
74 0.835668
75 0.836502
76 0.837279
77 0.837766
78 0.838359
79 0.839151
80 0.839748
81 0.840372
82 0.841135
83 0.841681
84 0.842399
85 0.843057
86 0.843431
87 0.844046
88 0.844612
89 0.845065
90 0.84582
91 0.846307
92 0.846951
93 0.847398
94 0.848118
95 0.848614
96 0.849186
97 0.849553
98 0.850204
99 0.850634
100 0.851279
101 0.851773
102 0.852243
103 0.852587
104 0.853085
105 0.853436
106 0.85406
107 0.854473
108 0.855096
109 0.855517
110 0.855892
111 0.856391
112 0.856818
113 0.857161
114 0.857732
115 0.858053
116 0.858472
117 0.858789
118 0.859315
119 0.859694
120 0.859998
121 0.860559
122 0.860907
123 0.861376
124 0.861709
125 0.862199
126 0.862501
127 0.862894
128 0.863156
129 0.863364
130 0.863716
131 0.864126
132 0.864462
133 0.864898
134 0.865298
135 0.865617
136 0.865939
137 0.866486
138 0.866774
139 0.867131
140 0.867435
141 0.867753
142 0.868156
143 0.868465
144 0.86878
145 0.869086
146 0.869303
147 0.869833
148 0.870083
149 0.870406
150 0.870708
151 0.870973
152 0.871353
153 0.871638
154 0.871873
155 0.872178
156 0.872472
157 0.872724
158 0.873216
159 0.873455
160 0.873737
161 0.874007
162 0.874349
163 0.874585
164 0.874951
165 0.875158
166 0.875426
167 0.875724
168 0.876015
169 0.876275
170 0.876516
171 0.876725
172 0.876947
173 0.877189
174 0.877454
175 0.877717
176 0.877977
177 0.878252
178 0.878425
179 0.878772
180 0.878977
181 0.879285
182 0.879483
183 0.879719
184 0.879968
185 0.88019
186 0.880346
187 0.880829
188 0.881021
189 0.881241
190 0.881484
191 0.881728
192 0.881909
193 0.882082
194 0.88231
195 0.882464
196 0.882788
197 0.883
198 0.883199
199 0.883446
200 0.88365
201 0.883845
202 0.884042
203 0.884224
204 0.884377
205 0.884885
206 0.884988
207 0.885164
208 0.885351
209 0.885568
210 0.885704
211 0.885922
212 0.886157
213 0.886341
214 0.886495
215 0.88667
216 0.886941
217 0.887099
218 0.88731
219 0.887481
220 0.887668
221 0.887848
222 0.888036
223 0.888243
224 0.888415
225 0.888577
226 0.888739
227 0.888876
228 0.889302
229 0.889433
230 0.889591
231 0.889742
232 0.889929
233 0.890083
234 0.890223
235 0.890398
236 0.890551
237 0.890809
238 0.890945
239 0.891123
240 0.891273
241 0.891556
242 0.891655
243 0.891827
244 0.892007
245 0.89215
246 0.892348
247 0.892487
248 0.892645
249 0.892824
250 0.892998
251 0.893156
252 0.893308
253 0.893475
254 0.893619
255 0.893764
256 0.893815
257 0.893861
258 0.893995
259 0.894149
260 0.894291
261 0.894442
262 0.89461
263 0.894756
264 0.894896
265 0.895062
266 0.895226
267 0.895334
268 0.895526
269 0.895657
270 0.895821
271 0.895954
272 0.896085
273 0.896163
274 0.896433
275 0.896557
276 0.896685
277 0.896828
278 0.896952
279 0.897059
280 0.89729
281 0.897406
282 0.897531
283 0.897681
284 0.897811
285 0.897938
286 0.898076
287 0.898215
288 0.898329
289 0.898451
290 0.898576
291 0.898672
292 0.898758
293 0.89916
294 0.899235
295 0.899337
296 0.899452
297 0.899567
298 0.899704
299 0.899792
300 0.899922
