1 0.166664
2 0.166694
3 0.138948
4 0.121554
5 0.108381
6 0.098645
7 0.0904954
8 0.0843415
9 0.0795485
10 0.0748489
11 0.0713337
12 0.0681388
13 0.0655335
14 0.0628911
15 0.0606412
16 0.0586792
17 0.0570265
18 0.0553548
19 0.0539105
20 0.052404
21 0.0510776
22 0.04984
23 0.0487784
24 0.0477585
25 0.0467244
26 0.0459667
27 0.0450667
28 0.0444906
29 0.0437584
30 0.0429713
31 0.0422248
32 0.0415825
33 0.0409041
34 0.0402677
35 0.0396145
36 0.039164
37 0.0386213
38 0.0381043
39 0.0375886
40 0.0371221
41 0.0366226
42 0.0361543
43 0.0357212
44 0.0352672
45 0.0348475
46 0.0344537
47 0.0340415
48 0.0336677
49 0.0332812
50 0.0329263
51 0.0325876
52 0.0322334
53 0.031903
54 0.0315726
55 0.0312526
56 0.0309579
57 0.0306513
58 0.0303555
59 0.0300716
60 0.0297972
61 0.0295137
62 0.0292627
63 0.0291323
64 0.0288961
65 0.0286652
66 0.0284349
67 0.0282183
68 0.0279869
69 0.0277568
70 0.0275359
71 0.0273178
72 0.0271064
73 0.0268931
74 0.0266936
75 0.0264974
76 0.026302
77 0.0261997
78 0.0260354
79 0.0258564
80 0.0256745
81 0.0255048
82 0.0253407
83 0.02516
84 0.0249926
85 0.0248222
86 0.0246605
87 0.0244984
88 0.0244093
89 0.0242661
90 0.0241165
91 0.0239695
92 0.0238135
93 0.0236653
94 0.0235245
95 0.0233819
96 0.0232387
97 0.0231677
98 0.0230424
99 0.0229146
100 0.022776
101 0.0226424
102 0.0225199
103 0.0223963
104 0.0222714
105 0.0222006
106 0.0220851
107 0.0219682
108 0.0218511
109 0.0217315
110 0.0216153
111 0.0214981
112 0.0213845
113 0.0213226
114 0.0212217
115 0.0211152
116 0.0210089
117 0.0209015
118 0.0207975
119 0.0206909
120 0.0206329
121 0.0205399
122 0.0204419
123 0.0203404
124 0.0202376
125 0.0201372
126 0.0200821
127 0.0199961
128 0.0199049
129 0.019821
130 0.0197311
131 0.0196411
132 0.0195514
133 0.0194622
134 0.019372
135 0.0192835
136 0.0191969
137 0.01911
138 0.0190215
139 0.01894
140 0.0188578
141 0.0187771
142 0.0186963
143 0.0186174
144 0.0185356
145 0.0184556
146 0.0183784
147 0.0182999
148 0.018229
149 0.018156
150 0.0180785
151 0.0180058
152 0.0179322
153 0.0178608
154 0.0177874
155 0.0177151
156 0.0176438
157 0.0175769
158 0.0175086
159 0.0174397
160 0.0173705
161 0.0173022
162 0.0172358
163 0.0171698
164 0.0171046
165 0.0170428
166 0.0169783
167 0.0169148
168 0.016852
169 0.0167908
170 0.0167298
171 0.016669
172 0.0166078
173 0.0165478
174 0.0164891
175 0.0164322
176 0.0163741
177 0.0163154
178 0.0162581
179 0.0162041
180 0.0161494
181 0.0160968
182 0.0160406
183 0.0159851
184 0.0159302
185 0.0158749
186 0.0158225
187 0.0157702
188 0.0157177
189 0.0156639
190 0.0156137
191 0.0155613
192 0.015514
193 0.0154671
194 0.0154184
195 0.0153693
196 0.0153198
197 0.0152719
198 0.0152226
199 0.0151762
200 0.0151291
201 0.015084
202 0.0150377
203 0.0149919
204 0.0149465
205 0.0149002
206 0.0148558
207 0.0148093
208 0.0147635
209 0.0147198
210 0.0146751
211 0.0146345
212 0.0145928
213 0.0145505
214 0.0145078
215 0.0144653
216 0.0144233
217 0.0143803
218 0.0143399
219 0.0142993
220 0.0142581
221 0.0142172
222 0.0141767
223 0.0141365
224 0.0140965
225 0.0140579
226 0.0140199
227 0.0139806
228 0.0139419
229 0.0139038
230 0.013866
231 0.0138283
232 0.0137911
233 0.0137542
234 0.0137171
235 0.0136846
236 0.0136493
237 0.0136134
238 0.0135783
239 0.0135421
240 0.0135071
241 0.013473
242 0.0134364
243 0.0134016
244 0.0133669
245 0.0133322
246 0.0132989
247 0.0132653
248 0.0132314
249 0.0131971
250 0.0131642
251 0.0131317
252 0.0130987
253 0.0130664
254 0.0130347
255 0.0130015
256 0.0129696
257 0.0129374
258 0.0129064
259 0.0128748
260 0.0128438
261 0.0128137
262 0.012783
263 0.012752
264 0.012721
265 0.0126905
266 0.0126607
267 0.0126308
268 0.0126017
269 0.0125722
270 0.012545
271 0.0125168
272 0.0124872
273 0.0124588
274 0.0124302
275 0.0124018
276 0.0123741
277 0.0123466
278 0.0123178
279 0.0122894
280 0.0122621
281 0.0122349
282 0.0122073
283 0.0121804
284 0.0121532
285 0.0121267
286 0.0120997
287 0.0120729
288 0.0120467
289 0.0120205
290 0.0119946
291 0.0119689
292 0.011945
293 0.0119203
294 0.0118949
295 0.0118695
296 0.0118442
297 0.011819
298 0.0117942
299 0.011769
300 0.0117446
