1 0.5
2 0.353519
3 0.317781
4 0.295396
5 0.286055
6 0.278976
7 0.274236
8 0.271047
9 0.268947
10 0.266235
11 0.264892
12 0.263095
13 0.261989
14 0.260577
15 0.259642
16 0.258547
17 0.257653
18 0.256788
19 0.256229
20 0.255386
21 0.25461
22 0.254162
23 0.253728
24 0.253066
25 0.252537
26 0.252192
27 0.25188
28 0.250881
29 0.250605
30 0.250082
31 0.249811
32 0.2493
33 0.249257
34 0.248811
35 0.248626
36 0.248118
37 0.247917
38 0.247618
39 0.247489
40 0.247248
41 0.246985
42 0.246789
43 0.246705
44 0.246544
45 0.246423
46 0.246201
47 0.246057
48 0.245865
49 0.245681
50 0.24552
51 0.245381
52 0.245315
53 0.245205
54 0.245061
55 0.244932
56 0.24482
57 0.244879
58 0.244656
59 0.244522
60 0.244429
61 0.244375
62 0.244304
63 0.244039
64 0.243698
65 0.243928
66 0.243813
67 0.243634
68 0.243595
69 0.243487
70 0.243407
71 0.24329
72 0.24322
73 0.24304
74 0.243159
75 0.243025
76 0.243
77 0.242805
78 0.242754
79 0.242652
80 0.24258
81 0.242568
82 0.242393
83 0.242413
84 0.242278
85 0.242132
86 0.242244
87 0.242219
88 0.242077
89 0.24205
90 0.241956
91 0.24197
92 0.24188
93 0.241857
94 0.241747
95 0.241697
96 0.241603
97 0.241567
98 0.241447
99 0.241453
100 0.241384
101 0.241306
102 0.241225
103 0.241343
104 0.24127
105 0.2412
106 0.241088
107 0.241034
108 0.241025
109 0.240941
110 0.240986
111 0.240964
112 0.240932
113 0.24078
114 0.240722
115 0.240787
116 0.240738
117 0.240801
118 0.240666
119 0.240628
120 0.240562
121 0.240524
122 0.240552
123 0.240446
124 0.240484
125 0.240403
126 0.240315
127 0.240286
128 0.240295
129 0.24032
130 0.240292
131 0.240264
132 0.240215
133 0.240167
134 0.240167
135 0.240216
136 0.240161
137 0.240114
138 0.240118
139 0.240081
140 0.240084
141 0.240088
142 0.240048
143 0.240023
144 0.240029
145 0.240024
146 0.240067
147 0.239934
148 0.239945
149 0.23995
150 0.239899
151 0.239895
152 0.239916
153 0.239879
154 0.239853
155 0.239876
156 0.239809
157 0.239834
158 0.239787
159 0.239837
160 0.239775
161 0.239788
162 0.239768
163 0.239741
164 0.239717
165 0.239722
166 0.239713
167 0.239732
168 0.239641
169 0.23959
170 0.239525
171 0.239806
172 0.239642
173 0.239635
174 0.239612
175 0.239589
176 0.239577
177 0.239561
178 0.239611
179 0.239564
180 0.239541
181 0.239459
182 0.239532
183 0.239537
184 0.239502
185 0.239451
186 0.239505
187 0.239454
188 0.239438
189 0.239438
190 0.239403
191 0.239426
192 0.239303
193 0.239406
194 0.239405
195 0.239447
196 0.23934
197 0.23941
198 0.239378
199 0.239317
200 0.239319
201 0.239285
202 0.239282
203 0.239282
204 0.239293
205 0.239173
206 0.239252
207 0.239256
208 0.239231
209 0.239218
210 0.23924
211 0.239214
212 0.239167
213 0.239181
214 0.239185
215 0.239178
216 0.239159
217 0.239155
218 0.23913
219 0.239147
220 0.239161
221 0.239129
222 0.239113
223 0.239131
224 0.239099
225 0.2391
226 0.23908
227 0.239128
228 0.239061
229 0.239088
230 0.23905
231 0.239036
232 0.239056
233 0.23907
234 0.239047
235 0.239006
236 0.239038
237 0.238961
238 0.238962
239 0.238997
240 0.238966
241 0.238898
242 0.238949
243 0.238952
244 0.238925
245 0.238917
246 0.238883
247 0.23889
248 0.23893
249 0.23892
250 0.238886
251 0.238871
252 0.238872
253 0.238852
254 0.238847
255 0.238758
256 0.238903
257 0.238942
258 0.2389
259 0.238861
260 0.238834
261 0.238851
262 0.238816
263 0.238843
264 0.238826
265 0.238804
266 0.238806
267 0.238833
268 0.238811
269 0.238769
270 0.238801
271 0.238736
272 0.238782
273 0.238843
274 0.238729
275 0.23874
276 0.23873
277 0.238744
278 0.238722
279 0.238715
280 0.238722
281 0.238724
282 0.238729
283 0.238692
284 0.238694
285 0.238667
286 0.238687
287 0.238656
288 0.238667
289 0.238649
290 0.238663
291 0.23867
292 0.238704
293 0.238613
294 0.238605
295 0.238629
296 0.238599
297 0.238642
298 0.238637
299 0.238604
300 0.2386
