1 0
2 0.333333
3 0.222222
4 0.315789
5 0.315789
6 0.333333
7 0.336364
8 0.352941
9 0.337255
10 0.353425
11 0.34638
12 0.341991
13 0.338745
14 0.344684
15 0.339147
16 0.342025
17 0.336605
18 0.334992
19 0.333786
20 0.332435
21 0.328096
22 0.327619
23 0.325925
24 0.324938
25 0.322766
26 0.322288
27 0.319229
28 0.318974
29 0.317738
30 0.316277
31 0.315101
32 0.313433
33 0.311626
34 0.310946
35 0.309842
36 0.308558
37 0.306967
38 0.306584
39 0.305404
40 0.304562
41 0.303423
42 0.302052
43 0.300958
44 0.300418
45 0.299123
46 0.298343
47 0.29732
48 0.296395
49 0.295444
50 0.294716
51 0.293788
52 0.292936
53 0.291964
54 0.291187
55 0.290419
56 0.289657
57 0.28868
58 0.288016
59 0.287328
60 0.286515
61 0.285759
62 0.285056
63 0.284291
64 0.283752
65 0.282983
66 0.282285
67 0.281546
68 0.280985
69 0.280249
70 0.279606
71 0.278982
72 0.278329
73 0.277688
74 0.277037
75 0.276412
76 0.275848
77 0.275169
78 0.274597
79 0.27403
80 0.273454
81 0.272816
82 0.272266
83 0.271687
84 0.271152
85 0.270551
86 0.270051
87 0.269461
88 0.268889
89 0.268351
90 0.267783
91 0.267302
92 0.266801
93 0.266261
94 0.265763
95 0.265242
96 0.264738
97 0.264195
98 0.26374
99 0.263265
100 0.262788
