1 0
2 0
3 0
4 0
5 0
6 0
7 0
8 0
9 0
10 0.0175392
11 0.0159047
12 0.005687
13 0.005289
14 0.00644236
15 0.00425407
16 0.004012
17 0.00212012
18 0.00470772
19 0.003863
20 0.0048747
21 0.00463081
22 0.00352277
23 0.00367657
24 0.00388275
25 0.0075964
26 0.0107413
27 0.00996648
28 0.0112886
29 0.0133064
30 0.0135027
31 0.0150185
32 0.0148567
33 0.0162938
34 0.0156351
35 0.0137461
36 0.0134098
37 0.0131113
38 0.0128357
39 0.0120398
40 0.0118874
41 0.0104641
42 0.00963626
43 0.00917905
44 0.00912298
45 0.00900551
46 0.00919163
47 0.00974596
48 0.00965738
49 0.0097829
50 0.0100337
51 0.00970837
52 0.00865365
53 0.00892732
54 0.00984376
55 0.0102398
56 0.0101424
57 0.0101752
58 0.0105414
59 0.0114111
60 0.0118156
61 0.0135316
62 0.0148942
63 0.0156597
64 0.01597
65 0.0164409
66 0.0168065
67 0.0174357
68 0.0170197
69 0.0170066
70 0.0173889
71 0.0171329
72 0.0178688
73 0.0187935
74 0.0184596
75 0.0187478
76 0.0191664
77 0.0193116
78 0.0197843
79 0.0199089
80 0.0196074
81 0.0197544
82 0.0193609
83 0.0190028
84 0.0189557
85 0.018871
86 0.0182226
87 0.0179262
88 0.0177136
89 0.0170406
90 0.0171372
91 0.0166849
92 0.0159776
93 0.0159334
94 0.0153072
95 0.0151538
96 0.0147103
97 0.0147841
98 0.0147389
99 0.0146269
100 0.014097
