1 0.500226
2 0.499774
3 0.578902
4 0.612545
5 0.621026
6 0.62643
7 0.650299
8 0.640499
9 0.62653
10 0.676032
11 0.6427
12 0.668419
13 0.655529
14 0.68375
15 0.679161
16 0.690959
17 0.674261
18 0.706322
19 0.690229
20 0.717733
21 0.708899
22 0.716487
23 0.710891
24 0.708113
25 0.734276
26 0.706469
27 0.738695
28 0.72305
29 0.728343
30 0.734384
31 0.745905
32 0.730122
33 0.74181
34 0.748515
35 0.750485
36 0.746201
37 0.756686
38 0.749155
39 0.756436
40 0.749483
41 0.762686
42 0.764656
43 0.751051
44 0.771463
45 0.762876
46 0.765247
47 0.772662
48 0.764312
49 0.774959
50 0.772094
51 0.764371
52 0.77935
53 0.777227
54 0.776198
55 0.77916
56 0.776699
57 0.782011
58 0.780337
59 0.783904
60 0.783885
61 0.791125
62 0.778062
63 0.793646
64 0.794113
65 0.784781
66 0.793656
67 0.791554
68 0.791836
69 0.796508
70 0.791809
71 0.797292
72 0.791101
73 0.79934
74 0.797265
75 0.799089
76 0.797406
77 0.803901
78 0.800797
79 0.801574
80 0.805561
81 0.80731
82 0.802361
83 0.810365
84 0.807254
85 0.807745
86 0.808022
87 0.811083
88 0.808969
89 0.811507
90 0.812321
91 0.808282
92 0.816913
93 0.815387
94 0.812873
95 0.81563
96 0.816777
97 0.814456
98 0.817933
99 0.816979
100 0.819994
101 0.820471
102 0.817967
103 0.816154
104 0.82155
105 0.822109
106 0.823228
107 0.819801
108 0.823696
109 0.82493
110 0.821877
111 0.824809
112 0.825091
113 0.824968
114 0.826283
115 0.825416
116 0.823682
117 0.830944
118 0.827561
119 0.828733
120 0.826366
121 0.831512
122 0.830451
123 0.829697
124 0.833774
125 0.83295
126 0.830799
127 0.835409
128 0.833962
129 0.83265
130 0.832835
131 0.835663
132 0.836975
133 0.832679
134 0.837195
135 0.836751
136 0.834708
137 0.839146
138 0.838129
139 0.837313
140 0.838516
141 0.837859
142 0.839339
143 0.838726
144 0.840046
145 0.839766
146 0.839323
147 0.842988
148 0.83977
149 0.841042
150 0.844184
151 0.840475
152 0.845722
153 0.842565
154 0.844428
155 0.844047
156 0.845897
157 0.843534
158 0.843909
159 0.845972
160 0.846023
161 0.84643
162 0.844407
163 0.846469
164 0.848104
165 0.84661
166 0.850067
167 0.847585
168 0.848322
169 0.849822
170 0.850431
171 0.846992
172 0.851376
173 0.850079
174 0.851097
175 0.849248
176 0.85249
177 0.852674
178 0.851203
179 0.852533
180 0.852913
181 0.850968
182 0.854774
183 0.852556
184 0.854685
185 0.855351
186 0.853436
187 0.854316
188 0.855415
189 0.857437
190 0.852514
191 0.858662
192 0.855899
193 0.854591
194 0.857879
195 0.855941
196 0.857522
197 0.8578
198 0.859278
199 0.856427
200 0.859802
201 0.857694
202 0.859444
203 0.859147
204 0.857526
205 0.861291
206 0.85983
207 0.859913
208 0.861602
209 0.859319
210 0.863103
211 0.859967
212 0.861285
213 0.862258
214 0.861634
215 0.862344
216 0.861547
217 0.863851
218 0.862211
219 0.863422
220 0.86332
221 0.864586
222 0.864288
223 0.863676
224 0.864723
225 0.864032
226 0.863466
227 0.86498
228 0.865151
229 0.864926
230 0.865138
231 0.866575
232 0.865402
233 0.866076
234 0.867421
235 0.864734
236 0.866211
237 0.867815
238 0.866524
239 0.868138
240 0.868221
241 0.865335
242 0.870269
243 0.867326
244 0.868228
245 0.869181
246 0.868025
247 0.870236
248 0.868647
249 0.870737
250 0.869515
251 0.869948
252 0.870548
253 0.869469
254 0.869999
255 0.871683
256 0.869917
257 0.870625
258 0.87057
259 0.871707
260 0.872275
261 0.870194
262 0.872603
263 0.872364
264 0.872127
265 0.873687
266 0.872887
267 0.873485
268 0.873268
269 0.874435
270 0.873201
271 0.874089
272 0.874645
273 0.873984
274 0.874793
275 0.874259
276 0.874625
277 0.874613
278 0.87555
279 0.875104
280 0.874481
281 0.876872
282 0.874996
283 0.87506
284 0.877044
285 0.876244
286 0.875563
287 0.875994
288 0.877081
289 0.875907
290 0.87644
291 0.877756
292 0.877638
293 0.877593
294 0.877896
295 0.877555
296 0.878536
297 0.877149
298 0.878616
299 0.878623
300 0.878585
