1 0.299826
2 0.29944
3 0.319563
4 0.326766
5 0.328494
6 0.331081
7 0.3359
8 0.33315
9 0.330658
10 0.339899
11 0.335219
12 0.338387
13 0.336761
14 0.341916
15 0.341189
16 0.343588
17 0.340222
18 0.346214
19 0.344599
20 0.349193
21 0.346699
22 0.34816
23 0.347784
24 0.346507
25 0.351916
26 0.346784
27 0.353325
28 0.349317
29 0.35111
30 0.351691
31 0.353722
32 0.350827
33 0.353758
34 0.353147
35 0.355373
36 0.353691
37 0.355628
38 0.35473
39 0.355711
40 0.354288
41 0.356388
42 0.35754
43 0.354847
44 0.356972
45 0.356829
46 0.357011
47 0.358194
48 0.357181
49 0.358641
50 0.357449
51 0.357648
52 0.359109
53 0.358382
54 0.358532
55 0.359013
56 0.358463
57 0.35994
58 0.358111
59 0.359875
60 0.359096
61 0.360546
62 0.358153
63 0.36161
64 0.36219
65 0.359543
66 0.361442
67 0.360174
68 0.361644
69 0.361949
70 0.361673
71 0.362068
72 0.360357
73 0.362075
74 0.36184
75 0.363132
76 0.361216
77 0.362762
78 0.362094
79 0.361358
80 0.36341
81 0.363037
82 0.362657
83 0.363361
84 0.362792
85 0.363148
86 0.362864
87 0.363674
88 0.363477
89 0.363417
90 0.363592
91 0.363399
92 0.365017
93 0.363295
94 0.363086
95 0.36433
96 0.364031
97 0.363477
98 0.365008
99 0.364162
100 0.364961
101 0.364915
102 0.364721
103 0.364714
104 0.364784
105 0.365073
106 0.36613
107 0.36439
108 0.365132
109 0.365546
110 0.364955
111 0.365897
112 0.365577
113 0.365337
114 0.366288
115 0.36545
116 0.366098
117 0.366275
118 0.366001
119 0.36621
120 0.364944
121 0.367019
122 0.366433
123 0.366107
124 0.366206
125 0.366439
126 0.366111
127 0.366679
128 0.365535
129 0.365931
130 0.36608
131 0.365985
132 0.367059
133 0.366671
134 0.367087
135 0.366493
136 0.367151
137 0.366609
138 0.367015
139 0.367161
140 0.367012
141 0.366761
142 0.367505
143 0.366642
144 0.366932
145 0.366984
146 0.367373
147 0.367799
148 0.367073
149 0.3668
150 0.368448
151 0.367104
152 0.367343
153 0.368002
154 0.36705
155 0.368297
156 0.368625
157 0.368115
158 0.368145
159 0.368276
160 0.368206
161 0.368552
162 0.368785
163 0.368551
164 0.367817
165 0.368495
166 0.368678
167 0.368322
168 0.367622
169 0.367847
170 0.368488
171 0.368007
172 0.368556
173 0.368642
174 0.36781
175 0.36843
176 0.368533
177 0.368812
178 0.369051
179 0.369361
180 0.368232
181 0.368413
182 0.36955
183 0.368873
184 0.36842
185 0.368752
186 0.368179
187 0.368765
188 0.368686
189 0.369664
190 0.368837
191 0.369042
192 0.368582
193 0.368654
194 0.368951
195 0.368741
196 0.368673
197 0.368167
198 0.369608
199 0.368892
200 0.37046
201 0.369355
202 0.369261
203 0.369365
204 0.369502
205 0.369382
206 0.369996
207 0.369464
208 0.370069
209 0.369371
210 0.370478
211 0.369349
212 0.370095
213 0.370051
214 0.369834
215 0.369445
216 0.368367
217 0.36979
218 0.369263
219 0.369652
220 0.369741
221 0.369981
222 0.369789
223 0.369264
224 0.369894
225 0.369893
226 0.369562
227 0.370668
228 0.369313
229 0.370098
230 0.370229
231 0.369652
232 0.370361
233 0.371362
234 0.370326
235 0.370138
236 0.370429
237 0.36979
238 0.369884
239 0.369886
240 0.369632
241 0.369177
242 0.370522
243 0.370237
244 0.368956
245 0.370778
246 0.369029
247 0.370285
248 0.370821
249 0.37078
250 0.371644
251 0.371153
252 0.370463
253 0.371418
254 0.370565
255 0.371538
256 0.370666
257 0.370524
258 0.370234
259 0.370596
260 0.370125
261 0.370096
262 0.371259
263 0.371664
264 0.370782
265 0.371971
266 0.370763
267 0.371351
268 0.370239
269 0.371473
270 0.370918
271 0.37033
272 0.37071
273 0.37076
274 0.370808
275 0.369955
276 0.370352
277 0.370937
278 0.370864
279 0.371979
280 0.370704
281 0.370372
282 0.371244
283 0.369888
284 0.371367
285 0.370856
286 0.370592
287 0.371134
288 0.371085
289 0.371314
290 0.371127
291 0.371753
292 0.371194
293 0.371298
294 0.371382
295 0.371093
296 0.37155
297 0.371368
298 0.372573
299 0.371271
300 0.371371
