1 0.458182
2 0.324014
3 0.276978
4 0.248237
5 0.23033
6 0.217198
7 0.207182
8 0.199267
9 0.192572
10 0.1871
11 0.182764
12 0.178394
13 0.1747
14 0.171748
15 0.169069
16 0.166597
17 0.164386
18 0.16235
19 0.160746
20 0.159235
21 0.157673
22 0.156407
23 0.155188
24 0.154051
25 0.152812
26 0.152037
27 0.151231
28 0.150328
29 0.149699
30 0.148948
31 0.148349
32 0.147538
33 0.147154
34 0.146358
35 0.145809
36 0.14538
37 0.144902
38 0.14445
39 0.143964
40 0.143595
41 0.143025
42 0.142801
43 0.142462
44 0.142203
45 0.141799
46 0.141569
47 0.141243
48 0.140998
49 0.140668
50 0.140361
51 0.140131
52 0.139903
53 0.139698
54 0.139557
55 0.139231
56 0.139013
57 0.138871
58 0.138723
59 0.13847
60 0.138289
61 0.138078
62 0.13793
63 0.137645
64 0.13746
65 0.137397
66 0.137314
67 0.137117
68 0.137015
69 0.136869
70 0.136741
71 0.136648
72 0.136466
73 0.136278
74 0.136215
75 0.136084
76 0.135977
77 0.13591
78 0.135782
79 0.135668
80 0.135554
81 0.135476
82 0.135335
83 0.135328
84 0.135141
85 0.13503
86 0.134967
87 0.134926
88 0.134826
89 0.134709
90 0.134679
91 0.13452
92 0.1345
93 0.134625
94 0.134362
95 0.134265
96 0.134205
97 0.134134
98 0.133992
99 0.133987
100 0.133885
101 0.133826
102 0.133761
103 0.133709
104 0.133616
105 0.13351
106 0.133533
107 0.133442
108 0.133434
109 0.133372
110 0.133299
111 0.133231
112 0.133202
113 0.13319
114 0.133161
115 0.133075
116 0.132999
117 0.132923
118 0.132886
119 0.132815
120 0.132821
121 0.13278
122 0.132724
123 0.132674
124 0.132627
125 0.132592
126 0.132533
127 0.132501
128 0.132364
129 0.13242
130 0.132425
131 0.132401
132 0.13236
133 0.13226
134 0.132273
135 0.132251
136 0.132194
137 0.132174
138 0.132112
139 0.132064
140 0.132068
141 0.132034
142 0.131994
143 0.131933
144 0.131923
145 0.131896
146 0.131779
147 0.131777
148 0.131782
149 0.131742
150 0.131715
151 0.131702
152 0.131703
153 0.131661
154 0.13164
155 0.131585
156 0.13157
157 0.131549
158 0.131508
159 0.13153
160 0.131465
161 0.131457
162 0.131437
163 0.131383
164 0.131355
165 0.131327
166 0.131328
167 0.131298
168 0.131263
169 0.131257
170 0.131186
171 0.13128
172 0.131146
173 0.131155
174 0.131137
175 0.13111
176 0.131105
177 0.13108
178 0.131071
179 0.13102
180 0.131035
181 0.130936
182 0.131003
183 0.130961
184 0.130947
185 0.130908
186 0.130895
187 0.13086
188 0.130869
189 0.13081
190 0.130793
191 0.13081
192 0.130766
193 0.130742
194 0.130758
195 0.130699
196 0.130715
197 0.130714
198 0.130701
199 0.130653
200 0.13066
201 0.13064
202 0.130608
203 0.130619
204 0.130583
205 0.130332
206 0.130546
207 0.130543
208 0.130503
209 0.130515
210 0.130508
211 0.130449
212 0.130463
213 0.130485
214 0.130408
215 0.13041
216 0.130423
217 0.130343
218 0.130354
219 0.130366
220 0.130336
221 0.130319
222 0.130325
223 0.130306
224 0.130288
225 0.130285
226 0.130261
227 0.130265
228 0.130234
229 0.130237
230 0.130248
231 0.130209
232 0.130189
233 0.130177
234 0.1302
235 0.130139
236 0.130123
237 0.130114
238 0.130094
239 0.130098
240 0.130106
241 0.130162
242 0.130064
243 0.130079
244 0.130048
245 0.130027
246 0.130008
247 0.130021
248 0.130001
249 0.130013
250 0.129957
251 0.12997
252 0.129927
253 0.129953
254 0.129936
255 0.129919
256 0.129925
257 0.129894
258 0.129886
259 0.129874
260 0.129876
261 0.129902
262 0.129884
263 0.129843
264 0.129849
265 0.129823
266 0.12981
267 0.129846
268 0.129807
269 0.129795
270 0.129837
271 0.129775
272 0.12978
273 0.129732
274 0.129756
275 0.12975
276 0.129742
277 0.12974
278 0.129703
279 0.129715
280 0.129711
281 0.129685
282 0.129707
283 0.129696
284 0.129691
285 0.129638
286 0.129645
287 0.129651
288 0.129651
289 0.129612
290 0.12963
291 0.129642
292 0.129618
293 0.129617
294 0.129558
295 0.129582
296 0.129578
297 0.129579
298 0.129573
299 0.129536
300 0.129543
