1 0.578178
2 0.577721
3 0.619785
4 0.6203
5 0.641016
6 0.652115
7 0.663536
8 0.664865
9 0.682631
10 0.684895
11 0.698168
12 0.700467
13 0.705712
14 0.714765
15 0.718678
16 0.723701
17 0.72998
18 0.731874
19 0.737071
20 0.741663
21 0.746121
22 0.748203
23 0.754037
24 0.755979
25 0.760328
26 0.762715
27 0.765627
28 0.76819
29 0.771363
30 0.774432
31 0.776491
32 0.779346
33 0.782353
34 0.784011
35 0.786632
36 0.788387
37 0.790828
38 0.792434
39 0.795063
40 0.796734
41 0.79871
42 0.800201
43 0.802104
44 0.803577
45 0.805503
46 0.806979
47 0.808598
48 0.810045
49 0.811644
50 0.812825
51 0.814318
52 0.815486
53 0.817049
54 0.818534
55 0.819807
56 0.820961
57 0.822203
58 0.823367
59 0.824734
60 0.825888
61 0.827057
62 0.828372
63 0.829467
64 0.83041
65 0.831615
66 0.832348
67 0.833543
68 0.834531
69 0.835706
70 0.836765
71 0.83756
72 0.838485
73 0.839374
74 0.840198
75 0.84112
76 0.84205
77 0.842875
78 0.843773
79 0.844565
80 0.845492
81 0.84628
82 0.847196
83 0.847876
84 0.848455
85 0.849288
86 0.850125
87 0.85092
88 0.851565
89 0.852341
90 0.852938
91 0.853702
92 0.854475
93 0.855247
94 0.855991
95 0.856866
96 0.857466
97 0.857979
98 0.858663
99 0.859155
100 0.859568
101 0.860407
102 0.860872
103 0.861413
104 0.86202
105 0.862643
106 0.863226
107 0.863927
108 0.864389
109 0.864841
110 0.865318
111 0.865942
112 0.866442
113 0.866873
114 0.867534
115 0.867929
116 0.868545
117 0.869178
118 0.869716
119 0.870274
120 0.870653
121 0.871126
122 0.871588
123 0.871921
124 0.872446
125 0.872926
126 0.873321
127 0.873755
128 0.874264
129 0.874708
130 0.875062
131 0.875506
132 0.875871
133 0.876186
134 0.876678
135 0.877086
136 0.877643
137 0.878043
138 0.878213
139 0.878564
140 0.878946
141 0.879467
142 0.879653
143 0.880063
144 0.880508
145 0.881015
146 0.881474
147 0.881744
148 0.882119
149 0.88259
150 0.882758
151 0.883077
152 0.883391
153 0.883678
154 0.883963
155 0.884461
156 0.884539
157 0.884968
158 0.885255
159 0.885639
160 0.885846
161 0.886213
162 0.886658
163 0.886944
164 0.887341
165 0.887667
166 0.887823
167 0.888202
168 0.888521
169 0.888947
170 0.889268
171 0.889472
172 0.88985
173 0.890118
174 0.890291
175 0.890723
176 0.89105
177 0.891191
178 0.891464
179 0.891847
180 0.892016
181 0.89221
182 0.892431
183 0.892721
184 0.89307
185 0.893363
186 0.893556
187 0.893845
188 0.894143
189 0.894449
190 0.894853
191 0.895092
192 0.895293
193 0.895577
194 0.895888
195 0.896098
196 0.896325
197 0.896751
198 0.896958
199 0.897226
200 0.897502
201 0.897695
202 0.89791
203 0.898034
204 0.898261
205 0.898426
206 0.898654
207 0.898912
208 0.899174
209 0.899482
210 0.899635
211 0.899876
212 0.900186
213 0.900372
214 0.900647
215 0.900953
216 0.901138
217 0.901283
218 0.901655
219 0.901824
220 0.901953
221 0.902187
222 0.902369
223 0.902552
224 0.902767
225 0.902911
226 0.903147
227 0.903251
228 0.903305
229 0.903466
230 0.903759
231 0.903934
232 0.904198
233 0.904376
234 0.904612
235 0.904751
236 0.904868
237 0.905077
238 0.905244
239 0.905469
240 0.905707
241 0.905834
242 0.906061
243 0.906369
244 0.906494
245 0.906715
246 0.906888
247 0.906927
248 0.907142
249 0.907346
250 0.907523
251 0.907666
252 0.907878
253 0.908059
254 0.908196
255 0.90842
256 0.908586
257 0.908771
258 0.908963
259 0.909128
260 0.909258
261 0.909345
262 0.90962
263 0.909715
264 0.909839
265 0.910003
266 0.910332
267 0.910514
268 0.910681
269 0.910762
270 0.910877
271 0.911148
272 0.911241
273 0.911392
274 0.911579
275 0.911726
276 0.911883
277 0.911954
278 0.912059
279 0.912135
280 0.912431
281 0.912578
282 0.912783
283 0.912955
284 0.913089
285 0.913211
286 0.913266
287 0.913515
288 0.913617
289 0.913678
290 0.913825
291 0.913968
292 0.914065
293 0.914231
294 0.914409
295 0.914427
296 0.914506
297 0.914566
298 0.914784
299 0.914985
300 0.915129
