1 0.5
2 0.498779
3 0.497036
4 0.495123
5 0.493326
6 0.491217
7 0.489488
8 0.487493
9 0.485696
10 0.48418
11 0.48243
12 0.480756
13 0.47935
14 0.478022
15 0.476816
16 0.475327
17 0.47406
18 0.472601
19 0.471675
20 0.470471
21 0.469635
22 0.468216
23 0.467554
24 0.466266
25 0.465471
26 0.464445
27 0.463537
28 0.462383
29 0.461594
30 0.460835
31 0.459958
32 0.459114
33 0.458506
34 0.457358
35 0.456872
36 0.456245
37 0.455632
38 0.455073
39 0.453918
40 0.453826
41 0.452795
42 0.45247
43 0.45169
44 0.450859
45 0.45041
46 0.449947
47 0.449166
48 0.448793
49 0.448081
50 0.447593
51 0.447494
52 0.446977
53 0.446371
54 0.445634
55 0.444976
56 0.444723
57 0.444486
58 0.443727
59 0.443643
60 0.442832
61 0.442612
62 0.442681
63 0.442176
64 0.441809
65 0.441451
66 0.440904
67 0.440167
68 0.440748
69 0.440219
70 0.439677
71 0.439492
72 0.43866
73 0.438341
74 0.438484
75 0.437934
76 0.43755
77 0.437216
78 0.437668
79 0.43713
80 0.436626
81 0.435977
82 0.435938
83 0.435651
84 0.435444
85 0.435075
86 0.43479
87 0.434418
88 0.434212
89 0.43422
90 0.433738
91 0.433161
92 0.432691
93 0.432762
94 0.432457
95 0.432175
96 0.432153
97 0.431913
98 0.431886
99 0.431379
100 0.431784
101 0.430849
102 0.430752
103 0.430735
104 0.430441
105 0.430322
106 0.429593
107 0.429304
108 0.429369
109 0.429262
110 0.429312
111 0.429004
112 0.428662
113 0.428228
114 0.428351
115 0.42801
116 0.427809
117 0.427461
118 0.427606
119 0.42732
120 0.42729
121 0.427623
122 0.426385
123 0.425995
124 0.426513
125 0.426292
126 0.425838
127 0.426072
128 0.426021
129 0.425627
130 0.425285
131 0.425342
132 0.425216
133 0.425032
134 0.424772
135 0.42443
136 0.424312
137 0.424659
138 0.424616
139 0.424008
140 0.424244
141 0.424173
142 0.423393
143 0.423453
144 0.423596
145 0.423162
146 0.423383
147 0.422893
148 0.422659
149 0.422402
150 0.422467
151 0.422855
152 0.422309
153 0.422658
154 0.421994
155 0.421549
156 0.421865
157 0.421519
158 0.421316
159 0.421436
160 0.421891
161 0.42106
162 0.421661
163 0.421315
164 0.421503
165 0.420705
166 0.420982
167 0.420643
168 0.420844
169 0.420288
170 0.420057
171 0.420002
172 0.420829
173 0.41971
174 0.41988
175 0.420005
176 0.41972
177 0.419775
178 0.419144
179 0.419653
180 0.419305
181 0.419346
182 0.419287
183 0.419098
184 0.418567
185 0.41898
186 0.419101
187 0.419099
188 0.418875
189 0.418344
190 0.418315
191 0.417874
192 0.418313
193 0.418331
194 0.417955
195 0.418041
196 0.417376
197 0.417668
198 0.417906
199 0.417406
200 0.417442
201 0.417697
202 0.416726
203 0.417245
204 0.416695
205 0.41741
206 0.417035
207 0.41704
208 0.417061
209 0.417107
210 0.416408
211 0.417211
212 0.416744
213 0.416658
214 0.416661
215 0.416473
216 0.416707
217 0.416013
218 0.415164
219 0.416333
220 0.415837
221 0.416036
222 0.4158
223 0.41598
224 0.415783
225 0.415529
226 0.415447
227 0.41564
228 0.414981
229 0.415767
230 0.415571
231 0.415255
232 0.414812
233 0.414948
234 0.414878
235 0.414753
236 0.415185
237 0.414666
238 0.414806
239 0.414462
240 0.414638
241 0.414923
242 0.414233
243 0.413866
244 0.413609
245 0.414506
246 0.413844
247 0.414159
248 0.414016
249 0.414117
250 0.414115
251 0.414351
252 0.413608
253 0.413566
254 0.413506
255 0.413813
256 0.414263
257 0.413368
258 0.413051
259 0.41313
260 0.413094
261 0.413505
262 0.413097
263 0.412775
264 0.413388
265 0.413485
266 0.413215
267 0.413238
268 0.413223
269 0.412934
270 0.413058
271 0.413073
272 0.413402
273 0.412926
274 0.412798
275 0.412355
276 0.412734
277 0.412501
278 0.412685
279 0.412577
280 0.412127
281 0.412432
282 0.411984
283 0.412412
284 0.412381
285 0.411919
286 0.412425
287 0.411728
288 0.41201
289 0.411661
290 0.411469
291 0.411566
292 0.411933
293 0.411877
294 0.411752
295 0.411924
296 0.411465
297 0.411003
298 0.411202
299 0.411792
300 0.411232
