1 0.066565
2 0.0775775
3 0.0855587
4 0.0936625
5 0.100858
6 0.10753
7 0.114015
8 0.120025
9 0.125441
10 0.130564
11 0.135183
12 0.139771
13 0.144165
14 0.148274
15 0.152015
16 0.156495
17 0.160697
18 0.164032
19 0.167929
20 0.171247
21 0.175261
22 0.178882
23 0.182095
24 0.186046
25 0.188933
26 0.192825
27 0.19521
28 0.1988
29 0.201856
30 0.205332
31 0.207844
32 0.210996
33 0.213717
34 0.21668
35 0.219831
36 0.22275
37 0.224862
38 0.228433
39 0.23082
40 0.23296
41 0.235971
42 0.238238
43 0.240312
44 0.243323
45 0.245122
46 0.247709
47 0.250379
48 0.2523
49 0.254571
50 0.257064
51 0.25921
52 0.261826
53 0.263319
54 0.265342
55 0.267181
56 0.26971
57 0.27158
58 0.27362
59 0.276157
60 0.277677
61 0.279623
62 0.281647
63 0.283869
64 0.2849
65 0.286436
66 0.28816
67 0.290344
68 0.291299
69 0.29366
70 0.295268
71 0.297309
72 0.299397
73 0.300919
74 0.302266
75 0.303619
76 0.305674
77 0.307532
78 0.309127
79 0.310702
80 0.312414
81 0.31466
82 0.315839
83 0.316733
84 0.318262
85 0.319961
86 0.322238
87 0.323786
88 0.325565
89 0.326561
90 0.328494
91 0.329056
92 0.331668
93 0.332264
94 0.335079
95 0.335869
96 0.337348
97 0.339177
98 0.340655
99 0.342164
100 0.34327
101 0.344807
102 0.346408
103 0.347568
104 0.348981
105 0.350663
106 0.35209
107 0.353461
108 0.354536
109 0.355715
110 0.35756
111 0.358216
112 0.359801
113 0.361174
114 0.362582
115 0.364199
116 0.36477
117 0.366331
118 0.367237
119 0.368392
120 0.369052
121 0.370142
122 0.371678
123 0.373387
124 0.373855
125 0.37462
126 0.376084
127 0.377479
128 0.378731
129 0.378719
130 0.380879
131 0.382214
132 0.382291
133 0.38372
134 0.384452
135 0.385721
136 0.386687
137 0.388164
138 0.388369
139 0.389884
140 0.390694
141 0.391586
142 0.392398
143 0.393731
144 0.394187
145 0.395331
146 0.396508
147 0.397483
148 0.398762
149 0.399554
150 0.399748
151 0.401175
152 0.402362
153 0.401968
154 0.403169
155 0.404556
156 0.405926
157 0.406671
158 0.407281
159 0.407539
160 0.408923
161 0.409613
162 0.410143
163 0.411494
164 0.412198
165 0.41308
166 0.413731
167 0.415374
168 0.415765
169 0.416742
170 0.417633
171 0.418363
172 0.419078
173 0.41957
174 0.420703
175 0.421335
176 0.421888
177 0.423438
178 0.423427
179 0.424634
180 0.424745
181 0.42545
182 0.425833
183 0.426595
184 0.427766
185 0.428746
186 0.429491
187 0.430888
188 0.431402
189 0.432393
190 0.432646
191 0.433777
192 0.43366
193 0.434254
194 0.435947
195 0.436553
196 0.437157
197 0.437392
198 0.438513
199 0.43854
200 0.43953
201 0.441462
202 0.441619
203 0.441261
204 0.442441
205 0.44299
206 0.443992
207 0.443818
208 0.445197
209 0.445239
210 0.446285
211 0.447168
212 0.448234
213 0.447828
214 0.449313
215 0.450072
216 0.449799
217 0.450687
218 0.45156
219 0.45225
220 0.452733
221 0.452957
222 0.454195
223 0.454955
224 0.455196
225 0.456244
226 0.457171
227 0.457835
228 0.457505
229 0.458806
230 0.458324
231 0.460125
232 0.460497
233 0.461148
234 0.461434
235 0.462504
236 0.462364
237 0.463102
238 0.464324
239 0.464057
240 0.464532
241 0.465316
242 0.466039
243 0.466479
244 0.467626
245 0.467812
246 0.467933
247 0.469084
248 0.468993
249 0.470553
250 0.470387
251 0.470643
252 0.472173
253 0.472605
254 0.472813
255 0.47338
256 0.473951
257 0.473788
258 0.475268
259 0.475525
260 0.476106
261 0.476624
262 0.477044
263 0.478218
264 0.477842
265 0.479103
266 0.478753
267 0.48008
268 0.480825
269 0.480387
270 0.4817
271 0.482186
272 0.483017
273 0.48335
274 0.483554
275 0.484015
276 0.48457
277 0.48565
278 0.485712
279 0.485937
280 0.4868
281 0.48668
282 0.487079
283 0.488222
284 0.488865
285 0.489236
286 0.490055
287 0.490571
288 0.490306
289 0.491121
290 0.491533
291 0.49215
292 0.492286
293 0.493139
294 0.494276
295 0.493997
296 0.493703
297 0.494667
298 0.495299
299 0.495037
300 0.49624
