1 0.313904
2 0.278277
3 0.260178
4 0.24389
5 0.231593
6 0.220634
7 0.211374
8 0.202448
9 0.19541
10 0.188679
11 0.182844
12 0.177309
13 0.172311
14 0.167655
15 0.163379
16 0.159301
17 0.155127
18 0.151551
19 0.148397
20 0.144997
21 0.142066
22 0.138744
23 0.136487
24 0.133392
25 0.130988
26 0.128431
27 0.126395
28 0.124024
29 0.121963
30 0.119993
31 0.118142
32 0.116085
33 0.114335
34 0.112442
35 0.110751
36 0.109228
37 0.107648
38 0.105886
39 0.104504
40 0.103245
41 0.101659
42 0.100623
43 0.0993427
44 0.0979284
45 0.0969654
46 0.0955863
47 0.0945596
48 0.0934439
49 0.0925027
50 0.0912323
51 0.0904461
52 0.0893454
53 0.0885577
54 0.0875901
55 0.0868929
56 0.0856721
57 0.0848244
58 0.0841014
59 0.0832901
60 0.0824569
61 0.0815473
62 0.08097
63 0.0802314
64 0.0796434
65 0.0789705
66 0.0782223
67 0.0776131
68 0.0770685
69 0.0763656
70 0.0756691
71 0.0749677
72 0.0742869
73 0.0738264
74 0.0731519
75 0.0727462
76 0.0721299
77 0.0715739
78 0.0710032
79 0.0705113
80 0.0698516
81 0.0693085
82 0.0688609
83 0.0683103
84 0.0679611
85 0.0674695
86 0.0668799
87 0.0664354
88 0.0658932
89 0.065442
90 0.064943
91 0.0646573
92 0.063952
93 0.0636801
94 0.0630762
95 0.0628297
96 0.0624065
97 0.0619865
98 0.0615918
99 0.0610001
100 0.0607713
101 0.0604392
102 0.0600027
103 0.0596198
104 0.0592416
105 0.0588364
106 0.0584902
107 0.0582297
108 0.0578158
109 0.0575007
110 0.0570842
111 0.0567752
112 0.0565303
113 0.0559947
114 0.0557771
115 0.0554031
116 0.0551595
117 0.0548068
118 0.0545563
119 0.0543755
120 0.0540667
121 0.0537716
122 0.0534144
123 0.0530331
124 0.0528409
125 0.0527638
126 0.0523755
127 0.0520507
128 0.051752
129 0.051673
130 0.0513158
131 0.0510389
132 0.0507928
133 0.0506343
134 0.0503577
135 0.0500704
136 0.049769
137 0.0495846
138 0.0495492
139 0.0490923
140 0.0489693
141 0.0487853
142 0.0485264
143 0.0483443
144 0.0480814
145 0.0478635
146 0.0476854
147 0.0474543
148 0.0471599
149 0.0470759
150 0.0468527
151 0.0466407
152 0.0463697
153 0.0463112
154 0.0461378
155 0.0459546
156 0.0457037
157 0.0454754
158 0.0452852
159 0.0451565
160 0.0450036
161 0.0449203
162 0.0446326
163 0.0444818
164 0.0443141
165 0.0440993
166 0.044011
167 0.0437154
168 0.0435533
169 0.0434062
170 0.0432745
171 0.0430301
172 0.0429293
173 0.0428625
174 0.0425967
175 0.0423603
176 0.0423993
177 0.0420663
178 0.0420053
179 0.0418615
180 0.0417936
181 0.0415486
182 0.0415153
183 0.0413681
184 0.0411795
185 0.0409593
186 0.0407651
187 0.0405468
188 0.0405142
189 0.0403095
190 0.040252
191 0.0400764
192 0.0399738
193 0.0398723
194 0.0396357
195 0.0394887
196 0.0393833
197 0.039334
198 0.0391741
199 0.0390842
200 0.0389878
201 0.03876
202 0.0385877
203 0.0385909
204 0.0384419
205 0.0382971
206 0.0381107
207 0.0381301
208 0.0378802
209 0.0378583
210 0.0377185
211 0.0376199
212 0.037422
213 0.0374381
214 0.0371668
215 0.0371118
216 0.0370977
217 0.0368685
218 0.0367337
219 0.0366214
220 0.0365824
221 0.036505
222 0.0363341
223 0.0362471
224 0.036185
225 0.0360711
226 0.0358783
227 0.035728
228 0.0357482
229 0.0355567
230 0.0355548
231 0.035366
232 0.0353874
233 0.0351465
234 0.0350767
235 0.0349382
236 0.0349372
237 0.0348031
238 0.0346835
239 0.0346674
240 0.0345501
241 0.0344378
242 0.0343438
243 0.0342397
244 0.0340672
245 0.0340268
246 0.0339986
247 0.0338024
248 0.0338449
249 0.0336913
250 0.033564
251 0.0334781
252 0.0333088
253 0.0332646
254 0.0331949
255 0.0331343
256 0.0330737
257 0.0330147
258 0.0327758
259 0.0327866
260 0.0325947
261 0.0326596
262 0.0325023
263 0.0324382
264 0.0324296
265 0.0322547
266 0.0322608
267 0.0321264
268 0.0320237
269 0.0320189
270 0.0319104
271 0.031774
272 0.0317061
273 0.0315824
274 0.031552
275 0.0314877
276 0.0314141
277 0.0312842
278 0.031243
279 0.0311783
280 0.0310225
281 0.0310737
282 0.0309923
283 0.0308198
284 0.0307369
285 0.0307706
286 0.0306235
287 0.0304522
288 0.0305354
289 0.0303448
290 0.0303432
291 0.0302174
292 0.0302145
293 0.0300985
294 0.029912
295 0.0300343
296 0.0300027
297 0.0298386
298 0.0298003
299 0.0297739
300 0.0296257
