1 0.066565
2 0.08859
3 0.100966
4 0.113801
5 0.124497
6 0.135166
7 0.145109
8 0.154507
9 0.162647
10 0.170709
11 0.177591
12 0.184385
13 0.190663
14 0.196768
15 0.202097
16 0.208408
17 0.214202
18 0.218976
19 0.224103
20 0.228716
21 0.234065
22 0.238668
23 0.242624
24 0.247863
25 0.25182
26 0.256619
27 0.259613
28 0.264102
29 0.268035
30 0.272119
31 0.275178
32 0.279575
33 0.28258
34 0.286585
35 0.289964
36 0.293536
37 0.296046
38 0.300616
39 0.303519
40 0.306187
41 0.309542
42 0.312171
43 0.314386
44 0.318237
45 0.319854
46 0.323587
47 0.326163
48 0.328689
49 0.331349
50 0.334477
51 0.336617
52 0.339355
53 0.341032
54 0.34365
55 0.345369
56 0.348677
57 0.350455
58 0.353008
59 0.355874
60 0.357556
61 0.359745
62 0.362039
63 0.364563
64 0.365194
65 0.367112
66 0.369049
67 0.371439
68 0.372274
69 0.374927
70 0.376634
71 0.378927
72 0.3814
73 0.382698
74 0.384212
75 0.385723
76 0.387599
77 0.389832
78 0.391319
79 0.393201
80 0.394942
81 0.397333
82 0.398534
83 0.399622
84 0.401057
85 0.402948
86 0.405446
87 0.406869
88 0.40907
89 0.40992
90 0.412145
91 0.41241
92 0.415387
93 0.415883
94 0.418832
95 0.419656
96 0.421332
97 0.422975
98 0.424614
99 0.426223
100 0.427265
101 0.428775
102 0.430619
103 0.431707
104 0.433225
105 0.434925
106 0.436418
107 0.438087
108 0.439113
109 0.440259
110 0.442095
111 0.442736
112 0.444289
113 0.445743
114 0.447424
115 0.449144
116 0.4495
117 0.451251
118 0.452064
119 0.453214
120 0.453818
121 0.454887
122 0.456495
123 0.458282
124 0.458766
125 0.459569
126 0.460945
127 0.462835
128 0.463689
129 0.463566
130 0.466113
131 0.467125
132 0.467444
133 0.468862
134 0.469487
135 0.470598
136 0.47169
137 0.473361
138 0.473391
139 0.47502
140 0.475546
141 0.476633
142 0.477342
143 0.47905
144 0.479259
145 0.480329
146 0.481578
147 0.48251
148 0.484065
149 0.484774
150 0.484976
151 0.486201
152 0.487596
153 0.486999
154 0.488293
155 0.489483
156 0.490857
157 0.491728
158 0.492334
159 0.492468
160 0.493708
161 0.494372
162 0.494986
163 0.496439
164 0.496906
165 0.498053
166 0.498563
167 0.500649
168 0.500721
169 0.501758
170 0.502522
171 0.503324
172 0.504074
173 0.504437
174 0.505438
175 0.505984
176 0.506591
177 0.508351
178 0.508013
179 0.509422
180 0.509452
181 0.51015
182 0.510535
183 0.511111
184 0.512367
185 0.513244
186 0.514062
187 0.51567
188 0.516203
189 0.516904
190 0.517282
191 0.518541
192 0.518283
193 0.518871
194 0.520487
195 0.521054
196 0.521779
197 0.521804
198 0.522963
199 0.523037
200 0.523823
201 0.525824
202 0.526074
203 0.525651
204 0.526665
205 0.527423
206 0.52838
207 0.527934
208 0.529474
209 0.529378
210 0.530582
211 0.531437
212 0.532721
213 0.531743
214 0.533435
215 0.534236
216 0.533784
217 0.534763
218 0.53575
219 0.536158
220 0.536612
221 0.536799
222 0.538086
223 0.538803
224 0.538963
225 0.540125
226 0.540997
227 0.541734
228 0.541443
229 0.542689
230 0.542223
231 0.544005
232 0.544126
233 0.544957
234 0.545127
235 0.545994
236 0.545881
237 0.546722
238 0.547949
239 0.547474
240 0.548314
241 0.548863
242 0.549473
243 0.550027
244 0.55123
245 0.551275
246 0.55123
247 0.552504
248 0.552211
249 0.55377
250 0.55383
251 0.554023
252 0.555579
253 0.555958
254 0.556134
255 0.556588
256 0.557274
257 0.557041
258 0.558604
259 0.558674
260 0.559504
261 0.559716
262 0.560254
263 0.561219
264 0.560989
265 0.562229
266 0.561697
267 0.563014
268 0.563849
269 0.563233
270 0.564357
271 0.564892
272 0.565987
273 0.566065
274 0.566384
275 0.566828
276 0.567418
277 0.568536
278 0.568799
279 0.568701
280 0.569501
281 0.569364
282 0.569679
283 0.570859
284 0.571574
285 0.57177
286 0.572998
287 0.57321
288 0.572702
289 0.573646
290 0.573924
291 0.574496
292 0.574637
293 0.575509
294 0.57684
295 0.576272
296 0.575973
297 0.576938
298 0.577426
299 0.577271
300 0.578172
