1 0.313904
2 0.296091
3 0.284036
4 0.274057
5 0.265523
6 0.258196
7 0.251414
8 0.245129
9 0.239634
10 0.234556
11 0.229989
12 0.225532
13 0.221371
14 0.217577
15 0.214007
16 0.210568
17 0.20706
18 0.204105
19 0.20114
20 0.198326
21 0.195666
22 0.192799
23 0.190596
24 0.187916
25 0.185761
26 0.183351
27 0.18137
28 0.179161
29 0.177238
30 0.175112
31 0.173426
32 0.171532
33 0.169783
34 0.167955
35 0.166227
36 0.164604
37 0.163095
38 0.161346
39 0.15996
40 0.158599
41 0.156923
42 0.155797
43 0.154434
44 0.152915
45 0.15173
46 0.150411
47 0.149222
48 0.148016
49 0.146968
50 0.145633
51 0.144638
52 0.143353
53 0.142512
54 0.141394
55 0.140425
56 0.139228
57 0.138179
58 0.137317
59 0.136395
60 0.135385
61 0.134417
62 0.13362
63 0.132703
64 0.131925
65 0.131068
66 0.130239
67 0.129393
68 0.128699
69 0.127863
70 0.127047
71 0.12619
72 0.125429
73 0.124781
74 0.123971
75 0.123406
76 0.122642
77 0.121928
78 0.121183
79 0.120621
80 0.119799
81 0.119156
82 0.11849
83 0.117886
84 0.117382
85 0.116764
86 0.116054
87 0.115467
88 0.114782
89 0.114234
90 0.113599
91 0.113163
92 0.112413
93 0.112012
94 0.111245
95 0.110844
96 0.110369
97 0.109765
98 0.109218
99 0.108576
100 0.108178
101 0.107732
102 0.107229
103 0.106719
104 0.106206
105 0.105704
106 0.105263
107 0.104811
108 0.104361
109 0.103925
110 0.10338
111 0.10294
112 0.102553
113 0.101978
114 0.101615
115 0.101163
116 0.10075
117 0.100315
118 0.0999192
119 0.0996079
120 0.0992189
121 0.0988073
122 0.0983477
123 0.097833
124 0.0975448
125 0.0973199
126 0.0968163
127 0.0964311
128 0.0959759
129 0.0958065
130 0.0953558
131 0.0949027
132 0.0946388
133 0.0943412
134 0.0939331
135 0.0935366
136 0.0931207
137 0.0928401
138 0.0926797
139 0.0921962
140 0.091859
141 0.091591
142 0.0912147
143 0.0909547
144 0.0906056
145 0.090228
146 0.0899754
147 0.089619
148 0.0893293
149 0.0890903
150 0.0887836
151 0.0884665
152 0.0881337
153 0.0879726
154 0.08771
155 0.0873748
156 0.086959
157 0.0867273
158 0.0864751
159 0.0862345
160 0.0859456
161 0.0857413
162 0.0854223
163 0.0851863
164 0.084914
165 0.0846139
166 0.0844787
167 0.0840483
168 0.0838222
169 0.0835541
170 0.0833275
171 0.0830682
172 0.0828256
173 0.0826335
174 0.0822913
175 0.0819842
176 0.0819379
177 0.0815276
178 0.0813805
179 0.0811453
180 0.081039
181 0.0806963
182 0.0805775
183 0.0803541
184 0.0800528
185 0.0798071
186 0.0795424
187 0.0792485
188 0.0791243
189 0.0787864
190 0.0786815
191 0.0784407
192 0.078261
193 0.078048
194 0.0777637
195 0.0775997
196 0.0773723
197 0.0772072
198 0.0769787
199 0.0768354
200 0.0766396
201 0.076328
202 0.0761195
203 0.0760569
204 0.0758159
205 0.0755962
206 0.0753481
207 0.0752838
208 0.0749624
209 0.0748602
210 0.0746991
211 0.0744832
212 0.0742637
213 0.074158
214 0.073836
215 0.0737176
216 0.073615
217 0.0733678
218 0.0731904
219 0.0729694
220 0.0728052
221 0.0726938
222 0.0724371
223 0.0722902
224 0.0721243
225 0.072009
226 0.0717236
227 0.0715033
228 0.0715325
229 0.0712144
230 0.0711901
231 0.0709117
232 0.0708636
233 0.0706084
234 0.0704278
235 0.0702138
236 0.0701739
237 0.069976
238 0.0697678
239 0.0696908
240 0.0695418
241 0.0693765
242 0.0692033
243 0.0690991
244 0.0688616
245 0.0687444
246 0.0685859
247 0.0683662
248 0.0683613
249 0.0681397
250 0.0679959
251 0.0678366
252 0.0675816
253 0.0675043
254 0.0673521
255 0.0672559
256 0.067139
257 0.0670533
258 0.0667415
259 0.0667081
260 0.0664812
261 0.0664446
262 0.0662759
263 0.0661301
264 0.0661047
265 0.0658437
266 0.0657937
267 0.065571
268 0.065484
269 0.065411
270 0.0651668
271 0.0650022
272 0.0649028
273 0.0647351
274 0.0646497
275 0.0645637
276 0.0644245
277 0.0642399
278 0.0641943
279 0.0640523
280 0.0638303
281 0.0638212
282 0.0636881
283 0.0635003
284 0.0633577
285 0.0632973
286 0.0631759
287 0.0629517
288 0.0629557
289 0.0627614
290 0.0626602
291 0.0625286
292 0.0624433
293 0.0623034
294 0.0620627
295 0.0621025
296 0.0620724
297 0.0618586
298 0.0617363
299 0.0617187
300 0.0614758
