1 0.499598
2 0.517136
3 0.529761
4 0.539762
5 0.548175
6 0.555694
7 0.562349
8 0.56866
9 0.574139
10 0.579218
11 0.583841
12 0.58842
13 0.592574
14 0.596277
15 0.599926
16 0.603434
17 0.606915
18 0.609736
19 0.612815
20 0.615575
21 0.618316
22 0.621053
23 0.623283
24 0.626017
25 0.628202
26 0.630497
27 0.632572
28 0.634694
29 0.636601
30 0.638732
31 0.640451
32 0.642325
33 0.644008
34 0.645811
35 0.647545
36 0.649229
37 0.650801
38 0.652451
39 0.653869
40 0.655204
41 0.65697
42 0.658016
43 0.659438
44 0.660969
45 0.662126
46 0.663511
47 0.664673
48 0.665877
49 0.666914
50 0.668257
51 0.669251
52 0.670553
53 0.671408
54 0.672471
55 0.673485
56 0.674679
57 0.675753
58 0.676635
59 0.677502
60 0.678486
61 0.679565
62 0.680302
63 0.681265
64 0.682029
65 0.682866
66 0.683735
67 0.684517
68 0.685229
69 0.686073
70 0.686882
71 0.68775
72 0.688508
73 0.689172
74 0.689934
75 0.690508
76 0.691262
77 0.692016
78 0.692714
79 0.693292
80 0.694131
81 0.694778
82 0.695439
83 0.695996
84 0.696491
85 0.697128
86 0.69788
87 0.69843
88 0.69913
89 0.699666
90 0.700279
91 0.700714
92 0.701497
93 0.701833
94 0.702634
95 0.70304
96 0.703548
97 0.704122
98 0.704678
99 0.705297
100 0.705727
101 0.706238
102 0.706684
103 0.707183
104 0.707674
105 0.708143
106 0.708652
107 0.709103
108 0.70953
109 0.709942
110 0.710551
111 0.710935
112 0.711315
113 0.711883
114 0.712263
115 0.712715
116 0.713179
117 0.713656
118 0.714025
119 0.714335
120 0.71472
121 0.715152
122 0.715605
123 0.716111
124 0.716328
125 0.716597
126 0.717134
127 0.717455
128 0.717943
129 0.718115
130 0.718568
131 0.719002
132 0.719282
133 0.71958
134 0.719994
135 0.720411
136 0.720825
137 0.721074
138 0.721253
139 0.721724
140 0.722062
141 0.722348
142 0.722696
143 0.722997
144 0.723355
145 0.723707
146 0.723967
147 0.724284
148 0.72462
149 0.724829
150 0.725152
151 0.725463
152 0.725808
153 0.725977
154 0.72625
155 0.726587
156 0.726995
157 0.727218
158 0.727495
159 0.727663
160 0.728009
161 0.728176
162 0.728522
163 0.728748
164 0.729021
165 0.729346
166 0.729448
167 0.729887
168 0.730092
169 0.730361
170 0.730622
171 0.730817
172 0.731121
173 0.731304
174 0.731654
175 0.731961
176 0.731997
177 0.732381
178 0.732557
179 0.732787
180 0.732909
181 0.733233
182 0.733365
183 0.733589
184 0.733887
185 0.734132
186 0.734392
187 0.734657
188 0.734788
189 0.735155
190 0.735266
191 0.735482
192 0.735661
193 0.73589
194 0.736178
195 0.736334
196 0.736571
197 0.736733
198 0.736928
199 0.737135
200 0.737294
201 0.737612
202 0.737813
203 0.737877
204 0.738134
205 0.738359
206 0.738571
207 0.738621
208 0.738957
209 0.739047
210 0.73924
211 0.739434
212 0.739681
213 0.739789
214 0.740134
215 0.740184
216 0.740307
217 0.740554
218 0.740735
219 0.740966
220 0.741149
221 0.741239
222 0.741504
223 0.741631
224 0.741817
225 0.74192
226 0.742195
227 0.742412
228 0.74238
229 0.74272
230 0.742769
231 0.743045
232 0.743072
233 0.743334
234 0.743517
235 0.743713
236 0.74376
237 0.743956
238 0.744168
239 0.74423
240 0.744371
241 0.744538
242 0.744728
243 0.744817
244 0.745047
245 0.745196
246 0.745326
247 0.745545
248 0.745579
249 0.745801
250 0.745922
251 0.746057
252 0.746339
253 0.746429
254 0.746576
255 0.746677
256 0.746796
257 0.746873
258 0.747204
259 0.747196
260 0.74745
261 0.747452
262 0.747636
263 0.7478
264 0.747821
265 0.748063
266 0.748118
267 0.748344
268 0.748438
269 0.748521
270 0.748774
271 0.748921
272 0.748996
273 0.749199
274 0.749282
275 0.749357
276 0.749504
277 0.749683
278 0.74975
279 0.749856
280 0.750093
281 0.750118
282 0.750252
283 0.750409
284 0.75055
285 0.750634
286 0.75074
287 0.75098
288 0.750969
289 0.751158
290 0.751263
291 0.751411
292 0.751467
293 0.751604
294 0.751821
295 0.751812
296 0.751846
297 0.752067
298 0.752186
299 0.752212
300 0.752468
