1 0.5
2 0.365483
3 0.306931
4 0.273045
5 0.250113
6 0.233617
7 0.220663
8 0.21068
9 0.202089
10 0.195103
11 0.188727
12 0.183574
13 0.178893
14 0.174696
15 0.171025
16 0.167478
17 0.164429
18 0.161757
19 0.159037
20 0.15677
21 0.15468
22 0.152519
23 0.150667
24 0.148812
25 0.14715
26 0.145729
27 0.14408
28 0.142704
29 0.141385
30 0.140117
31 0.138958
32 0.137784
33 0.136743
34 0.135694
35 0.134614
36 0.133695
37 0.132956
38 0.132004
39 0.1311
40 0.130358
41 0.129412
42 0.128789
43 0.128103
44 0.12735
45 0.126658
46 0.125948
47 0.125606
48 0.124794
49 0.124233
50 0.123672
51 0.123253
52 0.12265
53 0.122163
54 0.121697
55 0.121205
56 0.120657
57 0.120111
58 0.119781
59 0.119431
60 0.118943
61 0.118398
62 0.118158
63 0.117655
64 0.117366
65 0.116867
66 0.116613
67 0.116185
68 0.11591
69 0.115494
70 0.115281
71 0.114949
72 0.114626
73 0.114381
74 0.114065
75 0.113839
76 0.113596
77 0.113325
78 0.113051
79 0.112905
80 0.112544
81 0.112352
82 0.112119
83 0.111822
84 0.111664
85 0.111359
86 0.111206
87 0.11105
88 0.110745
89 0.11052
90 0.11034
91 0.110228
92 0.10992
93 0.109865
94 0.109608
95 0.109419
96 0.109286
97 0.109126
98 0.108981
99 0.108816
100 0.108631
101 0.108556
102 0.108308
103 0.108248
104 0.108065
105 0.107927
106 0.107816
107 0.10759
108 0.107467
109 0.107467
110 0.107177
111 0.106996
112 0.106963
113 0.106738
114 0.106618
115 0.106471
116 0.106364
117 0.106198
118 0.106034
119 0.106089
120 0.105912
121 0.105633
122 0.105572
123 0.105436
124 0.105318
125 0.105316
126 0.105019
127 0.104962
128 0.104765
129 0.104701
130 0.104576
131 0.104491
132 0.104326
133 0.10435
134 0.104029
135 0.10405
136 0.103953
137 0.1038
138 0.10377
139 0.103626
140 0.103603
141 0.103449
142 0.103248
143 0.103142
144 0.10304
145 0.102953
146 0.102874
147 0.102756
148 0.102708
149 0.102577
150 0.102474
151 0.102423
152 0.102317
153 0.102283
154 0.102129
155 0.102051
156 0.101831
157 0.101885
158 0.101774
159 0.101789
160 0.101536
161 0.10158
162 0.101476
163 0.101406
164 0.101302
165 0.101136
166 0.101076
167 0.101089
168 0.100961
169 0.100876
170 0.100754
171 0.100683
172 0.100603
173 0.100644
174 0.100417
175 0.100398
176 0.100297
177 0.100293
178 0.10014
179 0.100056
180 0.0999861
181 0.0999333
182 0.0998541
183 0.0999074
184 0.0997055
185 0.0996908
186 0.0996365
187 0.0994391
188 0.0994882
189 0.0993885
190 0.0993627
191 0.0992625
192 0.0992372
193 0.0991622
194 0.0990855
195 0.0990404
196 0.0990345
197 0.098861
198 0.0988904
199 0.0988344
200 0.0987323
201 0.0986763
202 0.098584
203 0.0985723
204 0.0984734
205 0.0983834
206 0.098288
207 0.0982753
208 0.0982231
209 0.0981279
210 0.0980578
211 0.0980222
212 0.0979503
213 0.097954
214 0.0978852
215 0.0978326
216 0.0977219
217 0.097648
218 0.0975906
219 0.0974983
220 0.0975831
221 0.0974841
222 0.0973974
223 0.0974369
224 0.0972543
225 0.0972739
226 0.0972082
227 0.0970862
228 0.0971451
229 0.0969737
230 0.0969406
231 0.096935
232 0.0969386
233 0.0968459
234 0.0968101
235 0.0967999
236 0.0967135
237 0.0966488
238 0.0965934
239 0.0965263
240 0.0964514
241 0.0964099
242 0.0963512
243 0.0963547
244 0.09635
245 0.0962917
246 0.0962252
247 0.0961027
248 0.0961616
249 0.0961737
250 0.0960334
251 0.0959305
252 0.0959865
253 0.0958533
254 0.095822
255 0.0958741
256 0.0957716
257 0.0957287
258 0.0956648
259 0.0956115
260 0.0955907
261 0.0955561
262 0.0955379
263 0.0955103
264 0.095478
265 0.0954003
266 0.0953123
267 0.0953331
268 0.0952318
269 0.0952016
270 0.0952341
271 0.0951507
272 0.0951244
273 0.09508
274 0.0950092
275 0.095021
276 0.0948961
277 0.0949028
278 0.0948541
279 0.0948702
280 0.09484
281 0.0947837
282 0.0947597
283 0.0947251
284 0.0946489
285 0.0946478
286 0.0945955
287 0.0944877
288 0.0944884
289 0.0945241
290 0.0943973
291 0.0944459
292 0.0943779
293 0.0943363
294 0.0943386
295 0.0943132
296 0.0942227
297 0.0942484
298 0.0942056
299 0.0941582
300 0.0940675
