1 0.499598
2 0.53493
3 0.554364
4 0.569666
5 0.581426
6 0.593309
7 0.601991
8 0.611135
9 0.618742
10 0.624781
11 0.631385
12 0.637383
13 0.642213
14 0.646615
15 0.65049
16 0.655129
17 0.658958
18 0.663244
19 0.665903
20 0.669285
21 0.671592
22 0.675426
23 0.677184
24 0.680546
25 0.682586
26 0.68518
27 0.68744
28 0.690271
29 0.692177
30 0.69399
31 0.696059
32 0.698028
33 0.699431
34 0.70205
35 0.703147
36 0.704551
37 0.705912
38 0.707146
39 0.709665
40 0.709864
41 0.712078
42 0.712772
43 0.714423
44 0.716165
45 0.717097
46 0.718057
47 0.71966
48 0.720422
49 0.721865
50 0.722847
51 0.723046
52 0.72408
53 0.725285
54 0.726741
55 0.728029
56 0.728522
57 0.728982
58 0.73045
59 0.730611
60 0.732165
61 0.732584
62 0.732452
63 0.733412
64 0.734106
65 0.734781
66 0.735806
67 0.737179
68 0.736097
69 0.737082
70 0.738085
71 0.738427
72 0.739955
73 0.740537
74 0.740276
75 0.741277
76 0.741973
77 0.742576
78 0.74176
79 0.74273
80 0.743636
81 0.744796
82 0.744865
83 0.745376
84 0.745743
85 0.746395
86 0.746898
87 0.747551
88 0.747913
89 0.747899
90 0.748741
91 0.749744
92 0.750558
93 0.750435
94 0.750962
95 0.751446
96 0.751485
97 0.751897
98 0.751943
99 0.75281
100 0.752117
101 0.753712
102 0.753877
103 0.753906
104 0.754404
105 0.754605
106 0.755833
107 0.756317
108 0.756209
109 0.756389
110 0.756305
111 0.75682
112 0.75739
113 0.758111
114 0.757908
115 0.758472
116 0.758805
117 0.75938
118 0.759141
119 0.759612
120 0.759662
121 0.759112
122 0.761144
123 0.761781
124 0.760936
125 0.761296
126 0.762035
127 0.761655
128 0.761738
129 0.762379
130 0.762932
131 0.76284
132 0.763044
133 0.763341
134 0.763761
135 0.76431
136 0.7645
137 0.763942
138 0.764012
139 0.764986
140 0.764608
141 0.764723
142 0.765969
143 0.765872
144 0.765645
145 0.766336
146 0.765984
147 0.766762
148 0.767133
149 0.76754
150 0.767437
151 0.766823
152 0.767686
153 0.767134
154 0.768183
155 0.768881
156 0.768386
157 0.768928
158 0.769247
159 0.769059
160 0.768344
161 0.769646
162 0.768706
163 0.769248
164 0.768954
165 0.7702
166 0.769769
167 0.770296
168 0.769984
169 0.770849
170 0.771207
171 0.771292
172 0.770007
173 0.771743
174 0.77148
175 0.771287
176 0.771727
177 0.771643
178 0.772616
179 0.771831
180 0.772367
181 0.772305
182 0.772396
183 0.772686
184 0.773501
185 0.772868
186 0.772682
187 0.772685
188 0.773029
189 0.773841
190 0.773885
191 0.774558
192 0.773889
193 0.773861
194 0.774435
195 0.774303
196 0.775314
197 0.774871
198 0.774509
199 0.775269
200 0.775215
201 0.774827
202 0.776297
203 0.775513
204 0.776344
205 0.775263
206 0.775831
207 0.775823
208 0.775791
209 0.775722
210 0.776776
211 0.775564
212 0.77627
213 0.7764
214 0.776396
215 0.776679
216 0.776326
217 0.77737
218 0.778639
219 0.776889
220 0.777633
221 0.777335
222 0.777689
223 0.777419
224 0.777715
225 0.778094
226 0.778217
227 0.777929
228 0.778911
229 0.777739
230 0.778032
231 0.778504
232 0.779163
233 0.778961
234 0.779064
235 0.77925
236 0.778607
237 0.77938
238 0.779171
239 0.779682
240 0.779421
241 0.778997
242 0.780021
243 0.780563
244 0.780942
245 0.779617
246 0.780595
247 0.780131
248 0.780342
249 0.780193
250 0.780195
251 0.779847
252 0.780944
253 0.781005
254 0.781094
255 0.780641
256 0.779977
257 0.781296
258 0.781761
259 0.781646
260 0.781698
261 0.781095
262 0.781694
263 0.782166
264 0.781267
265 0.781124
266 0.781521
267 0.781487
268 0.781509
269 0.781933
270 0.781752
271 0.781729
272 0.781246
273 0.781945
274 0.782132
275 0.782779
276 0.782226
277 0.782567
278 0.782297
279 0.782455
280 0.783111
281 0.782667
282 0.783319
283 0.782696
284 0.782742
285 0.783414
286 0.782677
287 0.783691
288 0.783282
289 0.783789
290 0.784067
291 0.783926
292 0.783394
293 0.783475
294 0.783657
295 0.783407
296 0.784073
297 0.784741
298 0.784454
299 0.783598
300 0.78441
