1 0.066618
2 0.0744165
3 0.0806213
4 0.0859735
5 0.0908186
6 0.0952753
7 0.0994066
8 0.103283
9 0.10699
10 0.110599
11 0.11404
12 0.11737
13 0.120594
14 0.123714
15 0.126776
16 0.129763
17 0.132676
18 0.135512
19 0.13829
20 0.14101
21 0.143671
22 0.146291
23 0.148853
24 0.151363
25 0.153828
26 0.156251
27 0.158629
28 0.160978
29 0.163289
30 0.165563
31 0.167799
32 0.169992
33 0.17215
34 0.174284
35 0.176378
36 0.178438
37 0.180473
38 0.182481
39 0.184463
40 0.186415
41 0.188339
42 0.190234
43 0.192105
44 0.193956
45 0.195785
46 0.197588
47 0.199364
48 0.201121
49 0.202855
50 0.204575
51 0.206268
52 0.20793
53 0.20958
54 0.211207
55 0.212813
56 0.214401
57 0.215967
58 0.217514
59 0.219046
60 0.220555
61 0.222049
62 0.223525
63 0.224987
64 0.226432
65 0.227862
66 0.22928
67 0.230682
68 0.232071
69 0.233443
70 0.234804
71 0.236151
72 0.237481
73 0.238799
74 0.240105
75 0.241402
76 0.242685
77 0.243954
78 0.245214
79 0.246463
80 0.247701
81 0.248925
82 0.250138
83 0.251339
84 0.252529
85 0.253709
86 0.254879
87 0.256038
88 0.257187
89 0.258326
90 0.259456
91 0.260577
92 0.261688
93 0.262787
94 0.26388
95 0.264961
96 0.266035
97 0.267097
98 0.268153
99 0.269201
100 0.270238
101 0.271265
102 0.272286
103 0.273295
104 0.274297
105 0.275292
106 0.276279
107 0.27726
108 0.278233
109 0.279198
110 0.280155
111 0.281103
112 0.282047
113 0.282982
114 0.28391
115 0.284834
116 0.28575
117 0.28666
118 0.287563
119 0.288459
120 0.289348
121 0.290231
122 0.291107
123 0.291977
124 0.292845
125 0.293707
126 0.294562
127 0.295412
128 0.296256
129 0.297093
130 0.297926
131 0.298754
132 0.299578
133 0.300399
134 0.301214
135 0.302024
136 0.30283
137 0.30363
138 0.304426
139 0.305218
140 0.306007
141 0.30679
142 0.307568
143 0.308341
144 0.309109
145 0.30987
146 0.310627
147 0.31138
148 0.31213
149 0.312874
150 0.313615
151 0.314351
152 0.315086
153 0.315816
154 0.316541
155 0.317262
156 0.31798
157 0.318693
158 0.319403
159 0.320108
160 0.320809
161 0.321506
162 0.3222
163 0.32289
164 0.323576
165 0.324257
166 0.324936
167 0.325612
168 0.326284
169 0.32695
170 0.327612
171 0.32827
172 0.328925
173 0.329576
174 0.330223
175 0.330867
176 0.331509
177 0.332147
178 0.33278
179 0.333411
180 0.334039
181 0.334663
182 0.335285
183 0.335904
184 0.336521
185 0.337134
186 0.337744
187 0.338352
188 0.338955
189 0.339555
190 0.340152
191 0.340746
192 0.341339
193 0.341928
194 0.342512
195 0.343093
196 0.343671
197 0.344246
198 0.344818
199 0.345388
200 0.345954
201 0.346519
202 0.34708
203 0.347639
204 0.348194
205 0.348748
206 0.349299
207 0.349849
208 0.350395
209 0.35094
210 0.351482
211 0.352022
212 0.352559
213 0.353095
214 0.353627
215 0.354157
216 0.354685
217 0.355211
218 0.355736
219 0.356258
220 0.356777
221 0.357294
222 0.357809
223 0.358321
224 0.358831
225 0.359339
226 0.359846
227 0.360351
228 0.360853
229 0.361354
230 0.361853
231 0.36235
232 0.362845
233 0.363337
234 0.363828
235 0.364316
236 0.364802
237 0.365286
238 0.365769
239 0.36625
240 0.366729
241 0.367205
242 0.36768
243 0.368152
244 0.368622
245 0.369091
246 0.369558
247 0.370023
248 0.370486
249 0.370948
250 0.371408
251 0.371866
252 0.372322
253 0.372775
254 0.373226
255 0.373675
256 0.374123
257 0.37457
258 0.375016
259 0.375459
260 0.3759
261 0.37634
262 0.376778
263 0.377214
264 0.377648
265 0.37808
266 0.378511
267 0.378941
268 0.379369
269 0.379796
270 0.380221
271 0.380645
272 0.381067
273 0.381487
274 0.381906
275 0.382322
276 0.382738
277 0.383152
278 0.383565
279 0.383977
280 0.384387
281 0.384795
282 0.385202
283 0.385607
284 0.38601
285 0.386412
286 0.386813
287 0.387211
288 0.387608
289 0.388003
290 0.388397
291 0.38879
292 0.389182
293 0.389572
294 0.38996
295 0.390347
296 0.390732
297 0.391116
298 0.391499
299 0.39188
300 0.392259
