1 0.5
2 0.359302
3 0.298053
4 0.261818
5 0.237415
6 0.219558
7 0.205797
8 0.194855
9 0.185984
10 0.178642
11 0.172272
12 0.166762
13 0.161965
14 0.1577
15 0.153912
16 0.15049
17 0.147357
18 0.144499
19 0.141964
20 0.139621
21 0.137442
22 0.135436
23 0.13364
24 0.131923
25 0.130292
26 0.128791
27 0.127371
28 0.126052
29 0.124795
30 0.123605
31 0.122487
32 0.121445
33 0.120459
34 0.11951
35 0.118638
36 0.117778
37 0.116953
38 0.116158
39 0.115408
40 0.114682
41 0.114002
42 0.113349
43 0.112712
44 0.112111
45 0.111531
46 0.110974
47 0.110427
48 0.109918
49 0.109428
50 0.108936
51 0.108483
52 0.108037
53 0.10761
54 0.107186
55 0.106796
56 0.106415
57 0.106049
58 0.105699
59 0.105355
60 0.105038
61 0.104717
62 0.104398
63 0.104086
64 0.103785
65 0.103499
66 0.10321
67 0.102924
68 0.10265
69 0.102391
70 0.102131
71 0.101879
72 0.101646
73 0.101412
74 0.101179
75 0.100948
76 0.100735
77 0.100512
78 0.100295
79 0.100084
80 0.0998792
81 0.0996908
82 0.0994993
83 0.0993126
84 0.0991306
85 0.0989533
86 0.0987766
87 0.0986012
88 0.0984359
89 0.0982644
90 0.0980988
91 0.0979304
92 0.0977705
93 0.0976172
94 0.0974678
95 0.0973228
96 0.0971891
97 0.0970516
98 0.096916
99 0.0967857
100 0.0966503
101 0.096517
102 0.0963893
103 0.0962593
104 0.096136
105 0.0960065
106 0.0958858
107 0.0957661
108 0.0956556
109 0.0955391
110 0.0954269
111 0.0953153
112 0.0952097
113 0.0951019
114 0.0949957
115 0.0948905
116 0.0947841
117 0.0946852
118 0.0945811
119 0.0944801
120 0.0943871
121 0.0942911
122 0.0942001
123 0.0941037
124 0.0940125
125 0.0939208
126 0.0938288
127 0.0937448
128 0.0936515
129 0.0935651
130 0.093477
131 0.0933917
132 0.0933096
133 0.0932221
134 0.0931386
135 0.0930525
136 0.0929676
137 0.0928863
138 0.0928003
139 0.0927224
140 0.0926445
141 0.092564
142 0.092482
143 0.092408
144 0.0923303
145 0.0922556
146 0.092182
147 0.0921117
148 0.0920331
149 0.0919635
150 0.0918972
151 0.0918229
152 0.0917576
153 0.0916936
154 0.091625
155 0.0915582
156 0.0914909
157 0.091424
158 0.0913577
159 0.0912914
160 0.0912322
161 0.0911704
162 0.091107
163 0.0910449
164 0.0909874
165 0.0909248
166 0.0908607
167 0.0907984
168 0.0907385
169 0.090677
170 0.0906236
171 0.0905612
172 0.0905014
173 0.0904417
174 0.0903835
175 0.090328
176 0.090271
177 0.090219
178 0.0901585
179 0.0901044
180 0.0900479
181 0.0899926
182 0.0899371
183 0.0898817
184 0.0898283
185 0.0897692
186 0.0897188
187 0.0896617
188 0.0896054
189 0.0895545
190 0.0895039
191 0.0894519
192 0.0893981
193 0.0893451
194 0.0892935
195 0.0892459
196 0.0891946
197 0.0891436
198 0.0890936
199 0.089043
200 0.0889968
201 0.08895
202 0.0889022
203 0.0888582
204 0.0888084
205 0.0887597
206 0.0887115
207 0.088663
208 0.0886197
209 0.0885698
210 0.0885208
211 0.0884722
212 0.0884259
213 0.0883834
214 0.0883397
215 0.0882965
216 0.0882513
217 0.0882042
218 0.088163
219 0.0881196
220 0.0880749
221 0.0880311
222 0.0879877
223 0.087944
224 0.0879025
225 0.0878597
226 0.0878195
227 0.0877759
228 0.0877347
229 0.08769
230 0.0876505
231 0.0876035
232 0.0875628
233 0.0875228
234 0.0874817
235 0.0874394
236 0.0873977
237 0.0873577
238 0.0873168
239 0.0872789
240 0.0872435
241 0.0872069
242 0.0871702
243 0.0871325
244 0.0870931
245 0.0870542
246 0.0870161
247 0.0869804
248 0.0869448
249 0.086905
250 0.0868654
251 0.0868291
252 0.0867946
253 0.0867557
254 0.086721
255 0.0866858
256 0.0866506
257 0.086612
258 0.0865739
259 0.0865369
260 0.0865015
261 0.0864668
262 0.0864318
263 0.0863972
264 0.0863603
265 0.0863262
266 0.0862864
267 0.0862495
268 0.0862139
269 0.0861797
270 0.0861444
271 0.0861099
272 0.0860772
273 0.0860419
274 0.0860076
275 0.0859743
276 0.0859402
277 0.0859079
278 0.0858793
279 0.0858455
280 0.0858141
281 0.0857801
282 0.085748
283 0.0857122
284 0.085678
285 0.0856425
286 0.0856077
287 0.0855756
288 0.085545
289 0.0855143
290 0.0854825
291 0.0854498
292 0.0854192
293 0.0853865
294 0.0853563
295 0.0853259
296 0.0852941
297 0.0852636
298 0.0852343
299 0.0852038
300 0.085172
