1 0.0589636
2 0.101412
3 0.049283
4 0.0782372
5 0.0426023
6 0.0459323
7 0.0413185
8 0.0530773
9 0.0362778
10 0.0360937
11 0.0337579
12 0.042758
13 0.032142
14 0.03144
15 0.0309594
16 0.0313788
17 0.0277342
18 0.027972
19 0.0310347
20 0.0270186
21 0.0255962
22 0.0273183
23 0.0245303
24 0.0248736
25 0.0245627
26 0.0234017
27 0.0227265
28 0.0231054
29 0.0225665
30 0.0227692
31 0.0218356
32 0.0215996
33 0.0208049
34 0.0209653
35 0.0211537
36 0.0214335
37 0.0200852
38 0.0197291
39 0.0193548
40 0.020604
41 0.0189551
42 0.0188216
43 0.0192582
44 0.0191012
45 0.0186549
46 0.0182611
47 0.01794
48 0.01844
49 0.0176849
50 0.0182876
51 0.017416
52 0.0178056
53 0.0168883
54 0.0168187
55 0.0172557
56 0.0167869
57 0.0164847
58 0.0164012
59 0.0160908
60 0.0165904
61 0.0160774
62 0.015871
63 0.0157995
64 0.0161166
65 0.0159152
66 0.0152995
67 0.0151859
68 0.0156312
69 0.0149088
70 0.0151321
71 0.0147713
72 0.0151175
73 0.0146589
74 0.0145533
75 0.0146209
76 0.0148921
77 0.014239
78 0.0142843
79 0.0142258
80 0.0142434
81 0.0139068
82 0.0143321
83 0.0136445
84 0.0137259
85 0.0136801
86 0.0134267
87 0.0134261
88 0.0136406
89 0.0132495
90 0.0132983
91 0.0131452
92 0.0131376
93 0.0130063
94 0.0130992
95 0.0129023
96 0.0127663
97 0.0129185
98 0.0126539
99 0.0126472
100 0.0126881
101 0.0124536
102 0.0122849
103 0.0122988
104 0.0122821
105 0.0121176
106 0.0124045
107 0.0120087
108 0.012053
109 0.0119099
110 0.0118921
111 0.0117828
112 0.0119062
113 0.0119291
114 0.0116854
115 0.0116803
116 0.0115983
117 0.011406
118 0.011463
119 0.0113211
120 0.0114459
121 0.0112151
122 0.0111671
123 0.0111982
124 0.0111789
125 0.0110818
126 0.0109738
127 0.0110287
128 0.0109882
129 0.0108332
130 0.0109886
131 0.0107057
132 0.0107773
133 0.0106609
134 0.0107743
135 0.0106675
136 0.0106149
137 0.0105295
138 0.0104541
139 0.0104581
140 0.0105597
141 0.0104568
142 0.0103251
143 0.0102446
144 0.010217
145 0.0102256
146 0.0100855
147 0.010083
148 0.0101564
149 0.0100212
150 0.0100299
151 0.00997691
152 0.00989352
153 0.00980233
154 0.00983925
155 0.0098752
156 0.00983158
157 0.00973032
158 0.00967795
159 0.00961988
160 0.00972358
161 0.00954275
162 0.0096576
163 0.009454
164 0.00944165
165 0.00947183
166 0.00942491
167 0.00940758
168 0.0093118
169 0.00937801
170 0.00927355
171 0.00923964
172 0.00923739
173 0.00914013
174 0.00910576
175 0.00913078
176 0.00913534
177 0.0090194
178 0.00907202
179 0.00896396
180 0.00907084
181 0.00892963
182 0.00887423
183 0.00885125
184 0.00884254
185 0.00880767
186 0.00874952
187 0.00874516
188 0.0088247
189 0.00875628
190 0.00881615
191 0.00860559
192 0.00859598
193 0.00858957
194 0.00854997
195 0.00856638
196 0.0085378
197 0.00853057
198 0.00842349
199 0.00842584
200 0.00847169
201 0.00837684
202 0.00838256
203 0.008353
204 0.00834089
205 0.00829541
206 0.00822873
207 0.00821823
208 0.00827787
209 0.00821218
210 0.00824362
211 0.00817859
212 0.00814124
213 0.00809074
214 0.00812288
215 0.00802871
216 0.00799329
217 0.00797903
218 0.00797236
219 0.00796986
220 0.00799512
221 0.00789705
222 0.00788734
223 0.00786178
224 0.00779468
225 0.007844
226 0.00783791
227 0.00780851
228 0.00777442
229 0.00774425
230 0.00770488
231 0.00771623
232 0.00772612
233 0.00767961
234 0.00762363
235 0.00760156
236 0.00760104
237 0.00755437
238 0.00755493
239 0.00757089
240 0.0075235
241 0.00746644
242 0.00746656
243 0.00746126
244 0.00746882
245 0.00740252
246 0.00740151
247 0.00738882
248 0.00735531
249 0.00733072
250 0.00739067
251 0.0072876
252 0.00728918
253 0.00731583
254 0.00725915
255 0.00726368
256 0.00721512
257 0.00719913
258 0.00721685
259 0.00718447
260 0.0071451
261 0.00709737
262 0.00714028
263 0.00708823
264 0.00707085
265 0.00705542
266 0.00704642
267 0.0069988
268 0.00707208
269 0.00698786
270 0.00698985
271 0.00694705
272 0.00697012
273 0.00697612
274 0.00696359
275 0.00689594
276 0.00687167
277 0.00687508
278 0.00686506
279 0.00685982
280 0.00688904
281 0.00685885
282 0.00680726
283 0.00679869
284 0.00675111
285 0.0067733
286 0.00675479
287 0.00670545
288 0.00670927
289 0.00665999
290 0.00668235
291 0.00665998
292 0.0066967
293 0.00663377
294 0.00664513
295 0.00663231
296 0.00658474
297 0.00660327
298 0.00662008
299 0.00657584
300 0.0065474
