1 0.577967
2 0.578029
3 0.618947
4 0.620503
5 0.649505
6 0.657538
7 0.66652
8 0.667247
9 0.679044
10 0.687294
11 0.692895
12 0.692559
13 0.699768
14 0.706446
15 0.709289
16 0.716446
17 0.722922
18 0.725455
19 0.726548
20 0.73
21 0.734877
22 0.73643
23 0.740129
24 0.742112
25 0.746162
26 0.749373
27 0.750199
28 0.752439
29 0.754838
30 0.755976
31 0.758227
32 0.760403
33 0.761818
34 0.763426
35 0.764449
36 0.766291
37 0.767048
38 0.769375
39 0.771105
40 0.772023
41 0.772953
42 0.774411
43 0.775903
44 0.776134
45 0.777974
46 0.7787
47 0.780283
48 0.780042
49 0.782224
50 0.781971
51 0.783338
52 0.783511
53 0.786519
54 0.787245
55 0.78849
56 0.789342
57 0.790028
58 0.791034
59 0.792138
60 0.792386
61 0.792479
62 0.793541
63 0.793839
64 0.794613
65 0.795905
66 0.797099
67 0.798801
68 0.798154
69 0.800524
70 0.801243
71 0.801437
72 0.801755
73 0.801887
74 0.802912
75 0.803724
76 0.804458
77 0.804833
78 0.804899
79 0.806143
80 0.806544
81 0.807535
82 0.808259
83 0.80889
84 0.809634
85 0.809676
86 0.811377
87 0.811115
88 0.811502
89 0.812144
90 0.812836
91 0.812711
92 0.814156
93 0.814048
94 0.814393
95 0.815014
96 0.816328
97 0.816322
98 0.816209
99 0.817947
100 0.818103
101 0.818295
102 0.819394
103 0.819441
104 0.820229
105 0.821235
106 0.821449
107 0.821532
108 0.821996
109 0.822251
110 0.823099
111 0.823299
112 0.824341
113 0.823585
114 0.824548
115 0.825616
116 0.825835
117 0.826358
118 0.826744
119 0.826854
120 0.827549
121 0.828076
122 0.828891
123 0.828561
124 0.829343
125 0.829427
126 0.829862
127 0.83038
128 0.829875
129 0.831083
130 0.831137
131 0.832061
132 0.832412
133 0.833023
134 0.832875
135 0.833367
136 0.833764
137 0.833592
138 0.834268
139 0.834082
140 0.834853
141 0.835154
142 0.835528
143 0.836185
144 0.837029
145 0.837377
146 0.837371
147 0.837245
148 0.838548
149 0.838323
150 0.838808
151 0.838405
152 0.839347
153 0.84027
154 0.839799
155 0.840176
156 0.840518
157 0.840907
158 0.841021
159 0.84157
160 0.841464
161 0.842368
162 0.841644
163 0.843153
164 0.843675
165 0.84332
166 0.843253
167 0.84387
168 0.844708
169 0.844538
170 0.845186
171 0.844953
172 0.845472
173 0.845803
174 0.845971
175 0.84665
176 0.846402
177 0.847015
178 0.847542
179 0.847437
180 0.847165
181 0.847907
182 0.848031
183 0.848757
184 0.849096
185 0.849157
186 0.849418
187 0.849907
188 0.848876
189 0.850009
190 0.849613
191 0.850813
192 0.851359
193 0.851206
194 0.85148
195 0.851403
196 0.851738
197 0.852045
198 0.852576
199 0.852413
200 0.852611
201 0.853147
202 0.853339
203 0.853209
204 0.85371
205 0.853866
206 0.854483
207 0.854371
208 0.85367
209 0.854422
210 0.854813
211 0.855642
212 0.855232
213 0.855694
214 0.855837
215 0.85662
216 0.856645
217 0.856619
218 0.856968
219 0.856801
220 0.857169
221 0.85781
222 0.857987
223 0.858196
224 0.859125
225 0.858337
226 0.858503
227 0.858542
228 0.858896
229 0.858855
230 0.859779
231 0.859384
232 0.859819
233 0.85996
234 0.860455
235 0.860456
236 0.860689
237 0.86107
238 0.861013
239 0.861252
240 0.861817
241 0.862128
242 0.862216
243 0.861968
244 0.862197
245 0.862536
246 0.86261
247 0.863023
248 0.863183
249 0.863146
250 0.863038
251 0.863505
252 0.863865
253 0.86376
254 0.863835
255 0.864161
256 0.864905
257 0.864347
258 0.864087
259 0.864983
260 0.865592
261 0.865657
262 0.865447
263 0.865941
264 0.866002
265 0.866418
266 0.866432
267 0.866611
268 0.866252
269 0.866746
270 0.866674
271 0.867626
272 0.867134
273 0.867188
274 0.867405
275 0.867817
276 0.868416
277 0.86803
278 0.868087
279 0.868304
280 0.868351
281 0.867977
282 0.868674
283 0.868503
284 0.869605
285 0.869134
286 0.869783
287 0.869598
288 0.870202
289 0.87015
290 0.870246
291 0.870212
292 0.870427
293 0.870583
294 0.87022
295 0.871211
296 0.871172
297 0.870895
298 0.87079
299 0.871185
300 0.87165
