1 0.0778911
2 0.0780529
3 0.0779839
4 0.0780529
5 0.0722395
6 0.0679574
7 0.0648937
8 0.0624228
9 0.0605854
10 0.0589637
11 0.0575462
12 0.0563456
13 0.0553972
14 0.0543279
15 0.0523369
16 0.0514765
17 0.051048
18 0.0505977
19 0.0501049
20 0.0495612
21 0.0485354
22 0.0477475
23 0.0469826
24 0.0463022
25 0.0456764
26 0.0446693
27 0.0441704
28 0.0435065
29 0.0427566
30 0.0422803
31 0.041736
32 0.0411529
33 0.040642
34 0.0401787
35 0.0397213
36 0.0392371
37 0.0388206
38 0.0386629
39 0.0382813
40 0.037805
41 0.0374879
42 0.0372069
43 0.0368332
44 0.0365676
45 0.0362398
46 0.0358981
47 0.0355579
48 0.035368
49 0.0349446
50 0.034738
51 0.0344819
52 0.0342047
53 0.0339283
54 0.0337004
55 0.0334433
56 0.0332432
57 0.0330285
58 0.0327981
59 0.0325748
60 0.0323536
61 0.0322601
62 0.0320028
63 0.031796
64 0.0316226
65 0.0313607
66 0.0311705
67 0.030965
68 0.030842
69 0.0306239
70 0.0304185
71 0.030246
72 0.030065
73 0.0300048
74 0.0297909
75 0.0296177
76 0.029505
77 0.0293372
78 0.029203
79 0.0289957
80 0.0288372
81 0.0287152
82 0.0285924
83 0.0283871
84 0.0282634
85 0.0281469
86 0.0279825
87 0.0279351
88 0.0277231
89 0.027631
90 0.0275077
91 0.0273679
92 0.0272251
93 0.0270669
94 0.0269824
95 0.0268326
96 0.0266917
97 0.0266526
98 0.0264523
99 0.0263175
100 0.0262099
101 0.026132
102 0.0259935
103 0.0259067
104 0.0256961
105 0.0255681
106 0.0254951
107 0.0254481
108 0.0253226
109 0.0251753
110 0.0251054
111 0.0249843
112 0.0248966
113 0.0248303
114 0.0247656
115 0.0245874
116 0.0244922
117 0.0243681
118 0.0242736
119 0.024181
120 0.0240857
121 0.0240432
122 0.023916
123 0.0238732
124 0.0237222
125 0.0236711
126 0.0235766
127 0.02353
128 0.023462
129 0.0232739
130 0.0232525
131 0.0230748
132 0.0230281
133 0.0230162
134 0.0229068
135 0.0227957
136 0.0227464
137 0.022663
138 0.0225712
139 0.0225198
140 0.0224552
141 0.022352
142 0.0222724
143 0.0221921
144 0.0221169
145 0.0220427
146 0.0219415
147 0.0219035
148 0.0217515
149 0.0217814
150 0.0216468
151 0.0216291
152 0.0215011
153 0.0214426
154 0.0213565
155 0.0213204
156 0.0212931
157 0.0212192
158 0.0211479
159 0.0210986
160 0.0210281
161 0.0209453
162 0.0208587
163 0.0207738
164 0.0207063
165 0.0206773
166 0.0205901
167 0.0205473
168 0.0204311
169 0.0203956
170 0.0203308
171 0.0203273
172 0.0201964
173 0.0202181
174 0.0201025
175 0.0200462
176 0.02002
177 0.0199319
178 0.0198603
179 0.019829
180 0.0198802
181 0.0197294
182 0.0197202
183 0.0195611
184 0.019529
185 0.0194753
186 0.0194392
187 0.019367
188 0.01941
189 0.0193102
190 0.0192881
191 0.0191999
192 0.0191428
193 0.0190839
194 0.0190313
195 0.0190033
196 0.0189152
197 0.0188927
198 0.0188292
199 0.0188216
200 0.0187073
201 0.018706
202 0.0186403
203 0.018602
204 0.0185561
205 0.0184662
206 0.0184716
207 0.018423
208 0.0183754
209 0.0183103
210 0.0183165
211 0.0182345
212 0.0182198
213 0.0181493
214 0.0180768
215 0.0180264
216 0.0179837
217 0.0179461
218 0.0179009
219 0.0178894
220 0.0178102
221 0.0177528
222 0.0177377
223 0.0176824
224 0.0176334
225 0.0176323
226 0.0176061
227 0.0175464
228 0.0175158
229 0.0174729
230 0.0173841
231 0.0173573
232 0.0173216
233 0.0173036
234 0.017273
235 0.0171817
236 0.0171531
237 0.0171435
238 0.0170909
239 0.0170953
240 0.0170215
241 0.0169936
242 0.0169709
243 0.0168965
244 0.0169004
245 0.0167961
246 0.0167999
247 0.0167843
248 0.0167404
249 0.0166752
250 0.0166701
251 0.016587
252 0.0165514
253 0.016573
254 0.0165212
255 0.0164789
256 0.0164137
257 0.0163965
258 0.0163982
259 0.0163539
260 0.0162916
261 0.0162464
262 0.0162334
263 0.0162252
264 0.0161478
265 0.0161385
266 0.0160607
267 0.016022
268 0.0160296
269 0.0160149
270 0.0159683
271 0.0159223
272 0.0159211
273 0.0158848
274 0.0158667
275 0.0158011
276 0.0157731
277 0.015762
278 0.0157382
279 0.0156778
280 0.0156855
281 0.0156639
282 0.0155925
283 0.0155874
284 0.0155185
285 0.0155524
286 0.0154955
287 0.0154491
288 0.0154179
289 0.0153697
290 0.0153565
291 0.0153393
292 0.0153266
293 0.0152633
294 0.0152893
295 0.0152294
296 0.0151832
297 0.0151858
298 0.0151323
299 0.0151401
300 0.0150718
