1 0.301007
2 0.300166
3 0.3006
4 0.299226
5 0.329295
6 0.332742
7 0.33173
8 0.333392
9 0.333329
10 0.333502
11 0.333585
12 0.334521
13 0.335333
14 0.334891
15 0.338757
16 0.340715
17 0.341955
18 0.342343
19 0.342618
20 0.343624
21 0.345088
22 0.346791
23 0.347669
24 0.347642
25 0.347793
26 0.350341
27 0.350512
28 0.350354
29 0.351295
30 0.350564
31 0.352019
32 0.353275
33 0.352699
34 0.352765
35 0.354222
36 0.354261
37 0.354981
38 0.355166
39 0.354907
40 0.354723
41 0.355913
42 0.35651
43 0.356463
44 0.356379
45 0.35645
46 0.356744
47 0.356689
48 0.35709
49 0.357187
50 0.357777
51 0.3578
52 0.358279
53 0.358348
54 0.357797
55 0.358107
56 0.359127
57 0.359032
58 0.360133
59 0.359251
60 0.358674
61 0.358518
62 0.359936
63 0.35955
64 0.359804
65 0.360243
66 0.359597
67 0.359018
68 0.360259
69 0.360265
70 0.36055
71 0.360792
72 0.360507
73 0.360777
74 0.361193
75 0.361241
76 0.360898
77 0.360565
78 0.360824
79 0.361012
80 0.361517
81 0.361806
82 0.361921
83 0.361835
84 0.362056
85 0.362019
86 0.362151
87 0.362075
88 0.362185
89 0.362542
90 0.361612
91 0.361931
92 0.362469
93 0.36256
94 0.362644
95 0.362927
96 0.362945
97 0.3635
98 0.362912
99 0.362613
100 0.362928
101 0.362765
102 0.363734
103 0.364043
104 0.364058
105 0.364294
106 0.364061
107 0.363532
108 0.364459
109 0.364737
110 0.364545
111 0.363291
112 0.364225
113 0.364332
114 0.364937
115 0.364401
116 0.365095
117 0.364389
118 0.364688
119 0.364576
120 0.365549
121 0.364784
122 0.365043
123 0.365297
124 0.365367
125 0.363909
126 0.365249
127 0.364189
128 0.365193
129 0.365518
130 0.366048
131 0.366369
132 0.365453
133 0.364883
134 0.365925
135 0.366082
136 0.365768
137 0.366137
138 0.366328
139 0.365723
140 0.365851
141 0.36669
142 0.366275
143 0.366713
144 0.367273
145 0.366351
146 0.366189
147 0.367228
148 0.367016
149 0.366478
150 0.366242
151 0.366994
152 0.366233
153 0.367153
154 0.366596
155 0.36639
156 0.366649
157 0.367558
158 0.36735
159 0.367124
160 0.366691
161 0.367202
162 0.366393
163 0.366894
164 0.367516
165 0.36728
166 0.367406
167 0.367772
168 0.367112
169 0.367894
170 0.367572
171 0.367793
172 0.367086
173 0.367298
174 0.367532
175 0.368198
176 0.367876
177 0.367659
178 0.368465
179 0.367825
180 0.367835
181 0.367891
182 0.368956
183 0.36837
184 0.368342
185 0.36898
186 0.367609
187 0.367954
188 0.368761
189 0.368069
190 0.368689
191 0.368965
192 0.368663
193 0.369327
194 0.368655
195 0.368196
196 0.369181
197 0.368817
198 0.368687
199 0.368181
200 0.369367
201 0.368436
202 0.368898
203 0.36888
204 0.36992
205 0.369769
206 0.367692
207 0.367658
208 0.368323
209 0.369419
210 0.36827
211 0.368964
212 0.369802
213 0.368987
214 0.368964
215 0.369511
216 0.369619
217 0.368835
218 0.369132
219 0.368893
220 0.369137
221 0.3699
222 0.369182
223 0.369667
224 0.369735
225 0.36976
226 0.369247
227 0.3704
228 0.37056
229 0.369321
230 0.369623
231 0.37017
232 0.36912
233 0.370051
234 0.370043
235 0.370469
236 0.370206
237 0.369948
238 0.369495
239 0.370289
240 0.369751
241 0.369741
242 0.3698
243 0.369888
244 0.370973
245 0.369759
246 0.370394
247 0.369974
248 0.369676
249 0.369446
250 0.369626
251 0.370513
252 0.37058
253 0.370143
254 0.369763
255 0.370132
256 0.369577
257 0.370204
258 0.369874
259 0.370016
260 0.370175
261 0.370476
262 0.37076
263 0.370814
264 0.370733
265 0.370499
266 0.370356
267 0.370895
268 0.370199
269 0.371057
270 0.370187
271 0.37035
272 0.370405
273 0.370007
274 0.370028
275 0.370881
276 0.370493
277 0.371051
278 0.37019
279 0.370763
280 0.370887
281 0.37076
282 0.370885
283 0.370363
284 0.370939
285 0.370556
286 0.370316
287 0.370213
288 0.370442
289 0.370276
290 0.370812
291 0.370793
292 0.371525
293 0.371424
294 0.370992
295 0.371313
296 0.371095
297 0.370827
298 0.370171
299 0.371228
300 0.37166
