1 0.0778911
2 0.0780543
3 0.077846
4 0.0782598
5 0.0489859
6 0.04642
7 0.0466636
8 0.0451583
9 0.0451138
10 0.044623
11 0.0438628
12 0.0435179
13 0.0433074
14 0.0425207
15 0.038983
16 0.0374949
17 0.0363238
18 0.0356793
19 0.0352731
20 0.0348755
21 0.0327152
22 0.0319487
23 0.030868
24 0.0305751
25 0.0299188
26 0.0282676
27 0.0279732
28 0.0277207
29 0.0268114
30 0.0265464
31 0.0259073
32 0.025323
33 0.0250633
34 0.02481
35 0.0243912
36 0.0239725
37 0.0235228
38 0.0233567
39 0.0230649
40 0.0227036
41 0.0223484
42 0.0221117
43 0.0219373
44 0.0216808
45 0.0215957
46 0.0213457
47 0.021045
48 0.0211128
49 0.0207874
50 0.0205903
51 0.0204826
52 0.020356
53 0.0199274
54 0.0197874
55 0.0195816
56 0.0194104
57 0.0192785
58 0.0191527
59 0.0190719
60 0.0189917
61 0.0189109
62 0.0187671
63 0.0187561
64 0.0186261
65 0.0184259
66 0.0180958
67 0.0179177
68 0.0178595
69 0.0177161
70 0.0176176
71 0.0174959
72 0.0173308
73 0.0173536
74 0.0172233
75 0.0172306
76 0.0171694
77 0.0170578
78 0.0170138
79 0.0166492
80 0.0165443
81 0.0164302
82 0.0163228
83 0.0162045
84 0.016171
85 0.0160929
86 0.0159652
87 0.0160208
88 0.015868
89 0.0158533
90 0.0157876
91 0.015552
92 0.0153722
93 0.0152894
94 0.0152231
95 0.0151201
96 0.0149927
97 0.0150159
98 0.0148673
99 0.014788
100 0.0147142
101 0.014674
102 0.0145829
103 0.014513
104 0.0143664
105 0.0142094
106 0.0141522
107 0.0141108
108 0.0140418
109 0.0139348
110 0.0138327
111 0.0137893
112 0.0137663
113 0.0137247
114 0.0136608
115 0.0134843
116 0.0134176
117 0.0133148
118 0.0132195
119 0.013192
120 0.0131197
121 0.0130777
122 0.0129796
123 0.0129822
124 0.0129129
125 0.0128372
126 0.0127488
127 0.0126976
128 0.0126413
129 0.0125425
130 0.0125075
131 0.0123419
132 0.0122898
133 0.0123592
134 0.0122715
135 0.0122157
136 0.0121762
137 0.0121082
138 0.0119941
139 0.0119879
140 0.0119285
141 0.0118389
142 0.0117754
143 0.0117221
144 0.0116679
145 0.0115889
146 0.0115604
147 0.0115652
148 0.0114088
149 0.0114328
150 0.0113347
151 0.0113292
152 0.0112127
153 0.0111852
154 0.0111056
155 0.0110607
156 0.0111021
157 0.011044
158 0.0110062
159 0.010933
160 0.0108885
161 0.0108217
162 0.0107939
163 0.0106772
164 0.0106414
165 0.0106633
166 0.010578
167 0.01057
168 0.0104942
169 0.0104431
170 0.0103937
171 0.0103987
172 0.0103065
173 0.0102909
174 0.0102633
175 0.0101709
176 0.0101922
177 0.0100926
178 0.0100422
179 0.0100305
180 0.0100997
181 0.00997054
182 0.00993392
183 0.00984367
184 0.00982009
185 0.00979195
186 0.00976582
187 0.00971333
188 0.0097805
189 0.00969757
190 0.00967691
191 0.00959775
192 0.00955324
193 0.00953028
194 0.0094836
195 0.00948855
196 0.00942127
197 0.00940931
198 0.00937009
199 0.00934352
200 0.00926546
201 0.00926245
202 0.00924035
203 0.00922036
204 0.00915601
205 0.00910484
206 0.00909903
207 0.00906007
208 0.00906259
209 0.00906319
210 0.00903236
211 0.00896658
212 0.00892947
213 0.00889284
214 0.00885695
215 0.0088337
216 0.00877168
217 0.0087511
218 0.00874071
219 0.00875641
220 0.00869757
221 0.00862707
222 0.00859147
223 0.00859525
224 0.00854996
225 0.00853203
226 0.00853511
227 0.00850998
228 0.00849397
229 0.00845803
230 0.00839836
231 0.00837538
232 0.00834531
233 0.00831466
234 0.00831956
235 0.00825619
236 0.00823193
237 0.00821196
238 0.00818631
239 0.00821009
240 0.00815578
241 0.00809432
242 0.00812864
243 0.00808701
244 0.00805013
245 0.00802009
246 0.00801746
247 0.0080151
248 0.00796565
249 0.00793162
250 0.00794245
251 0.00790585
252 0.00785778
253 0.00788347
254 0.00786876
255 0.00781143
256 0.00774749
257 0.00776463
258 0.00778932
259 0.00775035
260 0.00767661
261 0.0076693
262 0.00766391
263 0.00765841
264 0.00760165
265 0.00758265
266 0.00753719
267 0.00751371
268 0.00756912
269 0.00752157
270 0.0075063
271 0.00746101
272 0.00746656
273 0.00746786
274 0.00744987
275 0.00740145
276 0.00734794
277 0.00734897
278 0.00736794
279 0.00732695
280 0.00733167
281 0.00732797
282 0.00727528
283 0.00726356
284 0.00719638
285 0.0072352
286 0.00721008
287 0.00716742
288 0.00716081
289 0.00709777
290 0.007136
291 0.00710881
292 0.00711932
293 0.00704777
294 0.0070931
295 0.00705435
296 0.00701545
297 0.00703267
298 0.00701209
299 0.00700709
300 0.00695033
