1 0.500884
2 0.499774
3 0.501362
4 0.498638
5 0.621216
6 0.632024
7 0.631287
8 0.637436
9 0.63807
10 0.639883
11 0.643761
12 0.645673
13 0.646119
14 0.650361
15 0.667382
16 0.674079
17 0.680251
18 0.683317
19 0.68525
20 0.687403
21 0.698747
22 0.702602
23 0.708159
24 0.709459
25 0.713672
26 0.722131
27 0.723393
28 0.724827
29 0.729996
30 0.730715
31 0.73506
32 0.738341
33 0.739706
34 0.741272
35 0.743433
36 0.746302
37 0.748466
38 0.749676
39 0.751098
40 0.753592
41 0.755744
42 0.756501
43 0.758017
44 0.759318
45 0.759698
46 0.761129
47 0.763326
48 0.762496
49 0.764879
50 0.766352
51 0.767008
52 0.76753
53 0.76986
54 0.77071
55 0.772617
56 0.773336
57 0.774201
58 0.775215
59 0.77548
60 0.776133
61 0.77678
62 0.77753
63 0.777435
64 0.778493
65 0.779653
66 0.781898
67 0.783089
68 0.782765
69 0.784452
70 0.784662
71 0.785675
72 0.786363
73 0.786561
74 0.787798
75 0.787624
76 0.78815
77 0.78901
78 0.789054
79 0.791303
80 0.791617
81 0.792565
82 0.793572
83 0.793729
84 0.794597
85 0.794888
86 0.796188
87 0.795587
88 0.79699
89 0.796446
90 0.797049
91 0.798621
92 0.800127
93 0.800453
94 0.800512
95 0.80121
96 0.802369
97 0.802592
98 0.80296
99 0.804249
100 0.804157
101 0.804351
102 0.805419
103 0.805716
104 0.806892
105 0.807865
106 0.808387
107 0.809064
108 0.80915
109 0.809681
110 0.810473
111 0.810921
112 0.811118
113 0.811
114 0.812018
115 0.812871
116 0.813786
117 0.814304
118 0.814948
119 0.814851
120 0.815926
121 0.815901
122 0.817046
123 0.816851
124 0.817277
125 0.817528
126 0.81846
127 0.819101
128 0.819214
129 0.819827
130 0.820207
131 0.821451
132 0.821423
133 0.821787
134 0.822354
135 0.822388
136 0.823245
137 0.823146
138 0.824147
139 0.823996
140 0.824588
141 0.825494
142 0.8254
143 0.826295
144 0.826988
145 0.827205
146 0.827291
147 0.827199
148 0.828763
149 0.828669
150 0.829368
151 0.829132
152 0.830221
153 0.830648
154 0.831027
155 0.831236
156 0.831492
157 0.831923
158 0.831782
159 0.832344
160 0.832949
161 0.833538
162 0.833558
163 0.834441
164 0.835148
165 0.834625
166 0.835196
167 0.835184
168 0.836205
169 0.836376
170 0.83686
171 0.837111
172 0.837419
173 0.837781
174 0.837718
175 0.838939
176 0.838924
177 0.839343
178 0.839913
179 0.839713
180 0.839486
181 0.840464
182 0.840283
183 0.841316
184 0.841836
185 0.842065
186 0.842024
187 0.842731
188 0.841792
189 0.842856
190 0.842912
191 0.84333
192 0.844486
193 0.844268
194 0.844487
195 0.844644
196 0.845109
197 0.845556
198 0.845591
199 0.845533
200 0.846562
201 0.846764
202 0.846793
203 0.846875
204 0.847228
205 0.848063
206 0.848086
207 0.848349
208 0.847709
209 0.848114
210 0.848314
211 0.849411
212 0.849197
213 0.849676
214 0.850242
215 0.850534
216 0.850745
217 0.850774
218 0.851047
219 0.851031
220 0.851381
221 0.852221
222 0.852697
223 0.852636
224 0.853174
225 0.853037
226 0.85265
227 0.853345
228 0.853416
229 0.85336
230 0.854329
231 0.854581
232 0.854594
233 0.854921
234 0.855058
235 0.85515
236 0.855701
237 0.855925
238 0.856012
239 0.856334
240 0.856432
241 0.857254
242 0.85684
243 0.857204
244 0.857161
245 0.857783
246 0.857536
247 0.858076
248 0.858291
249 0.858363
250 0.858297
251 0.858483
252 0.859247
253 0.859104
254 0.858692
255 0.859521
256 0.860293
257 0.859984
258 0.859629
259 0.860287
260 0.861121
261 0.860956
262 0.861254
263 0.861234
264 0.861781
265 0.862104
266 0.862531
267 0.862651
268 0.862079
269 0.862467
270 0.862691
271 0.863355
272 0.863097
273 0.863177
274 0.863116
275 0.863613
276 0.864436
277 0.864003
278 0.864082
279 0.864084
280 0.864265
281 0.864217
282 0.864957
283 0.864812
284 0.865715
285 0.865324
286 0.866024
287 0.865731
288 0.866432
289 0.866746
290 0.866525
291 0.86641
292 0.866796
293 0.867352
294 0.866847
295 0.86743
296 0.86754
297 0.867493
298 0.867629
299 0.867595
300 0.868196
