1 0.301007
2 0.300092
3 0.300166
4 0.300013
5 0.305907
6 0.31017
7 0.313237
8 0.31565
9 0.317513
10 0.319143
11 0.320383
12 0.321692
13 0.322541
14 0.323622
15 0.32569
16 0.326658
17 0.327031
18 0.327425
19 0.327841
20 0.328451
21 0.329468
22 0.33039
23 0.33104
24 0.331617
25 0.332496
26 0.333326
27 0.33384
28 0.334603
29 0.335319
30 0.335746
31 0.336277
32 0.33686
33 0.337349
34 0.337873
35 0.338394
36 0.338866
37 0.339144
38 0.339429
39 0.339803
40 0.340275
41 0.340586
42 0.340896
43 0.341207
44 0.341425
45 0.34184
46 0.342152
47 0.342485
48 0.342618
49 0.343037
50 0.343277
51 0.343499
52 0.343851
53 0.344069
54 0.344294
55 0.344551
56 0.344781
57 0.344997
58 0.345192
59 0.345462
60 0.345644
61 0.345728
62 0.346082
63 0.346223
64 0.346396
65 0.346738
66 0.346814
67 0.347015
68 0.34718
69 0.347378
70 0.347582
71 0.347796
72 0.347945
73 0.348031
74 0.348236
75 0.348378
76 0.34851
77 0.348721
78 0.348847
79 0.349042
80 0.349154
81 0.349299
82 0.349427
83 0.349555
84 0.349753
85 0.349871
86 0.350048
87 0.350092
88 0.350301
89 0.350379
90 0.350506
91 0.350651
92 0.350791
93 0.350879
94 0.351049
95 0.351155
96 0.35129
97 0.351319
98 0.351552
99 0.351618
100 0.351735
101 0.351843
102 0.351988
103 0.352095
104 0.352297
105 0.352469
106 0.35249
107 0.352566
108 0.352686
109 0.352852
110 0.352899
111 0.35303
112 0.353123
113 0.353216
114 0.35319
115 0.353394
116 0.353523
117 0.35367
118 0.353731
119 0.353817
120 0.353942
121 0.353967
122 0.354076
123 0.354105
124 0.354275
125 0.354358
126 0.354424
127 0.354475
128 0.354533
129 0.354732
130 0.35473
131 0.354955
132 0.354988
133 0.355015
134 0.355086
135 0.355186
136 0.35526
137 0.355358
138 0.35542
139 0.355472
140 0.35553
141 0.35567
142 0.355736
143 0.355815
144 0.35591
145 0.355953
146 0.356093
147 0.356078
148 0.356249
149 0.356207
150 0.356365
151 0.356412
152 0.356518
153 0.356575
154 0.356643
155 0.356721
156 0.35673
157 0.356782
158 0.356876
159 0.356906
160 0.356977
161 0.357028
162 0.35717
163 0.357263
164 0.357342
165 0.357358
166 0.357415
167 0.357451
168 0.357587
169 0.357602
170 0.357678
171 0.357657
172 0.35782
173 0.357803
174 0.357899
175 0.357995
176 0.357992
177 0.358082
178 0.358135
179 0.358157
180 0.35813
181 0.358256
182 0.358267
183 0.358464
184 0.358473
185 0.35851
186 0.358549
187 0.358617
188 0.358591
189 0.35868
190 0.358716
191 0.358799
192 0.358843
193 0.358896
194 0.358969
195 0.359015
196 0.359056
197 0.359086
198 0.359183
199 0.359183
200 0.359225
201 0.35926
202 0.359327
203 0.359361
204 0.359417
205 0.359607
206 0.359476
207 0.359555
208 0.359578
209 0.359651
210 0.359635
211 0.359737
212 0.359771
213 0.35983
214 0.359899
215 0.359937
216 0.360016
217 0.360002
218 0.360115
219 0.360079
220 0.360163
221 0.360231
222 0.36025
223 0.360308
224 0.360368
225 0.360327
226 0.360361
227 0.360418
228 0.360454
229 0.360504
230 0.360615
231 0.360624
232 0.360649
233 0.360646
234 0.360689
235 0.360814
236 0.360831
237 0.360839
238 0.360898
239 0.360864
240 0.360945
241 0.360968
242 0.360993
243 0.361075
244 0.361089
245 0.36118
246 0.361169
247 0.361177
248 0.361227
249 0.361312
250 0.361313
251 0.361405
252 0.361439
253 0.361393
254 0.361464
255 0.361541
256 0.36156
257 0.361576
258 0.361573
259 0.361626
260 0.361708
261 0.361718
262 0.361735
263 0.361778
264 0.361825
265 0.361841
266 0.361918
267 0.361965
268 0.361944
269 0.361954
270 0.361996
271 0.362042
272 0.362047
273 0.362094
274 0.362104
275 0.362182
276 0.362171
277 0.362215
278 0.362238
279 0.362306
280 0.362285
281 0.362306
282 0.362369
283 0.362396
284 0.362452
285 0.362421
286 0.362477
287 0.362509
288 0.362543
289 0.362599
290 0.362634
291 0.362647
292 0.362667
293 0.362709
294 0.362707
295 0.362773
296 0.362802
297 0.362804
298 0.362867
299 0.362858
300 0.362908
