1 0.500884
2 0.5
3 0.500454
4 0.5
5 0.52419
6 0.542086
7 0.555043
8 0.565237
9 0.572922
10 0.579801
11 0.585865
12 0.591195
13 0.594753
14 0.599819
15 0.608591
16 0.611917
17 0.613845
18 0.615872
19 0.618108
20 0.620738
21 0.62633
22 0.62981
23 0.633608
24 0.636662
25 0.640184
26 0.64509
27 0.647039
28 0.650311
29 0.654275
30 0.655974
31 0.659089
32 0.662036
33 0.664473
34 0.66683
35 0.668748
36 0.671542
37 0.673457
38 0.674511
39 0.676289
40 0.678867
41 0.680645
42 0.681562
43 0.683708
44 0.685022
45 0.686625
46 0.688287
47 0.690331
48 0.691031
49 0.693425
50 0.694676
51 0.696281
52 0.697394
53 0.698546
54 0.699728
55 0.701649
56 0.702334
57 0.703483
58 0.705009
59 0.705909
60 0.707175
61 0.707839
62 0.708992
63 0.709867
64 0.711103
65 0.71219
66 0.713654
67 0.714738
68 0.714914
69 0.716452
70 0.71745
71 0.718478
72 0.719211
73 0.719749
74 0.721032
75 0.721939
76 0.722653
77 0.723573
78 0.724271
79 0.725372
80 0.725915
81 0.726679
82 0.727637
83 0.72827
84 0.729405
85 0.729958
86 0.731092
87 0.731085
88 0.732773
89 0.732566
90 0.733455
91 0.734147
92 0.735334
93 0.735976
94 0.736405
95 0.737135
96 0.738135
97 0.738447
98 0.739024
99 0.740475
100 0.740585
101 0.741069
102 0.74224
103 0.742459
104 0.743894
105 0.744596
106 0.744972
107 0.74561
108 0.746069
109 0.746811
110 0.746962
111 0.747877
112 0.74849
113 0.748577
114 0.749202
115 0.750035
116 0.751076
117 0.751428
118 0.75211
119 0.752508
120 0.753428
121 0.753319
122 0.754312
123 0.754186
124 0.755225
125 0.755288
126 0.756299
127 0.756754
128 0.75671
129 0.75765
130 0.758001
131 0.759274
132 0.759242
133 0.759872
134 0.760278
135 0.760764
136 0.761587
137 0.761473
138 0.762136
139 0.76223
140 0.762806
141 0.763626
142 0.763668
143 0.764659
144 0.765323
145 0.765414
146 0.765752
147 0.766072
148 0.767435
149 0.767101
150 0.768039
151 0.767775
152 0.768887
153 0.769288
154 0.769466
155 0.769857
156 0.770302
157 0.770582
158 0.770839
159 0.771157
160 0.771879
161 0.772332
162 0.772727
163 0.773391
164 0.773949
165 0.773738
166 0.774433
167 0.774471
168 0.775773
169 0.775733
170 0.776255
171 0.776315
172 0.776718
173 0.776795
174 0.777397
175 0.778109
176 0.778476
177 0.778846
178 0.779234
179 0.779424
180 0.779043
181 0.780021
182 0.779656
183 0.781049
184 0.781555
185 0.781757
186 0.781776
187 0.782387
188 0.781608
189 0.782768
190 0.782842
191 0.783292
192 0.784223
193 0.784188
194 0.784444
195 0.784633
196 0.785285
197 0.785689
198 0.785882
199 0.785808
200 0.786806
201 0.786871
202 0.78713
203 0.787347
204 0.787508
205 0.788676
206 0.788435
207 0.788759
208 0.788352
209 0.789105
210 0.788871
211 0.789925
212 0.789609
213 0.790264
214 0.790834
215 0.791208
216 0.791416
217 0.791489
218 0.791827
219 0.792129
220 0.79243
221 0.792994
222 0.793128
223 0.793607
224 0.79413
225 0.793714
226 0.793705
227 0.794405
228 0.794689
229 0.794691
230 0.795579
231 0.795631
232 0.795882
233 0.796095
234 0.796232
235 0.796473
236 0.796935
237 0.797163
238 0.79731
239 0.797499
240 0.797803
241 0.798319
242 0.798227
243 0.798797
244 0.798674
245 0.799486
246 0.799241
247 0.799714
248 0.799984
249 0.800277
250 0.800315
251 0.800562
252 0.801149
253 0.801087
254 0.80089
255 0.801613
256 0.802261
257 0.802051
258 0.801788
259 0.80226
260 0.803081
261 0.803076
262 0.803428
263 0.80349
264 0.803931
265 0.804077
266 0.804774
267 0.804935
268 0.804776
269 0.804923
270 0.805181
271 0.805849
272 0.805651
273 0.805814
274 0.805846
275 0.80636
276 0.806863
277 0.806538
278 0.806813
279 0.807055
280 0.807136
281 0.807019
282 0.807822
283 0.80784
284 0.808486
285 0.808126
286 0.80873
287 0.808684
288 0.809324
289 0.809586
290 0.809654
291 0.809621
292 0.809912
293 0.810476
294 0.810102
295 0.810638
296 0.810803
297 0.810856
298 0.811192
299 0.811007
300 0.811557
