1 0.458696
2 0.45833
3 0.458519
4 0.457919
5 0.469958
6 0.471195
7 0.470835
8 0.471426
9 0.471403
10 0.471464
11 0.471494
12 0.471823
13 0.472107
14 0.471953
15 0.473287
16 0.47395
17 0.474365
18 0.474494
19 0.474585
20 0.474918
21 0.475397
22 0.475949
23 0.476231
24 0.476222
25 0.47627
26 0.477077
27 0.477131
28 0.477081
29 0.477375
30 0.477147
31 0.4776
32 0.477988
33 0.47781
34 0.477831
35 0.478277
36 0.478289
37 0.478508
38 0.478564
39 0.478486
40 0.47843
41 0.478789
42 0.478969
43 0.478955
44 0.478929
45 0.478951
46 0.479039
47 0.479022
48 0.479142
49 0.479171
50 0.479346
51 0.479353
52 0.479495
53 0.479515
54 0.479352
55 0.479444
56 0.479745
57 0.479717
58 0.480039
59 0.479781
60 0.479612
61 0.479566
62 0.479982
63 0.479869
64 0.479943
65 0.480071
66 0.479883
67 0.479713
68 0.480076
69 0.480078
70 0.48016
71 0.480231
72 0.480148
73 0.480226
74 0.480347
75 0.480361
76 0.480261
77 0.480165
78 0.48024
79 0.480294
80 0.48044
81 0.480523
82 0.480556
83 0.480532
84 0.480595
85 0.480585
86 0.480623
87 0.480601
88 0.480632
89 0.480734
90 0.480468
91 0.480559
92 0.480714
93 0.48074
94 0.480764
95 0.480844
96 0.48085
97 0.481007
98 0.48084
99 0.480755
100 0.480845
101 0.480798
102 0.481074
103 0.481161
104 0.481165
105 0.481232
106 0.481166
107 0.481016
108 0.481279
109 0.481357
110 0.481303
111 0.480948
112 0.481213
113 0.481243
114 0.481413
115 0.481262
116 0.481457
117 0.481259
118 0.481343
119 0.481311
120 0.481584
121 0.48137
122 0.481443
123 0.481514
124 0.481533
125 0.481123
126 0.4815
127 0.481202
128 0.481485
129 0.481575
130 0.481723
131 0.481812
132 0.481557
133 0.481398
134 0.481689
135 0.481733
136 0.481645
137 0.481748
138 0.481801
139 0.481633
140 0.481668
141 0.481901
142 0.481786
143 0.481908
144 0.482062
145 0.481807
146 0.481762
147 0.48205
148 0.481991
149 0.481843
150 0.481777
151 0.481985
152 0.481775
153 0.482029
154 0.481875
155 0.481818
156 0.48189
157 0.482141
158 0.482083
159 0.482021
160 0.481902
161 0.482043
162 0.481819
163 0.481958
164 0.482129
165 0.482064
166 0.482099
167 0.482199
168 0.482018
169 0.482233
170 0.482144
171 0.482205
172 0.482011
173 0.482069
174 0.482133
175 0.482316
176 0.482228
177 0.482168
178 0.482389
179 0.482214
180 0.482217
181 0.482232
182 0.482522
183 0.482363
184 0.482355
185 0.482529
186 0.482155
187 0.482249
188 0.482469
189 0.482281
190 0.48245
191 0.482525
192 0.482443
193 0.482623
194 0.482441
195 0.482315
196 0.482583
197 0.482485
198 0.482449
199 0.482311
200 0.482634
201 0.482381
202 0.482507
203 0.482502
204 0.482783
205 0.482742
206 0.482177
207 0.482168
208 0.48235
209 0.482648
210 0.482336
211 0.482525
212 0.482751
213 0.482531
214 0.482525
215 0.482673
216 0.482702
217 0.482489
218 0.48257
219 0.482505
220 0.482572
221 0.482778
222 0.482584
223 0.482715
224 0.482733
225 0.48274
226 0.482601
227 0.482912
228 0.482955
229 0.482621
230 0.482703
231 0.48285
232 0.482567
233 0.482818
234 0.482816
235 0.482931
236 0.48286
237 0.482791
238 0.482668
239 0.482882
240 0.482738
241 0.482735
242 0.482751
243 0.482774
244 0.483066
245 0.48274
246 0.482911
247 0.482798
248 0.482717
249 0.482655
250 0.482704
251 0.482943
252 0.48296
253 0.482843
254 0.482741
255 0.48284
256 0.482691
257 0.48286
258 0.482771
259 0.482809
260 0.482852
261 0.482933
262 0.483009
263 0.483023
264 0.483001
265 0.482939
266 0.4829
267 0.483045
268 0.482858
269 0.483088
270 0.482855
271 0.482899
272 0.482914
273 0.482807
274 0.482812
275 0.483041
276 0.482937
277 0.483086
278 0.482856
279 0.483009
280 0.483043
281 0.483009
282 0.483042
283 0.482902
284 0.483057
285 0.482954
286 0.48289
287 0.482862
288 0.482923
289 0.482879
290 0.483023
291 0.483018
292 0.483213
293 0.483186
294 0.483071
295 0.483156
296 0.483098
297 0.483027
298 0.482851
299 0.483134
300 0.483249
