1 0.458696
2 0.324041
3 0.272423
4 0.239287
5 0.222025
6 0.210378
7 0.201673
8 0.195251
9 0.189763
10 0.185648
11 0.181959
12 0.17892
13 0.176244
14 0.17397
15 0.171312
16 0.169401
17 0.167398
18 0.165552
19 0.163748
20 0.162184
21 0.15982
22 0.158572
23 0.15728
24 0.156277
25 0.155103
26 0.153996
27 0.153493
28 0.152559
29 0.151721
30 0.151443
31 0.150565
32 0.149694
33 0.149364
34 0.148905
35 0.148023
36 0.147612
37 0.147121
38 0.14667
39 0.146002
40 0.14561
41 0.144836
42 0.144603
43 0.144434
44 0.144159
45 0.143661
46 0.143507
47 0.143003
48 0.142757
49 0.142503
50 0.142084
51 0.141981
52 0.141696
53 0.141492
54 0.141397
55 0.141049
56 0.140878
57 0.140634
58 0.140539
59 0.140236
60 0.140124
61 0.139876
62 0.139794
63 0.13946
64 0.139252
65 0.139286
66 0.139005
67 0.138811
68 0.138792
69 0.138708
70 0.138424
71 0.138454
72 0.138272
73 0.138168
74 0.138059
75 0.137988
76 0.137801
77 0.137792
78 0.137636
79 0.137435
80 0.137333
81 0.137296
82 0.137102
83 0.137105
84 0.137
85 0.136881
86 0.136853
87 0.136759
88 0.13668
89 0.136456
90 0.136568
91 0.136405
92 0.136333
93 0.136343
94 0.136202
95 0.136043
96 0.136061
97 0.135999
98 0.135899
99 0.13583
100 0.135669
101 0.135702
102 0.135657
103 0.135597
104 0.135409
105 0.135308
106 0.135392
107 0.135216
108 0.135246
109 0.135211
110 0.135101
111 0.135044
112 0.135118
113 0.135017
114 0.135029
115 0.134905
116 0.134851
117 0.134647
118 0.134637
119 0.134577
120 0.134555
121 0.134583
122 0.13451
123 0.134403
124 0.134337
125 0.134453
126 0.134307
127 0.134246
128 0.134164
129 0.134126
130 0.134165
131 0.134086
132 0.134022
133 0.13399
134 0.134027
135 0.133992
136 0.133867
137 0.133872
138 0.13383
139 0.133841
140 0.133754
141 0.133702
142 0.133609
143 0.133559
144 0.133519
145 0.133552
146 0.133484
147 0.133513
148 0.133491
149 0.133388
150 0.133313
151 0.133447
152 0.133278
153 0.133348
154 0.133313
155 0.133164
156 0.1332
157 0.13318
158 0.133146
159 0.133181
160 0.133124
161 0.13309
162 0.132953
163 0.132951
164 0.133038
165 0.132911
166 0.13293
167 0.132921
168 0.132878
169 0.1328
170 0.132794
171 0.13283
172 0.132696
173 0.132701
174 0.13271
175 0.132667
176 0.132671
177 0.132613
178 0.132569
179 0.132462
180 0.132584
181 0.132428
182 0.132488
183 0.132434
184 0.13247
185 0.132409
186 0.132381
187 0.132376
188 0.132425
189 0.132281
190 0.132258
191 0.132317
192 0.132199
193 0.132207
194 0.132239
195 0.132155
196 0.132099
197 0.132094
198 0.132164
199 0.132139
200 0.132025
201 0.132139
202 0.13194
203 0.132052
204 0.131967
205 0.131814
206 0.131977
207 0.131924
208 0.131958
209 0.13194
210 0.131923
211 0.131858
212 0.131795
213 0.13188
214 0.131777
215 0.131785
216 0.131902
217 0.131737
218 0.13179
219 0.131734
220 0.131659
221 0.131668
222 0.131684
223 0.131622
224 0.131639
225 0.131636
226 0.131579
227 0.131619
228 0.13165
229 0.131576
230 0.131607
231 0.131521
232 0.131509
233 0.131487
234 0.131477
235 0.131497
236 0.131375
237 0.131379
238 0.131406
239 0.131386
240 0.13138
241 0.131456
242 0.131414
243 0.13139
244 0.131304
245 0.131232
246 0.1313
247 0.13132
248 0.131271
249 0.131313
250 0.131201
251 0.131241
252 0.131232
253 0.131211
254 0.131217
255 0.131126
256 0.131159
257 0.131145
258 0.131082
259 0.131147
260 0.131113
261 0.131162
262 0.131128
263 0.13111
264 0.131024
265 0.131067
266 0.131018
267 0.131034
268 0.131077
269 0.131052
270 0.13103
271 0.130975
272 0.130963
273 0.130891
274 0.130857
275 0.130934
276 0.130844
277 0.130912
278 0.130912
279 0.130955
280 0.130919
281 0.130804
282 0.130847
283 0.130841
284 0.130862
285 0.130789
286 0.130819
287 0.13076
288 0.130846
289 0.130731
290 0.130717
291 0.130736
292 0.130744
293 0.130692
294 0.130767
295 0.130728
296 0.130673
297 0.130668
298 0.130697
299 0.130676
300 0.130666
