1 0.5
2 0.353273
3 0.288759
4 0.263296
5 0.246443
6 0.236732
7 0.231632
8 0.228651
9 0.226218
10 0.224948
11 0.223849
12 0.222648
13 0.22236
14 0.221464
15 0.221046
16 0.220282
17 0.219459
18 0.219187
19 0.218832
20 0.217933
21 0.217397
22 0.217092
23 0.216758
24 0.21613
25 0.215612
26 0.215282
27 0.215303
28 0.21406
29 0.213568
30 0.212743
31 0.212456
32 0.211721
33 0.211746
34 0.211148
35 0.211094
36 0.210715
37 0.210299
38 0.209832
39 0.209722
40 0.209293
41 0.208981
42 0.208842
43 0.208692
44 0.208557
45 0.208506
46 0.208235
47 0.208065
48 0.207824
49 0.207544
50 0.207385
51 0.207225
52 0.207182
53 0.20719
54 0.206978
55 0.206771
56 0.206646
57 0.206919
58 0.206387
59 0.206207
60 0.206171
61 0.206115
62 0.205925
63 0.205746
64 0.205256
65 0.205561
66 0.205399
67 0.205142
68 0.205086
69 0.204929
70 0.20488
71 0.204714
72 0.204625
73 0.204153
74 0.204478
75 0.204278
76 0.204242
77 0.204049
78 0.203877
79 0.203691
80 0.203639
81 0.203627
82 0.203364
83 0.203467
84 0.203194
85 0.202881
86 0.203085
87 0.203021
88 0.202847
89 0.202874
90 0.202658
91 0.202718
92 0.202487
93 0.202542
94 0.202377
95 0.202223
96 0.202134
97 0.202124
98 0.201818
99 0.201899
100 0.201743
101 0.201599
102 0.201428
103 0.20168
104 0.201503
105 0.201539
106 0.201259
107 0.201093
108 0.201194
109 0.201004
110 0.201068
111 0.201009
112 0.200925
113 0.200782
114 0.200639
115 0.200762
116 0.200606
117 0.200725
118 0.200436
119 0.20041
120 0.200385
121 0.200272
122 0.200303
123 0.200095
124 0.200149
125 0.200035
126 0.200014
127 0.199929
128 0.199898
129 0.199917
130 0.199832
131 0.199764
132 0.19967
133 0.199607
134 0.199621
135 0.199751
136 0.19962
137 0.199537
138 0.199547
139 0.199549
140 0.199515
141 0.199527
142 0.199504
143 0.199468
144 0.199458
145 0.199401
146 0.199537
147 0.1993
148 0.199341
149 0.199358
150 0.199316
151 0.199277
152 0.199348
153 0.199319
154 0.199266
155 0.199296
156 0.199161
157 0.199217
158 0.199145
159 0.19931
160 0.199136
161 0.199198
162 0.199229
163 0.199169
164 0.199125
165 0.199155
166 0.199203
167 0.199172
168 0.199019
169 0.198934
170 0.198755
171 0.199455
172 0.199076
173 0.199048
174 0.198981
175 0.198946
176 0.198949
177 0.198916
178 0.19902
179 0.198944
180 0.198952
181 0.198813
182 0.198939
183 0.198927
184 0.198908
185 0.198809
186 0.198948
187 0.198813
188 0.198862
189 0.198817
190 0.19875
191 0.198824
192 0.198646
193 0.198756
194 0.198789
195 0.198884
196 0.19867
197 0.198812
198 0.198745
199 0.198676
200 0.198679
201 0.198593
202 0.198598
203 0.198591
204 0.198635
205 0.198363
206 0.19859
207 0.198588
208 0.198551
209 0.198548
210 0.198585
211 0.198534
212 0.198489
213 0.19853
214 0.198478
215 0.198472
216 0.198508
217 0.198463
218 0.19844
219 0.198425
220 0.198486
221 0.198451
222 0.198414
223 0.198472
224 0.198391
225 0.198441
226 0.198391
227 0.198447
228 0.19836
229 0.198395
230 0.198381
231 0.198324
232 0.19838
233 0.198372
234 0.198317
235 0.198328
236 0.198318
237 0.198212
238 0.198244
239 0.198325
240 0.198234
241 0.198085
242 0.198259
243 0.198259
244 0.198204
245 0.198172
246 0.19813
247 0.198145
248 0.198255
249 0.198228
250 0.198152
251 0.198108
252 0.198108
253 0.198067
254 0.198066
255 0.197878
256 0.19818
257 0.198326
258 0.198202
259 0.198111
260 0.198086
261 0.198126
262 0.198012
263 0.198078
264 0.198046
265 0.198
266 0.197966
267 0.198067
268 0.198006
269 0.197949
270 0.198042
271 0.197892
272 0.197972
273 0.198141
274 0.19793
275 0.197946
276 0.197909
277 0.197965
278 0.197929
279 0.197904
280 0.197932
281 0.197933
282 0.197962
283 0.197887
284 0.197911
285 0.197824
286 0.197888
287 0.197816
288 0.197858
289 0.197796
290 0.19782
291 0.197866
292 0.197899
293 0.197786
294 0.197771
295 0.197838
296 0.197738
297 0.197808
298 0.19782
299 0.197729
300 0.197772
