1 0.499999
2 0.499896
3 0.500201
4 0.531341
5 0.551525
6 0.569146
7 0.583356
8 0.595292
9 0.605114
10 0.6134
11 0.620435
12 0.626655
13 0.631795
14 0.636416
15 0.640612
16 0.644367
17 0.647685
18 0.650663
19 0.653122
20 0.655571
21 0.657829
22 0.660129
23 0.662189
24 0.664151
25 0.665942
26 0.667641
27 0.669006
28 0.670344
29 0.671271
30 0.672435
31 0.673571
32 0.6748
33 0.675951
34 0.677168
35 0.678156
36 0.67929
37 0.680049
38 0.680967
39 0.681804
40 0.682727
41 0.683588
42 0.684353
43 0.685132
44 0.685944
45 0.686646
46 0.68739
47 0.688118
48 0.688839
49 0.689499
50 0.69018
51 0.690833
52 0.691399
53 0.691957
54 0.692586
55 0.69312
56 0.693666
57 0.694087
58 0.694731
59 0.695209
60 0.695664
61 0.696128
62 0.696502
63 0.696871
64 0.697336
65 0.697714
66 0.698137
67 0.698574
68 0.698985
69 0.699363
70 0.69976
71 0.700171
72 0.700537
73 0.701037
74 0.701246
75 0.70162
76 0.701924
77 0.702174
78 0.70244
79 0.702762
80 0.703064
81 0.703369
82 0.703689
83 0.703943
84 0.704272
85 0.704615
86 0.704829
87 0.705107
88 0.705282
89 0.705431
90 0.705743
91 0.705968
92 0.706284
93 0.706495
94 0.706819
95 0.707067
96 0.707335
97 0.707504
98 0.707678
99 0.70786
100 0.708071
101 0.708299
102 0.708572
103 0.708712
104 0.708979
105 0.709135
106 0.709354
107 0.709541
108 0.709746
109 0.70995
110 0.710143
111 0.710353
112 0.710563
113 0.710739
114 0.710892
115 0.711041
116 0.711222
117 0.71136
118 0.711619
119 0.711788
120 0.711938
121 0.712078
122 0.712216
123 0.7124
124 0.712565
125 0.712743
126 0.712907
127 0.713058
128 0.713176
129 0.713277
130 0.713442
131 0.713601
132 0.713765
133 0.713952
134 0.714103
135 0.714254
136 0.714423
137 0.714585
138 0.714735
139 0.714888
140 0.715036
141 0.715192
142 0.71535
143 0.715491
144 0.715641
145 0.715804
146 0.715919
147 0.716088
148 0.716225
149 0.716368
150 0.716504
151 0.716631
152 0.716772
153 0.716912
154 0.717039
155 0.717179
156 0.717306
157 0.717444
158 0.717574
159 0.71769
160 0.71783
161 0.71795
162 0.718078
163 0.718184
164 0.718318
165 0.718422
166 0.718537
167 0.718657
168 0.718787
169 0.718916
170 0.719078
171 0.719
172 0.719218
173 0.719343
174 0.719464
175 0.719576
176 0.719692
177 0.719817
178 0.719888
179 0.720014
180 0.720107
181 0.72021
182 0.720298
183 0.720402
184 0.720512
185 0.720615
186 0.720684
187 0.720816
188 0.720906
189 0.721001
190 0.721102
191 0.721201
192 0.7213
193 0.721387
194 0.72148
195 0.721528
196 0.721664
197 0.721726
198 0.72184
199 0.721947
200 0.722029
201 0.722121
202 0.722203
203 0.72229
204 0.722365
205 0.722516
206 0.72254
207 0.722615
208 0.722707
209 0.722803
210 0.722858
211 0.722941
212 0.723035
213 0.723121
214 0.72319
215 0.723266
216 0.723336
217 0.7234
218 0.723491
219 0.723579
220 0.723632
221 0.723714
222 0.723794
223 0.723864
224 0.723944
225 0.724015
226 0.724092
227 0.724157
228 0.724243
229 0.724306
230 0.724375
231 0.724444
232 0.724515
233 0.724564
234 0.724633
235 0.724699
236 0.724775
237 0.724846
238 0.724908
239 0.724958
240 0.725046
241 0.725154
242 0.725171
243 0.725249
244 0.725304
245 0.725359
246 0.725432
247 0.725495
248 0.725554
249 0.725619
250 0.725684
251 0.725744
252 0.72581
253 0.725888
254 0.725953
255 0.726052
256 0.726052
257 0.726043
258 0.726139
259 0.726216
260 0.726276
261 0.726331
262 0.726405
263 0.72646
264 0.726517
265 0.726575
266 0.72664
267 0.726681
268 0.726746
269 0.726797
270 0.726843
271 0.726914
272 0.726953
273 0.726957
274 0.727052
275 0.727109
276 0.727157
277 0.72721
278 0.727259
279 0.727312
280 0.727368
281 0.727415
282 0.72747
283 0.727521
284 0.727578
285 0.727621
286 0.727677
287 0.727725
288 0.727769
289 0.727819
290 0.727871
291 0.727909
292 0.727946
293 0.728023
294 0.728054
295 0.728096
296 0.728151
297 0.728194
298 0.728248
299 0.728289
300 0.728338
