1 0.250382
2 0.249361
3 0.250024
4 0.125351
5 0.117911
6 0.0925847
7 0.0815537
8 0.0706656
9 0.0655978
10 0.0636274
11 0.0588115
12 0.0543375
13 0.0553864
14 0.0540474
15 0.0499953
16 0.048885
17 0.0500881
18 0.0476649
19 0.0509999
20 0.0497321
21 0.0454388
22 0.0413335
23 0.0409352
24 0.0415733
25 0.0414595
26 0.0400212
27 0.0425638
28 0.0458934
29 0.0526406
30 0.0455814
31 0.0402445
32 0.0384236
33 0.0358553
34 0.0354391
35 0.0350864
36 0.0325228
37 0.0415726
38 0.0361489
39 0.0344092
40 0.0333522
41 0.0326612
42 0.0314279
43 0.0318758
44 0.0300392
45 0.0311611
46 0.0296982
47 0.0295987
48 0.0286313
49 0.0288411
50 0.0275525
51 0.0276275
52 0.0274391
53 0.0269496
54 0.0265253
55 0.02691
56 0.0259947
57 0.0253307
58 0.0263406
59 0.0274676
60 0.0252259
61 0.0247036
62 0.0307753
63 0.0289294
64 0.0260845
65 0.0253612
66 0.0254312
67 0.0240379
68 0.0239067
69 0.0239205
70 0.0231029
71 0.022677
72 0.022607
73 0.0223145
74 0.0221452
75 0.0230842
76 0.0255275
77 0.0279605
78 0.0266526
79 0.0230192
80 0.0223908
81 0.022878
82 0.0219502
83 0.0216059
84 0.0211419
85 0.0210972
86 0.0208059
87 0.0219565
88 0.0296706
89 0.0248775
90 0.0215878
91 0.0196612
92 0.0190291
93 0.0193411
94 0.018684
95 0.0181958
96 0.0180584
97 0.0260198
98 0.0263476
99 0.0224931
100 0.0221815
101 0.019423
102 0.0180408
103 0.0175234
104 0.0167369
105 0.0210219
106 0.0241003
107 0.0205559
108 0.0181262
109 0.017434
110 0.0172225
111 0.0171422
112 0.0164638
113 0.0217293
114 0.0223502
115 0.0197273
116 0.0181218
117 0.0168212
118 0.015727
119 0.0159829
120 0.0196475
121 0.0220542
122 0.0181704
123 0.0167237
124 0.0160942
125 0.0159927
126 0.0151652
127 0.0201633
128 0.0209714
129 0.0192221
130 0.0175424
131 0.0160837
132 0.015075
133 0.0146493
134 0.0142688
135 0.0144578
136 0.0139842
137 0.0135701
138 0.0134969
139 0.0132106
140 0.0136226
141 0.0140814
142 0.0133716
143 0.013122
144 0.0130604
145 0.0127176
146 0.0126536
147 0.0124811
148 0.012856
149 0.0136609
150 0.0132381
151 0.0128597
152 0.0124278
153 0.0122867
154 0.0124271
155 0.0126353
156 0.012291
157 0.0120504
158 0.0120019
159 0.0118947
160 0.0119571
161 0.0118714
162 0.0119369
163 0.0115604
164 0.0115519
165 0.0119049
166 0.0120576
167 0.012024
168 0.0114508
169 0.0112213
170 0.0112999
171 0.0112311
172 0.0112699
173 0.0114637
174 0.0113401
175 0.01092
176 0.0111004
177 0.0110676
178 0.0109369
179 0.0110181
180 0.0118652
181 0.0113805
182 0.0113512
183 0.0110818
184 0.0109304
185 0.0108238
186 0.0104621
187 0.0104008
188 0.0105037
189 0.0105028
190 0.0106127
191 0.0105406
192 0.0104194
193 0.0108712
194 0.0109263
195 0.0107035
196 0.0106233
197 0.0106763
198 0.0103426
199 0.0102228
200 0.0102639
201 0.0102281
202 0.0107947
203 0.01054
204 0.0102866
205 0.0101112
206 0.0101272
207 0.00999539
208 0.00982678
209 0.00984912
210 0.00988644
211 0.00978846
212 0.0104825
213 0.0102285
214 0.0100764
215 0.00992384
216 0.00993185
217 0.00963409
218 0.00956774
219 0.0096159
220 0.00941531
221 0.00942771
222 0.00953065
223 0.00931367
224 0.0091784
225 0.00939089
226 0.00956483
227 0.00939415
228 0.00959401
229 0.00933691
230 0.00920973
231 0.00948639
232 0.00942581
233 0.0101161
234 0.00954878
235 0.00956734
236 0.00942796
237 0.00920304
238 0.0092564
239 0.00898541
240 0.00898633
241 0.00905865
242 0.00904871
243 0.0089892
244 0.00893957
245 0.00892764
246 0.00866914
247 0.0087995
248 0.00888176
249 0.00880538
250 0.00876167
251 0.00869036
252 0.00862683
253 0.00866739
254 0.0086445
255 0.00865936
256 0.00854445
257 0.0086494
258 0.00858428
259 0.0085395
260 0.00837532
261 0.00852112
262 0.00849903
263 0.00846194
264 0.00855726
265 0.00842782
266 0.0084607
267 0.00849869
268 0.00865631
269 0.00926691
270 0.00879517
271 0.00851798
272 0.00845066
273 0.00835045
274 0.00814563
275 0.00818709
276 0.00824708
277 0.0083233
278 0.00830935
279 0.0080953
280 0.00808064
281 0.0080213
282 0.00800066
283 0.00799372
284 0.00799367
285 0.00790839
286 0.00801232
287 0.00812438
288 0.00822737
289 0.00803101
290 0.00799939
291 0.00801589
292 0.00869436
293 0.00864356
294 0.0081259
295 0.00798722
296 0.00800247
297 0.00783403
298 0.00777997
299 0.00766825
300 0.0077118
