1 0.5
2 0.5
3 0.5
4 0.484185
5 0.482155
6 0.474645
7 0.470835
8 0.466819
9 0.4647
10 0.463754
11 0.462105
12 0.460463
13 0.460673
14 0.460136
15 0.45845
16 0.457951
17 0.458453
18 0.457099
19 0.458718
20 0.458245
21 0.456203
22 0.454652
23 0.454571
24 0.454679
25 0.45462
26 0.453804
27 0.454748
28 0.456465
29 0.459394
30 0.456328
31 0.453833
32 0.452823
33 0.452044
34 0.451677
35 0.451401
36 0.450043
37 0.454694
38 0.45196
39 0.451087
40 0.450761
41 0.450438
42 0.449751
43 0.449905
44 0.449097
45 0.449401
46 0.449018
47 0.448605
48 0.447813
49 0.448683
50 0.44744
51 0.447904
52 0.447664
53 0.447718
54 0.447471
55 0.447593
56 0.447117
57 0.446829
58 0.447091
59 0.447882
60 0.446906
61 0.446436
62 0.449285
63 0.448319
64 0.447262
65 0.446826
66 0.447009
67 0.445898
68 0.445562
69 0.446054
70 0.445302
71 0.445333
72 0.445379
73 0.445091
74 0.445287
75 0.445865
76 0.446497
77 0.448101
78 0.447236
79 0.445531
80 0.445332
81 0.445299
82 0.444847
83 0.444859
84 0.444396
85 0.444269
86 0.444345
87 0.445051
88 0.449109
89 0.44679
90 0.44479
91 0.444019
92 0.443582
93 0.443521
94 0.442957
95 0.443126
96 0.443005
97 0.446916
98 0.447451
99 0.445485
100 0.445053
101 0.443835
102 0.442998
103 0.44252
104 0.442057
105 0.444425
106 0.445857
107 0.444231
108 0.442873
109 0.442969
110 0.44245
111 0.442481
112 0.442066
113 0.444613
114 0.445126
115 0.443823
116 0.443219
117 0.442424
118 0.441785
119 0.441766
120 0.443878
121 0.445275
122 0.443008
123 0.44216
124 0.442232
125 0.442028
126 0.44138
127 0.443968
128 0.444364
129 0.443541
130 0.442823
131 0.442196
132 0.441707
133 0.440819
134 0.440799
135 0.440801
136 0.440579
137 0.440797
138 0.440443
139 0.440789
140 0.440887
141 0.440583
142 0.440601
143 0.440519
144 0.440475
145 0.440013
146 0.439895
147 0.440279
148 0.439994
149 0.440616
150 0.440136
151 0.440091
152 0.440249
153 0.439685
154 0.440135
155 0.440041
156 0.44
157 0.439683
158 0.43978
159 0.439607
160 0.439415
161 0.43985
162 0.439571
163 0.439809
164 0.439795
165 0.439908
166 0.439797
167 0.440038
168 0.439686
169 0.439423
170 0.439524
171 0.439234
172 0.439318
173 0.439443
174 0.439489
175 0.43901
176 0.439189
177 0.439091
178 0.439346
179 0.439331
180 0.440007
181 0.439468
182 0.43923
183 0.439075
184 0.439469
185 0.439125
186 0.439009
187 0.43908
188 0.43913
189 0.438723
190 0.439085
191 0.438618
192 0.438938
193 0.438901
194 0.439481
195 0.438957
196 0.438922
197 0.439231
198 0.43885
199 0.438568
200 0.438395
201 0.438712
202 0.439112
203 0.438902
204 0.438801
205 0.438623
206 0.438678
207 0.438827
208 0.4385
209 0.438954
210 0.438512
211 0.438664
212 0.438852
213 0.438657
214 0.439094
215 0.438752
216 0.439057
217 0.438942
218 0.43852
219 0.438344
220 0.438516
221 0.438312
222 0.438256
223 0.438689
224 0.438077
225 0.438511
226 0.43838
227 0.438274
228 0.438376
229 0.438723
230 0.438407
231 0.437928
232 0.438594
233 0.43875
234 0.43867
235 0.438484
236 0.438416
237 0.43811
238 0.438141
239 0.438015
240 0.438183
241 0.438132
242 0.438091
243 0.438156
244 0.438103
245 0.438281
246 0.437912
247 0.438058
248 0.43802
249 0.438295
250 0.438329
251 0.437985
252 0.43786
253 0.437601
254 0.438052
255 0.437626
256 0.437635
257 0.437826
258 0.437789
259 0.437933
260 0.437768
261 0.438208
262 0.437619
263 0.437679
264 0.438124
265 0.437794
266 0.437811
267 0.437611
268 0.438152
269 0.438496
270 0.438202
271 0.437757
272 0.437815
273 0.438154
274 0.437829
275 0.437522
276 0.437738
277 0.437738
278 0.438013
279 0.437389
280 0.43771
281 0.437616
282 0.437508
283 0.437593
284 0.437768
285 0.437318
286 0.437532
287 0.437933
288 0.437867
289 0.437892
290 0.437555
291 0.437513
292 0.437998
293 0.437573
294 0.437469
295 0.437395
296 0.437268
297 0.437368
298 0.437675
299 0.437353
300 0.437607
