1 0
2 0.666667
3 0.333333
4 0.368421
5 0.45
6 0.4
7 0.342342
8 0.28169
9 0.291139
10 0.269065
11 0.269595
12 0.262534
13 0.252451
14 0.246476
15 0.237362
16 0.230382
17 0.223203
18 0.215712
19 0.207936
20 0.201442
21 0.195196
22 0.188987
23 0.183265
24 0.178304
25 0.17349
26 0.169119
27 0.16497
28 0.161096
29 0.157482
30 0.154069
31 0.150783
32 0.147697
33 0.144726
34 0.141856
35 0.139161
36 0.136596
37 0.13405
38 0.131658
39 0.129347
40 0.127117
41 0.124965
42 0.12291
43 0.120888
44 0.118971
45 0.117104
46 0.115304
47 0.113548
48 0.111848
49 0.110206
50 0.108627
51 0.10709
52 0.105606
53 0.104159
54 0.102771
55 0.1014
56 0.10009
57 0.0988026
58 0.0975507
59 0.0963471
60 0.0951791
61 0.094043
62 0.0929422
63 0.0918661
64 0.0908238
65 0.0898159
66 0.0888291
67 0.0878676
68 0.0869325
69 0.0860209
70 0.0851245
71 0.084259
72 0.0834126
73 0.0825901
74 0.0817864
75 0.0810008
76 0.0802341
77 0.0794852
78 0.0787529
79 0.0780373
80 0.0773433
81 0.0766636
82 0.0759962
83 0.0753496
84 0.0747132
85 0.0740945
86 0.0734894
87 0.0728968
88 0.0723169
89 0.0717488
90 0.0711924
91 0.070649
92 0.0701177
93 0.0695961
94 0.0690845
95 0.0685849
96 0.068095
97 0.0676128
98 0.0671425
99 0.0666813
100 0.0662281
