1 0.500025
2 0.582877
3 0.625593
4 0.631426
5 0.646578
6 0.657937
7 0.670072
8 0.678362
9 0.68472
10 0.687821
11 0.687143
12 0.689769
13 0.690705
14 0.694808
15 0.693446
16 0.690082
17 0.682173
18 0.689168
19 0.696311
20 0.697423
21 0.704959
22 0.707783
23 0.709044
24 0.710416
25 0.711256
26 0.712116
27 0.687804
28 0.691687
29 0.704526
30 0.70912
31 0.713928
32 0.716453
33 0.717481
34 0.718242
35 0.718497
36 0.718584
37 0.720552
38 0.7224
39 0.722819
40 0.722822
41 0.720414
42 0.723117
43 0.723173
44 0.722486
45 0.724421
46 0.725162
47 0.725643
48 0.725773
49 0.725289
50 0.726267
51 0.726277
52 0.725738
53 0.7264
54 0.726988
55 0.727541
56 0.728054
57 0.728354
58 0.729044
59 0.72878
60 0.728099
61 0.727618
62 0.728546
63 0.729061
64 0.728605
65 0.727844
66 0.728257
67 0.730504
68 0.729696
69 0.730526
70 0.73031
71 0.730177
72 0.729855
73 0.729738
74 0.730532
75 0.73137
76 0.731233
77 0.731223
78 0.732626
79 0.732234
80 0.730755
81 0.730588
82 0.731588
83 0.730892
84 0.731349
85 0.731941
86 0.732688
87 0.732748
88 0.732175
89 0.732706
90 0.733187
91 0.732694
92 0.732534
93 0.733482
94 0.733443
95 0.733522
96 0.733524
97 0.733267
98 0.733411
99 0.73319
100 0.734231
101 0.733739
102 0.733744
103 0.733025
104 0.731713
105 0.732943
106 0.734889
107 0.733646
108 0.73439
109 0.734447
110 0.734299
111 0.733633
112 0.734628
113 0.734295
114 0.734067
115 0.735071
116 0.734779
117 0.736511
118 0.736493
119 0.736062
120 0.736715
121 0.735697
122 0.736551
123 0.735993
124 0.735231
125 0.736542
126 0.734963
127 0.735744
128 0.736705
129 0.733579
130 0.735095
131 0.736011
132 0.735445
133 0.736157
134 0.736883
135 0.73637
136 0.736837
137 0.737208
138 0.737043
139 0.736774
140 0.736256
141 0.736166
142 0.737788
143 0.737073
144 0.737209
145 0.736893
146 0.737223
147 0.73802
148 0.735585
149 0.736506
150 0.736299
151 0.737672
152 0.738023
153 0.73725
154 0.737743
155 0.738132
156 0.737441
157 0.738334
158 0.737418
159 0.738084
160 0.73934
161 0.738561
162 0.738441
163 0.739381
164 0.73674
165 0.737716
166 0.738057
167 0.7388
168 0.73853
169 0.738957
170 0.738338
171 0.738314
172 0.738414
173 0.738625
174 0.738753
175 0.739179
176 0.737495
177 0.737945
178 0.737344
179 0.738583
180 0.738472
181 0.738599
182 0.738831
183 0.73877
184 0.739453
185 0.739455
186 0.739133
187 0.737325
188 0.738077
189 0.738345
190 0.738388
191 0.738661
192 0.73983
193 0.739267
194 0.738948
195 0.738749
196 0.738763
197 0.73774
198 0.738918
199 0.738976
200 0.739077
201 0.73898
202 0.738045
203 0.739607
204 0.737508
205 0.737896
206 0.739227
207 0.738245
208 0.738683
209 0.739974
210 0.739484
211 0.739535
212 0.740154
213 0.739524
214 0.739815
215 0.739918
216 0.739772
217 0.739646
218 0.73993
219 0.73876
220 0.739725
221 0.739984
222 0.739392
223 0.739848
224 0.739323
225 0.740051
226 0.74022
227 0.739521
228 0.739659
229 0.739272
230 0.739185
231 0.738725
232 0.7378
233 0.738036
234 0.739218
235 0.739897
236 0.740478
237 0.740854
238 0.740513
239 0.7398
240 0.740019
241 0.740268
242 0.740292
243 0.740392
244 0.739782
245 0.740667
246 0.740219
247 0.741297
248 0.740353
249 0.7409
250 0.740422
251 0.74052
252 0.740043
253 0.739302
254 0.737012
255 0.738648
256 0.739498
257 0.739989
258 0.740522
259 0.74054
260 0.741028
261 0.740764
262 0.739899
263 0.740519
264 0.740877
265 0.740683
266 0.741494
267 0.741223
268 0.739827
269 0.741101
270 0.74152
271 0.740677
272 0.7413
273 0.740692
274 0.736756
275 0.738668
276 0.739946
277 0.74094
278 0.740835
279 0.741142
280 0.740848
281 0.741075
282 0.740704
283 0.741196
284 0.741948
285 0.74068
286 0.740641
287 0.741181
288 0.741969
289 0.741508
290 0.741607
291 0.741386
292 0.73897
293 0.738933
294 0.740327
295 0.740872
296 0.74122
297 0.74155
298 0.741446
299 0.740362
300 0.741079
