1 0.332902
2 0.457776
3 0.542182
4 0.558568
5 0.59128
6 0.612758
7 0.639942
8 0.663785
9 0.676318
10 0.686224
11 0.686267
12 0.69408
13 0.697012
14 0.710304
15 0.708052
16 0.702407
17 0.693349
18 0.703513
19 0.719044
20 0.721844
21 0.742436
22 0.749323
23 0.754987
24 0.757649
25 0.763621
26 0.764394
27 0.717629
28 0.71906
29 0.742912
30 0.752758
31 0.766328
32 0.776743
33 0.779759
34 0.782251
35 0.786442
36 0.786205
37 0.789906
38 0.795764
39 0.798672
40 0.796648
41 0.796452
42 0.801809
43 0.800205
44 0.802662
45 0.807128
46 0.809484
47 0.810606
48 0.811856
49 0.814193
50 0.815481
51 0.815968
52 0.817239
53 0.818199
54 0.819217
55 0.821523
56 0.821048
57 0.824349
58 0.825058
59 0.824998
60 0.825241
61 0.825667
62 0.8249
63 0.828918
64 0.823801
65 0.824514
66 0.827662
67 0.830254
68 0.831098
69 0.83306
70 0.833195
71 0.832213
72 0.83449
73 0.833997
74 0.835518
75 0.836336
76 0.839552
77 0.838616
78 0.841416
79 0.841417
80 0.837476
81 0.837947
82 0.838854
83 0.841945
84 0.842367
85 0.843441
86 0.845706
87 0.846787
88 0.846439
89 0.845869
90 0.847651
91 0.846707
92 0.848714
93 0.850015
94 0.849818
95 0.849503
96 0.851218
97 0.852029
98 0.851059
99 0.851196
100 0.852432
101 0.85324
102 0.853798
103 0.853564
104 0.850359
105 0.852801
106 0.855551
107 0.854961
108 0.85755
109 0.856801
110 0.857788
111 0.857782
112 0.858124
113 0.856505
114 0.857505
115 0.858873
116 0.860575
117 0.861897
118 0.863795
119 0.862856
120 0.863903
121 0.863803
122 0.865001
123 0.86583
124 0.865217
125 0.86519
126 0.862737
127 0.863693
128 0.864497
129 0.858212
130 0.861661
131 0.863342
132 0.865023
133 0.865255
134 0.866038
135 0.867148
136 0.867803
137 0.868069
138 0.868836
139 0.869919
140 0.869499
141 0.869308
142 0.871019
143 0.870716
144 0.871222
145 0.872118
146 0.872007
147 0.87349
148 0.869234
149 0.869664
150 0.872105
151 0.872153
152 0.87338
153 0.873324
154 0.874879
155 0.874914
156 0.875114
157 0.875935
158 0.876069
159 0.876313
160 0.876787
161 0.877455
162 0.877318
163 0.877768
164 0.874558
165 0.875733
166 0.876654
167 0.878226
168 0.877731
169 0.878525
170 0.879094
171 0.879007
172 0.878821
173 0.879277
174 0.879932
175 0.880534
176 0.877653
177 0.878991
178 0.879345
179 0.880119
180 0.880328
181 0.881806
182 0.881601
183 0.882356
184 0.882773
185 0.882482
186 0.882837
187 0.879986
188 0.880989
189 0.881204
190 0.882274
191 0.882271
192 0.88285
193 0.88302
194 0.883616
195 0.883926
196 0.885065
197 0.881906
198 0.882519
199 0.88358
200 0.883385
201 0.884878
202 0.882828
203 0.885545
204 0.881477
205 0.882151
206 0.883485
207 0.885138
208 0.886061
209 0.885133
210 0.885526
211 0.886261
212 0.886068
213 0.885791
214 0.886139
215 0.886316
216 0.886396
217 0.886058
218 0.886341
219 0.887049
220 0.886579
221 0.887468
222 0.888155
223 0.887747
224 0.888176
225 0.887468
226 0.888191
227 0.888419
228 0.888502
229 0.888554
230 0.888469
231 0.886532
232 0.88404
233 0.88503
234 0.886993
235 0.887787
236 0.8893
237 0.889234
238 0.88981
239 0.88939
240 0.890025
241 0.889991
242 0.890363
243 0.890926
244 0.891212
245 0.891528
246 0.891184
247 0.891151
248 0.89091
249 0.891434
250 0.891621
251 0.89116
252 0.891368
253 0.889685
254 0.885488
255 0.887305
256 0.889385
257 0.890092
258 0.891002
259 0.891232
260 0.891549
261 0.89205
262 0.891944
263 0.892927
264 0.892635
265 0.893274
266 0.893269
267 0.893462
268 0.893462
269 0.893488
270 0.893926
271 0.893354
272 0.893533
273 0.893805
274 0.886979
275 0.889751
276 0.891365
277 0.893146
278 0.893425
279 0.893975
280 0.893582
281 0.894841
282 0.894713
283 0.894636
284 0.894337
285 0.894584
286 0.894493
287 0.894002
288 0.894262
289 0.894028
290 0.894537
291 0.894701
292 0.89063
293 0.890335
294 0.892407
295 0.893764
296 0.894321
297 0.895357
298 0.895449
299 0.895586
300 0.895646
