1 0
2 0.16703
3 0.220666
4 0.249224
5 0.275513
6 0.287638
7 0.292808
8 0.294839
9 0.29703
10 0.296265
11 0.294767
12 0.29401
13 0.292094
14 0.289897
15 0.28822
16 0.28585
17 0.282926
18 0.280433
19 0.277508
20 0.2752
21 0.273356
22 0.27117
23 0.268777
24 0.266379
25 0.263802
26 0.261879
27 0.259792
28 0.257372
29 0.255288
30 0.25329
31 0.251141
32 0.249634
33 0.247948
34 0.246219
35 0.244265
36 0.242668
37 0.240958
38 0.2389
39 0.237625
40 0.235668
41 0.234265
42 0.232809
43 0.231425
44 0.229682
45 0.228156
46 0.226912
47 0.225485
48 0.223936
49 0.22277
50 0.221534
51 0.220336
52 0.218657
53 0.21736
54 0.216414
55 0.21559
56 0.214047
57 0.213018
58 0.211843
59 0.210884
60 0.209861
61 0.209017
62 0.208068
63 0.20702
64 0.205861
65 0.205194
66 0.204104
67 0.203094
68 0.202005
69 0.201048
70 0.200239
71 0.199477
72 0.198668
73 0.197524
74 0.196615
75 0.196085
76 0.195657
77 0.194605
78 0.19386
79 0.193219
80 0.192498
81 0.191562
82 0.190885
83 0.1901
84 0.189393
85 0.188668
86 0.187723
87 0.187307
88 0.186757
89 0.186073
90 0.185001
91 0.184389
92 0.183965
93 0.183211
94 0.182871
95 0.181946
96 0.181349
97 0.18083
98 0.180521
99 0.179585
100 0.178918
