1 0
2 0.33406
3 0.328354
4 0.303018
5 0.323988
6 0.320674
7 0.300062
8 0.288412
9 0.287246
10 0.275277
11 0.270504
12 0.263272
13 0.25253
14 0.245678
15 0.242197
16 0.235839
17 0.231656
18 0.225478
19 0.220586
20 0.215377
21 0.213129
22 0.208794
23 0.203834
24 0.201061
25 0.197509
26 0.194904
27 0.191295
28 0.188595
29 0.186122
30 0.183343
31 0.180597
32 0.177678
33 0.175929
34 0.172781
35 0.170037
36 0.168324
37 0.167129
38 0.164725
39 0.162878
40 0.160674
41 0.159492
42 0.157992
43 0.156439
44 0.154668
45 0.153275
46 0.151165
47 0.150195
48 0.148502
49 0.147151
50 0.146029
51 0.144571
52 0.142973
53 0.142424
54 0.140793
55 0.139874
56 0.138822
57 0.137644
58 0.136192
59 0.135236
60 0.134681
61 0.133357
62 0.132411
63 0.131808
64 0.130212
65 0.129352
66 0.128594
67 0.12785
68 0.126249
69 0.125094
70 0.124361
71 0.124973
72 0.123566
73 0.122543
74 0.122142
75 0.120975
76 0.120556
77 0.11964
78 0.118739
79 0.117801
80 0.117085
81 0.116764
82 0.115833
83 0.115524
84 0.114368
85 0.114107
86 0.112872
87 0.112742
88 0.112117
89 0.111771
90 0.111157
91 0.110819
92 0.109888
93 0.109574
94 0.10972
95 0.108497
96 0.107352
97 0.107987
98 0.107128
99 0.106682
100 0.106087
