1 0
2 0.333333
3 0.555556
4 0.565217
5 0.607843
6 0.669903
7 0.673469
8 0.686782
9 0.698305
10 0.695833
11 0.697875
12 0.699563
13 0.697318
14 0.697248
15 0.694888
16 0.692156
17 0.690178
18 0.688539
19 0.685838
20 0.68346
21 0.681208
22 0.678768
23 0.67633
24 0.673963
25 0.671624
26 0.669473
27 0.66729
28 0.665107
29 0.663103
30 0.660983
31 0.658765
32 0.65651
33 0.654335
34 0.652068
35 0.649847
36 0.647693
37 0.645505
38 0.643394
39 0.641252
40 0.639104
41 0.637
42 0.634998
43 0.632954
44 0.63095
45 0.62895
46 0.626967
47 0.625
48 0.62306
49 0.621122
50 0.619244
51 0.617366
52 0.615504
53 0.613671
54 0.611856
55 0.610038
56 0.608271
57 0.606507
58 0.604782
59 0.603087
60 0.601405
61 0.599728
62 0.598083
63 0.596456
64 0.594847
65 0.593258
66 0.591698
67 0.590148
68 0.588619
69 0.587102
70 0.585599
71 0.58411
72 0.582642
73 0.581177
74 0.579739
75 0.578311
76 0.576895
77 0.575492
78 0.574107
79 0.572726
80 0.571368
81 0.570024
82 0.56869
83 0.56737
84 0.566066
85 0.564767
86 0.563485
87 0.562214
88 0.560958
89 0.559711
90 0.558476
91 0.55725
92 0.556039
93 0.554835
94 0.553644
95 0.552461
96 0.55129
97 0.550128
98 0.548978
99 0.547838
100 0.546704
