1 0.066533
2 0.066722
3 0.06664
4 0.0666405
5 0.0666592
6 0.0666112
7 0.0665156
8 0.066508
9 0.0665634
10 0.0666853
11 0.0666933
12 0.0667353
13 0.0667265
14 0.066664
15 0.0666667
16 0.0695841
17 0.0721664
18 0.0744679
19 0.0765425
20 0.0784592
21 0.0803879
22 0.0823027
23 0.0841738
24 0.0858369
25 0.0870786
26 0.0877501
27 0.0877878
28 0.087259
29 0.0862598
30 0.0849299
31 0.0834155
32 0.0820501
33 0.0812202
34 0.0812536
35 0.0819911
36 0.0830053
37 0.0838855
38 0.0844059
39 0.0845405
40 0.0844545
41 0.0843715
42 0.0844479
43 0.0848114
44 0.0854825
45 0.0863892
46 0.0873933
47 0.0884447
48 0.0894754
49 0.090479
50 0.0913779
51 0.0922686
52 0.0931565
53 0.0940185
54 0.094849
55 0.0956382
56 0.0962137
57 0.0967001
58 0.0970996
59 0.0973968
60 0.0976362
61 0.0978204
62 0.0979861
63 0.098133
64 0.0982629
65 0.0983697
66 0.0983661
67 0.0983913
68 0.0984678
69 0.0986079
70 0.0987817
71 0.0989939
72 0.0992441
73 0.0995263
74 0.0995913
75 0.0997135
76 0.0997254
77 0.0998491
78 0.100124
79 0.100538
80 0.101056
81 0.101624
82 0.102229
83 0.102691
84 0.103186
85 0.103707
86 0.10425
87 0.104793
88 0.105315
89 0.105822
90 0.106184
91 0.106518
92 0.106804
93 0.107083
94 0.107255
95 0.107438
96 0.107621
97 0.107792
98 0.107877
99 0.107974
100 0.108077
101 0.108197
102 0.108321
103 0.108395
104 0.108456
105 0.108526
106 0.108623
107 0.108687
108 0.108755
109 0.108877
110 0.109053
111 0.109231
112 0.109451
113 0.109713
114 0.110004
115 0.110302
116 0.110619
117 0.11093
118 0.111272
119 0.111638
120 0.112018
121 0.112406
122 0.112796
123 0.113178
124 0.113531
125 0.113885
126 0.114229
127 0.114548
128 0.114825
129 0.115103
130 0.115366
131 0.115625
132 0.115874
133 0.11612
134 0.116364
135 0.116616
136 0.116839
137 0.117054
138 0.11727
139 0.117453
140 0.11762
141 0.11779
142 0.117966
143 0.118098
144 0.118254
145 0.118432
146 0.118582
147 0.118753
148 0.118931
149 0.119131
150 0.119344
151 0.119558
152 0.119784
153 0.119983
154 0.120181
155 0.120373
156 0.120561
157 0.120771
158 0.120984
159 0.121209
160 0.12145
161 0.121688
162 0.121935
163 0.122144
164 0.122379
165 0.12262
166 0.122857
167 0.123101
168 0.123339
169 0.123577
170 0.123809
171 0.124052
172 0.124271
173 0.124484
174 0.12469
175 0.124879
176 0.125086
177 0.125307
178 0.125535
179 0.125744
180 0.125958
181 0.126154
182 0.126355
183 0.126569
184 0.126784
185 0.127005
186 0.127238
187 0.127448
188 0.127653
189 0.127849
190 0.128043
191 0.128233
192 0.128426
193 0.128622
194 0.128816
195 0.129023
196 0.129234
197 0.12945
198 0.12965
199 0.129838
200 0.130034
201 0.130211
202 0.130377
203 0.130559
204 0.130765
205 0.130965
206 0.131169
207 0.131367
208 0.131567
209 0.131757
210 0.131944
211 0.132128
212 0.132311
213 0.132509
214 0.132715
215 0.132913
216 0.133114
217 0.133307
218 0.133494
219 0.133684
220 0.133874
221 0.13408
222 0.134284
223 0.134482
224 0.134683
225 0.134883
226 0.135073
227 0.135268
228 0.135472
229 0.135683
230 0.135885
231 0.136092
232 0.136277
233 0.136458
234 0.136647
235 0.136849
236 0.137052
237 0.137247
238 0.137438
239 0.137637
240 0.137832
241 0.138037
242 0.138223
243 0.138399
244 0.138572
245 0.138749
246 0.138923
247 0.139099
248 0.139287
249 0.139474
250 0.139663
251 0.13985
252 0.140037
253 0.140225
254 0.140407
255 0.140595
256 0.140781
257 0.140958
258 0.141139
259 0.141321
260 0.141501
261 0.141671
262 0.141845
263 0.142025
264 0.142214
265 0.14241
266 0.142602
267 0.14279
268 0.142972
269 0.143149
270 0.143322
271 0.143492
272 0.143667
273 0.143841
274 0.14402
275 0.144201
276 0.144384
277 0.144553
278 0.144733
279 0.144912
280 0.145093
281 0.145274
282 0.145454
283 0.145627
284 0.145806
285 0.145983
286 0.146159
287 0.146337
288 0.146509
289 0.146678
290 0.146857
291 0.147038
292 0.147211
293 0.147386
294 0.147564
295 0.147739
296 0.147906
297 0.148076
298 0.148253
299 0.148424
300 0.1486
