1 0.500055
2 0.499988
3 0.500017
4 0.500121
5 0.499971
6 0.499948
7 0.499799
8 0.499811
9 0.499849
10 0.499941
11 0.499871
12 0.499806
13 0.499798
14 0.499731
15 0.499773
16 0.504252
17 0.508222
18 0.511704
19 0.514903
20 0.517783
21 0.520531
22 0.523133
23 0.525547
24 0.527638
25 0.52922
26 0.530074
27 0.530126
28 0.529353
29 0.527894
30 0.525902
31 0.523629
32 0.521379
33 0.519613
34 0.518864
35 0.51916
36 0.520178
37 0.52137
38 0.522415
39 0.523126
40 0.523524
41 0.523809
42 0.524179
43 0.524744
44 0.525608
45 0.526729
46 0.528033
47 0.529437
48 0.530819
49 0.532151
50 0.533353
51 0.534471
52 0.535513
53 0.536489
54 0.537352
55 0.538128
56 0.538672
57 0.539088
58 0.539377
59 0.539535
60 0.539608
61 0.539605
62 0.53957
63 0.539504
64 0.539436
65 0.539364
66 0.539245
67 0.539179
68 0.539164
69 0.539228
70 0.539344
71 0.539524
72 0.539765
73 0.540062
74 0.540163
75 0.540326
76 0.540457
77 0.540708
78 0.541094
79 0.541605
80 0.54222
81 0.542833
82 0.543502
83 0.544113
84 0.54475
85 0.545396
86 0.546039
87 0.546662
88 0.54726
89 0.547815
90 0.548218
91 0.548577
92 0.548889
93 0.54918
94 0.549412
95 0.549629
96 0.549819
97 0.549985
98 0.550061
99 0.550115
100 0.550178
101 0.550244
102 0.550313
103 0.550359
104 0.550394
105 0.550438
106 0.550491
107 0.550477
108 0.550484
109 0.550547
110 0.550667
111 0.550731
112 0.550859
113 0.551062
114 0.551262
115 0.551507
116 0.551801
117 0.552135
118 0.552504
119 0.552895
120 0.553306
121 0.553732
122 0.554157
123 0.554578
124 0.554972
125 0.555372
126 0.555751
127 0.556117
128 0.556437
129 0.556748
130 0.557055
131 0.557349
132 0.55758
133 0.557818
134 0.558056
135 0.558292
136 0.558513
137 0.558728
138 0.558939
139 0.559129
140 0.559307
141 0.559485
142 0.559652
143 0.559784
144 0.55993
145 0.560088
146 0.560167
147 0.560275
148 0.5604
149 0.56055
150 0.560716
151 0.560886
152 0.561065
153 0.561228
154 0.561394
155 0.561556
156 0.561681
157 0.561843
158 0.562015
159 0.562191
160 0.562384
161 0.562584
162 0.562793
163 0.562976
164 0.563179
165 0.563387
166 0.563599
167 0.563814
168 0.564012
169 0.564217
170 0.56442
171 0.564637
172 0.564825
173 0.565028
174 0.565221
175 0.565389
176 0.565574
177 0.565779
178 0.565987
179 0.566188
180 0.566377
181 0.56656
182 0.566738
183 0.56691
184 0.567088
185 0.567278
186 0.567478
187 0.567656
188 0.56783
189 0.567996
190 0.56816
191 0.568316
192 0.568476
193 0.568646
194 0.568814
195 0.56899
196 0.569167
197 0.56935
198 0.56952
199 0.569678
200 0.569843
201 0.569976
202 0.570109
203 0.57026
204 0.570425
205 0.570584
206 0.570741
207 0.570894
208 0.571054
209 0.571202
210 0.571353
211 0.571503
212 0.571649
213 0.571804
214 0.571958
215 0.572108
216 0.572257
217 0.5724
218 0.572523
219 0.572656
220 0.572803
221 0.572962
222 0.573114
223 0.573268
224 0.573428
225 0.573583
226 0.573726
227 0.573868
228 0.574019
229 0.574182
230 0.57434
231 0.574503
232 0.574649
233 0.574795
234 0.574945
235 0.575098
236 0.575252
237 0.575409
238 0.57556
239 0.575718
240 0.575868
241 0.576026
242 0.576169
243 0.576308
244 0.576446
245 0.576588
246 0.576731
247 0.576875
248 0.577024
249 0.577174
250 0.577317
251 0.577463
252 0.577609
253 0.577753
254 0.577897
255 0.578041
256 0.578185
257 0.578323
258 0.578463
259 0.578603
260 0.578735
261 0.578862
262 0.578992
263 0.579132
264 0.579275
265 0.579425
266 0.57957
267 0.579708
268 0.579841
269 0.579974
270 0.580105
271 0.580228
272 0.580353
273 0.580482
274 0.580613
275 0.580749
276 0.580891
277 0.581017
278 0.581153
279 0.581281
280 0.581412
281 0.581541
282 0.581677
283 0.581802
284 0.581935
285 0.582066
286 0.582192
287 0.582312
288 0.582437
289 0.582555
290 0.582683
291 0.582817
292 0.582943
293 0.583074
294 0.583205
295 0.58333
296 0.583451
297 0.583577
298 0.583707
299 0.583829
300 0.583958
