1 0.813905
2 0.813905
3 0.813905
4 0.813905
5 0.813905
6 0.813905
7 0.813905
8 0.813905
9 0.813905
10 0.813905
11 0.813905
12 0.813905
13 0.813905
14 0.813905
15 0.813905
16 0.813905
17 0.813905
18 0.813905
19 0.813905
20 0.813905
21 0.813905
22 0.813905
23 0.813905
24 0.813905
25 0.813905
26 0.813905
27 0.813905
28 0.813905
29 0.813905
30 0.813905
31 0.813905
32 0.813905
33 0.813905
34 0.813905
35 0.813905
36 0.813905
37 0.813905
38 0.813905
39 0.813905
40 0.813905
41 0.813905
42 0.813905
43 0.813905
44 0.813905
45 0.813905
46 0.813905
47 0.813905
48 0.813905
49 0.813905
50 0.813905
51 0.813905
52 0.813905
53 0.813905
54 0.813905
55 0.813905
56 0.813905
57 0.813905
58 0.813905
59 0.813905
60 0.813905
61 0.813905
62 0.813905
63 0.813905
64 0.813905
65 0.813905
66 0.813905
67 0.813905
68 0.813905
69 0.813905
70 0.813905
71 0.813905
72 0.813905
73 0.813905
74 0.813905
75 0.813905
76 0.813905
77 0.813905
78 0.813905
79 0.813905
80 0.813905
81 0.813905
82 0.813905
83 0.813905
84 0.813905
85 0.813905
86 0.813905
87 0.813905
88 0.813905
89 0.813905
90 0.813905
91 0.813905
92 0.813905
93 0.813905
94 0.813905
95 0.813905
96 0.813905
97 0.813905
98 0.813905
99 0.813905
100 0.813905
101 0.813905
102 0.813905
103 0.813905
104 0.813905
105 0.813905
106 0.813905
107 0.813905
108 0.813905
109 0.813905
110 0.813905
111 0.813905
112 0.813905
113 0.813905
114 0.813905
115 0.813905
116 0.813905
117 0.813905
118 0.813905
119 0.813905
120 0.813905
121 0.813905
122 0.813905
123 0.813905
124 0.813905
125 0.813905
126 0.813905
127 0.813905
128 0.813905
129 0.813905
130 0.813905
131 0.813905
132 0.813905
133 0.813905
134 0.813905
135 0.813905
136 0.813905
137 0.813905
138 0.813905
139 0.813905
140 0.813905
141 0.813905
142 0.813905
143 0.813905
144 0.813905
145 0.813905
146 0.813905
147 0.813905
148 0.813905
149 0.813905
150 0.813905
151 0.813905
152 0.813905
153 0.813905
154 0.813905
155 0.813905
156 0.813905
157 0.813905
158 0.813905
159 0.813905
160 0.813905
161 0.813905
162 0.813905
163 0.813905
164 0.813905
165 0.813905
166 0.813905
167 0.813905
168 0.813905
169 0.813905
170 0.813905
171 0.813905
172 0.813905
173 0.813905
174 0.813905
175 0.813905
176 0.813905
177 0.813905
178 0.813905
179 0.813905
180 0.813905
181 0.813905
182 0.813905
183 0.813905
184 0.813905
185 0.813905
186 0.813905
187 0.813905
188 0.813905
189 0.813905
190 0.813905
191 0.813905
192 0.813905
193 0.813905
194 0.813905
195 0.813905
196 0.813905
197 0.813905
198 0.813905
199 0.813905
200 0.813905
201 0.813905
202 0.813905
203 0.813905
204 0.813905
205 0.813905
206 0.813905
207 0.813905
208 0.813905
209 0.813905
210 0.813905
211 0.813905
212 0.813905
213 0.813905
214 0.813905
215 0.813905
216 0.813905
217 0.813905
218 0.813905
219 0.813905
220 0.813905
221 0.813905
222 0.813905
223 0.813905
224 0.813905
225 0.813905
226 0.813905
227 0.813905
228 0.813905
229 0.813905
230 0.813905
231 0.813905
232 0.813905
233 0.813905
234 0.813905
235 0.813905
236 0.813905
237 0.813905
238 0.813905
239 0.813905
240 0.813905
241 0.813905
242 0.813905
243 0.813905
244 0.813905
245 0.813905
246 0.813905
247 0.813905
248 0.813905
249 0.813905
250 0.813905
251 0.813905
252 0.813905
253 0.813905
254 0.813905
255 0.813905
256 0.813905
257 0.813905
258 0.813905
259 0.813905
260 0.813905
261 0.813905
262 0.813905
263 0.813905
264 0.813905
265 0.813905
266 0.813905
267 0.813905
268 0.813905
269 0.813905
270 0.813905
271 0.813905
272 0.813905
273 0.813905
274 0.813905
275 0.813905
276 0.813905
277 0.813905
278 0.813905
279 0.813905
280 0.813905
281 0.813905
282 0.813905
283 0.813905
284 0.813905
285 0.813905
286 0.813905
287 0.813905
288 0.813905
289 0.813905
290 0.813905
291 0.813905
292 0.813905
293 0.813905
294 0.813905
295 0.813905
296 0.813905
297 0.813905
298 0.813905
299 0.813905
300 0.813905
