1 0.5
2 0.5
3 0.5
4 0.5
5 0.5
6 0.5
7 0.499999
8 0.5
9 0.5
10 0.5
11 0.5
12 0.5
13 0.5
14 0.499999
15 0.5
16 0.494871
17 0.494827
18 0.494947
19 0.49472
20 0.494716
21 0.494267
22 0.493915
23 0.493775
24 0.494232
25 0.495466
26 0.497349
27 0.499009
28 0.499928
29 0.499833
30 0.498983
31 0.498012
32 0.497656
33 0.498637
34 0.499966
35 0.499146
36 0.496875
37 0.495853
38 0.496256
39 0.49748
40 0.498472
41 0.498759
42 0.498452
43 0.497644
44 0.496044
45 0.494188
46 0.492419
47 0.491087
48 0.490738
49 0.490681
50 0.491414
51 0.491773
52 0.492078
53 0.492323
54 0.49305
55 0.493555
56 0.495276
57 0.496093
58 0.49687
59 0.497621
60 0.49807
61 0.498445
62 0.498595
63 0.498747
64 0.498761
65 0.498791
66 0.499007
67 0.498789
68 0.498541
69 0.498095
70 0.497753
71 0.497279
72 0.496753
73 0.496212
74 0.497738
75 0.49725
76 0.497464
77 0.496409
78 0.494966
79 0.493315
80 0.491696
81 0.491485
82 0.490363
83 0.491041
84 0.490375
85 0.489972
86 0.489759
87 0.489845
88 0.49005
89 0.490556
90 0.492883
91 0.493418
92 0.493992
93 0.494195
94 0.494931
95 0.495073
96 0.495377
97 0.495639
98 0.496689
99 0.496924
100 0.49681
101 0.496753
102 0.496714
103 0.496952
104 0.49708
105 0.496965
106 0.496846
107 0.497592
108 0.497374
109 0.496703
110 0.49592
111 0.496651
112 0.495751
113 0.494515
114 0.494521
115 0.493654
116 0.492613
117 0.491675
118 0.490766
119 0.490085
120 0.489441
121 0.488878
122 0.488721
123 0.488664
124 0.489174
125 0.488863
126 0.489248
127 0.489437
128 0.49049
129 0.490574
130 0.490583
131 0.490769
132 0.492246
133 0.491957
134 0.491882
135 0.491862
136 0.492125
137 0.492211
138 0.492211
139 0.492678
140 0.492874
141 0.492831
142 0.49302
143 0.493803
144 0.493427
145 0.493079
146 0.49486
147 0.494171
148 0.493762
149 0.493097
150 0.492649
151 0.492486
152 0.492194
153 0.492546
154 0.492407
155 0.492464
156 0.493371
157 0.492371
158 0.491997
159 0.491831
160 0.491276
161 0.490967
162 0.490613
163 0.491347
164 0.490635
165 0.490415
166 0.49018
167 0.490005
168 0.490478
169 0.490171
170 0.490171
171 0.489568
172 0.490506
173 0.489913
174 0.490169
175 0.490984
176 0.490317
177 0.489514
178 0.489323
179 0.489468
180 0.489856
181 0.490024
182 0.49011
183 0.490239
184 0.489965
185 0.48946
186 0.488941
187 0.489765
188 0.489803
189 0.49005
190 0.490088
191 0.490303
192 0.490091
193 0.489641
194 0.489662
195 0.489227
196 0.489143
197 0.488792
198 0.489284
199 0.489685
200 0.489355
201 0.490604
202 0.490536
203 0.489723
204 0.48907
205 0.48929
206 0.489284
207 0.489424
208 0.489017
209 0.489499
210 0.489257
211 0.489288
212 0.489415
213 0.488893
214 0.48891
215 0.489029
216 0.489002
217 0.489239
218 0.490054
219 0.489524
220 0.488865
221 0.488206
222 0.488481
223 0.488338
224 0.48794
225 0.488131
226 0.488657
227 0.488619
228 0.488159
229 0.487429
230 0.487665
231 0.487279
232 0.48811
233 0.488051
234 0.487797
235 0.487509
236 0.487428
237 0.487186
238 0.487434
239 0.486996
240 0.487365
241 0.486851
242 0.487638
243 0.487756
244 0.487736
245 0.487492
246 0.487345
247 0.48721
248 0.486875
249 0.486764
250 0.487043
251 0.486857
252 0.48679
253 0.486806
254 0.486742
255 0.486673
256 0.486621
257 0.486912
258 0.486746
259 0.486656
260 0.487108
261 0.487314
262 0.487101
263 0.486397
264 0.486095
265 0.485641
266 0.485865
267 0.4863
268 0.486518
269 0.48646
270 0.486482
271 0.486936
272 0.486796
273 0.486459
274 0.486255
275 0.485878
276 0.485438
277 0.486396
278 0.485704
279 0.486123
280 0.485911
281 0.485919
282 0.48541
283 0.486124
284 0.485525
285 0.485521
286 0.485856
287 0.48624
288 0.485787
289 0.486209
290 0.485516
291 0.484912
292 0.48552
293 0.485018
294 0.484988
295 0.485394
296 0.485602
297 0.485195
298 0.484808
299 0.485347
300 0.484688
