1 0.500055
2 0.499922
3 0.500075
4 0.500431
5 0.499372
6 0.499833
7 0.498905
8 0.499896
9 0.500152
10 0.500767
11 0.499172
12 0.499088
13 0.499702
14 0.49887
15 0.500351
16 0.571437
17 0.571744
18 0.570909
19 0.572474
20 0.5725
21 0.575504
22 0.577774
23 0.578656
24 0.575731
25 0.567189
26 0.551422
27 0.531471
28 0.508486
29 0.487045
30 0.468121
31 0.455451
32 0.451635
33 0.463095
34 0.494138
35 0.529217
36 0.555818
37 0.564269
38 0.561082
39 0.55014
40 0.539071
41 0.535214
42 0.539322
43 0.548483
44 0.562778
45 0.576018
46 0.586744
47 0.593991
48 0.595797
49 0.596089
50 0.592264
51 0.590332
52 0.588658
53 0.587283
54 0.583082
55 0.580025
56 0.56857
57 0.562389
58 0.555864
59 0.54872
60 0.5439
61 0.539413
62 0.537464
63 0.535387
64 0.535179
65 0.534753
66 0.531512
67 0.534779
68 0.538175
69 0.543606
70 0.547352
71 0.552093
72 0.556892
73 0.561431
74 0.547515
75 0.552378
76 0.550301
77 0.559821
78 0.570777
79 0.581492
80 0.590748
81 0.591885
82 0.597695
83 0.594228
84 0.597635
85 0.599642
86 0.600683
87 0.600262
88 0.599255
89 0.596721
90 0.584065
91 0.580864
92 0.577279
93 0.575973
94 0.571018
95 0.570027
96 0.567842
97 0.5659
98 0.557451
99 0.555378
100 0.556394
101 0.556894
102 0.557233
103 0.555126
104 0.553962
105 0.555015
106 0.556075
107 0.549016
108 0.551179
109 0.55733
110 0.563751
111 0.557781
112 0.565047
113 0.573863
114 0.573822
115 0.579413
116 0.585634
117 0.590865
118 0.595654
119 0.599081
120 0.602214
121 0.604877
122 0.605607
123 0.605867
124 0.603484
125 0.604945
126 0.603136
127 0.602237
128 0.597056
129 0.59663
130 0.596588
131 0.595639
132 0.587716
133 0.589327
134 0.589738
135 0.589848
136 0.588397
137 0.587914
138 0.587916
139 0.585259
140 0.584117
141 0.584367
142 0.583255
143 0.57848
144 0.580811
145 0.582908
146 0.571514
147 0.576128
148 0.578735
149 0.582803
150 0.585424
151 0.586359
152 0.588009
153 0.586017
154 0.58681
155 0.586483
156 0.581152
157 0.587015
158 0.589104
159 0.590014
160 0.592998
161 0.594615
162 0.596432
163 0.592624
164 0.596321
165 0.597436
166 0.598613
167 0.599476
168 0.597117
169 0.598656
170 0.598656
171 0.601607
172 0.596978
173 0.599929
174 0.598665
175 0.594526
176 0.597926
177 0.601864
178 0.602781
179 0.602088
180 0.600208
181 0.599384
182 0.598959
183 0.598319
184 0.599672
185 0.602127
186 0.60458
187 0.600654
188 0.600467
189 0.599257
190 0.599067
191 0.597998
192 0.599054
193 0.601256
194 0.601154
195 0.603236
196 0.603634
197 0.605277
198 0.602966
199 0.601041
200 0.602628
201 0.596479
202 0.596824
203 0.600856
204 0.603977
205 0.602935
206 0.602964
207 0.602297
208 0.604224
209 0.60194
210 0.603091
211 0.602946
212 0.60234
213 0.604806
214 0.604726
215 0.60417
216 0.604298
217 0.603179
218 0.599236
219 0.601816
220 0.604936
221 0.607961
222 0.606708
223 0.607361
224 0.609158
225 0.6083
226 0.605899
227 0.606075
228 0.608172
229 0.611416
230 0.610377
231 0.612072
232 0.608396
233 0.608661
234 0.609796
235 0.611064
236 0.611419
237 0.612472
238 0.611393
239 0.613293
240 0.611696
241 0.613916
242 0.6105
243 0.609975
244 0.610066
245 0.611142
246 0.611783
247 0.612369
248 0.613813
249 0.614288
250 0.61309
251 0.613891
252 0.614176
253 0.614106
254 0.614381
255 0.614675
256 0.614894
257 0.613655
258 0.614365
259 0.614747
260 0.612813
261 0.61192
262 0.612843
263 0.615839
264 0.617101
265 0.61897
266 0.618051
267 0.616246
268 0.615328
269 0.615572
270 0.615481
271 0.613553
272 0.614152
273 0.615579
274 0.616435
275 0.617995
276 0.619792
277 0.615841
278 0.61871
279 0.616984
280 0.617862
281 0.617827
282 0.619908
283 0.616981
284 0.619441
285 0.619455
286 0.618088
287 0.616495
288 0.618371
289 0.616625
290 0.619476
291 0.621905
292 0.619463
293 0.621482
294 0.621603
295 0.619971
296 0.619127
297 0.620776
298 0.622319
299 0.620161
300 0.622795
