1 0
2 0.666667
3 0.333333
4 0.368421
5 0.45
6 0.4
7 0.342342
8 0.300469
9 0.311392
10 0.297842
11 0.307494
12 0.304582
13 0.297969
14 0.296288
15 0.29164
16 0.288035
17 0.283311
18 0.278235
19 0.273035
20 0.267929
21 0.2633
22 0.258498
23 0.254051
24 0.249934
25 0.245847
26 0.242168
27 0.238496
28 0.235033
29 0.231774
30 0.228597
31 0.225473
32 0.222458
33 0.219556
34 0.216755
35 0.214111
36 0.211531
37 0.208971
38 0.20658
39 0.204208
40 0.201901
41 0.19965
42 0.197503
43 0.19539
44 0.193345
45 0.191344
46 0.189386
47 0.187489
48 0.185627
49 0.183821
50 0.182055
51 0.180328
52 0.178643
53 0.177004
54 0.175399
55 0.173811
56 0.172265
57 0.170753
58 0.169269
59 0.167825
60 0.166414
61 0.165032
62 0.163686
63 0.162364
64 0.161071
65 0.159812
66 0.158583
67 0.157369
68 0.156186
69 0.155024
70 0.153876
71 0.15276
72 0.151662
73 0.150589
74 0.149536
75 0.148499
76 0.14748
77 0.146483
78 0.145498
79 0.144532
80 0.143587
81 0.142657
82 0.141741
83 0.140844
84 0.13996
85 0.139092
86 0.13824
87 0.137399
88 0.136574
89 0.13576
90 0.134961
91 0.134172
92 0.133396
93 0.132633
94 0.131878
95 0.131137
96 0.130405
97 0.129684
98 0.128974
99 0.128274
100 0.127582
