1 0.299298
2 0.299479
3 0.299593
4 0.299661
5 0.299701
6 0.29974
7 0.299791
8 0.2998
9 0.299818
10 0.299826
11 0.299862
12 0.299882
13 0.299895
14 0.299933
15 0.299915
16 0.303903
17 0.307389
18 0.310567
19 0.313741
20 0.317006
21 0.32042
22 0.323872
23 0.327202
24 0.330334
25 0.333202
26 0.335796
27 0.338096
28 0.340122
29 0.341883
30 0.343442
31 0.344802
32 0.345965
33 0.347017
34 0.347892
35 0.348682
36 0.349426
37 0.35004
38 0.350616
39 0.351111
40 0.351541
41 0.351892
42 0.352201
43 0.352485
44 0.352706
45 0.352902
46 0.35309
47 0.353267
48 0.353461
49 0.353679
50 0.353883
51 0.354111
52 0.354376
53 0.354666
54 0.354998
55 0.355367
56 0.35572
57 0.356123
58 0.356551
59 0.35703
60 0.357566
61 0.358135
62 0.358739
63 0.359357
64 0.359999
65 0.360661
66 0.361337
67 0.362021
68 0.362724
69 0.363433
70 0.36414
71 0.364833
72 0.365551
73 0.36628
74 0.366995
75 0.367705
76 0.368423
77 0.369126
78 0.369823
79 0.370521
80 0.371208
81 0.371886
82 0.372546
83 0.373199
84 0.373845
85 0.374476
86 0.375107
87 0.375718
88 0.376321
89 0.376927
90 0.377516
91 0.378103
92 0.378661
93 0.379199
94 0.379725
95 0.380245
96 0.380755
97 0.381254
98 0.381749
99 0.382247
100 0.382729
101 0.383217
102 0.383684
103 0.384148
104 0.384603
105 0.385049
106 0.385488
107 0.385919
108 0.386342
109 0.386757
110 0.387171
111 0.387577
112 0.387994
113 0.388397
114 0.388792
115 0.389182
116 0.389579
117 0.389972
118 0.390365
119 0.390758
120 0.391148
121 0.391537
122 0.391926
123 0.392313
124 0.392695
125 0.393084
126 0.393465
127 0.393837
128 0.394214
129 0.394588
130 0.394959
131 0.395333
132 0.395704
133 0.396065
134 0.396428
135 0.39678
136 0.397133
137 0.397481
138 0.397828
139 0.398181
140 0.398528
141 0.398879
142 0.399221
143 0.399573
144 0.39992
145 0.400267
146 0.400604
147 0.40094
148 0.401279
149 0.401605
150 0.40193
151 0.40226
152 0.402586
153 0.402911
154 0.403235
155 0.403556
156 0.403878
157 0.404198
158 0.404514
159 0.404833
160 0.405152
161 0.40547
162 0.405785
163 0.406096
164 0.406407
165 0.406718
166 0.407026
167 0.407335
168 0.407638
169 0.40794
170 0.40825
171 0.408556
172 0.408858
173 0.409158
174 0.409453
175 0.409748
176 0.410038
177 0.410328
178 0.410619
179 0.410914
180 0.411201
181 0.411493
182 0.411788
183 0.412074
184 0.412361
185 0.412645
186 0.41293
187 0.413211
188 0.413498
189 0.413782
190 0.414057
191 0.414337
192 0.414614
193 0.414887
194 0.415168
195 0.415441
196 0.415718
197 0.41599
198 0.416264
199 0.416532
200 0.416801
201 0.417068
202 0.417334
203 0.417598
204 0.41786
205 0.418119
206 0.418376
207 0.41864
208 0.418895
209 0.419149
210 0.419405
211 0.419659
212 0.419911
213 0.420163
214 0.420415
215 0.420665
216 0.420918
217 0.421173
218 0.421424
219 0.42167
220 0.421917
221 0.422162
222 0.422406
223 0.422648
224 0.422893
225 0.423135
226 0.423377
227 0.423613
228 0.423855
229 0.424092
230 0.424329
231 0.424568
232 0.424803
233 0.425036
234 0.425266
235 0.425501
236 0.425729
237 0.425962
238 0.426189
239 0.426417
240 0.426644
241 0.426874
242 0.427099
243 0.427321
244 0.427546
245 0.427768
246 0.427987
247 0.428206
248 0.428427
249 0.428646
250 0.428863
251 0.429075
252 0.429293
253 0.429506
254 0.429721
255 0.429935
256 0.430149
257 0.430363
258 0.430575
259 0.430786
260 0.430997
261 0.431204
262 0.431411
263 0.431619
264 0.431826
265 0.432033
266 0.432236
267 0.432441
268 0.432646
269 0.43285
270 0.433051
271 0.43325
272 0.43345
273 0.433648
274 0.433841
275 0.434038
276 0.434237
277 0.434433
278 0.43463
279 0.434823
280 0.435017
281 0.435213
282 0.435403
283 0.435596
284 0.435788
285 0.435978
286 0.43617
287 0.43636
288 0.436554
289 0.436742
290 0.436931
291 0.437116
292 0.437299
293 0.437484
294 0.437668
295 0.437851
296 0.438034
297 0.438218
298 0.438399
299 0.438581
300 0.438762
