1 0.067107
2 0.067317
3 0.066841
4 0.06675
5 0.066198
6 0.066915
7 0.066253
8 0.06651
9 0.066532
10 0.066433
11 0.066141
12 0.066968
13 0.066612
14 0.066921
15 0.066502
16 0.131659
17 0.131965
18 0.135097
19 0.145761
20 0.161805
21 0.178602
22 0.192297
23 0.200488
24 0.206152
25 0.207481
26 0.207261
27 0.204692
28 0.200944
29 0.193615
30 0.191845
31 0.189176
32 0.185371
33 0.184763
34 0.180765
35 0.180268
36 0.178892
37 0.176622
38 0.174704
39 0.173687
40 0.172267
41 0.169597
42 0.167371
43 0.165074
44 0.162646
45 0.161286
46 0.160381
47 0.160103
48 0.161895
49 0.164292
50 0.16394
51 0.165019
52 0.168528
53 0.172203
54 0.176815
55 0.179293
56 0.182153
57 0.186494
58 0.192518
59 0.197786
60 0.203365
61 0.208505
62 0.214019
63 0.219161
64 0.224076
65 0.229484
66 0.233103
67 0.237812
68 0.241661
69 0.246371
70 0.24987
71 0.253115
72 0.256029
73 0.259417
74 0.261411
75 0.264625
76 0.267843
77 0.270518
78 0.273683
79 0.276482
80 0.278174
81 0.27965
82 0.280656
83 0.282802
84 0.285189
85 0.286847
86 0.287602
87 0.289385
88 0.290527
89 0.292216
90 0.292813
91 0.294907
92 0.294455
93 0.294663
94 0.295567
95 0.296437
96 0.297711
97 0.298833
98 0.299998
99 0.301248
100 0.301774
101 0.303211
102 0.304723
103 0.305061
104 0.305797
105 0.30587
106 0.307262
107 0.306675
108 0.30776
109 0.308252
110 0.309258
111 0.310679
112 0.311774
113 0.31274
114 0.313792
115 0.314569
116 0.315092
117 0.317208
118 0.31891
119 0.320817
120 0.321966
121 0.32292
122 0.324572
123 0.326136
124 0.327482
125 0.328774
126 0.330229
127 0.330939
128 0.331741
129 0.333942
130 0.335054
131 0.336213
132 0.337667
133 0.338656
134 0.339467
135 0.340475
136 0.341141
137 0.34272
138 0.343838
139 0.345287
140 0.34678
141 0.348435
142 0.350052
143 0.351303
144 0.3529
145 0.354098
146 0.355405
147 0.356384
148 0.358336
149 0.359691
150 0.360835
151 0.362409
152 0.363381
153 0.364285
154 0.365199
155 0.367374
156 0.368505
157 0.369564
158 0.370988
159 0.372427
160 0.373245
161 0.374406
162 0.375511
163 0.376162
164 0.377344
165 0.378641
166 0.379427
167 0.380899
168 0.382223
169 0.383913
170 0.385341
171 0.385975
172 0.386877
173 0.38799
174 0.389011
175 0.390659
176 0.391533
177 0.392745
178 0.394064
179 0.395042
180 0.396017
181 0.39761
182 0.398995
183 0.400688
184 0.402028
185 0.402767
186 0.404027
187 0.405031
188 0.406688
189 0.406927
190 0.407825
191 0.408655
192 0.409344
193 0.411302
194 0.412214
195 0.413583
196 0.41502
197 0.415881
198 0.416517
199 0.417461
200 0.418267
201 0.419394
202 0.420154
203 0.421429
204 0.422752
205 0.423993
206 0.424852
207 0.426079
208 0.426868
209 0.427228
210 0.42823
211 0.429142
212 0.430643
213 0.431497
214 0.432568
215 0.433742
216 0.434685
217 0.43534
218 0.43613
219 0.436842
220 0.437935
221 0.438656
222 0.439344
223 0.440008
224 0.441176
225 0.442063
226 0.443253
227 0.443918
228 0.445122
229 0.446146
230 0.446455
231 0.447714
232 0.448356
233 0.44958
234 0.450325
235 0.451197
236 0.451898
237 0.452247
238 0.453349
239 0.453994
240 0.45465
241 0.455353
242 0.455922
243 0.456671
244 0.457518
245 0.457661
246 0.458756
247 0.460044
248 0.46133
249 0.46222
250 0.462653
251 0.463351
252 0.464425
253 0.464676
254 0.466097
255 0.466442
256 0.467449
257 0.467924
258 0.468596
259 0.469279
260 0.47047
261 0.471013
262 0.471941
263 0.472262
264 0.473317
265 0.473985
266 0.475158
267 0.475404
268 0.476497
269 0.477428
270 0.478103
271 0.47931
272 0.480011
273 0.480471
274 0.481081
275 0.481936
276 0.482918
277 0.483425
278 0.484241
279 0.484224
280 0.485356
281 0.485976
282 0.486915
283 0.487616
284 0.488306
285 0.489021
286 0.489995
287 0.490076
288 0.491609
289 0.491583
290 0.492053
291 0.492987
292 0.493136
293 0.494178
294 0.49504
295 0.495426
296 0.496363
297 0.496606
298 0.497676
299 0.498256
300 0.499185
