1 0.262256
2 0.261997
3 0.261953
4 0.26203
5 0.262102
6 0.262033
7 0.262061
8 0.262055
9 0.262066
10 0.262079
11 0.262093
12 0.262076
13 0.262074
14 0.26207
15 0.262095
16 0.258142
17 0.254653
18 0.251476
19 0.248303
20 0.245028
21 0.241602
22 0.238164
23 0.234833
24 0.231717
25 0.228865
26 0.226276
27 0.223969
28 0.221922
29 0.220166
30 0.2186
31 0.217247
32 0.21608
33 0.215036
34 0.214146
35 0.213345
36 0.212637
37 0.212018
38 0.211474
39 0.210989
40 0.210562
41 0.210195
42 0.209875
43 0.2096
44 0.209378
45 0.209178
46 0.208994
47 0.208814
48 0.208614
49 0.208391
50 0.208182
51 0.207967
52 0.20771
53 0.207415
54 0.207079
55 0.206717
56 0.20636
57 0.205972
58 0.205535
59 0.205056
60 0.204534
61 0.203977
62 0.203385
63 0.202767
64 0.202122
65 0.201452
66 0.200775
67 0.200089
68 0.199395
69 0.198689
70 0.197974
71 0.197262
72 0.196551
73 0.195836
74 0.195126
75 0.194419
76 0.193711
77 0.193008
78 0.19231
79 0.191616
80 0.190934
81 0.190263
82 0.189604
83 0.188952
84 0.188308
85 0.18767
86 0.187047
87 0.186428
88 0.185819
89 0.185216
90 0.184627
91 0.184044
92 0.183491
93 0.182954
94 0.182427
95 0.181909
96 0.181398
97 0.180895
98 0.180398
99 0.179906
100 0.179423
101 0.178943
102 0.178473
103 0.178015
104 0.177563
105 0.177119
106 0.176678
107 0.176249
108 0.175824
109 0.175405
110 0.17499
111 0.174576
112 0.174164
113 0.173758
114 0.173356
115 0.172958
116 0.172563
117 0.172167
118 0.171771
119 0.171373
120 0.170979
121 0.17059
122 0.170202
123 0.169815
124 0.16943
125 0.169047
126 0.168664
127 0.168285
128 0.167909
129 0.167534
130 0.167161
131 0.166792
132 0.166425
133 0.166062
134 0.165704
135 0.165347
136 0.164994
137 0.164643
138 0.164293
139 0.163943
140 0.163594
141 0.163244
142 0.162896
143 0.16255
144 0.162202
145 0.161856
146 0.161516
147 0.161179
148 0.160842
149 0.160507
150 0.160176
151 0.159846
152 0.159518
153 0.159193
154 0.15887
155 0.158546
156 0.158223
157 0.157903
158 0.157584
159 0.157267
160 0.156951
161 0.156635
162 0.15632
163 0.156008
164 0.155697
165 0.155387
166 0.155078
167 0.15477
168 0.154463
169 0.154157
170 0.153852
171 0.153548
172 0.153248
173 0.15295
174 0.152652
175 0.152356
176 0.152061
177 0.151768
178 0.151476
179 0.151185
180 0.150896
181 0.150608
182 0.150319
183 0.150031
184 0.149744
185 0.149458
186 0.149173
187 0.148889
188 0.148605
189 0.148323
190 0.148044
191 0.147765
192 0.147488
193 0.147213
194 0.146938
195 0.146663
196 0.146388
197 0.146114
198 0.145843
199 0.145574
200 0.145306
201 0.14504
202 0.144775
203 0.144511
204 0.144248
205 0.143985
206 0.143724
207 0.143464
208 0.143205
209 0.14295
210 0.142695
211 0.142442
212 0.142189
213 0.141937
214 0.141685
215 0.141433
216 0.141182
217 0.140931
218 0.140681
219 0.140433
220 0.140185
221 0.139939
222 0.139694
223 0.13945
224 0.139207
225 0.138965
226 0.138723
227 0.138483
228 0.138243
229 0.138005
230 0.137768
231 0.137531
232 0.137295
233 0.137061
234 0.136828
235 0.136596
236 0.136366
237 0.136137
238 0.135909
239 0.135681
240 0.135455
241 0.135229
242 0.135006
243 0.134784
244 0.134563
245 0.134343
246 0.134123
247 0.133903
248 0.133683
249 0.133464
250 0.133246
251 0.133029
252 0.132812
253 0.132597
254 0.132382
255 0.132167
256 0.131954
257 0.131741
258 0.13153
259 0.131319
260 0.131109
261 0.130901
262 0.130693
263 0.130485
264 0.130278
265 0.130072
266 0.129866
267 0.129662
268 0.129458
269 0.129254
270 0.129052
271 0.128851
272 0.12865
273 0.128451
274 0.128252
275 0.128054
276 0.127857
277 0.12766
278 0.127464
279 0.127268
280 0.127073
281 0.126879
282 0.126685
283 0.126492
284 0.126299
285 0.126107
286 0.125916
287 0.125726
288 0.125536
289 0.125347
290 0.125159
291 0.124971
292 0.124784
293 0.124598
294 0.124413
295 0.124229
296 0.124045
297 0.123862
298 0.123679
299 0.123498
300 0.123317
