1 0.067107
2 0.067212
3 0.0670883
4 0.0670038
5 0.0668426
6 0.0668547
7 0.0667687
8 0.0667364
9 0.0667137
10 0.0666856
11 0.0666361
12 0.0666637
13 0.0666598
14 0.0666784
15 0.0666667
16 0.0707287
17 0.0743308
18 0.0777067
19 0.0812885
20 0.0853144
21 0.0897566
22 0.0944175
23 0.0990293
24 0.103493
25 0.107652
26 0.111483
27 0.114936
28 0.118007
29 0.120614
30 0.122989
31 0.125124
32 0.127007
33 0.128757
34 0.130286
35 0.131714
36 0.133025
37 0.134203
38 0.135269
39 0.136254
40 0.137154
41 0.137946
42 0.138646
43 0.139261
44 0.139792
45 0.14027
46 0.140707
47 0.14112
48 0.141553
49 0.142017
50 0.142455
51 0.142898
52 0.143391
53 0.143934
54 0.144543
55 0.145175
56 0.145835
57 0.146549
58 0.147341
59 0.148196
60 0.149116
61 0.150089
62 0.15112
63 0.1522
64 0.153323
65 0.154495
66 0.155686
67 0.156912
68 0.158158
69 0.159437
70 0.160729
71 0.16203
72 0.163335
73 0.164652
74 0.165959
75 0.167275
76 0.168598
77 0.169922
78 0.171252
79 0.172584
80 0.173904
81 0.175209
82 0.176495
83 0.177776
84 0.179055
85 0.180323
86 0.18157
87 0.18281
88 0.184034
89 0.185249
90 0.186444
91 0.187636
92 0.188797
93 0.189936
94 0.191059
95 0.192169
96 0.193268
97 0.194356
98 0.195434
99 0.196503
100 0.197556
101 0.198602
102 0.199642
103 0.200666
104 0.201677
105 0.202669
106 0.203656
107 0.204618
108 0.205573
109 0.206515
110 0.20745
111 0.20838
112 0.209303
113 0.210218
114 0.211127
115 0.212026
116 0.212915
117 0.213806
118 0.214697
119 0.215588
120 0.216475
121 0.217355
122 0.218233
123 0.219111
124 0.219985
125 0.220855
126 0.221723
127 0.222583
128 0.223436
129 0.224292
130 0.225144
131 0.225992
132 0.226838
133 0.227679
134 0.228513
135 0.229343
136 0.230165
137 0.230986
138 0.231804
139 0.23262
140 0.233436
141 0.234251
142 0.235067
143 0.23588
144 0.236692
145 0.237502
146 0.23831
147 0.239113
148 0.239919
149 0.240722
150 0.241523
151 0.242324
152 0.24312
153 0.243912
154 0.2447
155 0.245491
156 0.24628
157 0.247065
158 0.247849
159 0.248633
160 0.249412
161 0.250188
162 0.250961
163 0.25173
164 0.252496
165 0.25326
166 0.25402
167 0.25478
168 0.255538
169 0.256298
170 0.257057
171 0.257811
172 0.258561
173 0.25931
174 0.260055
175 0.260801
176 0.261544
177 0.262285
178 0.263026
179 0.263763
180 0.264498
181 0.265233
182 0.265968
183 0.266704
184 0.26744
185 0.268171
186 0.268902
187 0.26963
188 0.270359
189 0.271081
190 0.271801
191 0.272518
192 0.27323
193 0.273946
194 0.274658
195 0.275371
196 0.276083
197 0.276793
198 0.277499
199 0.278202
200 0.278902
201 0.279601
202 0.280297
203 0.280992
204 0.281687
205 0.282381
206 0.283073
207 0.283764
208 0.284452
209 0.285135
210 0.285816
211 0.286496
212 0.287176
213 0.287853
214 0.288529
215 0.289205
216 0.289878
217 0.290549
218 0.291216
219 0.291881
220 0.292545
221 0.293206
222 0.293865
223 0.29452
224 0.295175
225 0.295828
226 0.29648
227 0.297129
228 0.297778
229 0.298426
230 0.29907
231 0.299713
232 0.300354
233 0.300995
234 0.301633
235 0.302269
236 0.302903
237 0.303533
238 0.304163
239 0.30479
240 0.305414
241 0.306036
242 0.306656
243 0.307273
244 0.307889
245 0.3085
246 0.309111
247 0.309722
248 0.310333
249 0.310943
250 0.31155
251 0.312155
252 0.312759
253 0.31336
254 0.313961
255 0.314559
256 0.315156
257 0.315751
258 0.316343
259 0.316933
260 0.317524
261 0.318112
262 0.318699
263 0.319283
264 0.319867
265 0.320448
266 0.32103
267 0.321608
268 0.322186
269 0.322763
270 0.323338
271 0.323914
272 0.324488
273 0.325059
274 0.325629
275 0.326197
276 0.326765
277 0.32733
278 0.327895
279 0.328455
280 0.329015
281 0.329574
282 0.330132
283 0.330688
284 0.331243
285 0.331797
286 0.33235
287 0.3329
288 0.333451
289 0.333998
290 0.334543
291 0.335087
292 0.335629
293 0.33617
294 0.33671
295 0.337248
296 0.337786
297 0.338321
298 0.338855
299 0.339388
300 0.339921
