1 0.5
2 0.5
3 0.499995
4 0.499991
5 0.499993
6 0.499976
7 0.499961
8 0.499971
9 0.499947
10 0.499921
11 0.499899
12 0.499878
13 0.499857
14 0.499836
15 0.499799
16 0.499773
17 0.499755
18 0.499748
19 0.499679
20 0.499607
21 0.49961
22 0.499555
23 0.499516
24 0.499486
25 0.499412
26 0.499379
27 0.499353
28 0.499265
29 0.499269
30 0.499205
31 0.499139
32 0.499076
33 0.499002
34 0.498923
35 0.498936
36 0.498867
37 0.498773
38 0.498747
39 0.49861
40 0.498536
41 0.498463
42 0.498434
43 0.498358
44 0.49828
45 0.498189
46 0.498133
47 0.498105
48 0.497982
49 0.497886
50 0.497799
51 0.497723
52 0.497659
53 0.497519
54 0.497472
55 0.497409
56 0.497305
57 0.497127
58 0.497135
59 0.497102
60 0.496969
61 0.496786
62 0.496691
63 0.496695
64 0.496601
65 0.496454
66 0.496405
67 0.496299
68 0.496242
69 0.496075
70 0.495991
71 0.495956
72 0.49582
73 0.495682
74 0.495671
75 0.495522
76 0.495497
77 0.495335
78 0.495132
79 0.495073
80 0.495026
81 0.494874
82 0.494819
83 0.494676
84 0.494497
85 0.494611
86 0.494507
87 0.494391
88 0.49424
89 0.494102
90 0.493848
91 0.493784
92 0.493737
93 0.493681
94 0.493572
95 0.493508
96 0.493298
97 0.493182
98 0.49327
99 0.49307
100 0.493044
101 0.492984
102 0.49271
103 0.492812
104 0.492535
105 0.492527
106 0.492114
107 0.492477
108 0.492268
109 0.492132
110 0.49196
111 0.491903
112 0.491651
113 0.491683
114 0.491593
115 0.491501
116 0.491385
117 0.49131
118 0.491202
119 0.491101
120 0.490951
121 0.490836
122 0.490774
123 0.490799
124 0.490666
125 0.4906
126 0.490242
127 0.490312
128 0.490015
129 0.490167
130 0.490157
131 0.489883
132 0.489773
133 0.489809
134 0.489582
135 0.489624
136 0.489512
137 0.489399
138 0.489102
139 0.489196
140 0.489026
141 0.488886
142 0.488962
143 0.488606
144 0.48861
145 0.4885
146 0.488396
147 0.488331
148 0.488381
149 0.488222
150 0.488051
151 0.487952
152 0.488128
153 0.487807
154 0.487654
155 0.487557
156 0.487543
157 0.487476
158 0.4873
159 0.48734
160 0.487354
161 0.487175
162 0.48705
163 0.486851
164 0.48688
165 0.486623
166 0.486445
167 0.486369
168 0.486581
169 0.486422
170 0.48622
171 0.486301
172 0.486074
173 0.486144
174 0.485901
175 0.486118
176 0.485727
177 0.485761
178 0.485566
179 0.48568
180 0.485404
181 0.485501
182 0.485351
183 0.485274
184 0.484937
185 0.484942
186 0.484952
187 0.484882
188 0.484787
189 0.484779
190 0.484684
191 0.484513
192 0.484377
193 0.484473
194 0.484486
195 0.484492
196 0.484134
197 0.48388
198 0.483986
199 0.483833
200 0.483721
201 0.483924
202 0.483755
203 0.483715
204 0.483529
205 0.483341
206 0.483588
207 0.483149
208 0.483427
209 0.483235
210 0.483204
211 0.482885
212 0.482871
213 0.482888
214 0.482719
215 0.48294
216 0.482726
217 0.482301
218 0.482487
219 0.482264
220 0.482246
221 0.482304
222 0.482186
223 0.481984
224 0.482186
225 0.482236
226 0.481937
227 0.481759
228 0.48161
229 0.481582
230 0.481455
231 0.481492
232 0.481601
233 0.481428
234 0.481479
235 0.481183
236 0.481056
237 0.481309
238 0.481144
239 0.48109
240 0.480925
241 0.480907
242 0.481069
243 0.480774
244 0.480782
245 0.48059
246 0.480328
247 0.480385
248 0.480485
249 0.480386
250 0.480252
251 0.480194
252 0.480209
253 0.480075
254 0.479861
255 0.480181
256 0.479859
257 0.479779
258 0.47991
259 0.479879
260 0.479486
261 0.479705
262 0.479897
263 0.479602
264 0.47953
265 0.479354
266 0.479534
267 0.479256
268 0.4793
269 0.47914
270 0.478933
271 0.479105
272 0.479242
273 0.479127
274 0.478744
275 0.478665
276 0.47845
277 0.478513
278 0.478701
279 0.478476
280 0.478469
281 0.478666
282 0.47848
283 0.478411
284 0.478457
285 0.478423
286 0.478205
287 0.477979
288 0.478072
289 0.478058
290 0.47789
291 0.477724
292 0.477717
293 0.477521
294 0.477644
295 0.477667
296 0.477561
297 0.47747
298 0.4775
299 0.477659
300 0.477531
