1 0.220055
2 0.219028
3 0.217967
4 0.216861
5 0.216128
6 0.214868
7 0.214099
8 0.21323
9 0.211925
10 0.211305
11 0.210243
12 0.209044
13 0.208082
14 0.207096
15 0.206342
16 0.205217
17 0.204205
18 0.203464
19 0.202112
20 0.201333
21 0.200366
22 0.199528
23 0.198518
24 0.197352
25 0.196464
26 0.195517
27 0.194684
28 0.193595
29 0.192566
30 0.19171
31 0.190728
32 0.189617
33 0.188725
34 0.187733
35 0.186724
36 0.185954
37 0.184894
38 0.184155
39 0.183137
40 0.182196
41 0.181195
42 0.180514
43 0.179545
44 0.17849
45 0.177703
46 0.176721
47 0.175876
48 0.17512
49 0.17426
50 0.17327
51 0.172338
52 0.171413
53 0.170559
54 0.169728
55 0.168778
56 0.16823
57 0.167106
58 0.166538
59 0.165689
60 0.164709
61 0.163854
62 0.163209
63 0.162098
64 0.161555
65 0.160823
66 0.160035
67 0.159168
68 0.158593
69 0.15775
70 0.156891
71 0.15598
72 0.155427
73 0.154706
74 0.153886
75 0.153337
76 0.152294
77 0.151594
78 0.151018
79 0.150294
80 0.149453
81 0.148938
82 0.148266
83 0.147131
84 0.146924
85 0.1462
86 0.145465
87 0.144744
88 0.144152
89 0.143633
90 0.142585
91 0.142218
92 0.14162
93 0.140949
94 0.140235
95 0.139865
96 0.138933
97 0.138409
98 0.137972
99 0.13706
100 0.136714
101 0.136109
102 0.135409
103 0.135024
104 0.134224
105 0.13365
106 0.132723
107 0.132346
108 0.131984
109 0.13099
110 0.130898
111 0.130229
112 0.129718
113 0.129103
114 0.128452
115 0.127849
116 0.12744
117 0.127069
118 0.126423
119 0.125981
120 0.125487
121 0.124931
122 0.124446
123 0.12378
124 0.12342
125 0.123019
126 0.122298
127 0.121821
128 0.121398
129 0.120879
130 0.12035
131 0.120067
132 0.119475
133 0.119073
134 0.118459
135 0.118173
136 0.117824
137 0.117202
138 0.116675
139 0.116095
140 0.1159
141 0.115503
142 0.114942
143 0.114719
144 0.114122
145 0.113593
146 0.113259
147 0.112696
148 0.112482
149 0.112037
150 0.111498
151 0.111282
152 0.110614
153 0.110346
154 0.110015
155 0.109705
156 0.109393
157 0.108661
158 0.108194
159 0.107967
160 0.107541
161 0.107185
162 0.106837
163 0.106527
164 0.105985
165 0.105679
166 0.105261
167 0.10484
168 0.104617
169 0.104118
170 0.103714
171 0.103469
172 0.103157
173 0.102898
174 0.102347
175 0.102162
176 0.101704
177 0.101402
178 0.101153
179 0.100555
180 0.100255
181 0.0999446
182 0.0996874
183 0.099453
184 0.0991014
185 0.0987409
186 0.0984451
187 0.098235
188 0.0977752
189 0.0974732
190 0.097149
191 0.0967309
192 0.0963958
193 0.0961811
194 0.0959191
195 0.0957638
196 0.0951475
197 0.0947473
198 0.0946934
199 0.0943325
200 0.093848
201 0.0935716
202 0.0934725
203 0.0929872
204 0.0930418
205 0.092575
206 0.0921636
207 0.0918908
208 0.091771
209 0.0914502
210 0.0911509
211 0.090911
212 0.0906908
213 0.090207
214 0.090204
215 0.0897524
216 0.0893548
217 0.0891282
218 0.0888387
219 0.0886982
220 0.0884229
221 0.0883047
222 0.0879181
223 0.0877635
224 0.087521
225 0.0872386
226 0.0868569
227 0.0866132
228 0.0862478
229 0.0862138
230 0.0859355
231 0.0854369
232 0.0853524
233 0.0851451
234 0.0847893
235 0.0845809
236 0.084336
237 0.0841509
238 0.0838726
239 0.083573
240 0.0836259
241 0.0833884
242 0.0829944
243 0.0826958
244 0.0825181
245 0.0823191
246 0.0821011
247 0.081719
248 0.0816252
249 0.0813523
250 0.0810124
251 0.080946
252 0.0805894
253 0.0804632
254 0.080325
255 0.0799802
256 0.0797916
257 0.079654
258 0.0794572
259 0.0792769
260 0.0789486
261 0.0788104
262 0.0786193
263 0.0782484
264 0.0782321
265 0.077844
266 0.0779359
267 0.0777199
268 0.0773526
269 0.0771899
270 0.0770271
271 0.0767029
272 0.0765768
273 0.0763824
274 0.0760942
275 0.0760287
276 0.0756305
277 0.0754671
278 0.0753433
279 0.075105
280 0.075034
281 0.0747395
282 0.0747967
283 0.0746578
284 0.0743769
285 0.0740285
286 0.0738057
287 0.0736839
288 0.0734822
289 0.0733443
290 0.0729167
291 0.0728767
292 0.0728174
293 0.0726588
294 0.0724469
295 0.0721524
296 0.072047
297 0.072085
298 0.0716682
299 0.0716644
300 0.0714305
