1 0.220055
2 0.219542
3 0.219017
4 0.218478
5 0.218008
6 0.217485
7 0.217001
8 0.216529
9 0.216018
10 0.215547
11 0.215064
12 0.214563
13 0.214064
14 0.213567
15 0.213085
16 0.212593
17 0.2121
18 0.21162
19 0.21112
20 0.21063
21 0.210141
22 0.209659
23 0.209175
24 0.208682
25 0.208193
26 0.207706
27 0.207223
28 0.206737
29 0.206248
30 0.205763
31 0.205278
32 0.204789
33 0.204302
34 0.203815
35 0.203327
36 0.202844
37 0.202359
38 0.20188
39 0.201399
40 0.200919
41 0.200438
42 0.199964
43 0.199489
44 0.199012
45 0.198538
46 0.198064
47 0.197592
48 0.197124
49 0.196657
50 0.196189
51 0.195722
52 0.195254
53 0.194788
54 0.194324
55 0.19386
56 0.193402
57 0.192941
58 0.192485
59 0.192031
60 0.191576
61 0.191121
62 0.190671
63 0.190218
64 0.18977
65 0.189324
66 0.188881
67 0.188437
68 0.187998
69 0.18756
70 0.187122
71 0.186683
72 0.186249
73 0.185817
74 0.185385
75 0.184958
76 0.184528
77 0.184101
78 0.183677
79 0.183254
80 0.182831
81 0.182413
82 0.181997
83 0.181577
84 0.181164
85 0.180753
86 0.180342
87 0.179933
88 0.179527
89 0.179123
90 0.178717
91 0.178316
92 0.177917
93 0.17752
94 0.177123
95 0.176731
96 0.176337
97 0.175946
98 0.175559
99 0.17517
100 0.174785
101 0.174402
102 0.17402
103 0.173641
104 0.173262
105 0.172885
106 0.172506
107 0.172131
108 0.171759
109 0.171385
110 0.171017
111 0.17065
112 0.170284
113 0.16992
114 0.169556
115 0.169193
116 0.168833
117 0.168476
118 0.16812
119 0.167766
120 0.167414
121 0.167063
122 0.166713
123 0.166364
124 0.166018
125 0.165674
126 0.16533
127 0.164987
128 0.164646
129 0.164307
130 0.163969
131 0.163634
132 0.163299
133 0.162967
134 0.162635
135 0.162305
136 0.161978
137 0.161651
138 0.161326
139 0.161
140 0.160678
141 0.160358
142 0.160038
143 0.159721
144 0.159404
145 0.159088
146 0.158774
147 0.158461
148 0.15815
149 0.157841
150 0.157532
151 0.157226
152 0.156919
153 0.156614
154 0.156312
155 0.156011
156 0.155712
157 0.155413
158 0.155114
159 0.154817
160 0.154522
161 0.154228
162 0.153935
163 0.153644
164 0.153354
165 0.153065
166 0.152777
167 0.15249
168 0.152205
169 0.15192
170 0.151637
171 0.151355
172 0.151075
173 0.150796
174 0.150518
175 0.150242
176 0.149966
177 0.149691
178 0.149419
179 0.149146
180 0.148874
181 0.148604
182 0.148335
183 0.148068
184 0.147802
185 0.147537
186 0.147273
187 0.14701
188 0.146749
189 0.146488
190 0.146228
191 0.145969
192 0.145711
193 0.145454
194 0.145199
195 0.144945
196 0.144691
197 0.144438
198 0.144187
199 0.143936
200 0.143686
201 0.143436
202 0.143189
203 0.142942
204 0.142697
205 0.142453
206 0.142208
207 0.141965
208 0.141724
209 0.141483
210 0.141244
211 0.141005
212 0.140768
213 0.140531
214 0.140295
215 0.14006
216 0.139826
217 0.139592
218 0.139359
219 0.139128
220 0.138897
221 0.138668
222 0.13844
223 0.138213
224 0.137986
225 0.137761
226 0.137535
227 0.137311
228 0.137087
229 0.136865
230 0.136644
231 0.136422
232 0.136202
233 0.135983
234 0.135764
235 0.135546
236 0.135329
237 0.135113
238 0.134898
239 0.134683
240 0.13447
241 0.134258
242 0.134047
243 0.133835
244 0.133625
245 0.133415
246 0.133207
247 0.132998
248 0.132791
249 0.132585
250 0.132378
251 0.132174
252 0.131969
253 0.131765
254 0.131563
255 0.13136
256 0.131159
257 0.130959
258 0.130759
259 0.13056
260 0.130362
261 0.130164
262 0.129967
263 0.129771
264 0.129576
265 0.12938
266 0.129187
267 0.128994
268 0.128801
269 0.12861
270 0.128419
271 0.128228
272 0.128038
273 0.127849
274 0.12766
275 0.127472
276 0.127284
277 0.127097
278 0.126911
279 0.126725
280 0.126541
281 0.126356
282 0.126173
283 0.125991
284 0.12581
285 0.125628
286 0.125447
287 0.125266
288 0.125087
289 0.124908
290 0.124728
291 0.12455
292 0.124373
293 0.124196
294 0.12402
295 0.123845
296 0.12367
297 0.123496
298 0.123322
299 0.123149
300 0.122977
