1 0.066495
2 0.067684
3 0.068114
4 0.069433
5 0.070431
6 0.071794
7 0.072728
8 0.073642
9 0.074626
10 0.075529
11 0.076767
12 0.077576
13 0.079078
14 0.079867
15 0.081392
16 0.082486
17 0.083795
18 0.084942
19 0.086409
20 0.08746
21 0.088896
22 0.089798
23 0.090761
24 0.092588
25 0.093582
26 0.095263
27 0.096544
28 0.098165
29 0.099289
30 0.10091
31 0.102301
32 0.103823
33 0.105264
34 0.106974
35 0.10846
36 0.109837
37 0.11171
38 0.112573
39 0.114673
40 0.116186
41 0.117815
42 0.118852
43 0.120268
44 0.122852
45 0.124196
46 0.125409
47 0.127292
48 0.128978
49 0.130319
50 0.131933
51 0.13378
52 0.135377
53 0.137521
54 0.138925
55 0.140698
56 0.141911
57 0.143989
58 0.145003
59 0.147228
60 0.149031
61 0.150611
62 0.151927
63 0.154413
64 0.15535
65 0.15696
66 0.15906
67 0.160535
68 0.16195
69 0.16328
70 0.165493
71 0.167367
72 0.168483
73 0.170627
74 0.172758
75 0.172904
76 0.175825
77 0.177727
78 0.17853
79 0.180516
80 0.182058
81 0.183569
82 0.184957
83 0.186899
84 0.188045
85 0.189953
86 0.191633
87 0.193422
88 0.194817
89 0.196427
90 0.198887
91 0.199739
92 0.20057
93 0.203087
94 0.204299
95 0.205861
96 0.207582
97 0.209472
98 0.210295
99 0.212115
100 0.212865
101 0.215299
102 0.216628
103 0.217941
104 0.219898
105 0.221218
106 0.223328
107 0.224246
108 0.225788
109 0.228461
110 0.22853
111 0.230264
112 0.231431
113 0.23307
114 0.234717
115 0.236745
116 0.237615
117 0.238486
118 0.240136
119 0.241432
120 0.242859
121 0.24409
122 0.245483
123 0.247538
124 0.248533
125 0.249432
126 0.251643
127 0.252692
128 0.254411
129 0.255486
130 0.256745
131 0.258065
132 0.26012
133 0.260437
134 0.262327
135 0.263748
136 0.264297
137 0.266089
138 0.267691
139 0.268805
140 0.269766
141 0.271225
142 0.272208
143 0.273525
144 0.274765
145 0.276351
146 0.277841
147 0.278657
148 0.280193
149 0.281366
150 0.282941
151 0.283533
152 0.285152
153 0.285778
154 0.287287
155 0.288031
156 0.289481
157 0.291037
158 0.292223
159 0.293341
160 0.294555
161 0.295453
162 0.296744
163 0.297924
164 0.299539
165 0.300298
166 0.301908
167 0.303035
168 0.303565
169 0.305242
170 0.306667
171 0.307594
172 0.308306
173 0.309391
174 0.310755
175 0.311236
176 0.312938
177 0.314003
178 0.314722
179 0.316214
180 0.317338
181 0.318543
182 0.319866
183 0.320481
184 0.321953
185 0.32229
186 0.32325
187 0.32448
188 0.326189
189 0.326553
190 0.32854
191 0.328829
192 0.330082
193 0.331009
194 0.332312
195 0.332628
196 0.334497
197 0.335445
198 0.336076
199 0.336992
200 0.339051
201 0.339053
202 0.340334
203 0.341968
204 0.341517
205 0.343113
206 0.34438
207 0.345147
208 0.346161
209 0.346894
210 0.348063
211 0.34904
212 0.349574
213 0.35152
214 0.351517
215 0.353332
216 0.353598
217 0.354703
218 0.355187
219 0.356748
220 0.357512
221 0.357727
222 0.35885
223 0.359632
224 0.360767
225 0.361491
226 0.36286
227 0.363942
228 0.364373
229 0.365764
230 0.366169
231 0.368138
232 0.368293
233 0.36901
234 0.369624
235 0.37127
236 0.371453
237 0.37267
238 0.373495
239 0.374577
240 0.374625
241 0.375425
242 0.376392
243 0.377592
244 0.378385
245 0.379292
246 0.380298
247 0.381437
248 0.381312
249 0.382205
250 0.383532
251 0.383807
252 0.385087
253 0.386046
254 0.386736
255 0.38782
256 0.388409
257 0.389012
258 0.389801
259 0.390168
260 0.391229
261 0.392025
262 0.392961
263 0.393874
264 0.394966
265 0.395964
266 0.395882
267 0.396015
268 0.397132
269 0.398292
270 0.39897
271 0.399896
272 0.400525
273 0.401458
274 0.402301
275 0.402674
276 0.404061
277 0.404763
278 0.404654
279 0.405421
280 0.406614
281 0.407401
282 0.407414
283 0.408595
284 0.409353
285 0.410433
286 0.411046
287 0.411795
288 0.412822
289 0.41306
290 0.414261
291 0.414972
292 0.414974
293 0.415426
294 0.416678
295 0.417555
296 0.418065
297 0.418146
298 0.419461
299 0.419707
300 0.420501
