1 0.066495
2 0.0670895
3 0.067431
4 0.0679315
5 0.0684314
6 0.0689918
7 0.0695256
8 0.0700401
9 0.0705497
10 0.0710476
11 0.0715675
12 0.0720682
13 0.0726075
14 0.073126
15 0.0736771
16 0.0742276
17 0.0747904
18 0.0753544
19 0.0759362
20 0.0765124
21 0.0771021
22 0.0776792
23 0.078248
24 0.0788455
25 0.0794349
26 0.0800437
27 0.0806548
28 0.0812802
29 0.0819012
30 0.0825348
31 0.0831724
32 0.0838178
33 0.0844676
34 0.0851296
35 0.0857962
36 0.086464
37 0.0871463
38 0.0878154
39 0.0885041
40 0.0891961
41 0.0898941
42 0.0905836
43 0.091274
44 0.0919916
45 0.0927073
46 0.0934182
47 0.0941389
48 0.0948647
49 0.0955883
50 0.0963152
51 0.0970498
52 0.0977868
53 0.0985365
54 0.0992845
55 0.100037
56 0.100785
57 0.101543
58 0.102292
59 0.103054
60 0.10382
61 0.104587
62 0.105351
63 0.10613
64 0.106899
65 0.107669
66 0.108448
67 0.109225
68 0.11
69 0.110773
70 0.111554
71 0.11234
72 0.11312
73 0.113908
74 0.114703
75 0.115479
76 0.116273
77 0.117071
78 0.117859
79 0.118652
80 0.119445
81 0.120237
82 0.121026
83 0.12182
84 0.122608
85 0.1234
86 0.124194
87 0.124989
88 0.125783
89 0.126577
90 0.12738
91 0.128175
92 0.128962
93 0.129759
94 0.130552
95 0.131345
96 0.132139
97 0.132936
98 0.133726
99 0.134517
100 0.135301
101 0.136093
102 0.136883
103 0.137669
104 0.13846
105 0.139248
106 0.140042
107 0.140828
108 0.141615
109 0.142412
110 0.143195
111 0.143979
112 0.14476
113 0.145542
114 0.146324
115 0.14711
116 0.14789
117 0.148665
118 0.14944
119 0.150213
120 0.150985
121 0.151754
122 0.152523
123 0.153295
124 0.154063
125 0.154826
126 0.155594
127 0.156359
128 0.157125
129 0.157888
130 0.158648
131 0.159407
132 0.16017
133 0.160924
134 0.16168
135 0.162437
136 0.163186
137 0.163937
138 0.164688
139 0.165438
140 0.166183
141 0.166928
142 0.167669
143 0.168409
144 0.169148
145 0.169887
146 0.170627
147 0.171362
148 0.172097
149 0.17283
150 0.173564
151 0.174293
152 0.175022
153 0.175746
154 0.17647
155 0.17719
156 0.17791
157 0.17863
158 0.179349
159 0.180066
160 0.180782
161 0.181494
162 0.182205
163 0.182915
164 0.183626
165 0.184334
166 0.185042
167 0.185748
168 0.18645
169 0.187153
170 0.187856
171 0.188556
172 0.189252
173 0.189946
174 0.190641
175 0.19133
176 0.192021
177 0.19271
178 0.193395
179 0.194082
180 0.194766
181 0.19545
182 0.196134
183 0.196813
184 0.197493
185 0.198168
186 0.19884
187 0.199512
188 0.200186
189 0.200855
190 0.201527
191 0.202193
192 0.202859
193 0.203523
194 0.204187
195 0.204846
196 0.205507
197 0.206167
198 0.206823
199 0.207477
200 0.208135
201 0.208786
202 0.209438
203 0.21009
204 0.210735
205 0.21138
206 0.212026
207 0.212669
208 0.213311
209 0.21395
210 0.214589
211 0.215226
212 0.21586
213 0.216497
214 0.217128
215 0.217761
216 0.21839
217 0.219018
218 0.219643
219 0.220269
220 0.220893
221 0.221512
222 0.22213
223 0.222747
224 0.223363
225 0.223977
226 0.224592
227 0.225205
228 0.225816
229 0.226427
230 0.227035
231 0.227645
232 0.228252
233 0.228856
234 0.229457
235 0.230061
236 0.23066
237 0.231259
238 0.231857
239 0.232454
240 0.233046
241 0.233637
242 0.234227
243 0.234817
244 0.235405
245 0.235993
246 0.236579
247 0.237166
248 0.237747
249 0.238327
250 0.238908
251 0.239485
252 0.240063
253 0.24064
254 0.241215
255 0.24179
256 0.242363
257 0.242933
258 0.243503
259 0.244069
260 0.244635
261 0.2452
262 0.245764
263 0.246327
264 0.24689
265 0.247452
266 0.24801
267 0.248565
268 0.249119
269 0.249674
270 0.250227
271 0.250779
272 0.251329
273 0.251879
274 0.252428
275 0.252975
276 0.253522
277 0.254068
278 0.25461
279 0.25515
280 0.255691
281 0.256231
282 0.256767
283 0.257304
284 0.257839
285 0.258374
286 0.258908
287 0.259441
288 0.259974
289 0.260503
290 0.261033
291 0.261562
292 0.262088
293 0.262611
294 0.263135
295 0.263659
296 0.26418
297 0.264699
298 0.265218
299 0.265735
300 0.266251
