1 0.5
2 0.354417
3 0.289978
4 0.251708
5 0.225681
6 0.206456
7 0.191612
8 0.179624
9 0.169752
10 0.161358
11 0.154221
12 0.14802
13 0.142571
14 0.137709
15 0.133416
16 0.12953
17 0.125926
18 0.122646
19 0.119665
20 0.116967
21 0.114473
22 0.112143
23 0.109999
24 0.107956
25 0.1061
26 0.104355
27 0.102677
28 0.101137
29 0.0996739
30 0.0982715
31 0.0969813
32 0.0957182
33 0.0945526
34 0.0934326
35 0.0923968
36 0.0913669
37 0.0904222
38 0.0895132
39 0.0886459
40 0.0877966
41 0.0869935
42 0.0862357
43 0.0854849
44 0.0847951
45 0.0841242
46 0.0835016
47 0.0828985
48 0.0823226
49 0.0817604
50 0.0812338
51 0.0807178
52 0.0802321
53 0.079749
54 0.0792795
55 0.0788305
56 0.0784022
57 0.0779901
58 0.0776106
59 0.0772292
60 0.0768753
61 0.0765315
62 0.0761787
63 0.0758508
64 0.0755271
65 0.0752216
66 0.0749345
67 0.0746573
68 0.0743843
69 0.0741182
70 0.0738712
71 0.073638
72 0.0734078
73 0.073185
74 0.0729786
75 0.0727716
76 0.0725698
77 0.0723857
78 0.0721997
79 0.0720324
80 0.0718678
81 0.0717044
82 0.0715561
83 0.071402
84 0.0712539
85 0.0711178
86 0.0709879
87 0.0708572
88 0.0707312
89 0.0706106
90 0.0705025
91 0.0703873
92 0.0702898
93 0.0701787
94 0.0700708
95 0.0699874
96 0.0699038
97 0.0698218
98 0.0697449
99 0.06966
100 0.0695877
101 0.0695195
102 0.0694554
103 0.0693866
104 0.0693163
105 0.0692664
106 0.0692114
107 0.0691592
108 0.0691104
109 0.0690692
110 0.0690247
111 0.0689869
112 0.0689353
113 0.0688912
114 0.068851
115 0.0688187
116 0.0687943
117 0.0687625
118 0.0687257
119 0.0686996
120 0.0686794
121 0.0686537
122 0.0686257
123 0.0686082
124 0.0685848
125 0.0685704
126 0.0685518
127 0.0685368
128 0.0685226
129 0.0685087
130 0.0685038
131 0.0684941
132 0.0684889
133 0.0684843
134 0.068483
135 0.0684763
136 0.0684733
137 0.0684723
138 0.0684741
139 0.068472
140 0.0684747
141 0.0684724
142 0.068475
143 0.0684804
144 0.0684859
145 0.0684935
146 0.0685028
147 0.0685091
148 0.0685147
149 0.0685257
150 0.0685306
151 0.0685378
152 0.0685425
153 0.0685553
154 0.0685629
155 0.0685706
156 0.0685794
157 0.0685892
158 0.0685963
159 0.0686113
160 0.0686261
161 0.068643
162 0.0686561
163 0.0686697
164 0.0686876
165 0.0687026
166 0.0687152
167 0.068734
168 0.0687442
169 0.0687626
170 0.0687807
171 0.0687978
172 0.068816
173 0.0688349
174 0.0688538
175 0.0688716
176 0.0688929
177 0.0689067
178 0.0689239
179 0.068942
180 0.0689609
181 0.0689776
182 0.0689987
183 0.069019
184 0.0690401
185 0.0690581
186 0.0690796
187 0.0690975
188 0.0691188
189 0.0691375
190 0.0691592
191 0.0691846
192 0.069202
193 0.0692247
194 0.0692457
195 0.0692711
196 0.0692918
197 0.0693104
198 0.0693301
199 0.0693539
200 0.069379
201 0.0694014
202 0.0694254
203 0.0694485
204 0.0694685
205 0.069487
206 0.0695084
207 0.0695297
208 0.0695522
209 0.0695786
210 0.0696014
211 0.0696245
212 0.0696467
213 0.0696677
214 0.0696878
215 0.0697135
216 0.0697367
217 0.0697567
218 0.0697799
219 0.0698042
220 0.0698235
221 0.0698481
222 0.0698705
223 0.0698927
224 0.069916
225 0.0699386
226 0.0699608
227 0.0699821
228 0.0700031
229 0.0700268
230 0.0700445
231 0.070067
232 0.0700872
233 0.0701102
234 0.0701338
235 0.0701568
236 0.070176
237 0.0702001
238 0.070223
239 0.0702443
240 0.0702677
241 0.070287
242 0.0703082
243 0.0703289
244 0.070353
245 0.0703733
246 0.0703949
247 0.0704183
248 0.0704395
249 0.0704583
250 0.0704795
251 0.0705005
252 0.0705193
253 0.0705422
254 0.0705611
255 0.070581
256 0.0706038
257 0.0706269
258 0.0706467
259 0.0706655
260 0.0706855
261 0.0707046
262 0.070727
263 0.0707482
264 0.0707691
265 0.0707889
266 0.0708096
267 0.0708326
268 0.0708506
269 0.0708717
270 0.070892
271 0.070911
272 0.0709308
273 0.0709487
274 0.0709683
275 0.0709898
276 0.0710095
277 0.0710275
278 0.0710468
279 0.0710659
280 0.0710855
281 0.0711047
282 0.0711226
283 0.0711399
284 0.0711579
285 0.0711741
286 0.0711915
287 0.0712115
288 0.0712308
289 0.071247
290 0.0712657
291 0.0712793
292 0.0712949
293 0.0713135
294 0.0713291
295 0.071345
296 0.0713622
297 0.0713773
298 0.0713919
299 0.0714096
300 0.0714263
