1 0.610033
2 0.610033
3 0.610033
4 0.610033
5 0.610033
6 0.610033
7 0.610033
8 0.610033
9 0.610033
10 0.610033
11 0.610033
12 0.610033
13 0.610033
14 0.610033
15 0.610033
16 0.610033
17 0.610033
18 0.610033
19 0.610033
20 0.610033
21 0.610033
22 0.610033
23 0.610033
24 0.610033
25 0.610033
26 0.610033
27 0.610033
28 0.610033
29 0.610033
30 0.610033
31 0.610033
32 0.610033
33 0.610033
34 0.610033
35 0.610033
36 0.610033
37 0.610033
38 0.610033
39 0.610033
40 0.610033
41 0.610033
42 0.610033
43 0.610033
44 0.610033
45 0.610033
46 0.610033
47 0.610033
48 0.610033
49 0.610033
50 0.610033
51 0.610033
52 0.610033
53 0.610033
54 0.610033
55 0.610033
56 0.610033
57 0.610033
58 0.610033
59 0.610033
60 0.610033
61 0.610033
62 0.610033
63 0.610033
64 0.610033
65 0.610033
66 0.610033
67 0.610033
68 0.610033
69 0.610033
70 0.610033
71 0.610033
72 0.610033
73 0.610033
74 0.610033
75 0.610033
76 0.610033
77 0.610033
78 0.610033
79 0.610033
80 0.610033
81 0.610033
82 0.610033
83 0.610033
84 0.610033
85 0.610033
86 0.610033
87 0.610033
88 0.610033
89 0.610033
90 0.610033
91 0.610033
92 0.610033
93 0.610033
94 0.610033
95 0.610033
96 0.610033
97 0.610033
98 0.610033
99 0.610033
100 0.610033
101 0.610033
102 0.610033
103 0.610033
104 0.610033
105 0.610033
106 0.610033
107 0.610033
108 0.610033
109 0.610033
110 0.610033
111 0.610033
112 0.610033
113 0.610033
114 0.610033
115 0.610033
116 0.610033
117 0.610033
118 0.610033
119 0.610033
120 0.610033
121 0.610033
122 0.610033
123 0.610033
124 0.610033
125 0.610033
126 0.610033
127 0.610033
128 0.610033
129 0.610033
130 0.610033
131 0.610033
132 0.610033
133 0.610033
134 0.610033
135 0.610033
136 0.610033
137 0.610033
138 0.610033
139 0.610033
140 0.610033
141 0.610033
142 0.610033
143 0.610033
144 0.610033
145 0.610033
146 0.610033
147 0.610033
148 0.610033
149 0.610033
150 0.610033
151 0.610033
152 0.610033
153 0.610033
154 0.610033
155 0.610033
156 0.610033
157 0.610033
158 0.610033
159 0.610033
160 0.610033
161 0.610033
162 0.610033
163 0.610033
164 0.610033
165 0.610033
166 0.610033
167 0.610033
168 0.610033
169 0.610033
170 0.610033
171 0.610033
172 0.610033
173 0.610033
174 0.610033
175 0.610033
176 0.610033
177 0.610033
178 0.610033
179 0.610033
180 0.610033
181 0.610033
182 0.610033
183 0.610033
184 0.610033
185 0.610033
186 0.610033
187 0.610033
188 0.610033
189 0.610033
190 0.610033
191 0.610033
192 0.610033
193 0.610033
194 0.610033
195 0.610033
196 0.610033
197 0.610033
198 0.610033
199 0.610033
200 0.610033
201 0.610033
202 0.610033
203 0.610033
204 0.610033
205 0.610033
206 0.610033
207 0.610033
208 0.610033
209 0.610033
210 0.610033
211 0.610033
212 0.610033
213 0.610033
214 0.610033
215 0.610033
216 0.610033
217 0.610033
218 0.610033
219 0.610033
220 0.610033
221 0.610033
222 0.610033
223 0.610033
224 0.610033
225 0.610033
226 0.610033
227 0.610033
228 0.610033
229 0.610033
230 0.610033
231 0.610033
232 0.610033
233 0.610033
234 0.610033
235 0.610033
236 0.610033
237 0.610033
238 0.610033
239 0.610033
240 0.610033
241 0.610033
242 0.610033
243 0.610033
244 0.610033
245 0.610033
246 0.610033
247 0.610033
248 0.610033
249 0.610033
250 0.610033
251 0.610033
252 0.610033
253 0.610033
254 0.610033
255 0.610033
256 0.610033
257 0.610033
258 0.610033
259 0.610033
260 0.610033
261 0.610033
262 0.610033
263 0.610033
264 0.610033
265 0.610033
266 0.610033
267 0.610033
268 0.610033
269 0.610033
270 0.610033
271 0.610033
272 0.610033
273 0.610033
274 0.610033
275 0.610033
276 0.610033
277 0.610033
278 0.610033
279 0.610033
280 0.610033
281 0.610033
282 0.610033
283 0.610033
284 0.610033
285 0.610033
286 0.610033
287 0.610033
288 0.610033
289 0.610033
290 0.610033
291 0.610033
292 0.610033
293 0.610033
294 0.610033
295 0.610033
296 0.610033
297 0.610033
298 0.610033
299 0.610033
300 0.610033
