1 0.333823
2 0.33317
3 0.333007
4 0.418833
5 0.424623
6 0.452122
7 0.471436
8 0.484865
9 0.492356
10 0.498126
11 0.505023
12 0.509887
13 0.510861
14 0.514277
15 0.521176
16 0.52454
17 0.522122
18 0.528682
19 0.52874
20 0.52774
21 0.536423
22 0.546809
23 0.547572
24 0.548222
25 0.549179
26 0.551531
27 0.554525
28 0.557607
29 0.560802
30 0.563231
31 0.567706
32 0.573597
33 0.580606
34 0.577511
35 0.5811
36 0.585085
37 0.586477
38 0.589993
39 0.595006
40 0.594754
41 0.597996
42 0.601249
43 0.603334
44 0.607762
45 0.609914
46 0.612459
47 0.613392
48 0.616094
49 0.618447
50 0.623099
51 0.624065
52 0.625933
53 0.629363
54 0.63189
55 0.632166
56 0.634608
57 0.637126
58 0.637758
59 0.638714
60 0.643456
61 0.643073
62 0.643172
63 0.648274
64 0.649129
65 0.649792
66 0.651138
67 0.65508
68 0.655008
69 0.655714
70 0.657678
71 0.65936
72 0.659318
73 0.660772
74 0.663902
75 0.66519
76 0.664915
77 0.665841
78 0.66747
79 0.670074
80 0.670353
81 0.67072
82 0.672868
83 0.673997
84 0.674797
85 0.675423
86 0.677025
87 0.678368
88 0.678867
89 0.679516
90 0.681086
91 0.682264
92 0.683275
93 0.683951
94 0.684216
95 0.685737
96 0.687004
97 0.686714
98 0.688132
99 0.689483
100 0.690473
101 0.691014
102 0.691383
103 0.692432
104 0.694676
105 0.694363
106 0.6952
107 0.696936
108 0.698465
109 0.699031
110 0.698995
111 0.699639
112 0.700669
113 0.701897
114 0.702203
115 0.702543
116 0.703884
117 0.705138
118 0.706455
119 0.70598
120 0.707062
121 0.708268
122 0.70933
123 0.70963
124 0.710653
125 0.710823
126 0.712271
127 0.71339
128 0.713087
129 0.714547
130 0.714376
131 0.715603
132 0.717067
133 0.717357
134 0.718241
135 0.71821
136 0.718628
137 0.71982
138 0.720451
139 0.721706
140 0.722259
141 0.722567
142 0.723425
143 0.724008
144 0.724406
145 0.725565
146 0.726416
147 0.726687
148 0.727239
149 0.727631
150 0.728258
151 0.728518
152 0.729495
153 0.730611
154 0.730281
155 0.731063
156 0.731868
157 0.73287
158 0.733893
159 0.733788
160 0.733673
161 0.734752
162 0.735175
163 0.735818
164 0.736438
165 0.736933
166 0.737781
167 0.738178
168 0.739175
169 0.739658
170 0.740011
171 0.74053
172 0.74166
173 0.740947
174 0.741894
175 0.74333
176 0.743089
177 0.743606
178 0.744102
179 0.744223
180 0.744982
181 0.746043
182 0.745973
183 0.746366
184 0.746695
185 0.747501
186 0.747902
187 0.748694
188 0.748795
189 0.749768
190 0.750069
191 0.750498
192 0.751531
193 0.751349
194 0.752365
195 0.752606
196 0.75281
197 0.753099
198 0.754068
199 0.754006
200 0.754092
201 0.755029
202 0.755338
203 0.755667
204 0.756415
205 0.756739
206 0.757212
207 0.757639
208 0.758161
209 0.758596
210 0.759311
211 0.759611
212 0.759625
213 0.760152
214 0.760724
215 0.760778
216 0.761554
217 0.762035
218 0.762905
219 0.763077
220 0.764047
221 0.763685
222 0.764084
223 0.764853
224 0.764938
225 0.765044
226 0.765151
227 0.765769
228 0.765628
229 0.766032
230 0.766584
231 0.766969
232 0.767202
233 0.767579
234 0.768071
235 0.768347
236 0.768936
237 0.769344
238 0.769724
239 0.77022
240 0.770254
241 0.770388
242 0.77086
243 0.771167
244 0.771869
245 0.771981
246 0.772569
247 0.772852
248 0.772985
249 0.773344
250 0.773731
251 0.774457
252 0.774643
253 0.774932
254 0.774633
255 0.775089
256 0.775651
257 0.775755
258 0.775901
259 0.776278
260 0.776963
261 0.776956
262 0.777182
263 0.777913
264 0.77832
265 0.778474
266 0.778914
267 0.779186
268 0.779311
269 0.779554
270 0.779943
271 0.780501
272 0.780406
273 0.781033
274 0.781506
275 0.781533
276 0.781709
277 0.782005
278 0.782219
279 0.78275
280 0.783139
281 0.783435
282 0.7839
283 0.783812
284 0.78427
285 0.785039
286 0.78482
287 0.785318
288 0.785696
289 0.785622
290 0.786304
291 0.78661
292 0.786872
293 0.78739
294 0.787395
295 0.787548
296 0.788144
297 0.788291
298 0.788414
299 0.788883
300 0.789056
