1 0.110013
2 0.110051
3 0.110114
4 0.103825
5 0.0996922
6 0.095774
7 0.0922024
8 0.089128
9 0.0865298
10 0.0843643
11 0.082417
12 0.0807084
13 0.0792592
14 0.0779757
15 0.0767436
16 0.0756228
17 0.0746797
18 0.0737562
19 0.0729461
20 0.0722241
21 0.071462
22 0.0706567
23 0.0699233
24 0.0692486
25 0.0686224
26 0.0680258
27 0.0674502
28 0.0668908
29 0.0663525
30 0.0658258
31 0.0653037
32 0.0647686
33 0.0642235
34 0.0637327
35 0.0632484
36 0.0627671
37 0.0623061
38 0.0618489
39 0.0613881
40 0.0609554
41 0.0605261
42 0.0601026
43 0.0596939
44 0.0592816
45 0.0588773
46 0.0584807
47 0.058097
48 0.057717
49 0.0573446
50 0.0569668
51 0.0566002
52 0.0562411
53 0.0558831
54 0.0555284
55 0.0551892
56 0.0548526
57 0.0545184
58 0.0541946
59 0.0538799
60 0.0535586
61 0.05325
62 0.0529525
63 0.0526475
64 0.0523501
65 0.0520609
66 0.0517753
67 0.0514864
68 0.0512081
69 0.0509373
70 0.0506688
71 0.0504034
72 0.0501456
73 0.0498911
74 0.0496357
75 0.0493843
76 0.049141
77 0.0489026
78 0.0486655
79 0.0484293
80 0.0481976
81 0.0479716
82 0.0477464
83 0.0475249
84 0.0473066
85 0.0470933
86 0.0468816
87 0.0466719
88 0.0464662
89 0.046264
90 0.0460634
91 0.0458648
92 0.0456692
93 0.0454771
94 0.0452882
95 0.0451013
96 0.0449158
97 0.0447352
98 0.0445562
99 0.0443779
100 0.0442017
101 0.0440282
102 0.0438575
103 0.0436887
104 0.0435186
105 0.0433528
106 0.0431893
107 0.0430259
108 0.0428633
109 0.0427029
110 0.0425462
111 0.0423907
112 0.0422367
113 0.0420835
114 0.0419327
115 0.0417848
116 0.0416376
117 0.0414911
118 0.0413452
119 0.0412025
120 0.0410608
121 0.0409198
122 0.04078
123 0.0406424
124 0.0405057
125 0.0403718
126 0.040238
127 0.0401048
128 0.0399745
129 0.0398443
130 0.0397168
131 0.0395896
132 0.0394622
133 0.0393368
134 0.0392123
135 0.0390897
136 0.0389686
137 0.0388474
138 0.0387276
139 0.0386083
140 0.0384904
141 0.0383737
142 0.0382574
143 0.0381426
144 0.038029
145 0.0379157
146 0.037803
147 0.0376916
148 0.0375812
149 0.037472
150 0.037364
151 0.0372573
152 0.0371508
153 0.0370442
154 0.0369398
155 0.0368363
156 0.0367332
157 0.0366305
158 0.0365281
159 0.0364271
160 0.0363278
161 0.0362285
162 0.03613
163 0.0360323
164 0.0359354
165 0.0358391
166 0.0357435
167 0.0356487
168 0.035554
169 0.03546
170 0.0353668
171 0.0352747
172 0.0351828
173 0.0350929
174 0.0350031
175 0.0349128
176 0.0348239
177 0.0347355
178 0.0346478
179 0.034561
180 0.0344744
181 0.0343879
182 0.0343026
183 0.0342179
184 0.0341338
185 0.0340503
186 0.0339672
187 0.0338846
188 0.0338028
189 0.0337211
190 0.0336403
191 0.0335599
192 0.0334793
193 0.0333999
194 0.0333206
195 0.033242
196 0.0331641
197 0.0330867
198 0.0330093
199 0.0329328
200 0.0328572
201 0.0327815
202 0.0327065
203 0.0326319
204 0.0325575
205 0.0324836
206 0.0324101
207 0.0323371
208 0.0322644
209 0.0321921
210 0.0321203
211 0.0320489
212 0.0319784
213 0.0319081
214 0.0318384
215 0.0317691
216 0.0317
217 0.0316312
218 0.0315625
219 0.0314945
220 0.0314264
221 0.0313593
222 0.0312926
223 0.0312259
224 0.0311597
225 0.0310941
226 0.0310289
227 0.030964
228 0.0308997
229 0.0308357
230 0.0307719
231 0.0307085
232 0.0306455
233 0.0305829
234 0.0305206
235 0.0304587
236 0.0303971
237 0.0303358
238 0.0302748
239 0.0302139
240 0.0301535
241 0.0300935
242 0.0300339
243 0.0299745
244 0.0299153
245 0.0298567
246 0.0297981
247 0.0297398
248 0.0296822
249 0.0296248
250 0.0295677
251 0.0295106
252 0.0294539
253 0.0293975
254 0.0293417
255 0.029286
256 0.0292305
257 0.0291754
258 0.0291206
259 0.029066
260 0.0290114
261 0.0289575
262 0.0289037
263 0.0288501
264 0.0287966
265 0.0287435
266 0.0286907
267 0.0286382
268 0.0285861
269 0.0285342
270 0.0284826
271 0.028431
272 0.02838
273 0.028329
274 0.0282781
275 0.0282276
276 0.0281775
277 0.0281275
278 0.0280779
279 0.0280284
280 0.0279791
281 0.02793
282 0.027881
283 0.0278325
284 0.0277841
285 0.0277359
286 0.027688
287 0.0276402
288 0.0275925
289 0.0275454
290 0.0274982
291 0.0274511
292 0.0274043
293 0.0273576
294 0.0273114
295 0.0272653
296 0.0272194
297 0.0271735
298 0.0271282
299 0.0270827
300 0.0270376
