1 0.333823
2 0.333497
3 0.333238
4 0.354708
5 0.368772
6 0.382624
7 0.395264
8 0.406485
9 0.416052
10 0.424192
11 0.431595
12 0.438094
13 0.4437
14 0.448744
15 0.453554
16 0.458008
17 0.461768
18 0.465478
19 0.468828
20 0.471772
21 0.474846
22 0.478139
23 0.481156
24 0.483936
25 0.486524
26 0.489033
27 0.491467
28 0.493847
29 0.496139
30 0.498359
31 0.500633
32 0.502894
33 0.50527
34 0.507366
35 0.509471
36 0.511565
37 0.513618
38 0.515603
39 0.517635
40 0.519584
41 0.52147
42 0.523385
43 0.525255
44 0.52712
45 0.52896
46 0.530769
47 0.532544
48 0.534273
49 0.535988
50 0.537728
51 0.53943
52 0.541102
53 0.542744
54 0.544391
55 0.546022
56 0.547576
57 0.549122
58 0.55068
59 0.55218
60 0.553711
61 0.555162
62 0.556597
63 0.558014
64 0.559463
65 0.560842
66 0.562224
67 0.563598
68 0.564967
69 0.566264
70 0.567571
71 0.56886
72 0.570117
73 0.571412
74 0.572622
75 0.573844
76 0.575033
77 0.576227
78 0.577393
79 0.578544
80 0.579715
81 0.580844
82 0.581963
83 0.583077
84 0.584149
85 0.585252
86 0.586308
87 0.587363
88 0.588393
89 0.589401
90 0.590427
91 0.591424
92 0.592453
93 0.593448
94 0.594389
95 0.595361
96 0.596319
97 0.597255
98 0.598178
99 0.599111
100 0.600011
101 0.600902
102 0.601823
103 0.602669
104 0.603571
105 0.604406
106 0.605276
107 0.60614
108 0.606991
109 0.607836
110 0.608669
111 0.609484
112 0.610306
113 0.611139
114 0.611894
115 0.612691
116 0.613487
117 0.614245
118 0.615064
119 0.615824
120 0.61658
121 0.617339
122 0.618083
123 0.61882
124 0.619565
125 0.620295
126 0.621014
127 0.621751
128 0.622473
129 0.623172
130 0.623886
131 0.624588
132 0.625288
133 0.625994
134 0.626664
135 0.627344
136 0.628019
137 0.62869
138 0.629354
139 0.630014
140 0.630673
141 0.631323
142 0.631973
143 0.632619
144 0.633269
145 0.633919
146 0.634542
147 0.635141
148 0.635764
149 0.636395
150 0.637008
151 0.637611
152 0.638219
153 0.638814
154 0.639416
155 0.640013
156 0.640592
157 0.641189
158 0.641771
159 0.642346
160 0.642922
161 0.643494
162 0.644052
163 0.644609
164 0.645179
165 0.64573
166 0.646274
167 0.646824
168 0.647381
169 0.647937
170 0.648523
171 0.648931
172 0.649542
173 0.650082
174 0.650612
175 0.651139
176 0.651667
177 0.652189
178 0.652684
179 0.653209
180 0.653719
181 0.654224
182 0.654716
183 0.655222
184 0.655725
185 0.656227
186 0.656697
187 0.657213
188 0.657699
189 0.658183
190 0.658662
191 0.659148
192 0.659632
193 0.660108
194 0.660579
195 0.661018
196 0.661518
197 0.661961
198 0.662449
199 0.662926
200 0.663375
201 0.663834
202 0.664286
203 0.664742
204 0.665188
205 0.665646
206 0.666053
207 0.666495
208 0.666941
209 0.667393
210 0.66781
211 0.668252
212 0.668699
213 0.669139
214 0.669561
215 0.669982
216 0.6704
217 0.670813
218 0.671238
219 0.671672
220 0.672075
221 0.672493
222 0.672912
223 0.673315
224 0.673729
225 0.674133
226 0.674543
227 0.674939
228 0.675347
229 0.67574
230 0.676135
231 0.676531
232 0.676915
233 0.677294
234 0.677681
235 0.678074
236 0.678468
237 0.678845
238 0.679225
239 0.679595
240 0.679987
241 0.680398
242 0.680732
243 0.681115
244 0.681471
245 0.681839
246 0.682216
247 0.682586
248 0.68294
249 0.683309
250 0.68367
251 0.684027
252 0.684389
253 0.684763
254 0.685129
255 0.685522
256 0.685812
257 0.686093
258 0.686478
259 0.686851
260 0.687198
261 0.687546
262 0.687896
263 0.688236
264 0.688575
265 0.688917
266 0.689257
267 0.689584
268 0.68993
269 0.690265
270 0.690584
271 0.690929
272 0.69125
273 0.691537
274 0.6919
275 0.69223
276 0.692551
277 0.692875
278 0.693197
279 0.693519
280 0.693834
281 0.694151
282 0.694474
283 0.694791
284 0.695113
285 0.69542
286 0.695739
287 0.696045
288 0.696356
289 0.696668
290 0.696982
291 0.697283
292 0.697579
293 0.697919
294 0.698202
295 0.698503
296 0.698809
297 0.69911
298 0.699415
299 0.699708
300 0.700013
