1 0.50038
2 0.500301
3 0.500278
4 0.506279
5 0.510542
6 0.514336
7 0.517933
8 0.52102
9 0.523525
10 0.525619
11 0.527606
12 0.529268
13 0.530729
14 0.532028
15 0.533181
16 0.534329
17 0.535297
18 0.536262
19 0.537064
20 0.537775
21 0.538504
22 0.539322
23 0.54004
24 0.540694
25 0.541326
26 0.541975
27 0.542526
28 0.543103
29 0.543595
30 0.544128
31 0.5447
32 0.545223
33 0.545794
34 0.546239
35 0.546736
36 0.547208
37 0.547684
38 0.548171
39 0.548623
40 0.549072
41 0.549486
42 0.549978
43 0.550362
44 0.550787
45 0.551184
46 0.551598
47 0.551968
48 0.552362
49 0.552716
50 0.553076
51 0.553424
52 0.553821
53 0.554178
54 0.55456
55 0.554894
56 0.555219
57 0.555507
58 0.555873
59 0.556169
60 0.556503
61 0.556827
62 0.557134
63 0.557419
64 0.557712
65 0.55799
66 0.558309
67 0.558577
68 0.558868
69 0.559125
70 0.559416
71 0.559681
72 0.55994
73 0.560254
74 0.560457
75 0.560709
76 0.560956
77 0.561191
78 0.561445
79 0.56166
80 0.561902
81 0.56212
82 0.562334
83 0.562577
84 0.562783
85 0.562947
86 0.563214
87 0.563429
88 0.563631
89 0.56383
90 0.564049
91 0.564234
92 0.56444
93 0.564664
94 0.564818
95 0.565013
96 0.565193
97 0.565369
98 0.565536
99 0.565732
100 0.565909
101 0.566091
102 0.566206
103 0.566417
104 0.566608
105 0.566768
106 0.566943
107 0.567107
108 0.567263
109 0.567424
110 0.567586
111 0.567735
112 0.567891
113 0.568042
114 0.568195
115 0.568326
116 0.568481
117 0.568619
118 0.568753
119 0.568926
120 0.56906
121 0.569202
122 0.569358
123 0.569478
124 0.569623
125 0.569754
126 0.569904
127 0.570013
128 0.570154
129 0.570284
130 0.570419
131 0.570528
132 0.57066
133 0.570791
134 0.570905
135 0.571035
136 0.571153
137 0.57128
138 0.571395
139 0.571518
140 0.571645
141 0.571753
142 0.57187
143 0.571977
144 0.572094
145 0.572214
146 0.572315
147 0.572429
148 0.57254
149 0.572653
150 0.572754
151 0.57286
152 0.572968
153 0.573073
154 0.573169
155 0.573283
156 0.573382
157 0.573482
158 0.57358
159 0.573685
160 0.573789
161 0.573892
162 0.573988
163 0.574107
164 0.574192
165 0.57429
166 0.574392
167 0.574483
168 0.574572
169 0.574669
170 0.574688
171 0.574769
172 0.574943
173 0.575035
174 0.575121
175 0.5752
176 0.575295
177 0.575383
178 0.575489
179 0.575551
180 0.575641
181 0.575727
182 0.575819
183 0.575906
184 0.575975
185 0.576064
186 0.57617
187 0.57622
188 0.576303
189 0.576382
190 0.576475
191 0.57655
192 0.576631
193 0.576709
194 0.576792
195 0.576855
196 0.576953
197 0.577006
198 0.577102
199 0.577169
200 0.577253
201 0.57733
202 0.577406
203 0.577478
204 0.577556
205 0.577598
206 0.577704
207 0.577773
208 0.577849
209 0.577927
210 0.578015
211 0.578066
212 0.578136
213 0.578205
214 0.578269
215 0.578339
216 0.578412
217 0.578477
218 0.578551
219 0.578628
220 0.578691
221 0.578757
222 0.578828
223 0.578901
224 0.578968
225 0.579035
226 0.579092
227 0.579162
228 0.579224
229 0.579288
230 0.579355
231 0.579421
232 0.579483
233 0.579539
234 0.579624
235 0.579672
236 0.579737
237 0.579797
238 0.57986
239 0.579907
240 0.579982
241 0.580051
242 0.580099
243 0.580158
244 0.580213
245 0.580272
246 0.580329
247 0.580387
248 0.580444
249 0.580501
250 0.580549
251 0.580609
252 0.580671
253 0.580724
254 0.580781
255 0.580759
256 0.580891
257 0.581018
258 0.581008
259 0.581056
260 0.581112
261 0.581166
262 0.581215
263 0.581265
264 0.581323
265 0.581375
266 0.581424
267 0.581475
268 0.581531
269 0.581586
270 0.581638
271 0.581693
272 0.581734
273 0.581771
274 0.581835
275 0.58189
276 0.581939
277 0.581984
278 0.582039
279 0.582083
280 0.582135
281 0.582185
282 0.582229
283 0.582282
284 0.582324
285 0.582376
286 0.582424
287 0.582474
288 0.582522
289 0.582568
290 0.582611
291 0.582662
292 0.582712
293 0.582764
294 0.582799
295 0.582841
296 0.582889
297 0.582935
298 0.582974
299 0.583026
300 0.583067
