1 0.5
2 0.5
3 0.499762
4 0.49959
5 0.499441
6 0.499239
7 0.49912
8 0.499084
9 0.499013
10 0.498838
11 0.498811
12 0.498883
13 0.498787
14 0.498565
15 0.498594
16 0.498609
17 0.498596
18 0.498585
19 0.498486
20 0.498224
21 0.498291
22 0.498373
23 0.498324
24 0.49826
25 0.498142
26 0.498125
27 0.498119
28 0.498
29 0.497801
30 0.497898
31 0.497742
32 0.497855
33 0.497856
34 0.497763
35 0.497628
36 0.497681
37 0.497628
38 0.497669
39 0.497667
40 0.497623
41 0.497577
42 0.497555
43 0.497527
44 0.497443
45 0.497407
46 0.497559
47 0.497433
48 0.497375
49 0.497322
50 0.497394
51 0.497343
52 0.497269
53 0.497188
54 0.497143
55 0.497255
56 0.497245
57 0.497182
58 0.497177
59 0.497117
60 0.497083
61 0.497049
62 0.497062
63 0.497055
64 0.49684
65 0.496965
66 0.497026
67 0.497
68 0.496947
69 0.496932
70 0.496854
71 0.497036
72 0.496991
73 0.496881
74 0.496898
75 0.49697
76 0.496854
77 0.49687
78 0.496886
79 0.49677
80 0.496787
81 0.496764
82 0.496768
83 0.496779
84 0.496702
85 0.496663
86 0.49671
87 0.496652
88 0.496705
89 0.496687
90 0.496593
91 0.496613
92 0.496584
93 0.496603
94 0.496617
95 0.49665
96 0.496502
97 0.496528
98 0.496535
99 0.496625
100 0.496533
101 0.496523
102 0.496527
103 0.496499
104 0.496541
105 0.496541
106 0.496484
107 0.496475
108 0.496412
109 0.496507
110 0.496449
111 0.496384
112 0.496464
113 0.496336
114 0.496345
115 0.496364
116 0.496426
117 0.496437
118 0.496409
119 0.496419
120 0.4963
121 0.496425
122 0.496442
123 0.49626
124 0.496194
125 0.496327
126 0.496294
127 0.496338
128 0.496307
129 0.496301
130 0.496349
131 0.496266
132 0.496346
133 0.496363
134 0.496314
135 0.496231
136 0.496314
137 0.496339
138 0.496171
139 0.496151
140 0.496261
141 0.4962
142 0.49616
143 0.496301
144 0.496239
145 0.496201
146 0.496197
147 0.496304
148 0.496251
149 0.496269
150 0.496227
151 0.496125
152 0.496114
153 0.496134
154 0.496039
155 0.496015
156 0.496083
157 0.496139
158 0.496077
159 0.496077
160 0.496071
161 0.496018
162 0.496078
163 0.496042
164 0.496094
165 0.496148
166 0.496071
167 0.496021
168 0.495936
169 0.496056
170 0.4961
171 0.496116
172 0.495983
173 0.496131
174 0.49609
175 0.495994
176 0.495999
177 0.495984
178 0.496074
179 0.496027
180 0.496006
181 0.495999
182 0.495931
183 0.495998
184 0.496065
185 0.495904
186 0.495992
187 0.49601
188 0.495987
189 0.495887
190 0.495847
191 0.495975
192 0.495932
193 0.49602
194 0.495894
195 0.495875
196 0.496074
197 0.495883
198 0.495942
199 0.49598
200 0.495871
201 0.49585
202 0.495878
203 0.495979
204 0.495855
205 0.495959
206 0.495853
207 0.495934
208 0.495855
209 0.496001
210 0.495865
211 0.49605
212 0.49601
213 0.495766
214 0.495913
215 0.495736
216 0.495838
217 0.495782
218 0.495838
219 0.495803
220 0.495774
221 0.49587
222 0.49588
223 0.495845
224 0.495894
225 0.495913
226 0.495832
227 0.495885
228 0.495792
229 0.495825
230 0.49585
231 0.495802
232 0.495878
233 0.49575
234 0.495793
235 0.495832
236 0.495726
237 0.495689
238 0.495789
239 0.495803
240 0.495825
241 0.495839
242 0.495687
243 0.495758
244 0.495757
245 0.495768
246 0.495775
247 0.495854
248 0.495758
249 0.495734
250 0.495693
251 0.495731
252 0.495744
253 0.495811
254 0.495659
255 0.49569
256 0.495753
257 0.495752
258 0.495677
259 0.495713
260 0.49569
261 0.4958
262 0.495622
263 0.495676
264 0.495653
265 0.495538
266 0.495701
267 0.495677
268 0.49565
269 0.495734
270 0.495617
271 0.495707
272 0.495627
273 0.495801
274 0.495732
275 0.49567
276 0.495764
277 0.495734
278 0.495695
279 0.495587
280 0.495592
281 0.495673
282 0.495692
283 0.495661
284 0.495645
285 0.495678
286 0.495671
287 0.495594
288 0.495628
289 0.49576
290 0.495749
291 0.495582
292 0.495639
293 0.495677
294 0.495759
295 0.49566
296 0.495647
297 0.495567
298 0.495516
299 0.495646
300 0.495754
