1 0.0733613
2 0.0734064
3 0.067887
4 0.0640818
5 0.0610759
6 0.058423
7 0.0563236
8 0.054571
9 0.053141
10 0.0517939
11 0.0506248
12 0.0496787
13 0.0488585
14 0.0479175
15 0.0471422
16 0.04646
17 0.0458192
18 0.0452415
19 0.0446163
20 0.0439537
21 0.0433901
22 0.042894
23 0.042441
24 0.0419776
25 0.0415254
26 0.0411321
27 0.0407186
28 0.0402833
29 0.0398618
30 0.0394374
31 0.0390389
32 0.0386862
33 0.0383373
34 0.0379883
35 0.0376377
36 0.0373004
37 0.036978
38 0.03667
39 0.0363728
40 0.0360797
41 0.0357865
42 0.0355044
43 0.0352281
44 0.0349444
45 0.0346804
46 0.0344271
47 0.0341672
48 0.0339115
49 0.0336628
50 0.0334269
51 0.0331891
52 0.0329562
53 0.0327287
54 0.0324998
55 0.0322826
56 0.0320784
57 0.0318659
58 0.0316541
59 0.0314546
60 0.0312656
61 0.0310632
62 0.0308708
63 0.0306926
64 0.0304986
65 0.0303119
66 0.0301371
67 0.0299711
68 0.0297961
69 0.0296251
70 0.0294574
71 0.0292984
72 0.0291363
73 0.0289759
74 0.0288237
75 0.0286743
76 0.0285226
77 0.0283718
78 0.0282282
79 0.0280823
80 0.0279381
81 0.0277975
82 0.0276626
83 0.0275227
84 0.027386
85 0.0272534
86 0.0271244
87 0.0269982
88 0.0268683
89 0.0267453
90 0.0266221
91 0.0265043
92 0.0263827
93 0.0262636
94 0.0261486
95 0.0260348
96 0.0259203
97 0.0258087
98 0.025696
99 0.0255872
100 0.0254765
101 0.0253687
102 0.0252634
103 0.0251579
104 0.0250567
105 0.0249554
106 0.0248521
107 0.0247525
108 0.0246553
109 0.0245574
110 0.0244601
111 0.0243638
112 0.0242701
113 0.0241786
114 0.024085
115 0.0239939
116 0.0239034
117 0.0238154
118 0.0237291
119 0.0236418
120 0.0235556
121 0.0234701
122 0.0233867
123 0.0233015
124 0.023218
125 0.0231353
126 0.0230546
127 0.0229732
128 0.0228932
129 0.0228145
130 0.0227362
131 0.0226591
132 0.0225829
133 0.0225071
134 0.0224318
135 0.022357
136 0.0222829
137 0.0222097
138 0.0221357
139 0.0220634
140 0.0219925
141 0.0219218
142 0.0218522
143 0.0217844
144 0.0217149
145 0.0216467
146 0.0215797
147 0.0215125
148 0.0214473
149 0.0213815
150 0.021315
151 0.0212509
152 0.0211866
153 0.0211234
154 0.0210609
155 0.0209968
156 0.0209338
157 0.0208736
158 0.0208129
159 0.0207528
160 0.0206927
161 0.0206322
162 0.0205724
163 0.0205135
164 0.0204555
165 0.0203972
166 0.0203389
167 0.0202818
168 0.0202247
169 0.0201689
170 0.0201142
171 0.0200588
172 0.0200034
173 0.0199487
174 0.019895
175 0.0198416
176 0.0197888
177 0.0197356
178 0.0196828
179 0.0196307
180 0.0195793
181 0.0195293
182 0.019478
183 0.0194272
184 0.0193777
185 0.0193271
186 0.0192777
187 0.0192288
188 0.0191805
189 0.0191311
190 0.0190838
191 0.0190356
192 0.0189879
193 0.0189418
194 0.0188956
195 0.0188495
196 0.018803
197 0.0187579
198 0.0187122
199 0.0186674
200 0.0186226
201 0.0185782
202 0.0185339
203 0.0184896
204 0.018446
205 0.0184022
206 0.0183596
207 0.0183165
208 0.0182736
209 0.0182316
210 0.0181894
211 0.0181472
212 0.0181059
213 0.0180645
214 0.0180234
215 0.0179823
216 0.0179415
217 0.0179008
218 0.0178611
219 0.0178217
220 0.0177818
221 0.0177424
222 0.0177035
223 0.0176646
224 0.0176263
225 0.017588
226 0.0175503
227 0.0175121
228 0.0174743
229 0.0174369
230 0.0173994
231 0.0173619
232 0.0173249
233 0.0172882
234 0.0172516
235 0.017216
236 0.0171796
237 0.0171438
238 0.0171081
239 0.0170727
240 0.0170373
241 0.0170028
242 0.0169676
243 0.0169327
244 0.0168983
245 0.016864
246 0.0168302
247 0.0167963
248 0.0167623
249 0.0167284
250 0.0166951
251 0.0166618
252 0.0166285
253 0.0165955
254 0.0165628
255 0.0165303
256 0.0164977
257 0.0164654
258 0.0164331
259 0.016401
260 0.0163693
261 0.0163386
262 0.0163071
263 0.0162759
264 0.0162445
265 0.0162133
266 0.0161826
267 0.0161519
268 0.0161211
269 0.0160907
270 0.0160604
271 0.0160302
272 0.016
273 0.0159704
274 0.0159407
275 0.015911
276 0.0158818
277 0.0158528
278 0.0158238
279 0.0157946
280 0.0157662
281 0.0157375
282 0.0157089
283 0.0156807
284 0.0156526
285 0.0156245
286 0.0155966
287 0.0155686
288 0.0155412
289 0.0155137
290 0.0154862
291 0.0154589
292 0.0154316
293 0.0154046
294 0.0153775
295 0.0153506
296 0.0153237
297 0.015297
298 0.0152707
299 0.0152443
300 0.0152181
