1 0.499919
2 0.500171
3 0.515458
4 0.520267
5 0.523644
6 0.527586
7 0.529659
8 0.530257
9 0.531402
10 0.534076
11 0.534465
12 0.533405
13 0.534809
14 0.537863
15 0.537476
16 0.537272
17 0.537446
18 0.537594
19 0.538883
20 0.542114
21 0.541311
22 0.540304
23 0.540915
24 0.541678
25 0.543073
26 0.543265
27 0.543336
28 0.544682
29 0.546844
30 0.545803
31 0.547467
32 0.54627
33 0.546264
34 0.547253
35 0.548647
36 0.548106
37 0.548651
38 0.548232
39 0.548253
40 0.548704
41 0.549173
42 0.549389
43 0.549672
44 0.550512
45 0.550864
46 0.549356
47 0.550609
48 0.551168
49 0.551686
50 0.55099
51 0.551484
52 0.55219
53 0.552959
54 0.553382
55 0.552323
56 0.552424
57 0.553011
58 0.553064
59 0.553618
60 0.553939
61 0.55425
62 0.554126
63 0.554197
64 0.556133
65 0.555015
66 0.554457
67 0.554696
68 0.555176
69 0.555307
70 0.556006
71 0.554371
72 0.554774
73 0.555763
74 0.555615
75 0.554965
76 0.556003
77 0.555861
78 0.555719
79 0.55675
80 0.556597
81 0.556801
82 0.556764
83 0.556667
84 0.557339
85 0.557677
86 0.557269
87 0.557771
88 0.557314
89 0.557464
90 0.558273
91 0.558101
92 0.558352
93 0.558193
94 0.558067
95 0.557791
96 0.559044
97 0.558829
98 0.558768
99 0.558003
100 0.558781
101 0.558864
102 0.558838
103 0.559067
104 0.55872
105 0.558716
106 0.559193
107 0.559276
108 0.559797
109 0.559004
110 0.559488
111 0.56003
112 0.559362
113 0.560426
114 0.560354
115 0.560197
116 0.559683
117 0.559593
118 0.559818
119 0.559739
120 0.56072
121 0.559686
122 0.559551
123 0.561045
124 0.561578
125 0.560502
126 0.560772
127 0.560404
128 0.560661
129 0.560713
130 0.560319
131 0.560993
132 0.560343
133 0.560199
134 0.560604
135 0.561278
136 0.560606
137 0.560402
138 0.561767
139 0.561926
140 0.561035
141 0.561529
142 0.561857
143 0.560715
144 0.561218
145 0.561525
146 0.561555
147 0.560684
148 0.56112
149 0.560975
150 0.561313
151 0.562135
152 0.562217
153 0.562065
154 0.562813
155 0.563008
156 0.562467
157 0.562022
158 0.562518
159 0.562512
160 0.562565
161 0.562982
162 0.562505
163 0.562789
164 0.562383
165 0.561947
166 0.562565
167 0.562955
168 0.563621
169 0.562684
170 0.562333
171 0.562204
172 0.563257
173 0.562084
174 0.562415
175 0.56317
176 0.56313
177 0.563245
178 0.562541
179 0.562909
180 0.563075
181 0.563134
182 0.563663
183 0.563139
184 0.562608
185 0.56387
186 0.563184
187 0.563045
188 0.563226
189 0.564005
190 0.564312
191 0.563319
192 0.563658
193 0.562969
194 0.563951
195 0.564098
196 0.562537
197 0.564034
198 0.56358
199 0.563284
200 0.564127
201 0.564295
202 0.564071
203 0.563287
204 0.564252
205 0.563447
206 0.564272
207 0.563639
208 0.564254
209 0.563118
210 0.564174
211 0.562731
212 0.563048
213 0.564938
214 0.563801
215 0.565161
216 0.564387
217 0.564812
218 0.564386
219 0.564656
220 0.564876
221 0.564139
222 0.564059
223 0.564331
224 0.563951
225 0.563802
226 0.564429
227 0.564022
228 0.564739
229 0.564482
230 0.56429
231 0.56466
232 0.564074
233 0.565059
234 0.564732
235 0.564427
236 0.565242
237 0.565519
238 0.564757
239 0.564654
240 0.56448
241 0.564378
242 0.565536
243 0.564997
244 0.565008
245 0.56492
246 0.564864
247 0.564262
248 0.564993
249 0.565182
250 0.565489
251 0.565204
252 0.565103
253 0.564589
254 0.565751
255 0.56551
256 0.565035
257 0.565041
258 0.565608
259 0.565339
260 0.565513
261 0.564676
262 0.566024
263 0.565617
264 0.565792
265 0.566651
266 0.565427
267 0.565615
268 0.565812
269 0.565181
270 0.566066
271 0.565385
272 0.565991
273 0.564666
274 0.565193
275 0.565665
276 0.564955
277 0.565183
278 0.565479
279 0.566285
280 0.566254
281 0.565643
282 0.565497
283 0.565732
284 0.565855
285 0.565607
286 0.565656
287 0.566236
288 0.565982
289 0.564982
290 0.565064
291 0.566324
292 0.565899
293 0.565612
294 0.56499
295 0.565744
296 0.565837
297 0.566437
298 0.566816
299 0.565843
300 0.565029
