1 0.0733613
2 0.0734515
3 0.0568482
4 0.0526664
5 0.0490523
6 0.0451585
7 0.043727
8 0.042303
9 0.0417007
10 0.0396712
11 0.0389326
12 0.039272
13 0.0390145
14 0.0356868
15 0.0362878
16 0.0362268
17 0.0355647
18 0.0354209
19 0.0333627
20 0.0313661
21 0.0321172
22 0.0324764
23 0.0324742
24 0.0313184
25 0.0306738
26 0.0312995
27 0.0299688
28 0.028529
29 0.0280608
30 0.0271277
31 0.0270863
32 0.027752
33 0.027173
34 0.0264713
35 0.0257164
36 0.0254942
37 0.0253697
38 0.0252747
39 0.0250799
40 0.0246502
41 0.024058
42 0.0239377
43 0.0236237
44 0.022744
45 0.0230678
46 0.023027
47 0.0222121
48 0.0218923
49 0.0217255
50 0.0218703
51 0.0212986
52 0.0210759
53 0.0208979
54 0.0203693
55 0.0205534
56 0.0208484
57 0.0199647
58 0.0195839
59 0.0198826
60 0.0201167
61 0.0189134
62 0.019141
63 0.0196424
64 0.0182747
65 0.0183635
66 0.018775
67 0.0190166
68 0.0180685
69 0.0179999
70 0.0178874
71 0.0181645
72 0.0176279
73 0.0174314
74 0.0177068
75 0.0176175
76 0.0171462
77 0.0169189
78 0.0171672
79 0.016701
80 0.0165448
81 0.0165535
82 0.0167334
83 0.0160469
84 0.0160436
85 0.0161177
86 0.016154
87 0.0161508
88 0.0155639
89 0.0159253
90 0.0156484
91 0.0159023
92 0.0153167
93 0.015313
94 0.015452
95 0.0153363
96 0.0150433
97 0.0150947
98 0.0147637
99 0.01493
100 0.0145149
101 0.0145867
102 0.0146265
103 0.0144016
104 0.0146231
105 0.0144261
106 0.0140062
107 0.0141979
108 0.0142583
109 0.0139748
110 0.0138551
111 0.0137727
112 0.0138746
113 0.0139298
114 0.0135072
115 0.0136043
116 0.0134963
117 0.0136078
118 0.0136333
119 0.0133408
120 0.0132976
121 0.0132119
122 0.0132922
123 0.012914
124 0.0129492
125 0.0128703
126 0.0129757
127 0.0127192
128 0.0127195
129 0.0127525
130 0.0126355
131 0.012635
132 0.012592
133 0.0125048
134 0.0124159
135 0.0123303
136 0.0122941
137 0.0122489
138 0.0119974
139 0.0120885
140 0.012135
141 0.0120262
142 0.0120346
143 0.0121566
144 0.0117829
145 0.0118276
146 0.0118584
147 0.0117029
148 0.0118631
149 0.0116316
150 0.0114174
151 0.0116242
152 0.011486
153 0.0115126
154 0.0114974
155 0.0111251
156 0.01118
157 0.0114692
158 0.011294
159 0.0112442
160 0.0111501
161 0.0109401
162 0.0109533
163 0.0109651
164 0.0110008
165 0.0108498
166 0.0107161
167 0.0107925
168 0.0106967
169 0.0107953
170 0.0108569
171 0.0106485
172 0.010536
173 0.0105346
174 0.0106068
175 0.0105441
176 0.0105602
177 0.010361
178 0.0103521
179 0.0103453
180 0.0103876
181 0.0105278
182 0.0101871
183 0.0101735
184 0.0103227
185 0.0100205
186 0.0101384
187 0.010128
188 0.0101553
189 0.0098367
190 0.0101445
191 0.00987681
192 0.00987863
193 0.010091
194 0.00999325
195 0.00989066
196 0.00974001
197 0.00991887
198 0.00971849
199 0.0097973
200 0.00970525
201 0.00969836
202 0.00962533
203 0.00954428
204 0.00957801
205 0.0094779
206 0.00962025
207 0.00945606
208 0.00938161
209 0.00950224
210 0.00937075
211 0.00928008
212 0.00938871
213 0.00929799
214 0.00925563
215 0.00919848
216 0.0091659
217 0.00910613
218 0.0092554
219 0.00922611
220 0.00904032
221 0.00907108
222 0.00911027
223 0.00903261
224 0.00907566
225 0.00901829
226 0.00906172
227 0.00887839
228 0.00889402
229 0.00891213
230 0.00881833
231 0.00873382
232 0.00877634
233 0.0087657
234 0.00873846
235 0.00887999
236 0.00863963
237 0.00867252
238 0.00866027
239 0.00864119
240 0.00859147
241 0.0087107
242 0.00848248
243 0.00849171
244 0.00853788
245 0.0084904
246 0.00855607
247 0.00845951
248 0.00834861
249 0.00834057
250 0.00838422
251 0.00835336
252 0.00825291
253 0.00829385
254 0.0082701
255 0.00828575
256 0.00818996
257 0.00818606
258 0.00813133
259 0.00813436
260 0.0081549
261 0.00834523
262 0.00808829
263 0.00811332
264 0.00798965
265 0.00797324
266 0.00805043
267 0.00796942
268 0.00791174
269 0.00793462
270 0.00791188
271 0.00787159
272 0.0078202
273 0.00790433
274 0.00785136
275 0.00777654
276 0.00782981
277 0.00786347
278 0.00778161
279 0.00767288
280 0.00784466
281 0.00772511
282 0.00766687
283 0.0077325
284 0.00767577
285 0.00766883
286 0.00763335
287 0.00756702
288 0.00766722
289 0.00759373
290 0.00753384
291 0.0075529
292 0.00749081
293 0.00752712
294 0.00742875
295 0.00742672
296 0.00739434
297 0.00740823
298 0.00745328
299 0.0073634
300 0.00739756
