1 0.573373
2 0.573521
3 0.609391
4 0.609124
5 0.631746
6 0.633703
7 0.648718
8 0.652587
9 0.664299
10 0.668079
11 0.675446
12 0.680264
13 0.686969
14 0.690914
15 0.697265
16 0.700076
17 0.706345
18 0.7086
19 0.714117
20 0.716493
21 0.721096
22 0.723382
23 0.727687
24 0.730185
25 0.733552
26 0.735815
27 0.739171
28 0.741207
29 0.744426
30 0.746693
31 0.749336
32 0.751343
33 0.753966
34 0.755772
35 0.757903
36 0.759902
37 0.761856
38 0.764024
39 0.765934
40 0.767553
41 0.769431
42 0.77111
43 0.773062
44 0.77438
45 0.776194
46 0.777894
47 0.779428
48 0.780912
49 0.782381
50 0.783517
51 0.785218
52 0.78631
53 0.787632
54 0.788962
55 0.790328
56 0.791466
57 0.792685
58 0.794207
59 0.795242
60 0.796463
61 0.797803
62 0.798864
63 0.800146
64 0.801064
65 0.802273
66 0.803216
67 0.804151
68 0.805301
69 0.806493
70 0.807416
71 0.808336
72 0.809232
73 0.810305
74 0.811085
75 0.812187
76 0.81298
77 0.813995
78 0.81487
79 0.815771
80 0.816588
81 0.817322
82 0.818339
83 0.819165
84 0.820081
85 0.820887
86 0.821528
87 0.822431
88 0.823124
89 0.823924
90 0.824668
91 0.825422
92 0.826352
93 0.826895
94 0.827717
95 0.828247
96 0.828964
97 0.829818
98 0.830287
99 0.831217
100 0.831757
101 0.832447
102 0.833079
103 0.833727
104 0.834511
105 0.835021
106 0.835643
107 0.836383
108 0.836979
109 0.837592
110 0.838048
111 0.838684
112 0.839366
113 0.839831
114 0.840433
115 0.840949
116 0.841371
117 0.841905
118 0.842398
119 0.842911
120 0.843387
121 0.843974
122 0.844438
123 0.84525
124 0.845642
125 0.846177
126 0.846524
127 0.846986
128 0.847569
129 0.848032
130 0.848482
131 0.848974
132 0.849429
133 0.849977
134 0.850299
135 0.850758
136 0.851309
137 0.851891
138 0.852172
139 0.852712
140 0.85319
141 0.85362
142 0.85402
143 0.854475
144 0.85485
145 0.855248
146 0.855684
147 0.856128
148 0.856398
149 0.856824
150 0.857364
151 0.85753
152 0.858078
153 0.858487
154 0.858853
155 0.859294
156 0.859531
157 0.859939
158 0.860088
159 0.860681
160 0.860981
161 0.861378
162 0.861975
163 0.862276
164 0.86251
165 0.862842
166 0.86303
167 0.86352
168 0.86376
169 0.864212
170 0.864536
171 0.864726
172 0.865071
173 0.865351
174 0.865812
175 0.866158
176 0.86644
177 0.86685
178 0.867028
179 0.86733
180 0.867598
181 0.86798
182 0.868291
183 0.868554
184 0.86884
185 0.869271
186 0.869569
187 0.869709
188 0.870057
189 0.870239
190 0.870544
191 0.870924
192 0.871081
193 0.871415
194 0.871706
195 0.871888
196 0.872206
197 0.872415
198 0.872666
199 0.873053
200 0.873312
201 0.873673
202 0.874014
203 0.8743
204 0.874388
205 0.87472
206 0.874977
207 0.875344
208 0.875549
209 0.875825
210 0.876058
211 0.876349
212 0.876702
213 0.876791
214 0.877115
215 0.877334
216 0.877548
217 0.877796
218 0.877984
219 0.878287
220 0.878458
221 0.878828
222 0.879003
223 0.879326
224 0.879499
225 0.879807
226 0.87997
227 0.880171
228 0.880397
229 0.880581
230 0.88085
231 0.881033
232 0.881333
233 0.881581
234 0.881781
235 0.881912
236 0.882225
237 0.88235
238 0.882516
239 0.882711
240 0.883024
241 0.883309
242 0.883407
243 0.883665
244 0.883819
245 0.884007
246 0.884351
247 0.884497
248 0.884883
249 0.884916
250 0.88515
251 0.88526
252 0.885602
253 0.885772
254 0.88603
255 0.886161
256 0.886495
257 0.886459
258 0.886903
259 0.886963
260 0.887186
261 0.887331
262 0.88758
263 0.88783
264 0.888132
265 0.888118
266 0.888332
267 0.888441
268 0.888726
269 0.889067
270 0.889107
271 0.889283
272 0.889426
273 0.889615
274 0.889844
275 0.889994
276 0.890152
277 0.89027
278 0.890459
279 0.890714
280 0.890765
281 0.891059
282 0.891191
283 0.89131
284 0.891551
285 0.891663
286 0.891922
287 0.892038
288 0.892172
289 0.892259
290 0.892368
291 0.892651
292 0.892907
293 0.893045
294 0.893246
295 0.893297
296 0.89348
297 0.893638
298 0.893816
299 0.893971
300 0.894137
