1 0.500324
2 0.499676
3 0.573395
4 0.591947
5 0.608998
6 0.626856
7 0.633692
8 0.640203
9 0.642923
10 0.653452
11 0.656926
12 0.655431
13 0.657009
14 0.673524
15 0.670273
16 0.671037
17 0.674575
18 0.675864
19 0.685673
20 0.696378
21 0.692749
22 0.691474
23 0.691899
24 0.698165
25 0.701584
26 0.69844
27 0.70643
28 0.712624
29 0.714924
30 0.72079
31 0.721424
32 0.718409
33 0.72224
34 0.725979
35 0.72962
36 0.730923
37 0.731765
38 0.732472
39 0.733799
40 0.736384
41 0.739853
42 0.74044
43 0.742257
44 0.747329
45 0.745762
46 0.746328
47 0.750985
48 0.752807
49 0.753488
50 0.752974
51 0.75607
52 0.757805
53 0.758559
54 0.761496
55 0.760848
56 0.759408
57 0.764554
58 0.76663
59 0.765169
60 0.764191
61 0.770845
62 0.77016
63 0.768214
64 0.77531
65 0.774913
66 0.773068
67 0.771829
68 0.777268
69 0.777305
70 0.778621
71 0.777315
72 0.780049
73 0.781734
74 0.780465
75 0.781385
76 0.783595
77 0.785713
78 0.784223
79 0.786904
80 0.788051
81 0.78825
82 0.787463
83 0.791335
84 0.791446
85 0.791294
86 0.791547
87 0.791779
88 0.794578
89 0.792607
90 0.794698
91 0.793845
92 0.797062
93 0.797148
94 0.796561
95 0.797635
96 0.799266
97 0.799404
98 0.801489
99 0.800889
100 0.803192
101 0.802735
102 0.802493
103 0.804253
104 0.803505
105 0.804541
106 0.806862
107 0.806016
108 0.806048
109 0.80752
110 0.808657
111 0.808954
112 0.809036
113 0.808695
114 0.811004
115 0.810659
116 0.81189
117 0.811393
118 0.811268
119 0.813029
120 0.813002
121 0.813967
122 0.813546
123 0.81571
124 0.815707
125 0.816315
126 0.815729
127 0.817364
128 0.817202
129 0.817415
130 0.818316
131 0.818564
132 0.819386
133 0.819627
134 0.820483
135 0.821033
136 0.821345
137 0.821812
138 0.823505
139 0.822961
140 0.822897
141 0.823959
142 0.824056
143 0.823729
144 0.82572
145 0.825382
146 0.825206
147 0.826559
148 0.825929
149 0.826775
150 0.828186
151 0.827371
152 0.828241
153 0.82841
154 0.828536
155 0.830709
156 0.830322
157 0.82916
158 0.830312
159 0.830762
160 0.830973
161 0.832421
162 0.832245
163 0.832748
164 0.832903
165 0.833569
166 0.83465
167 0.834126
168 0.834627
169 0.834488
170 0.834383
171 0.835239
172 0.836066
173 0.836025
174 0.83593
175 0.836411
176 0.836427
177 0.837487
178 0.837476
179 0.837841
180 0.838002
181 0.837267
182 0.838957
183 0.839213
184 0.838383
185 0.840326
186 0.840073
187 0.840279
188 0.83991
189 0.84175
190 0.840158
191 0.841913
192 0.842102
193 0.841023
194 0.841783
195 0.842067
196 0.84321
197 0.842421
198 0.843754
199 0.843148
200 0.843901
201 0.843833
202 0.84449
203 0.845216
204 0.84535
205 0.845821
206 0.845006
207 0.845883
208 0.846657
209 0.846124
210 0.846954
211 0.847708
212 0.846975
213 0.847558
214 0.847992
215 0.848439
216 0.848736
217 0.849409
218 0.848887
219 0.849001
220 0.850135
221 0.85021
222 0.849801
223 0.850526
224 0.85034
225 0.850568
226 0.85058
227 0.85152
228 0.851698
229 0.851686
230 0.852168
231 0.852664
232 0.85267
233 0.852724
234 0.853193
235 0.852228
236 0.853668
237 0.853678
238 0.853964
239 0.853944
240 0.854671
241 0.853698
242 0.854991
243 0.854936
244 0.854863
245 0.855412
246 0.855093
247 0.855814
248 0.856364
249 0.856649
250 0.856458
251 0.856877
252 0.857353
253 0.856883
254 0.857547
255 0.857281
256 0.858081
257 0.858048
258 0.858703
259 0.858897
260 0.859002
261 0.857875
262 0.859511
263 0.859177
264 0.860117
265 0.860377
266 0.859905
267 0.860602
268 0.86073
269 0.860968
270 0.861056
271 0.861439
272 0.861672
273 0.861367
274 0.861793
275 0.862191
276 0.862134
277 0.861769
278 0.86226
279 0.863052
280 0.862098
281 0.863115
282 0.863081
283 0.86315
284 0.86344
285 0.863737
286 0.863959
287 0.864424
288 0.86367
289 0.86448
290 0.864646
291 0.864804
292 0.865294
293 0.865345
294 0.865816
295 0.865862
296 0.865983
297 0.866002
298 0.865984
299 0.866645
300 0.866511
