1 0.12054
2 0.120512
3 0.12075
4 0.0883388
5 0.0824385
6 0.0746975
7 0.0747608
8 0.0709039
9 0.0685455
10 0.0754382
11 0.0705826
12 0.0663229
13 0.0712617
14 0.0702235
15 0.0642338
16 0.0627992
17 0.065424
18 0.0612193
19 0.0616899
20 0.0592351
21 0.0585271
22 0.0536891
23 0.0543306
24 0.0563373
25 0.0556594
26 0.0519089
27 0.0516982
28 0.0499314
29 0.0519702
30 0.047584
31 0.0482708
32 0.0466914
33 0.0454183
34 0.0462165
35 0.0448379
36 0.0430885
37 0.0448784
38 0.0426714
39 0.0422647
40 0.0431251
41 0.0414696
42 0.0400809
43 0.042281
44 0.0393452
45 0.0406583
46 0.0389609
47 0.0394379
48 0.0386048
49 0.0389296
50 0.0379705
51 0.0373512
52 0.0368442
53 0.036695
54 0.0357406
55 0.0363226
56 0.0351569
57 0.0351296
58 0.0343883
59 0.0350035
60 0.0337871
61 0.0344482
62 0.0340158
63 0.0323801
64 0.0331525
65 0.0323752
66 0.0329555
67 0.0315132
68 0.0320786
69 0.0318184
70 0.031231
71 0.03113
72 0.0306245
73 0.0311846
74 0.0301181
75 0.0297003
76 0.0307621
77 0.0293878
78 0.0297883
79 0.028714
80 0.0294345
81 0.0291506
82 0.0287151
83 0.0280019
84 0.028319
85 0.028247
86 0.0279942
87 0.027227
88 0.0277994
89 0.0269041
90 0.0277329
91 0.0269717
92 0.0264094
93 0.0266502
94 0.0263955
95 0.0264231
96 0.0260759
97 0.02573
98 0.0258736
99 0.0257764
100 0.0255049
101 0.0256097
102 0.0248147
103 0.0253449
104 0.0247546
105 0.0244105
106 0.0248567
107 0.0240783
108 0.0243049
109 0.023938
110 0.0241558
111 0.0241275
112 0.0236615
113 0.0236471
114 0.0235635
115 0.0233959
116 0.02383
117 0.0232581
118 0.0228742
119 0.0231004
120 0.0227173
121 0.0225667
122 0.0225851
123 0.0222746
124 0.0222647
125 0.0223974
126 0.0216717
127 0.0218718
128 0.0218129
129 0.0218117
130 0.021829
131 0.0215392
132 0.0213608
133 0.0215245
134 0.0209667
135 0.0213144
136 0.0209422
137 0.0208396
138 0.0208884
139 0.020611
140 0.0207447
141 0.0205896
142 0.0205691
143 0.0204738
144 0.0206002
145 0.020165
146 0.0201596
147 0.0201117
148 0.0197801
149 0.019817
150 0.0196067
151 0.0197833
152 0.0195664
153 0.0195404
154 0.0192042
155 0.0194393
156 0.0192137
157 0.01903
158 0.0190941
159 0.0189806
160 0.0189737
161 0.0188346
162 0.018812
163 0.0185513
164 0.0187736
165 0.018232
166 0.0185502
167 0.0186278
168 0.0181501
169 0.0182235
170 0.0181194
171 0.0181376
172 0.0180351
173 0.0179978
174 0.0180405
175 0.0176439
176 0.0179763
177 0.0177134
178 0.0176599
179 0.0175479
180 0.0174998
181 0.0173829
182 0.0175656
183 0.0172914
184 0.0171731
185 0.0173077
186 0.0169595
187 0.017096
188 0.0172881
189 0.0169545
190 0.0171012
191 0.016822
192 0.0167021
193 0.0166423
194 0.0167079
195 0.0165077
196 0.0166465
197 0.0166222
198 0.0165094
199 0.0164339
200 0.0163901
201 0.0163812
202 0.0162023
203 0.0163886
204 0.0162307
205 0.0159974
206 0.016247
207 0.0159532
208 0.0160998
209 0.0159193
210 0.0158427
211 0.0158416
212 0.0157769
213 0.0157189
214 0.0156886
215 0.015637
216 0.0156284
217 0.0154672
218 0.0154383
219 0.0154302
220 0.0153292
221 0.0153254
222 0.0152916
223 0.0151845
224 0.0149617
225 0.0153197
226 0.0150593
227 0.0149245
228 0.0149809
229 0.014912
230 0.0148355
231 0.0149819
232 0.014867
233 0.0147059
234 0.0147027
235 0.0146149
236 0.0147777
237 0.014535
238 0.0145883
239 0.0144781
240 0.0143809
241 0.0144588
242 0.0143608
243 0.014347
244 0.0143186
245 0.0143282
246 0.0140927
247 0.0142592
248 0.0142171
249 0.01413
250 0.0141191
251 0.0140125
252 0.013998
253 0.0141194
254 0.0138845
255 0.013935
256 0.0138184
257 0.0138652
258 0.0138438
259 0.0137732
260 0.0137116
261 0.0137096
262 0.0136094
263 0.0135618
264 0.0135828
265 0.0134577
266 0.0134254
267 0.0134332
268 0.0134649
269 0.0134978
270 0.0133455
271 0.0133528
272 0.0133507
273 0.0132622
274 0.0131388
275 0.0131993
276 0.0131316
277 0.0130917
278 0.0131757
279 0.0129328
280 0.0129948
281 0.0129276
282 0.012968
283 0.0128545
284 0.0129202
285 0.012756
286 0.0128216
287 0.0128522
288 0.012788
289 0.0128046
290 0.012639
291 0.012782
292 0.0125593
293 0.0126616
294 0.0126822
295 0.0125793
296 0.0126078
297 0.0124441
298 0.0125361
299 0.0124466
300 0.0123865
