1 0.333985
2 0.333773
3 0.333238
4 0.359395
5 0.37914
6 0.396926
7 0.40971
8 0.421047
9 0.430951
10 0.436331
11 0.442432
12 0.448873
13 0.452974
14 0.456857
15 0.461682
16 0.466244
17 0.469675
18 0.473736
19 0.477316
20 0.481066
21 0.484503
22 0.48855
23 0.49212
24 0.495096
25 0.49791
26 0.501229
27 0.504297
28 0.507402
29 0.510016
30 0.513021
31 0.515806
32 0.518558
33 0.521358
34 0.523871
35 0.526409
36 0.529061
37 0.531394
38 0.533778
39 0.536147
40 0.538308
41 0.540526
42 0.542836
43 0.544801
44 0.546939
45 0.548877
46 0.550922
47 0.552851
48 0.55475
49 0.556557
50 0.558389
51 0.560223
52 0.562031
53 0.563767
54 0.565516
55 0.567206
56 0.568878
57 0.570469
58 0.572161
59 0.573738
60 0.575332
61 0.576816
62 0.578314
63 0.579848
64 0.581332
65 0.582794
66 0.584212
67 0.585655
68 0.587065
69 0.588404
70 0.589765
71 0.591097
72 0.592435
73 0.593777
74 0.59501
75 0.596301
76 0.597506
77 0.598773
78 0.599956
79 0.601166
80 0.602369
81 0.60353
82 0.604694
83 0.605863
84 0.606971
85 0.608121
86 0.609212
87 0.610323
88 0.611384
89 0.612453
90 0.613498
91 0.614522
92 0.615621
93 0.616656
94 0.617654
95 0.618673
96 0.619655
97 0.620656
98 0.621632
99 0.622597
100 0.623546
101 0.624471
102 0.625468
103 0.626333
104 0.627277
105 0.62817
106 0.629081
107 0.629998
108 0.630887
109 0.631772
110 0.632649
111 0.633475
112 0.634351
113 0.635224
114 0.636014
115 0.63686
116 0.637668
117 0.638455
118 0.639305
119 0.640095
120 0.640882
121 0.641678
122 0.642444
123 0.643227
124 0.644011
125 0.644758
126 0.64552
127 0.646284
128 0.647046
129 0.647766
130 0.648508
131 0.649239
132 0.649963
133 0.650682
134 0.651389
135 0.65209
136 0.652793
137 0.653492
138 0.65418
139 0.654861
140 0.65554
141 0.656212
142 0.656875
143 0.657543
144 0.658203
145 0.658882
146 0.659512
147 0.66013
148 0.660783
149 0.661429
150 0.662062
151 0.662685
152 0.663303
153 0.663906
154 0.66454
155 0.665152
156 0.665745
157 0.666359
158 0.666956
159 0.667541
160 0.668134
161 0.668721
162 0.669298
163 0.669874
164 0.670458
165 0.67103
166 0.671587
167 0.672141
168 0.672711
169 0.673282
170 0.673889
171 0.674282
172 0.674904
173 0.675466
174 0.676001
175 0.676536
176 0.677068
177 0.6776
178 0.678099
179 0.678638
180 0.679151
181 0.67967
182 0.680166
183 0.68068
184 0.681194
185 0.681703
186 0.682175
187 0.682706
188 0.683191
189 0.683678
190 0.684157
191 0.684649
192 0.685136
193 0.685624
194 0.686098
195 0.686533
196 0.687034
197 0.687479
198 0.687971
199 0.688454
200 0.688903
201 0.689362
202 0.689817
203 0.690275
204 0.690721
205 0.69119
206 0.691582
207 0.692029
208 0.692476
209 0.692932
210 0.693341
211 0.693781
212 0.69423
213 0.694674
214 0.695095
215 0.695512
216 0.695924
217 0.696333
218 0.69676
219 0.697197
220 0.69759
221 0.698002
222 0.698419
223 0.698821
224 0.699233
225 0.699629
226 0.700039
227 0.700432
228 0.700848
229 0.701237
230 0.701629
231 0.702021
232 0.702402
233 0.702777
234 0.703161
235 0.703555
236 0.703946
237 0.704321
238 0.704699
239 0.705061
240 0.705457
241 0.70587
242 0.706197
243 0.706583
244 0.706933
245 0.7073
246 0.707672
247 0.708038
248 0.708386
249 0.708752
250 0.70911
251 0.709461
252 0.709819
253 0.710191
254 0.710558
255 0.710954
256 0.71123
257 0.711496
258 0.711884
259 0.712259
260 0.712603
261 0.712952
262 0.713302
263 0.713641
264 0.713973
265 0.71431
266 0.714651
267 0.714971
268 0.71531
269 0.715645
270 0.715959
271 0.716301
272 0.716615
273 0.716895
274 0.717259
275 0.717583
276 0.717901
277 0.718223
278 0.718541
279 0.718858
280 0.71917
281 0.719486
282 0.719803
283 0.720115
284 0.720433
285 0.720735
286 0.721048
287 0.721347
288 0.721653
289 0.721958
290 0.722267
291 0.722556
292 0.722845
293 0.723185
294 0.723455
295 0.72375
296 0.724047
297 0.72434
298 0.72464
299 0.724922
300 0.725219
