1 0.12054
2 0.120526
3 0.120601
4 0.112535
5 0.106516
6 0.101213
7 0.0974341
8 0.0941177
9 0.0912765
10 0.0896926
11 0.0879553
12 0.0861526
13 0.0850072
14 0.0839512
15 0.0826367
16 0.0813968
17 0.0804573
18 0.0793885
19 0.078457
20 0.0774959
21 0.0765927
22 0.0755516
23 0.0746288
24 0.0738668
25 0.0731385
26 0.0723219
27 0.0715582
28 0.0707858
29 0.0701369
30 0.0693851
31 0.068704
32 0.0680161
33 0.0673313
34 0.0667103
35 0.0660854
36 0.0654467
37 0.0648907
38 0.064306
39 0.0637408
40 0.0632254
41 0.0626948
42 0.0621564
43 0.0616941
44 0.0611863
45 0.06073
46 0.0602568
47 0.0598138
48 0.059372
49 0.0589548
50 0.0585351
51 0.0581198
52 0.0577106
53 0.0573141
54 0.0569146
55 0.0565401
56 0.0561583
57 0.0557894
58 0.0554204
59 0.0550744
60 0.0547196
61 0.0543873
62 0.0540587
63 0.0537146
64 0.0533933
65 0.05307
66 0.0527652
67 0.052448
68 0.0521485
69 0.0518538
70 0.0515592
71 0.0512714
72 0.0509847
73 0.0507134
74 0.0504351
75 0.0501587
76 0.0499035
77 0.049637
78 0.0493825
79 0.0491209
80 0.0488749
81 0.0486313
82 0.0483885
83 0.0481428
84 0.0479068
85 0.0476755
86 0.0474467
87 0.0472143
88 0.0469937
89 0.0467679
90 0.0465565
91 0.0463412
92 0.0461246
93 0.0459152
94 0.0457075
95 0.0455045
96 0.0453021
97 0.0451003
98 0.0449042
99 0.0447109
100 0.0445189
101 0.0443317
102 0.0441403
103 0.0439578
104 0.0437732
105 0.0435888
106 0.0434121
107 0.0432314
108 0.0430561
109 0.0428808
110 0.0427106
111 0.0425431
112 0.0423745
113 0.0422088
114 0.0420453
115 0.0418831
116 0.0417275
117 0.0415696
118 0.0414111
119 0.0412573
120 0.0411028
121 0.0409496
122 0.040799
123 0.0406485
124 0.0405002
125 0.0403554
126 0.0402071
127 0.0400627
128 0.0399201
129 0.0397798
130 0.0396417
131 0.0395035
132 0.039366
133 0.0392319
134 0.0390956
135 0.0389639
136 0.0388314
137 0.0387001
138 0.038571
139 0.0384417
140 0.0383153
141 0.0381896
142 0.0380656
143 0.0379426
144 0.0378221
145 0.0377003
146 0.0375802
147 0.0374613
148 0.0373419
149 0.0372243
150 0.0371068
151 0.0369921
152 0.0368774
153 0.0367641
154 0.0366501
155 0.0365391
156 0.036428
157 0.0363172
158 0.0362082
159 0.0360998
160 0.0359928
161 0.0358862
162 0.0357808
163 0.0356751
164 0.0355721
165 0.0354669
166 0.0353651
167 0.0352648
168 0.035163
169 0.0350627
170 0.0349631
171 0.0348647
172 0.0347668
173 0.0346699
174 0.0345743
175 0.0344776
176 0.0343838
177 0.0342896
178 0.0341963
179 0.0341032
180 0.034011
181 0.0339191
182 0.0338292
183 0.0337389
184 0.0336488
185 0.0335605
186 0.0334713
187 0.0333837
188 0.0332981
189 0.0332116
190 0.0331269
191 0.0330415
192 0.0329564
193 0.0328718
194 0.0327885
195 0.032705
196 0.0326231
197 0.0325419
198 0.0324608
199 0.0323803
200 0.0323004
201 0.0322212
202 0.0321419
203 0.0320644
204 0.0319867
205 0.0319087
206 0.0318326
207 0.0317559
208 0.0316807
209 0.0316052
210 0.0315302
211 0.0314558
212 0.0313819
213 0.0313084
214 0.0312353
215 0.0311628
216 0.0310909
217 0.0310189
218 0.0309474
219 0.0308766
220 0.0308059
221 0.0307359
222 0.0306663
223 0.0305969
224 0.0305271
225 0.0304595
226 0.0303913
227 0.0303232
228 0.0302559
229 0.0301889
230 0.0301221
231 0.0300566
232 0.0299911
233 0.0299255
234 0.0298605
235 0.0297956
236 0.029732
237 0.0296678
238 0.0296045
239 0.0295412
240 0.0294781
241 0.0294157
242 0.0293535
243 0.0292917
244 0.0292304
245 0.0291695
246 0.0291083
247 0.0290481
248 0.0289883
249 0.0289287
250 0.0288694
251 0.0288102
252 0.0287515
253 0.0286937
254 0.0286353
255 0.0285776
256 0.02852
257 0.028463
258 0.0284063
259 0.0283498
260 0.0282935
261 0.0282376
262 0.0281818
263 0.0281262
264 0.0280711
265 0.028016
266 0.0279612
267 0.0279067
268 0.0278528
269 0.0277995
270 0.027746
271 0.0276928
272 0.0276401
273 0.0275874
274 0.0275347
275 0.0274826
276 0.0274306
277 0.0273788
278 0.0273277
279 0.0272761
280 0.0272251
281 0.0271743
282 0.0271239
283 0.0270735
284 0.0270236
285 0.0269736
286 0.0269241
287 0.026875
288 0.0268261
289 0.0267776
290 0.0267289
291 0.0266809
292 0.0266325
293 0.0265849
294 0.0265376
295 0.0264903
296 0.0264434
297 0.0263963
298 0.0263497
299 0.0263033
300 0.0262568
