1 0
2 0
3 0
4 0.0526316
5 0.0526316
6 0.0606061
7 0.0545455
8 0.0588235
9 0.0627451
10 0.0630137
11 0.0606654
12 0.0591631
13 0.0595238
14 0.0581395
15 0.0574935
16 0.0567485
17 0.0560327
18 0.0553897
19 0.0561737
20 0.0545455
21 0.0531238
22 0.0539478
23 0.0527016
24 0.0529839
25 0.0527084
26 0.0510863
27 0.0505271
28 0.0505543
29 0.049612
30 0.0496101
31 0.0491916
32 0.0484989
33 0.0473772
34 0.0470407
35 0.0464683
36 0.0459829
37 0.0450972
38 0.0448453
39 0.0443553
40 0.0440382
41 0.0431822
42 0.0427271
43 0.0424748
44 0.0418659
45 0.0412407
46 0.0408669
47 0.0404076
48 0.0402238
49 0.0395942
50 0.0392632
51 0.0388564
52 0.0385992
53 0.0380126
54 0.0376946
55 0.0374497
56 0.0370512
57 0.0366587
58 0.0362825
59 0.0359263
60 0.0357137
61 0.0352524
62 0.0349059
63 0.0346205
64 0.0342995
65 0.0339065
66 0.0336415
67 0.0333148
68 0.033021
69 0.0326106
70 0.0324059
71 0.0320457
72 0.0317174
73 0.0314113
74 0.0311216
75 0.0308345
76 0.0306072
77 0.0302763
78 0.0300507
79 0.0297906
80 0.0295087
81 0.0291883
82 0.0289824
83 0.0287047
84 0.0284714
85 0.0282017
86 0.027941
87 0.0277109
88 0.0275301
89 0.0272268
90 0.0270155
91 0.0267805
92 0.0265494
93 0.0263014
94 0.0261203
95 0.0258849
96 0.0256563
97 0.0254438
98 0.0251969
99 0.0249828
100 0.0247947
