1 0.50034
2 0.510563
3 0.51995
4 0.528831
5 0.537102
6 0.545024
7 0.55263
8 0.559549
9 0.566042
10 0.572399
11 0.578402
12 0.584057
13 0.589384
14 0.594575
15 0.599467
16 0.604238
17 0.608784
18 0.613097
19 0.617194
20 0.621293
21 0.625111
22 0.628844
23 0.632417
24 0.635908
25 0.639263
26 0.642492
27 0.64555
28 0.648671
29 0.651572
30 0.654487
31 0.657215
32 0.65994
33 0.662521
34 0.665142
35 0.667524
36 0.669967
37 0.672314
38 0.674619
39 0.676799
40 0.679048
41 0.681204
42 0.683223
43 0.685237
44 0.687243
45 0.68914
46 0.691067
47 0.692947
48 0.694764
49 0.69656
50 0.698295
51 0.700026
52 0.701648
53 0.703254
54 0.704916
55 0.706488
56 0.708038
57 0.709434
58 0.711079
59 0.712554
60 0.713955
61 0.715345
62 0.716731
63 0.718074
64 0.719474
65 0.720742
66 0.722056
67 0.723374
68 0.724607
69 0.72583
70 0.72705
71 0.728278
72 0.72944
73 0.730748
74 0.731738
75 0.732899
76 0.734005
77 0.735113
78 0.736168
79 0.737252
80 0.73829
81 0.739323
82 0.740383
83 0.74132
84 0.742342
85 0.743413
86 0.744253
87 0.745239
88 0.746191
89 0.747036
90 0.748019
91 0.748892
92 0.749832
93 0.750636
94 0.75159
95 0.752426
96 0.753296
97 0.754128
98 0.754984
99 0.755787
100 0.756616
101 0.757427
102 0.758301
103 0.758904
104 0.759753
105 0.760469
106 0.761298
107 0.762044
108 0.762781
109 0.763507
110 0.764199
111 0.764927
112 0.76565
113 0.766367
114 0.767094
115 0.767734
116 0.768429
117 0.769032
118 0.769797
119 0.770419
120 0.771082
121 0.771743
122 0.772352
123 0.773015
124 0.773626
125 0.774282
126 0.774881
127 0.775546
128 0.776106
129 0.776627
130 0.777265
131 0.777877
132 0.778464
133 0.77908
134 0.779648
135 0.780192
136 0.780771
137 0.781346
138 0.781878
139 0.78244
140 0.782956
141 0.783515
142 0.784074
143 0.784596
144 0.785119
145 0.785657
146 0.786099
147 0.786691
148 0.787178
149 0.787711
150 0.788203
151 0.788679
152 0.789193
153 0.789681
154 0.790143
155 0.790641
156 0.79111
157 0.791592
158 0.79208
159 0.792517
160 0.792994
161 0.793446
162 0.793922
163 0.794343
164 0.794831
165 0.795242
166 0.795677
167 0.796139
168 0.796604
169 0.797062
170 0.79755
171 0.797751
172 0.798216
173 0.798667
174 0.799114
175 0.799542
176 0.799962
177 0.800397
178 0.800737
179 0.801194
180 0.801575
181 0.801991
182 0.802349
183 0.802742
184 0.803161
185 0.803544
186 0.803863
187 0.804328
188 0.804687
189 0.805055
190 0.805445
191 0.805832
192 0.806189
193 0.806541
194 0.806917
195 0.807218
196 0.807642
197 0.807984
198 0.808351
199 0.808739
200 0.809074
201 0.809428
202 0.80977
203 0.81011
204 0.810416
205 0.810921
206 0.811147
207 0.811467
208 0.811802
209 0.812164
210 0.812439
211 0.812779
212 0.813139
213 0.813472
214 0.813772
215 0.814089
216 0.814419
217 0.814712
218 0.815056
219 0.815384
220 0.815639
221 0.81597
222 0.816277
223 0.816593
224 0.816898
225 0.817199
226 0.817499
227 0.817771
228 0.818142
229 0.818406
230 0.818698
231 0.818979
232 0.819285
233 0.819546
234 0.819824
235 0.82012
236 0.82041
237 0.820718
238 0.820982
239 0.821259
240 0.821548
241 0.8219
242 0.822101
243 0.8224
244 0.822671
245 0.822925
246 0.82322
247 0.823482
248 0.82375
249 0.824026
250 0.824316
251 0.824584
252 0.824857
253 0.825155
254 0.825429
255 0.825711
256 0.825842
257 0.825964
258 0.826236
259 0.826523
260 0.826787
261 0.827051
262 0.827335
263 0.827579
264 0.827829
265 0.828082
266 0.828354
267 0.828564
268 0.828842
269 0.829077
270 0.829324
271 0.829571
272 0.829799
273 0.829968
274 0.830278
275 0.830515
276 0.830737
277 0.830986
278 0.831206
279 0.831418
280 0.831682
281 0.831897
282 0.83213
283 0.832358
284 0.832599
285 0.832796
286 0.833038
287 0.833267
288 0.833478
289 0.833704
290 0.833928
291 0.834123
292 0.834306
293 0.834639
294 0.834799
295 0.835001
296 0.835218
297 0.835422
298 0.835656
299 0.835835
300 0.83606
