1 0.608298
2 0.607838
3 0.654393
4 0.659652
5 0.685209
6 0.690793
7 0.708715
8 0.714334
9 0.727518
10 0.732327
11 0.742806
12 0.747193
13 0.755496
14 0.759953
15 0.766765
16 0.770241
17 0.776399
18 0.779692
19 0.784789
20 0.788431
21 0.792983
22 0.795762
23 0.799493
24 0.802068
25 0.805833
26 0.808123
27 0.811523
28 0.813716
29 0.816662
30 0.818753
31 0.821484
32 0.823244
33 0.825511
34 0.8271
35 0.829601
36 0.831118
37 0.833471
38 0.834782
39 0.836613
40 0.838226
41 0.840108
42 0.841289
43 0.842929
44 0.844634
45 0.846316
46 0.84755
47 0.84893
48 0.850066
49 0.851551
50 0.852624
51 0.85357
52 0.854634
53 0.855852
54 0.857002
55 0.858082
56 0.858975
57 0.860072
58 0.860918
59 0.861956
60 0.862817
61 0.864
62 0.864632
63 0.865736
64 0.866461
65 0.867548
66 0.86825
67 0.869056
68 0.869873
69 0.870628
70 0.871534
71 0.872504
72 0.873246
73 0.87397
74 0.874969
75 0.87551
76 0.876382
77 0.876847
78 0.877501
79 0.878322
80 0.879074
81 0.879553
82 0.880317
83 0.880872
84 0.881425
85 0.88217
86 0.882664
87 0.883356
88 0.883861
89 0.884367
90 0.884906
91 0.885518
92 0.885992
93 0.88654
94 0.887016
95 0.887652
96 0.888011
97 0.888487
98 0.888964
99 0.889551
100 0.89001
101 0.890574
102 0.89097
103 0.891527
104 0.892142
105 0.892493
106 0.892994
107 0.893451
108 0.89378
109 0.894186
110 0.894626
111 0.894892
112 0.895474
113 0.89576
114 0.896169
115 0.89656
116 0.89699
117 0.897457
118 0.897965
119 0.898376
120 0.898691
121 0.899098
122 0.899436
123 0.899852
124 0.900187
125 0.90039
126 0.900852
127 0.901154
128 0.901397
129 0.901811
130 0.902142
131 0.902466
132 0.902867
133 0.903081
134 0.903534
135 0.903802
136 0.904163
137 0.904429
138 0.904577
139 0.904935
140 0.905185
141 0.905484
142 0.905715
143 0.906237
144 0.906503
145 0.906679
146 0.907012
147 0.907379
148 0.907506
149 0.907837
150 0.908058
151 0.908423
152 0.90871
153 0.908948
154 0.909159
155 0.909424
156 0.909717
157 0.909932
158 0.910087
159 0.910296
160 0.91065
161 0.910925
162 0.911202
163 0.911468
164 0.911689
165 0.911851
166 0.912252
167 0.912345
168 0.912667
169 0.912956
170 0.913125
171 0.913461
172 0.913561
173 0.914036
174 0.914114
175 0.914317
176 0.914612
177 0.914763
178 0.914918
179 0.915229
180 0.915279
181 0.915464
182 0.915739
183 0.915941
184 0.916214
185 0.91644
186 0.916646
187 0.916879
188 0.916966
189 0.917235
190 0.917477
191 0.917632
192 0.917801
193 0.918033
194 0.918256
195 0.918352
196 0.91866
197 0.918773
198 0.9189
199 0.919088
200 0.919406
201 0.919589
202 0.919717
203 0.919798
204 0.919973
205 0.920055
206 0.920282
207 0.920434
208 0.920582
209 0.920761
210 0.920954
211 0.921089
212 0.921237
213 0.921511
214 0.921672
215 0.921875
216 0.922016
217 0.922177
218 0.922306
219 0.922433
220 0.922555
221 0.922787
222 0.923014
223 0.923115
224 0.923363
225 0.923502
226 0.923648
227 0.923759
228 0.923899
229 0.924036
230 0.924159
231 0.924489
232 0.924591
233 0.924791
234 0.924911
235 0.925012
236 0.925083
237 0.925307
238 0.925474
239 0.925503
240 0.925696
241 0.925815
242 0.92588
243 0.926044
244 0.926188
245 0.926309
246 0.926459
247 0.926613
248 0.926822
249 0.927031
250 0.927164
251 0.927336
252 0.9274
253 0.927554
254 0.92762
255 0.927832
256 0.927899
257 0.928055
258 0.928221
259 0.928303
260 0.928467
261 0.928511
262 0.92865
263 0.928783
264 0.928898
265 0.929043
266 0.929168
267 0.929341
268 0.929455
269 0.929629
270 0.929828
271 0.929872
272 0.929992
273 0.929991
274 0.930224
275 0.930294
276 0.930404
277 0.930511
278 0.930573
279 0.930796
280 0.930925
281 0.930966
282 0.931113
283 0.931193
284 0.931209
285 0.931243
286 0.931449
287 0.93155
288 0.931679
289 0.93174
290 0.931841
291 0.932055
292 0.93223
293 0.932273
294 0.932378
295 0.932402
296 0.93245
297 0.932639
298 0.932742
299 0.932887
300 0.932947
