1 0.299691
2 0.319074
3 0.332886
4 0.341111
5 0.349519
6 0.357062
7 0.362682
8 0.368475
9 0.37333
10 0.378016
11 0.381278
12 0.385951
13 0.38922
14 0.392951
15 0.396666
16 0.399505
17 0.401562
18 0.404938
19 0.406495
20 0.409921
21 0.411037
22 0.412494
23 0.415728
24 0.416925
25 0.418557
26 0.420491
27 0.421176
28 0.423528
29 0.424433
30 0.425888
31 0.425947
32 0.428576
33 0.428733
34 0.429949
35 0.430718
36 0.432635
37 0.432733
38 0.434683
39 0.435417
40 0.43564
41 0.436194
42 0.436987
43 0.438223
44 0.439564
45 0.439769
46 0.440043
47 0.441157
48 0.441627
49 0.442536
50 0.442994
51 0.44385
52 0.445889
53 0.444317
54 0.445418
55 0.445123
56 0.445424
57 0.445784
58 0.446936
59 0.447179
60 0.448349
61 0.448314
62 0.44929
63 0.449518
64 0.449592
65 0.4499
66 0.450593
67 0.451196
68 0.450786
69 0.452018
70 0.451768
71 0.452211
72 0.45212
73 0.452529
74 0.452836
75 0.452722
76 0.45335
77 0.453904
78 0.454715
79 0.45497
80 0.454424
81 0.455407
82 0.456501
83 0.455394
84 0.455923
85 0.455679
86 0.455321
87 0.456586
88 0.457083
89 0.456688
90 0.456777
91 0.457383
92 0.457452
93 0.457332
94 0.457158
95 0.458575
96 0.457545
97 0.458383
98 0.458162
99 0.459232
100 0.457513
101 0.458087
102 0.458416
103 0.459823
104 0.459795
105 0.460108
106 0.458345
107 0.460051
108 0.459375
109 0.460158
110 0.460614
111 0.45932
112 0.460106
113 0.460875
114 0.460916
115 0.460602
116 0.460234
117 0.461553
118 0.461348
119 0.46159
120 0.461758
121 0.462093
122 0.461882
123 0.461123
124 0.461745
125 0.4614
126 0.462216
127 0.462013
128 0.462168
129 0.461825
130 0.461626
131 0.462446
132 0.462671
133 0.462173
134 0.461886
135 0.462358
136 0.463045
137 0.462642
138 0.462376
139 0.462849
140 0.463811
141 0.4639
142 0.462895
143 0.463414
144 0.46369
145 0.463294
146 0.464272
147 0.46389
148 0.462909
149 0.463493
150 0.464226
151 0.464727
152 0.464046
153 0.463624
154 0.463595
155 0.464418
156 0.464311
157 0.464506
158 0.464321
159 0.464217
160 0.464706
161 0.463719
162 0.465076
163 0.46549
164 0.464659
165 0.465204
166 0.46558
167 0.464538
168 0.464879
169 0.46516
170 0.465913
171 0.465405
172 0.465084
173 0.465545
174 0.464732
175 0.465106
176 0.465388
177 0.464947
178 0.46548
179 0.465112
180 0.464803
181 0.465573
182 0.465386
183 0.466168
184 0.465924
185 0.46613
186 0.464694
187 0.465961
188 0.465687
189 0.465863
190 0.465603
191 0.46565
192 0.466265
193 0.465891
194 0.465527
195 0.467051
196 0.465804
197 0.465662
198 0.466322
199 0.466559
200 0.465512
201 0.466632
202 0.466762
203 0.465099
204 0.467875
205 0.466393
206 0.46695
207 0.466597
208 0.466809
209 0.466687
210 0.46654
211 0.466421
212 0.46623
213 0.465366
214 0.466452
215 0.466509
216 0.467449
217 0.466532
218 0.466948
219 0.46691
220 0.466753
221 0.466675
222 0.467591
223 0.467054
224 0.467709
225 0.466452
226 0.466992
227 0.466996
228 0.467173
229 0.467454
230 0.466889
231 0.467282
232 0.467027
233 0.467748
234 0.46766
235 0.46847
236 0.467087
237 0.467179
238 0.467971
239 0.467615
240 0.467726
241 0.467191
242 0.468282
243 0.467964
244 0.468483
245 0.468025
246 0.468055
247 0.468046
248 0.468164
249 0.467431
250 0.467524
251 0.466971
252 0.467715
253 0.468175
254 0.46804
255 0.467656
256 0.467192
257 0.468054
258 0.46819
259 0.468182
260 0.467678
261 0.467236
262 0.468228
263 0.467869
264 0.468012
265 0.468488
266 0.468435
267 0.468477
268 0.468275
269 0.468446
270 0.467958
271 0.468601
272 0.468096
273 0.469322
274 0.468768
275 0.467902
276 0.467227
277 0.467467
278 0.468574
279 0.468585
280 0.468024
281 0.46808
282 0.468478
283 0.468111
284 0.468428
285 0.469292
286 0.467926
287 0.469421
288 0.46901
289 0.467469
290 0.468247
291 0.4683
292 0.468823
293 0.468446
294 0.468921
295 0.468264
296 0.468276
297 0.468146
298 0.468864
299 0.46866
300 0.469639
