1 0.26207
2 0.243136
3 0.229673
4 0.220495
5 0.212602
6 0.2054
7 0.199408
8 0.193821
9 0.188871
10 0.184143
11 0.180003
12 0.176214
13 0.172564
14 0.169271
15 0.165973
16 0.163302
17 0.160564
18 0.157997
19 0.155537
20 0.153013
21 0.150991
22 0.149188
23 0.147136
24 0.145498
25 0.143742
26 0.142057
27 0.140945
28 0.139183
29 0.137846
30 0.136431
31 0.135129
32 0.134092
33 0.133063
34 0.131615
35 0.13064
36 0.129852
37 0.128747
38 0.127816
39 0.127106
40 0.126059
41 0.125455
42 0.124428
43 0.123588
44 0.123034
45 0.122211
46 0.121788
47 0.120854
48 0.120269
49 0.119677
50 0.119204
51 0.118361
52 0.117883
53 0.117603
54 0.117117
55 0.11631
56 0.115965
57 0.115582
58 0.115005
59 0.114471
60 0.113966
61 0.1137
62 0.11338
63 0.112894
64 0.112453
65 0.112177
66 0.111685
67 0.111248
68 0.111142
69 0.110538
70 0.110458
71 0.110097
72 0.109686
73 0.109442
74 0.109264
75 0.108902
76 0.108666
77 0.108361
78 0.108075
79 0.10805
80 0.107693
81 0.107338
82 0.106976
83 0.106845
84 0.10658
85 0.10646
86 0.106005
87 0.105992
88 0.105532
89 0.105567
90 0.105214
91 0.105076
92 0.104961
93 0.104714
94 0.1046
95 0.104469
96 0.104106
97 0.104027
98 0.103857
99 0.103698
100 0.103533
101 0.103424
102 0.103369
103 0.10305
104 0.10305
105 0.102512
106 0.102864
107 0.102628
108 0.102412
109 0.102285
110 0.10217
111 0.10202
112 0.101949
113 0.101594
114 0.101639
115 0.101423
116 0.101502
117 0.101188
118 0.101112
119 0.101098
120 0.101
121 0.100916
122 0.100756
123 0.100655
124 0.100491
125 0.100299
126 0.100297
127 0.100081
128 0.100141
129 0.100049
130 0.0997528
131 0.0997487
132 0.0997238
133 0.0995868
134 0.0995242
135 0.0993904
136 0.0993096
137 0.0991406
138 0.0991821
139 0.099031
140 0.0992262
141 0.0990373
142 0.0987739
143 0.098746
144 0.0986368
145 0.09872
146 0.0987561
147 0.098593
148 0.0983759
149 0.0983377
150 0.0981972
151 0.0982076
152 0.0981705
153 0.0981744
154 0.0980852
155 0.0979685
156 0.0980003
157 0.0978379
158 0.0977351
159 0.0977238
160 0.097767
161 0.0975877
162 0.0976415
163 0.0975495
164 0.0975159
165 0.0975137
166 0.0973513
167 0.0973243
168 0.0971837
169 0.0971855
170 0.096859
171 0.0970771
172 0.0970074
173 0.0969466
174 0.096755
175 0.09681
176 0.0968208
177 0.0967457
178 0.0966888
179 0.0968057
180 0.0965051
181 0.0965674
182 0.0965004
183 0.0966966
184 0.0964079
185 0.0963971
186 0.0963843
187 0.0962915
188 0.0962597
189 0.0963223
190 0.0963337
191 0.096096
192 0.0960444
193 0.0960319
194 0.0960992
195 0.0960173
196 0.0958727
197 0.0957496
198 0.0956851
199 0.095907
200 0.0957744
201 0.0957009
202 0.0957551
203 0.0955793
204 0.0955311
205 0.0955687
206 0.0955633
207 0.0954091
208 0.0954629
209 0.0954675
210 0.0955048
211 0.0953671
212 0.095282
213 0.0955052
214 0.0953161
215 0.0955489
216 0.0951643
217 0.0952334
218 0.0952603
219 0.0950221
220 0.0950743
221 0.0951634
222 0.0952702
223 0.095117
224 0.095168
225 0.0949879
226 0.0949604
227 0.0949579
228 0.0949946
229 0.0948759
230 0.0950197
231 0.0947263
232 0.0948546
233 0.0947134
234 0.0947953
235 0.0947624
236 0.0946743
237 0.0947272
238 0.0944735
239 0.0946425
240 0.094614
241 0.0946027
242 0.094563
243 0.0942688
244 0.0944415
245 0.0944288
246 0.0943958
247 0.0944078
248 0.0941363
249 0.0944702
250 0.0944701
251 0.0944137
252 0.0943238
253 0.0941583
254 0.0941996
255 0.0942041
256 0.0942152
257 0.0942226
258 0.0941496
259 0.0941118
260 0.0940282
261 0.0942567
262 0.0939331
263 0.0939875
264 0.0942059
265 0.0940232
266 0.0938766
267 0.0937283
268 0.0938756
269 0.0938969
270 0.0938314
271 0.0938317
272 0.0938868
273 0.0939003
274 0.0937995
275 0.0940077
276 0.0937209
277 0.0937249
278 0.0937262
279 0.0937226
280 0.0938114
281 0.0936648
282 0.0937647
283 0.093707
284 0.0938031
285 0.0935425
286 0.0936358
287 0.0937834
288 0.0935524
289 0.0937243
290 0.0936319
291 0.093654
292 0.093463
293 0.0936382
294 0.0933279
295 0.0934305
296 0.0935219
297 0.0936012
298 0.0933573
299 0.0933859
300 0.0934398
