1 0.458123
2 0.336853
3 0.283814
4 0.252642
5 0.232018
6 0.216795
7 0.205364
8 0.195834
9 0.188362
10 0.181956
11 0.176375
12 0.171829
13 0.167902
14 0.164164
15 0.160876
16 0.158141
17 0.155381
18 0.153024
19 0.150783
20 0.148878
21 0.146933
22 0.145226
23 0.143739
24 0.142295
25 0.140991
26 0.13968
27 0.138471
28 0.137194
29 0.136178
30 0.135273
31 0.134232
32 0.133334
33 0.13247
34 0.131606
35 0.130845
36 0.130087
37 0.129525
38 0.128791
39 0.128043
40 0.127536
41 0.127032
42 0.126295
43 0.125904
44 0.125313
45 0.124762
46 0.124193
47 0.123953
48 0.123266
49 0.123038
50 0.122516
51 0.122117
52 0.121724
53 0.121415
54 0.120998
55 0.12052
56 0.120102
57 0.119956
58 0.119565
59 0.119237
60 0.118966
61 0.118657
62 0.118476
63 0.118084
64 0.117864
65 0.117715
66 0.11729
67 0.116996
68 0.116794
69 0.116552
70 0.116425
71 0.115999
72 0.115892
73 0.115649
74 0.115394
75 0.11533
76 0.114977
77 0.114895
78 0.114557
79 0.114503
80 0.114322
81 0.114222
82 0.113914
83 0.113728
84 0.113596
85 0.113408
86 0.113357
87 0.113021
88 0.113055
89 0.112888
90 0.112638
91 0.112485
92 0.112339
93 0.112113
94 0.112076
95 0.111941
96 0.111749
97 0.111722
98 0.111616
99 0.111441
100 0.111416
101 0.111234
102 0.111138
103 0.111041
104 0.110959
105 0.110881
106 0.110681
107 0.110566
108 0.11052
109 0.110395
110 0.110285
111 0.110191
112 0.109971
113 0.109886
114 0.109848
115 0.109734
116 0.109695
117 0.109555
118 0.109551
119 0.109282
120 0.109302
121 0.109183
122 0.109313
123 0.109157
124 0.108987
125 0.108999
126 0.10894
127 0.108854
128 0.108653
129 0.108583
130 0.108532
131 0.108676
132 0.108416
133 0.108356
134 0.108231
135 0.108314
136 0.108273
137 0.1081
138 0.10812
139 0.107871
140 0.108001
141 0.107844
142 0.107797
143 0.107736
144 0.107769
145 0.107675
146 0.10761
147 0.107459
148 0.10749
149 0.107477
150 0.107426
151 0.107372
152 0.107326
153 0.107172
154 0.107172
155 0.107181
156 0.107041
157 0.107038
158 0.10683
159 0.10688
160 0.106891
161 0.10689
162 0.106734
163 0.106774
164 0.106805
165 0.106579
166 0.106723
167 0.10657
168 0.106486
169 0.106483
170 0.106442
171 0.106356
172 0.106435
173 0.10633
174 0.106365
175 0.106224
176 0.106086
177 0.106284
178 0.10613
179 0.106178
180 0.106022
181 0.10594
182 0.106042
183 0.10584
184 0.105836
185 0.105885
186 0.105803
187 0.105777
188 0.105855
189 0.105778
190 0.105724
191 0.105777
192 0.105693
193 0.105744
194 0.10557
195 0.105579
196 0.105601
197 0.105537
198 0.105534
199 0.105409
200 0.105324
201 0.10543
202 0.105333
203 0.105386
204 0.105438
205 0.105247
206 0.105277
207 0.105169
208 0.105233
209 0.105207
210 0.105017
211 0.105163
212 0.105058
213 0.105023
214 0.105052
215 0.105014
216 0.105066
217 0.104895
218 0.104972
219 0.104887
220 0.104972
221 0.104888
222 0.104708
223 0.104839
224 0.104754
225 0.104858
226 0.104854
227 0.104813
228 0.104745
229 0.104679
230 0.104635
231 0.104778
232 0.104689
233 0.104634
234 0.104693
235 0.104659
236 0.104599
237 0.104513
238 0.104539
239 0.104409
240 0.104462
241 0.104465
242 0.104539
243 0.104454
244 0.104423
245 0.104412
246 0.104337
247 0.104375
248 0.104343
249 0.104267
250 0.104254
251 0.104214
252 0.104287
253 0.104279
254 0.104202
255 0.104248
256 0.104171
257 0.104163
258 0.104216
259 0.104231
260 0.104096
261 0.104095
262 0.104114
263 0.104137
264 0.104079
265 0.104094
266 0.104249
267 0.104131
268 0.104014
269 0.103995
270 0.104006
271 0.103977
272 0.103941
273 0.10395
274 0.103954
275 0.103853
276 0.103976
277 0.103884
278 0.103926
279 0.103801
280 0.103834
281 0.103905
282 0.10379
283 0.103792
284 0.103762
285 0.103802
286 0.103689
287 0.103677
288 0.103799
289 0.103841
290 0.103659
291 0.103678
292 0.103673
293 0.103592
294 0.103683
295 0.103601
296 0.103784
297 0.10364
298 0.103612
299 0.103618
300 0.103513
