1 0.458123
2 0.466118
3 0.471246
4 0.474083
5 0.476818
6 0.479134
7 0.480775
8 0.482391
9 0.483689
10 0.484892
11 0.485701
12 0.486819
13 0.487574
14 0.488406
15 0.489206
16 0.489797
17 0.490215
18 0.49088
19 0.491179
20 0.491819
21 0.492022
22 0.492284
23 0.492847
24 0.493051
25 0.493323
26 0.493638
27 0.493748
28 0.494118
29 0.494257
30 0.494477
31 0.494486
32 0.494873
33 0.494895
34 0.495069
35 0.495177
36 0.495442
37 0.495455
38 0.495716
39 0.495812
40 0.495841
41 0.495913
42 0.496014
43 0.496169
44 0.496334
45 0.496359
46 0.496393
47 0.496526
48 0.496581
49 0.496687
50 0.49674
51 0.496838
52 0.497064
53 0.49689
54 0.497012
55 0.49698
56 0.497013
57 0.497052
58 0.497177
59 0.497203
60 0.497325
61 0.497322
62 0.497422
63 0.497445
64 0.497453
65 0.497484
66 0.497553
67 0.497613
68 0.497573
69 0.497693
70 0.497669
71 0.497711
72 0.497703
73 0.497742
74 0.497771
75 0.49776
76 0.497819
77 0.497871
78 0.497946
79 0.497969
80 0.497919
81 0.498008
82 0.498105
83 0.498007
84 0.498054
85 0.498032
86 0.498
87 0.498112
88 0.498155
89 0.498121
90 0.498129
91 0.498181
92 0.498187
93 0.498177
94 0.498162
95 0.498281
96 0.498195
97 0.498265
98 0.498247
99 0.498336
100 0.498192
101 0.498241
102 0.498268
103 0.498384
104 0.498381
105 0.498407
106 0.498262
107 0.498402
108 0.498347
109 0.498411
110 0.498447
111 0.498343
112 0.498406
113 0.498467
114 0.498471
115 0.498446
116 0.498417
117 0.49852
118 0.498504
119 0.498523
120 0.498536
121 0.498561
122 0.498545
123 0.498487
124 0.498535
125 0.498508
126 0.498571
127 0.498555
128 0.498567
129 0.498541
130 0.498526
131 0.498588
132 0.498605
133 0.498568
134 0.498546
135 0.498582
136 0.498633
137 0.498603
138 0.498583
139 0.498618
140 0.498689
141 0.498696
142 0.498622
143 0.49866
144 0.49868
145 0.498651
146 0.498722
147 0.498695
148 0.498623
149 0.498666
150 0.498719
151 0.498755
152 0.498706
153 0.498675
154 0.498673
155 0.498733
156 0.498725
157 0.498739
158 0.498726
159 0.498718
160 0.498753
161 0.498682
162 0.498779
163 0.498808
164 0.49875
165 0.498788
166 0.498814
167 0.498741
168 0.498765
169 0.498785
170 0.498837
171 0.498802
172 0.49878
173 0.498812
174 0.498755
175 0.498781
176 0.498801
177 0.49877
178 0.498807
179 0.498782
180 0.49876
181 0.498814
182 0.498801
183 0.498855
184 0.498838
185 0.498852
186 0.498752
187 0.49884
188 0.498822
189 0.498834
190 0.498816
191 0.498819
192 0.498861
193 0.498836
194 0.498811
195 0.498914
196 0.49883
197 0.49882
198 0.498865
199 0.498881
200 0.49881
201 0.498886
202 0.498894
203 0.498781
204 0.498967
205 0.49887
206 0.498907
207 0.498883
208 0.498898
209 0.498889
210 0.49888
211 0.498872
212 0.498859
213 0.4988
214 0.498874
215 0.498878
216 0.49894
217 0.498879
218 0.498907
219 0.498904
220 0.498894
221 0.498889
222 0.498949
223 0.498914
224 0.498957
225 0.498874
226 0.49891
227 0.49891
228 0.498922
229 0.49894
230 0.498903
231 0.498929
232 0.498912
233 0.498959
234 0.498953
235 0.499005
236 0.498916
237 0.498922
238 0.498974
239 0.498951
240 0.498958
241 0.498923
242 0.498993
243 0.498973
244 0.499006
245 0.498977
246 0.498979
247 0.498978
248 0.498986
249 0.498939
250 0.498945
251 0.498908
252 0.498957
253 0.498987
254 0.498978
255 0.498953
256 0.498923
257 0.498979
258 0.498988
259 0.498987
260 0.498955
261 0.498926
262 0.49899
263 0.498967
264 0.498976
265 0.499006
266 0.499003
267 0.499006
268 0.498993
269 0.499004
270 0.498973
271 0.499014
272 0.498982
273 0.499058
274 0.499024
275 0.498969
276 0.498925
277 0.498941
278 0.499012
279 0.499013
280 0.498977
281 0.498981
282 0.499006
283 0.498983
284 0.499003
285 0.499057
286 0.498971
287 0.499065
288 0.499039
289 0.498941
290 0.498991
291 0.498995
292 0.499028
293 0.499004
294 0.499034
295 0.498992
296 0.498993
297 0.498985
298 0.49903
299 0.499017
300 0.499078
