1 0.067056
2 0.085785
3 0.099075
4 0.108687
5 0.118405
6 0.126962
7 0.134252
8 0.141492
9 0.148714
10 0.154539
11 0.160194
12 0.165527
13 0.170331
14 0.175123
15 0.180395
16 0.184795
17 0.188082
18 0.192646
19 0.196327
20 0.200679
21 0.203683
22 0.206416
23 0.210058
24 0.211963
25 0.215477
26 0.21831
27 0.219672
28 0.222943
29 0.225528
30 0.227221
31 0.229173
32 0.231677
33 0.232409
34 0.235429
35 0.237226
36 0.238029
37 0.24021
38 0.241013
39 0.242622
40 0.24463
41 0.245789
42 0.2477
43 0.249179
44 0.249672
45 0.251258
46 0.252428
47 0.253451
48 0.254664
49 0.255709
50 0.25684
51 0.25839
52 0.258881
53 0.25924
54 0.26037
55 0.261771
56 0.26181
57 0.262532
58 0.264215
59 0.264866
60 0.265775
61 0.266607
62 0.266626
63 0.267924
64 0.26855
65 0.269166
66 0.270268
67 0.270173
68 0.270637
69 0.271765
70 0.271776
71 0.27186
72 0.273368
73 0.273849
74 0.273562
75 0.274893
76 0.274725
77 0.275764
78 0.276615
79 0.275863
80 0.276698
81 0.27767
82 0.277869
83 0.278092
84 0.278857
85 0.279192
86 0.279688
87 0.279853
88 0.281266
89 0.28052
90 0.281343
91 0.281968
92 0.282149
93 0.282333
94 0.282934
95 0.282512
96 0.283417
97 0.284109
98 0.284047
99 0.28407
100 0.284528
101 0.284369
102 0.284647
103 0.285405
104 0.285291
105 0.286689
106 0.28541
107 0.286097
108 0.28674
109 0.286446
110 0.286999
111 0.287145
112 0.287201
113 0.288944
114 0.288035
115 0.288705
116 0.288568
117 0.288581
118 0.288867
119 0.288745
120 0.288806
121 0.289344
122 0.28969
123 0.289954
124 0.289749
125 0.291016
126 0.290922
127 0.290886
128 0.290406
129 0.29092
130 0.292216
131 0.291611
132 0.291165
133 0.292108
134 0.291935
135 0.292584
136 0.292712
137 0.293254
138 0.292725
139 0.293326
140 0.29223
141 0.292971
142 0.293343
143 0.293389
144 0.293874
145 0.293746
146 0.292876
147 0.294167
148 0.294152
149 0.294017
150 0.294278
151 0.294301
152 0.294518
153 0.294418
154 0.294888
155 0.295062
156 0.294356
157 0.295102
158 0.29534
159 0.295426
160 0.295383
161 0.295695
162 0.295115
163 0.295841
164 0.295328
165 0.294613
166 0.295799
167 0.295938
168 0.29637
169 0.296755
170 0.297262
171 0.296108
172 0.296721
173 0.296843
174 0.297131
175 0.297373
176 0.296922
177 0.297446
178 0.297292
179 0.296813
180 0.297871
181 0.297747
182 0.297975
183 0.297053
184 0.297914
185 0.297512
186 0.297717
187 0.298364
188 0.298149
189 0.297771
190 0.2975
191 0.29831
192 0.298727
193 0.298666
194 0.297969
195 0.298858
196 0.299264
197 0.298932
198 0.299648
199 0.299117
200 0.298817
201 0.299498
202 0.299105
203 0.299725
204 0.299718
205 0.300371
206 0.299713
207 0.300075
208 0.299457
209 0.299753
210 0.299333
211 0.299998
212 0.300219
213 0.299106
214 0.299744
215 0.298865
216 0.300734
217 0.299671
218 0.300425
219 0.300398
220 0.300303
221 0.299811
222 0.30009
223 0.300011
224 0.299463
225 0.300386
226 0.300394
227 0.300518
228 0.30003
229 0.301097
230 0.300242
231 0.301556
232 0.301264
233 0.301366
234 0.300854
235 0.301365
236 0.300876
237 0.301275
238 0.301461
239 0.300893
240 0.301172
241 0.301265
242 0.301377
243 0.302714
244 0.301689
245 0.301546
246 0.301746
247 0.302034
248 0.302825
249 0.301367
250 0.301188
251 0.301655
252 0.301699
253 0.302833
254 0.30202
255 0.302389
256 0.302488
257 0.302149
258 0.302159
259 0.302376
260 0.302827
261 0.301246
262 0.302816
263 0.30269
264 0.302019
265 0.30287
266 0.303057
267 0.303395
268 0.302366
269 0.302695
270 0.303085
271 0.302839
272 0.303027
273 0.302799
274 0.303127
275 0.302367
276 0.303635
277 0.303198
278 0.303238
279 0.302492
280 0.302873
281 0.30302
282 0.302578
283 0.30326
284 0.30282
285 0.30379
286 0.302596
287 0.302667
288 0.303901
289 0.302972
290 0.303139
291 0.30296
292 0.303661
293 0.303239
294 0.304346
295 0.30372
296 0.303273
297 0.303429
298 0.303676
299 0.303858
300 0.303768
