1 0.067056
2 0.0764205
3 0.084035
4 0.0902215
5 0.0958032
6 0.10098
7 0.105682
8 0.110005
9 0.114625
10 0.118407
11 0.122397
12 0.125875
13 0.128881
14 0.132515
15 0.135935
16 0.1391
17 0.141741
18 0.144622
19 0.147231
20 0.15049
21 0.152501
22 0.154937
23 0.157865
24 0.159619
25 0.162175
26 0.164433
27 0.165926
28 0.168411
29 0.170451
30 0.172017
31 0.174009
32 0.175926
33 0.176908
34 0.179446
35 0.181108
36 0.181892
37 0.184032
38 0.18507
39 0.186645
40 0.188367
41 0.190105
42 0.191476
43 0.192811
44 0.193587
45 0.195228
46 0.196442
47 0.197561
48 0.198489
49 0.20003
50 0.201091
51 0.202642
52 0.203232
53 0.204105
54 0.205066
55 0.206558
56 0.206819
57 0.207946
58 0.209682
59 0.210137
60 0.211137
61 0.212614
62 0.212773
63 0.21407
64 0.214743
65 0.215753
66 0.216803
67 0.216851
68 0.217754
69 0.218865
70 0.219122
71 0.219404
72 0.221195
73 0.221745
74 0.221701
75 0.223308
76 0.223389
77 0.224457
78 0.225367
79 0.224964
80 0.225909
81 0.227081
82 0.227465
83 0.227771
84 0.228891
85 0.229434
86 0.230012
87 0.23043
88 0.231878
89 0.231292
90 0.232406
91 0.233186
92 0.233504
93 0.233967
94 0.234674
95 0.234546
96 0.235331
97 0.236369
98 0.236451
99 0.236867
100 0.237311
101 0.237516
102 0.237942
103 0.238797
104 0.238757
105 0.240271
106 0.239562
107 0.24043
108 0.240915
109 0.241088
110 0.24149
111 0.242024
112 0.242311
113 0.24371
114 0.243234
115 0.243874
116 0.244342
117 0.244298
118 0.244968
119 0.244858
120 0.24516
121 0.245694
122 0.246269
123 0.246587
124 0.246789
125 0.247867
126 0.248152
127 0.248043
128 0.247888
129 0.248464
130 0.249945
131 0.249644
132 0.249353
133 0.250328
134 0.250486
135 0.251235
136 0.251452
137 0.251935
138 0.251746
139 0.25233
140 0.251701
141 0.252408
142 0.252829
143 0.253264
144 0.253653
145 0.253811
146 0.252933
147 0.254435
148 0.254595
149 0.254608
150 0.255123
151 0.255116
152 0.255363
153 0.255326
154 0.256054
155 0.256354
156 0.255853
157 0.256568
158 0.25707
159 0.257162
160 0.257276
161 0.257708
162 0.2575
163 0.258078
164 0.257848
165 0.257603
166 0.258591
167 0.25887
168 0.259279
169 0.259774
170 0.260375
171 0.259613
172 0.260326
173 0.26024
174 0.26085
175 0.26124
176 0.260746
177 0.261457
178 0.261247
179 0.261096
180 0.262235
181 0.262251
182 0.262614
183 0.261809
184 0.262624
185 0.262413
186 0.262694
187 0.263335
188 0.2633
189 0.263157
190 0.26292
191 0.263826
192 0.264242
193 0.26442
194 0.263998
195 0.26479
196 0.265263
197 0.264845
198 0.265768
199 0.265395
200 0.265375
201 0.265899
202 0.265636
203 0.266473
204 0.266401
205 0.267063
206 0.26665
207 0.267032
208 0.266702
209 0.266947
210 0.266596
211 0.267431
212 0.26762
213 0.266649
214 0.267445
215 0.266838
216 0.268561
217 0.267713
218 0.268401
219 0.268433
220 0.268489
221 0.268121
222 0.268535
223 0.268729
224 0.268293
225 0.26915
226 0.269233
227 0.269335
228 0.268939
229 0.270026
230 0.26952
231 0.270588
232 0.270384
233 0.270678
234 0.270278
235 0.270958
236 0.27054
237 0.270895
238 0.271291
239 0.270782
240 0.27108
241 0.271277
242 0.271383
243 0.272639
244 0.272023
245 0.271812
246 0.272115
247 0.272474
248 0.273209
249 0.271986
250 0.272033
251 0.272504
252 0.272345
253 0.273546
254 0.272778
255 0.273239
256 0.273554
257 0.273418
258 0.273366
259 0.273527
260 0.2742
261 0.272729
262 0.274352
263 0.274244
264 0.27364
265 0.274643
266 0.274808
267 0.275081
268 0.274007
269 0.274693
270 0.275042
271 0.274857
272 0.275089
273 0.275037
274 0.27536
275 0.274771
276 0.27587
277 0.275633
278 0.275789
279 0.2751
280 0.275572
281 0.275782
282 0.27541
283 0.276082
284 0.275751
285 0.27673
286 0.275586
287 0.275719
288 0.277047
289 0.27624
290 0.276314
291 0.276355
292 0.276831
293 0.276595
294 0.277704
295 0.277347
296 0.276936
297 0.27709
298 0.277405
299 0.277694
300 0.27769
