1 0.299691
2 0.309599
3 0.31726
4 0.323137
5 0.328671
6 0.333154
7 0.337425
8 0.341402
9 0.344914
10 0.348246
11 0.351212
12 0.354493
13 0.356898
14 0.35951
15 0.362044
16 0.364461
17 0.366606
18 0.368437
19 0.370492
20 0.372647
21 0.374154
22 0.37605
23 0.377899
24 0.379544
25 0.380958
26 0.382583
27 0.38377
28 0.385388
29 0.386593
30 0.387886
31 0.389238
32 0.39035
33 0.391425
34 0.392723
35 0.393696
36 0.394758
37 0.395845
38 0.396819
39 0.397812
40 0.39889
41 0.399648
42 0.40056
43 0.401697
44 0.40233
45 0.403341
46 0.404014
47 0.404874
48 0.405566
49 0.406477
50 0.407124
51 0.407877
52 0.408586
53 0.409027
54 0.409677
55 0.410606
56 0.41101
57 0.411619
58 0.412415
59 0.412985
60 0.413527
61 0.414172
62 0.414632
63 0.415283
64 0.415824
65 0.416311
66 0.416821
67 0.417372
68 0.417753
69 0.418456
70 0.418712
71 0.419244
72 0.419817
73 0.420254
74 0.420538
75 0.421068
76 0.421446
77 0.421878
78 0.422367
79 0.422556
80 0.423052
81 0.423513
82 0.424002
83 0.424225
84 0.424704
85 0.42506
86 0.425574
87 0.425724
88 0.426276
89 0.426316
90 0.426915
91 0.427175
92 0.427503
93 0.427861
94 0.42811
95 0.428374
96 0.428727
97 0.429083
98 0.42933
99 0.429614
100 0.429881
101 0.430121
102 0.430383
103 0.43086
104 0.430864
105 0.431449
106 0.431487
107 0.431693
108 0.43202
109 0.432315
110 0.432522
111 0.432831
112 0.433006
113 0.433382
114 0.433436
115 0.433834
116 0.433929
117 0.434278
118 0.434506
119 0.434628
120 0.434879
121 0.435028
122 0.435324
123 0.435523
124 0.435815
125 0.435985
126 0.436263
127 0.436446
128 0.436485
129 0.436743
130 0.437106
131 0.437281
132 0.437346
133 0.437602
134 0.437795
135 0.43804
136 0.438163
137 0.438437
138 0.438582
139 0.43871
140 0.438713
141 0.438975
142 0.439275
143 0.439416
144 0.439642
145 0.439647
146 0.439646
147 0.439951
148 0.440244
149 0.440351
150 0.440653
151 0.440682
152 0.440831
153 0.440847
154 0.441108
155 0.441237
156 0.441333
157 0.441478
158 0.441784
159 0.441812
160 0.441916
161 0.442108
162 0.442245
163 0.44233
164 0.442427
165 0.442539
166 0.442828
167 0.44295
168 0.443076
169 0.443146
170 0.4435
171 0.443533
172 0.44362
173 0.443668
174 0.443975
175 0.444068
176 0.444045
177 0.444205
178 0.444307
179 0.444313
180 0.444677
181 0.444668
182 0.444843
183 0.444744
184 0.445006
185 0.445148
186 0.445189
187 0.445354
188 0.445452
189 0.445487
190 0.445557
191 0.445808
192 0.445952
193 0.446016
194 0.446055
195 0.446176
196 0.446407
197 0.446507
198 0.446665
199 0.44652
200 0.446788
201 0.446796
202 0.446832
203 0.447094
204 0.447181
205 0.447252
206 0.447311
207 0.44744
208 0.447517
209 0.447567
210 0.447557
211 0.447776
212 0.447828
213 0.447724
214 0.448014
215 0.447885
216 0.448278
217 0.448252
218 0.448264
219 0.44853
220 0.448581
221 0.448531
222 0.448546
223 0.448714
224 0.44871
225 0.44893
226 0.449019
227 0.449101
228 0.449068
229 0.449284
230 0.449256
231 0.449465
232 0.449406
233 0.449618
234 0.449575
235 0.44971
236 0.449799
237 0.449821
238 0.450101
239 0.450049
240 0.450091
241 0.450145
242 0.450182
243 0.450519
244 0.450495
245 0.450507
246 0.45059
247 0.450629
248 0.450919
249 0.450642
250 0.450773
251 0.450854
252 0.450888
253 0.451098
254 0.451087
255 0.451137
256 0.451211
257 0.451291
258 0.451357
259 0.451419
260 0.451586
261 0.451407
262 0.45176
263 0.451721
264 0.451605
265 0.451767
266 0.451984
267 0.452134
268 0.451966
269 0.452075
270 0.452149
271 0.452237
272 0.452169
273 0.452211
274 0.452371
275 0.452199
276 0.452476
277 0.452562
278 0.45261
279 0.452645
280 0.452613
281 0.452806
282 0.452707
283 0.45283
284 0.452805
285 0.453052
286 0.453011
287 0.452863
288 0.453175
289 0.453001
290 0.453103
291 0.453196
292 0.453332
293 0.453239
294 0.453584
295 0.453503
296 0.453489
297 0.453486
298 0.453689
299 0.453708
300 0.453756
