1 0.26207
2 0.252603
3 0.244925
4 0.238897
5 0.233574
6 0.228873
7 0.224786
8 0.220859
9 0.2173
10 0.21391
11 0.210841
12 0.20788
13 0.205293
14 0.202698
15 0.200128
16 0.197818
17 0.195599
18 0.193676
19 0.191634
20 0.189518
21 0.187839
22 0.18604
23 0.184258
24 0.182624
25 0.181129
26 0.179619
27 0.17834
28 0.176862
29 0.175517
30 0.174234
31 0.172846
32 0.171832
33 0.170654
34 0.169346
35 0.168297
36 0.167349
37 0.16623
38 0.165228
39 0.164256
40 0.163239
41 0.162395
42 0.161464
43 0.160455
44 0.159764
45 0.158761
46 0.158063
47 0.157189
48 0.156524
49 0.155719
50 0.155036
51 0.154245
52 0.153565
53 0.153039
54 0.152467
55 0.151518
56 0.151061
57 0.150508
58 0.149757
59 0.149179
60 0.148602
61 0.147961
62 0.147517
63 0.146874
64 0.146292
65 0.14588
66 0.145321
67 0.144805
68 0.144379
69 0.14361
70 0.143422
71 0.142887
72 0.142318
73 0.141903
74 0.141591
75 0.141085
76 0.140719
77 0.140291
78 0.139812
79 0.139606
80 0.139132
81 0.138624
82 0.138166
83 0.137939
84 0.137451
85 0.137112
86 0.136584
87 0.136451
88 0.135863
89 0.135805
90 0.135267
91 0.13498
92 0.134686
93 0.134293
94 0.134077
95 0.133792
96 0.133381
97 0.133126
98 0.132859
99 0.132551
100 0.132273
101 0.131997
102 0.131777
103 0.131347
104 0.131297
105 0.130707
106 0.130703
107 0.130431
108 0.130144
109 0.129902
110 0.129643
111 0.129339
112 0.129152
113 0.128774
114 0.128703
115 0.12834
116 0.128232
117 0.127888
118 0.127658
119 0.127533
120 0.127307
121 0.127142
122 0.12686
123 0.126667
124 0.12636
125 0.126181
126 0.125927
127 0.125713
128 0.125643
129 0.12544
130 0.125045
131 0.124901
132 0.124786
133 0.12455
134 0.124352
135 0.124133
136 0.123975
137 0.123737
138 0.123576
139 0.123439
140 0.123444
141 0.123164
142 0.12291
143 0.122739
144 0.122527
145 0.122507
146 0.122529
147 0.122176
148 0.121923
149 0.121805
150 0.121524
151 0.121488
152 0.12136
153 0.121328
154 0.121057
155 0.120925
156 0.120828
157 0.12068
158 0.120387
159 0.120339
160 0.120252
161 0.12007
162 0.119936
163 0.119824
164 0.119733
165 0.119624
166 0.11938
167 0.11926
168 0.119129
169 0.118995
170 0.11865
171 0.118674
172 0.118547
173 0.118503
174 0.118187
175 0.118106
176 0.118126
177 0.117987
178 0.117869
179 0.117865
180 0.117511
181 0.117513
182 0.117329
183 0.117444
184 0.11715
185 0.117037
186 0.116981
187 0.116803
188 0.116722
189 0.116675
190 0.116639
191 0.116371
192 0.116233
193 0.116154
194 0.116137
195 0.11599
196 0.115781
197 0.115677
198 0.115535
199 0.115653
200 0.115414
201 0.115365
202 0.115334
203 0.115063
204 0.115002
205 0.114931
206 0.114863
207 0.114729
208 0.114654
209 0.114608
210 0.114623
211 0.114397
212 0.114329
213 0.114441
214 0.114168
215 0.114328
216 0.113899
217 0.113922
218 0.113891
219 0.113665
220 0.113603
221 0.113643
222 0.11364
223 0.113466
224 0.11346
225 0.113264
226 0.113152
227 0.113106
228 0.113099
229 0.112912
230 0.112936
231 0.112713
232 0.112769
233 0.112563
234 0.112589
235 0.112486
236 0.112387
237 0.112373
238 0.112079
239 0.112148
240 0.112102
241 0.112044
242 0.111996
243 0.111673
244 0.11173
245 0.111694
246 0.111593
247 0.111564
248 0.111271
249 0.111557
250 0.111452
251 0.11136
252 0.111299
253 0.111078
254 0.111102
255 0.111052
256 0.110989
257 0.11089
258 0.110837
259 0.110759
260 0.110606
261 0.110786
262 0.110433
263 0.110474
264 0.1106
265 0.110414
266 0.110212
267 0.110075
268 0.110223
269 0.110119
270 0.110039
271 0.109957
272 0.110014
273 0.109982
274 0.109824
275 0.10998
276 0.109724
277 0.10962
278 0.109581
279 0.109534
280 0.109591
281 0.109391
282 0.109477
283 0.109362
284 0.109395
285 0.109144
286 0.109192
287 0.109304
288 0.10903
289 0.109181
290 0.10909
291 0.108998
292 0.108846
293 0.108965
294 0.108607
295 0.108671
296 0.108674
297 0.108729
298 0.108487
299 0.108457
300 0.108438
