1 0.5
2 0.499988
3 0.499928
4 0.499854
5 0.49973
6 0.499606
7 0.499417
8 0.499236
9 0.498952
10 0.498704
11 0.498426
12 0.498149
13 0.497819
14 0.497509
15 0.497108
16 0.496645
17 0.49626
18 0.495788
19 0.495351
20 0.494955
21 0.494334
22 0.493892
23 0.493469
24 0.492974
25 0.492551
26 0.492038
27 0.491363
28 0.49104
29 0.490454
30 0.489729
31 0.489546
32 0.488793
33 0.488232
34 0.487895
35 0.487163
36 0.486751
37 0.486072
38 0.485668
39 0.485237
40 0.484666
41 0.48416
42 0.48365
43 0.483101
44 0.48264
45 0.482203
46 0.481741
47 0.480975
48 0.48057
49 0.47996
50 0.479957
51 0.479299
52 0.478624
53 0.478094
54 0.477802
55 0.477334
56 0.476905
57 0.476202
58 0.476016
59 0.475651
60 0.475142
61 0.474648
62 0.474312
63 0.473747
64 0.473591
65 0.472844
66 0.472267
67 0.472061
68 0.471554
69 0.471445
70 0.471034
71 0.470803
72 0.470158
73 0.469813
74 0.469503
75 0.46883
76 0.468882
77 0.46838
78 0.46805
79 0.468108
80 0.467451
81 0.467103
82 0.466559
83 0.466502
84 0.466069
85 0.465931
86 0.46541
87 0.465351
88 0.464411
89 0.46401
90 0.464282
91 0.463893
92 0.463486
93 0.463136
94 0.462996
95 0.462433
96 0.462458
97 0.462201
98 0.461861
99 0.461221
100 0.461272
101 0.460708
102 0.460555
103 0.460365
104 0.460087
105 0.459817
106 0.459764
107 0.459304
108 0.459347
109 0.458578
110 0.458484
111 0.458752
112 0.458161
113 0.458068
114 0.457608
115 0.457594
116 0.457361
117 0.45698
118 0.456738
119 0.456581
120 0.456386
121 0.455909
122 0.455726
123 0.455933
124 0.455463
125 0.455084
126 0.45495
127 0.454872
128 0.454683
129 0.454478
130 0.454526
131 0.453837
132 0.453691
133 0.453682
134 0.453362
135 0.453266
136 0.452828
137 0.45273
138 0.452782
139 0.452588
140 0.452377
141 0.452187
142 0.451879
143 0.452203
144 0.451726
145 0.451388
146 0.451104
147 0.450616
148 0.450646
149 0.449886
150 0.450188
151 0.450033
152 0.449763
153 0.450229
154 0.450055
155 0.449523
156 0.449676
157 0.449162
158 0.448978
159 0.449101
160 0.449421
161 0.448654
162 0.448521
163 0.448361
164 0.447797
165 0.448281
166 0.448221
167 0.447784
168 0.4479
169 0.447296
170 0.447405
171 0.447046
172 0.44692
173 0.447013
174 0.446312
175 0.446884
176 0.446668
177 0.446117
178 0.446264
179 0.446142
180 0.44592
181 0.446237
182 0.445461
183 0.445342
184 0.44543
185 0.445485
186 0.444831
187 0.445065
188 0.444656
189 0.444684
190 0.444635
191 0.444642
192 0.444281
193 0.443978
194 0.44428
195 0.444357
196 0.44405
197 0.444014
198 0.443401
199 0.443829
200 0.443782
201 0.443457
202 0.443515
203 0.442985
204 0.442881
205 0.443235
206 0.443178
207 0.442619
208 0.44249
209 0.442357
210 0.442677
211 0.442487
212 0.441813
213 0.442008
214 0.442118
215 0.441765
216 0.441893
217 0.442164
218 0.441574
219 0.44171
220 0.44167
221 0.441437
222 0.441785
223 0.440987
224 0.441195
225 0.440307
226 0.440453
227 0.440758
228 0.440548
229 0.440764
230 0.440591
231 0.44038
232 0.440552
233 0.440186
234 0.440196
235 0.439987
236 0.439846
237 0.440107
238 0.439729
239 0.439653
240 0.439607
241 0.439446
242 0.439133
243 0.439118
244 0.439486
245 0.439018
246 0.439093
247 0.438995
248 0.438824
249 0.438729
250 0.438089
251 0.438762
252 0.438636
253 0.438648
254 0.438231
255 0.438552
256 0.438372
257 0.438206
258 0.437796
259 0.438213
260 0.437721
261 0.437797
262 0.437697
263 0.437633
264 0.437658
265 0.437681
266 0.43737
267 0.4371
268 0.437268
269 0.437633
270 0.437292
271 0.436794
272 0.437241
273 0.43697
274 0.437514
275 0.436816
276 0.43668
277 0.436517
278 0.436668
279 0.436771
280 0.436477
281 0.43629
282 0.435888
283 0.436331
284 0.435757
285 0.436175
286 0.436359
287 0.43619
288 0.435559
289 0.435825
290 0.43551
291 0.435942
292 0.436293
293 0.435696
294 0.435337
295 0.435784
296 0.435106
297 0.435207
298 0.435497
299 0.4354
300 0.434901
