1 0.284167
2 0.279868
3 0.275821
4 0.27186
5 0.267545
6 0.263468
7 0.259886
8 0.256238
9 0.252141
10 0.248229
11 0.244458
12 0.240809
13 0.237422
14 0.234002
15 0.229982
16 0.226275
17 0.222918
18 0.219645
19 0.216187
20 0.213482
21 0.209622
22 0.206855
23 0.203387
24 0.200728
25 0.197307
26 0.194983
27 0.191886
28 0.189539
29 0.186572
30 0.18397
31 0.181154
32 0.17886
33 0.176472
34 0.174301
35 0.171511
36 0.169511
37 0.167177
38 0.165008
39 0.163214
40 0.160685
41 0.158781
42 0.156848
43 0.154873
44 0.153017
45 0.151441
46 0.149767
47 0.147696
48 0.145968
49 0.14428
50 0.143049
51 0.141239
52 0.139473
53 0.138122
54 0.136825
55 0.1351
56 0.133554
57 0.132063
58 0.130745
59 0.129488
60 0.128161
61 0.12699
62 0.12572
63 0.12446
64 0.12318
65 0.12167
66 0.1208
67 0.11973
68 0.118443
69 0.117033
70 0.116269
71 0.115118
72 0.114149
73 0.113184
74 0.11211
75 0.110899
76 0.109877
77 0.109131
78 0.108341
79 0.10718
80 0.106213
81 0.105636
82 0.104494
83 0.103631
84 0.103138
85 0.10206
86 0.101258
87 0.100529
88 0.0994946
89 0.0987571
90 0.0981628
91 0.0974142
92 0.096348
93 0.0956783
94 0.0950843
95 0.0942127
96 0.0938163
97 0.0930214
98 0.0921083
99 0.0916358
100 0.0909332
101 0.0901071
102 0.0896548
103 0.0891342
104 0.0883321
105 0.0876414
106 0.0871906
107 0.08651
108 0.0859004
109 0.0852798
110 0.0848389
111 0.0842975
112 0.0836445
113 0.0833823
114 0.0826249
115 0.0819209
116 0.0815004
117 0.0809851
118 0.0806458
119 0.0799591
120 0.0794887
121 0.0790053
122 0.0785699
123 0.0780284
124 0.0774602
125 0.0769368
126 0.076455
127 0.0761166
128 0.0758594
129 0.0752566
130 0.0748993
131 0.0742993
132 0.0739704
133 0.0735072
134 0.0730971
135 0.0727114
136 0.0723673
137 0.0717828
138 0.0716599
139 0.0711426
140 0.0706653
141 0.0703805
142 0.0698369
143 0.0693833
144 0.0691917
145 0.0686518
146 0.0684875
147 0.0678126
148 0.0675378
149 0.0673512
150 0.0670175
151 0.0664521
152 0.0663482
153 0.0658705
154 0.0656488
155 0.0652485
156 0.0648691
157 0.0646792
158 0.0640939
159 0.0639885
160 0.0637442
161 0.0632419
162 0.062927
163 0.0626892
164 0.062272
165 0.0622761
166 0.0617812
167 0.0614755
168 0.0611495
169 0.0609436
170 0.0606675
171 0.0602457
172 0.0598946
173 0.0598576
174 0.0597471
175 0.059421
176 0.0590016
177 0.0584582
178 0.0583944
179 0.0581839
180 0.0577791
181 0.0575437
182 0.0570953
183 0.0571977
184 0.0567754
185 0.0565969
186 0.0565379
187 0.0560688
188 0.055953
189 0.055656
190 0.0553512
191 0.0552277
192 0.0550167
193 0.0546462
194 0.0544582
195 0.0541049
196 0.0541195
197 0.0538163
198 0.0536614
199 0.0534447
200 0.0531997
201 0.0530529
202 0.0527083
203 0.0524985
204 0.0521715
205 0.0519722
206 0.0519652
207 0.0516402
208 0.0514966
209 0.0511012
210 0.0509376
211 0.0509564
212 0.050594
213 0.0504447
214 0.0502309
215 0.0500954
216 0.0497835
217 0.0496701
218 0.049473
219 0.0493375
220 0.0491756
221 0.0488632
222 0.048651
223 0.0486617
224 0.0485419
225 0.0482217
226 0.0480108
227 0.047921
228 0.0477383
229 0.0474772
230 0.0473569
231 0.0471714
232 0.0469748
233 0.0468615
234 0.0467701
235 0.0464451
236 0.0462351
237 0.0463347
238 0.0459348
239 0.0456909
240 0.0454945
241 0.0454116
242 0.0452924
243 0.0452429
244 0.0449506
245 0.0449241
246 0.0447781
247 0.0446785
248 0.0444653
249 0.0443481
250 0.0441621
251 0.0440952
252 0.0439372
253 0.0438093
254 0.0436039
255 0.0433843
256 0.0433839
257 0.0432838
258 0.0430165
259 0.0430154
260 0.0429246
261 0.0426622
262 0.0425045
263 0.0423905
264 0.0421846
265 0.0421227
266 0.0419103
267 0.0418254
268 0.0416892
269 0.0416203
270 0.0414212
271 0.041197
272 0.0411859
273 0.0409255
274 0.0409806
275 0.0407315
276 0.0406276
277 0.0405249
278 0.0402044
279 0.0402557
280 0.0401084
281 0.0401204
282 0.0398107
283 0.0396758
284 0.0395811
285 0.0394757
286 0.0394635
287 0.039299
288 0.0392141
289 0.0391896
290 0.0389248
291 0.0388073
292 0.0387718
293 0.0387963
294 0.0384427
295 0.0383487
296 0.0382785
297 0.0382681
298 0.0381486
299 0.0379769
300 0.0379163
