1 0.499301
2 0.50353
3 0.508544
4 0.512084
5 0.516446
6 0.519869
7 0.524152
8 0.527641
9 0.532364
10 0.535982
11 0.539646
12 0.542993
13 0.546652
14 0.549849
15 0.553701
16 0.557827
17 0.561046
18 0.564769
19 0.568028
20 0.570852
21 0.575063
22 0.577919
23 0.580554
24 0.583532
25 0.585991
26 0.588876
27 0.592537
28 0.594233
29 0.597241
30 0.600827
31 0.601712
32 0.60527
33 0.607843
34 0.609356
35 0.612574
36 0.614343
37 0.617195
38 0.618857
39 0.620604
40 0.622881
41 0.624857
42 0.626819
43 0.628896
44 0.63061
45 0.632216
46 0.63389
47 0.636616
48 0.638034
49 0.640139
50 0.640151
51 0.642382
52 0.644635
53 0.64638
54 0.647329
55 0.64884
56 0.650207
57 0.65242
58 0.653002
59 0.654133
60 0.655695
61 0.657195
62 0.658206
63 0.659889
64 0.660349
65 0.662541
66 0.66421
67 0.6648
68 0.666246
69 0.666555
70 0.667713
71 0.668361
72 0.670153
73 0.671104
74 0.671952
75 0.673779
76 0.673638
77 0.674987
78 0.67587
79 0.675714
80 0.677454
81 0.678368
82 0.679786
83 0.679934
84 0.681054
85 0.681409
86 0.68274
87 0.682891
88 0.685266
89 0.686268
90 0.685587
91 0.686558
92 0.687567
93 0.68843
94 0.688774
95 0.690148
96 0.690088
97 0.690711
98 0.691533
99 0.693069
100 0.692948
101 0.69429
102 0.694652
103 0.695103
104 0.695757
105 0.69639
106 0.696513
107 0.697587
108 0.697487
109 0.699267
110 0.699482
111 0.698864
112 0.700224
113 0.700435
114 0.701484
115 0.701516
116 0.702043
117 0.702904
118 0.703447
119 0.703801
120 0.704237
121 0.705299
122 0.705704
123 0.705245
124 0.706286
125 0.707122
126 0.707415
127 0.707587
128 0.708001
129 0.708448
130 0.708344
131 0.709839
132 0.710156
133 0.710174
134 0.710865
135 0.71107
136 0.712008
137 0.712218
138 0.712106
139 0.712521
140 0.712968
141 0.713373
142 0.714023
143 0.713339
144 0.714347
145 0.715057
146 0.715652
147 0.716671
148 0.716608
149 0.718182
150 0.717557
151 0.717878
152 0.718435
153 0.717473
154 0.717833
155 0.718928
156 0.718615
157 0.719669
158 0.720044
159 0.719793
160 0.719138
161 0.720704
162 0.720974
163 0.721299
164 0.722438
165 0.72146
166 0.721583
167 0.722464
168 0.72223
169 0.723443
170 0.723225
171 0.723943
172 0.724195
173 0.724009
174 0.725403
175 0.724266
176 0.724697
177 0.725789
178 0.725498
179 0.725738
180 0.726177
181 0.725551
182 0.727079
183 0.727314
184 0.72714
185 0.727032
186 0.728312
187 0.727854
188 0.728652
189 0.728598
190 0.728692
191 0.72868
192 0.72938
193 0.729965
194 0.729381
195 0.729233
196 0.729826
197 0.729896
198 0.731077
199 0.730254
200 0.730344
201 0.730968
202 0.730858
203 0.731872
204 0.732071
205 0.731395
206 0.731503
207 0.73257
208 0.732817
209 0.733068
210 0.73246
211 0.732822
212 0.734098
213 0.733729
214 0.733522
215 0.734189
216 0.733948
217 0.733434
218 0.734549
219 0.734293
220 0.734368
221 0.734806
222 0.734152
223 0.73565
224 0.73526
225 0.736919
226 0.736647
227 0.736079
228 0.73647
229 0.736068
230 0.73639
231 0.736783
232 0.736463
233 0.737144
234 0.737124
235 0.737512
236 0.737774
237 0.73729
238 0.737989
239 0.738131
240 0.738216
241 0.738512
242 0.739087
243 0.739115
244 0.738439
245 0.739299
246 0.739161
247 0.739341
248 0.739654
249 0.739828
250 0.740995
251 0.739767
252 0.739999
253 0.739976
254 0.740737
255 0.740152
256 0.74048
257 0.740783
258 0.741528
259 0.74077
260 0.741664
261 0.741525
262 0.741707
263 0.741823
264 0.741778
265 0.741735
266 0.742297
267 0.742785
268 0.742481
269 0.741823
270 0.742439
271 0.743335
272 0.742531
273 0.743018
274 0.742037
275 0.743296
276 0.743539
277 0.743831
278 0.74356
279 0.743376
280 0.743902
281 0.744237
282 0.744954
283 0.744164
284 0.745187
285 0.744443
286 0.744114
287 0.744416
288 0.745539
289 0.745066
290 0.745625
291 0.744858
292 0.744232
293 0.745295
294 0.745932
295 0.745139
296 0.74634
297 0.746162
298 0.745648
299 0.74582
300 0.746702
