1 0.499144
2 0.517648
3 0.529257
4 0.539333
5 0.547895
6 0.555362
7 0.562019
8 0.568289
9 0.573814
10 0.578869
11 0.583845
12 0.587814
13 0.592042
14 0.595851
15 0.59949
16 0.602886
17 0.606201
18 0.609139
19 0.611973
20 0.614835
21 0.617464
22 0.62012
23 0.622389
24 0.624698
25 0.62696
26 0.629124
27 0.63111
28 0.633127
29 0.634957
30 0.637005
31 0.638742
32 0.640327
33 0.642006
34 0.643547
35 0.645193
36 0.64659
37 0.648107
38 0.649555
39 0.650899
40 0.65213
41 0.653475
42 0.654751
43 0.655843
44 0.657142
45 0.658221
46 0.659362
47 0.660256
48 0.661529
49 0.662531
50 0.663629
51 0.664531
52 0.665682
53 0.666505
54 0.667488
55 0.668311
56 0.66924
57 0.669966
58 0.671003
59 0.671723
60 0.672477
61 0.673435
62 0.674163
63 0.674951
64 0.675669
65 0.676359
66 0.677195
67 0.677732
68 0.6784
69 0.679112
70 0.679767
71 0.680356
72 0.681157
73 0.681822
74 0.68252
75 0.683049
76 0.683649
77 0.684261
78 0.684882
79 0.685389
80 0.686129
81 0.686562
82 0.687227
83 0.687653
84 0.688251
85 0.688815
86 0.689281
87 0.689765
88 0.690391
89 0.690833
90 0.691445
91 0.691759
92 0.692327
93 0.692692
94 0.693265
95 0.693681
96 0.69414
97 0.694657
98 0.695116
99 0.695488
100 0.695876
101 0.696408
102 0.696824
103 0.697269
104 0.697672
105 0.698146
106 0.698411
107 0.698767
108 0.699204
109 0.699572
110 0.70005
111 0.700414
112 0.700758
113 0.701157
114 0.701403
115 0.701727
116 0.702234
117 0.702603
118 0.702809
119 0.703194
120 0.703513
121 0.703672
122 0.704136
123 0.704515
124 0.704835
125 0.705126
126 0.705556
127 0.705694
128 0.706165
129 0.706435
130 0.706665
131 0.707049
132 0.707323
133 0.70765
134 0.707909
135 0.708243
136 0.708442
137 0.708793
138 0.709096
139 0.70926
140 0.709576
141 0.709955
142 0.710003
143 0.710455
144 0.710502
145 0.710778
146 0.711118
147 0.71148
148 0.711672
149 0.711906
150 0.712207
151 0.712448
152 0.712744
153 0.712921
154 0.713123
155 0.713382
156 0.713695
157 0.713836
158 0.713978
159 0.714298
160 0.714559
161 0.714796
162 0.714966
163 0.715164
164 0.715421
165 0.715749
166 0.715869
167 0.716074
168 0.716285
169 0.716515
170 0.716814
171 0.71687
172 0.717132
173 0.717336
174 0.717583
175 0.71783
176 0.717942
177 0.718134
178 0.718404
179 0.718448
180 0.718694
181 0.718919
182 0.719168
183 0.719292
184 0.719501
185 0.719675
186 0.719852
187 0.719967
188 0.72025
189 0.720468
190 0.720578
191 0.720709
192 0.720933
193 0.721131
194 0.72127
195 0.721524
196 0.721601
197 0.721818
198 0.72203
199 0.722197
200 0.722344
201 0.72249
202 0.722568
203 0.722772
204 0.722947
205 0.723081
206 0.723239
207 0.723359
208 0.72363
209 0.723782
210 0.723898
211 0.724078
212 0.724261
213 0.724476
214 0.724533
215 0.72463
216 0.724784
217 0.725021
218 0.725176
219 0.725311
220 0.725356
221 0.725631
222 0.725719
223 0.7259
224 0.725937
225 0.726091
226 0.726193
227 0.726313
228 0.726571
229 0.72671
230 0.726836
231 0.726902
232 0.727102
233 0.727212
234 0.727442
235 0.727515
236 0.727617
237 0.727757
238 0.72785
239 0.728026
240 0.728139
241 0.728243
242 0.728406
243 0.728428
244 0.728749
245 0.728836
246 0.728997
247 0.72904
248 0.72907
249 0.729205
250 0.729384
251 0.729491
252 0.7296
253 0.729772
254 0.729883
255 0.729972
256 0.730087
257 0.730168
258 0.730385
259 0.730481
260 0.730565
261 0.730638
262 0.73081
263 0.730944
264 0.730988
265 0.731155
266 0.731219
267 0.731374
268 0.731488
269 0.73158
270 0.731722
271 0.731744
272 0.731861
273 0.731995
274 0.732147
275 0.732273
276 0.732388
277 0.732367
278 0.732531
279 0.732722
280 0.732738
281 0.732882
282 0.732994
283 0.733111
284 0.733199
285 0.733273
286 0.733444
287 0.733502
288 0.733609
289 0.733686
290 0.733759
291 0.733924
292 0.733938
293 0.73409
294 0.734215
295 0.734189
296 0.734301
297 0.734478
298 0.734589
299 0.73465
300 0.734698
