1 0.099872
2 0.131366
3 0.147606
4 0.16625
5 0.181521
6 0.196321
7 0.209456
8 0.221812
9 0.234065
10 0.244331
11 0.255014
12 0.263868
13 0.271827
14 0.280376
15 0.288774
16 0.29619
17 0.302783
18 0.308771
19 0.314263
20 0.320486
21 0.325611
22 0.332135
23 0.337121
24 0.342021
25 0.34669
26 0.351822
27 0.356623
28 0.36089
29 0.363923
30 0.369216
31 0.373208
32 0.377563
33 0.380636
34 0.384565
35 0.389492
36 0.391272
37 0.395858
38 0.399032
39 0.401558
40 0.404598
41 0.408442
42 0.411644
43 0.413519
44 0.416749
45 0.419622
46 0.422526
47 0.425628
48 0.428187
49 0.430158
50 0.432664
51 0.435415
52 0.438639
53 0.440726
54 0.443124
55 0.444398
56 0.447423
57 0.449189
58 0.451558
59 0.45372
60 0.455361
61 0.456952
62 0.459789
63 0.461412
64 0.463995
65 0.464984
66 0.467866
67 0.468568
68 0.47072
69 0.472856
70 0.473745
71 0.476431
72 0.478515
73 0.479146
74 0.482738
75 0.483028
76 0.485065
77 0.487395
78 0.489816
79 0.490591
80 0.492236
81 0.493358
82 0.495695
83 0.497506
84 0.49869
85 0.500738
86 0.502218
87 0.50284
88 0.505035
89 0.506149
90 0.507423
91 0.509274
92 0.510569
93 0.513248
94 0.514034
95 0.515607
96 0.516569
97 0.518186
98 0.519449
99 0.520729
100 0.522814
101 0.524285
102 0.525042
103 0.526862
104 0.527909
105 0.529191
106 0.529769
107 0.531022
108 0.533144
109 0.533631
110 0.5352
111 0.536076
112 0.537248
113 0.538132
114 0.539146
115 0.539915
116 0.542166
117 0.543872
118 0.543764
119 0.545293
120 0.546572
121 0.546334
122 0.548218
123 0.54923
124 0.550605
125 0.551444
126 0.552844
127 0.552758
128 0.553836
129 0.555114
130 0.555718
131 0.557626
132 0.557764
133 0.558931
134 0.560295
135 0.561107
136 0.561675
137 0.56349
138 0.563681
139 0.564395
140 0.56536
141 0.566823
142 0.566955
143 0.56886
144 0.567955
145 0.568841
146 0.570302
147 0.571065
148 0.572459
149 0.572805
150 0.574154
151 0.574694
152 0.576192
153 0.576012
154 0.576739
155 0.577964
156 0.579885
157 0.580462
158 0.579586
159 0.580864
160 0.582327
161 0.583114
162 0.583358
163 0.584116
164 0.584985
165 0.58662
166 0.586702
167 0.587383
168 0.588278
169 0.588863
170 0.590531
171 0.590142
172 0.591371
173 0.592038
174 0.592745
175 0.593445
176 0.593735
177 0.594087
178 0.595207
179 0.595937
180 0.595988
181 0.597331
182 0.598244
183 0.598273
184 0.599641
185 0.600036
186 0.600588
187 0.600714
188 0.601792
189 0.602674
190 0.60349
191 0.603886
192 0.604893
193 0.605252
194 0.60542
195 0.606758
196 0.607153
197 0.608005
198 0.608911
199 0.608977
200 0.609787
201 0.609738
202 0.610837
203 0.611379
204 0.612388
205 0.611871
206 0.612661
207 0.613763
208 0.614284
209 0.615125
210 0.615112
211 0.616029
212 0.616992
213 0.618055
214 0.617236
215 0.618229
216 0.61833
217 0.619199
218 0.620244
219 0.620542
220 0.621076
221 0.621811
222 0.622462
223 0.622267
224 0.622566
225 0.623979
226 0.623987
227 0.624067
228 0.625875
229 0.626351
230 0.626225
231 0.625957
232 0.627511
233 0.628007
234 0.629163
235 0.628988
236 0.629345
237 0.629808
238 0.630147
239 0.631791
240 0.631236
241 0.631944
242 0.632311
243 0.633471
244 0.634232
245 0.633919
246 0.634156
247 0.634646
248 0.634871
249 0.634884
250 0.635864
251 0.636565
252 0.636909
253 0.63746
254 0.638221
255 0.638073
256 0.638217
257 0.638781
258 0.640067
259 0.640427
260 0.640685
261 0.640892
262 0.641807
263 0.642886
264 0.642716
265 0.643022
266 0.643195
267 0.644417
268 0.644229
269 0.645227
270 0.645755
271 0.645273
272 0.645685
273 0.64704
274 0.647604
275 0.647382
276 0.648517
277 0.648338
278 0.649068
279 0.649596
280 0.649436
281 0.650622
282 0.6505
283 0.651551
284 0.651551
285 0.652276
286 0.652688
287 0.653331
288 0.65377
289 0.653402
290 0.653862
291 0.654392
292 0.654443
293 0.655508
294 0.656293
295 0.655377
296 0.656192
297 0.656301
298 0.657709
299 0.657355
300 0.657652
