1 0.284175
2 0.248094
3 0.230734
4 0.214003
5 0.201814
6 0.190542
7 0.181629
8 0.172943
9 0.16551
10 0.159023
11 0.152817
12 0.14769
13 0.142853
14 0.138407
15 0.134145
16 0.130287
17 0.126734
18 0.123354
19 0.120462
20 0.117407
21 0.114922
22 0.112055
23 0.109715
24 0.107262
25 0.105065
26 0.102884
27 0.100878
28 0.0990789
29 0.0973205
30 0.095572
31 0.0937426
32 0.0922192
33 0.0907487
34 0.0894213
35 0.0877791
36 0.0866582
37 0.085217
38 0.083992
39 0.0828756
40 0.0817607
41 0.0805084
42 0.0794872
43 0.0785862
44 0.0774945
45 0.0765889
46 0.0756134
47 0.0748004
48 0.0738063
49 0.0730578
50 0.0721898
51 0.0714804
52 0.0705174
53 0.0697189
54 0.068921
55 0.0684539
56 0.0676701
57 0.0670738
58 0.0664127
59 0.0657638
60 0.0651654
61 0.0645509
62 0.0638824
63 0.0633689
64 0.0627379
65 0.0622492
66 0.0615707
67 0.0613297
68 0.0606762
69 0.0601836
70 0.0598191
71 0.0593516
72 0.0586001
73 0.0582741
74 0.0575738
75 0.0573089
76 0.0568195
77 0.0562796
78 0.0557826
79 0.0554182
80 0.0548498
81 0.0546269
82 0.0540938
83 0.0536516
84 0.0533541
85 0.0528372
86 0.052517
87 0.0522577
88 0.0517425
89 0.0514158
90 0.0510116
91 0.0506964
92 0.0503688
93 0.0499049
94 0.0496657
95 0.0493607
96 0.0489425
97 0.0486039
98 0.0483028
99 0.0480632
100 0.0477236
101 0.0472999
102 0.0470607
103 0.0467514
104 0.0464374
105 0.0460946
106 0.0459938
107 0.0457299
108 0.0453209
109 0.0451758
110 0.0447924
111 0.0446482
112 0.0443827
113 0.044125
114 0.0438572
115 0.0436632
116 0.0432889
117 0.043029
118 0.0429293
119 0.0426774
120 0.0424088
121 0.0423418
122 0.042041
123 0.041768
124 0.0415537
125 0.0413928
126 0.0410245
127 0.040986
128 0.0406587
129 0.0404687
130 0.0403638
131 0.0401201
132 0.039946
133 0.0396797
134 0.039528
135 0.0393143
136 0.0391256
137 0.0388906
138 0.0387408
139 0.0386669
140 0.0384806
141 0.0381742
142 0.0381764
143 0.0378286
144 0.0378676
145 0.0376819
146 0.0374661
147 0.0372408
148 0.0370966
149 0.0369815
150 0.0366775
151 0.0366303
152 0.0363909
153 0.0363495
154 0.0362477
155 0.036031
156 0.0357101
157 0.0356575
158 0.0356763
159 0.0354387
160 0.0352248
161 0.0351337
162 0.0350226
163 0.0348459
164 0.0346965
165 0.0344568
166 0.0344542
167 0.0342585
168 0.0341283
169 0.0339843
170 0.0337786
171 0.0337726
172 0.0336021
173 0.0334564
174 0.0332975
175 0.0331719
176 0.0331503
177 0.0329906
178 0.0327435
179 0.0327723
180 0.0327061
181 0.0324426
182 0.0323145
183 0.032213
184 0.0321232
185 0.0320174
186 0.0319273
187 0.0318424
188 0.031691
189 0.0315655
190 0.0314321
191 0.0314029
192 0.0312619
193 0.0310685
194 0.031079
195 0.0308838
196 0.0308276
197 0.0306886
198 0.0305125
199 0.03047
200 0.0303469
201 0.030291
202 0.0302295
203 0.0301262
204 0.029992
205 0.029922
206 0.0298047
207 0.029721
208 0.0296086
209 0.0294837
210 0.0294588
211 0.0292593
212 0.0292364
213 0.0290102
214 0.029045
215 0.028995
216 0.0289037
217 0.0287491
218 0.0285884
219 0.0285799
220 0.0285256
221 0.0283365
222 0.028298
223 0.0282051
224 0.0282481
225 0.028066
226 0.0280817
227 0.0279779
228 0.0278024
229 0.0276409
230 0.0276239
231 0.0276322
232 0.027498
233 0.0274372
234 0.027265
235 0.0272262
236 0.0271666
237 0.0270861
238 0.0270622
239 0.0268975
240 0.0269048
241 0.0267775
242 0.0267067
243 0.026657
244 0.0265137
245 0.0264278
246 0.0263468
247 0.0263213
248 0.026334
249 0.026274
250 0.0261552
251 0.0260821
252 0.026025
253 0.0259133
254 0.0258575
255 0.0257951
256 0.0257656
257 0.0257011
258 0.02557
259 0.0255247
260 0.0254674
261 0.0254164
262 0.0252581
263 0.025211
264 0.0252073
265 0.025123
266 0.0250654
267 0.0249599
268 0.0249074
269 0.0248468
270 0.0247314
271 0.0247533
272 0.0246927
273 0.0245906
274 0.0244704
275 0.024438
276 0.0243034
277 0.024393
278 0.0242621
279 0.0241548
280 0.0241684
281 0.0240019
282 0.0240111
283 0.0239243
284 0.0239129
285 0.0238428
286 0.0237644
287 0.023692
288 0.0236141
289 0.0236136
290 0.0235722
291 0.023443
292 0.0235007
293 0.0233702
294 0.023281
295 0.0233181
296 0.0232534
297 0.0231875
298 0.0230638
299 0.0230352
300 0.0230165
