1 0.284175
2 0.266134
3 0.254459
4 0.244246
5 0.235769
6 0.228229
7 0.221678
8 0.215502
9 0.209881
10 0.2049
11 0.199991
12 0.195888
13 0.19162
14 0.187997
15 0.184326
16 0.180909
17 0.177639
18 0.174655
19 0.171855
20 0.168993
21 0.166443
22 0.163819
23 0.161468
24 0.159159
25 0.156927
26 0.154784
27 0.152799
28 0.150801
29 0.148905
30 0.146992
31 0.14517
32 0.143518
33 0.141894
34 0.140381
35 0.138711
36 0.137325
37 0.135792
38 0.134335
39 0.133093
40 0.131763
41 0.130406
42 0.129208
43 0.1281
44 0.126826
45 0.125716
46 0.124602
47 0.123606
48 0.122379
49 0.121405
50 0.120361
51 0.119393
52 0.11825
53 0.117377
54 0.116393
55 0.115651
56 0.114664
57 0.113944
58 0.112968
59 0.112215
60 0.111425
61 0.110534
62 0.109734
63 0.109012
64 0.108248
65 0.107627
66 0.106773
67 0.106202
68 0.105506
69 0.104826
70 0.10421
71 0.10358
72 0.102769
73 0.102158
74 0.101435
75 0.100851
76 0.100259
77 0.0996443
78 0.0990435
79 0.0985126
80 0.0977841
81 0.0973719
82 0.0966954
83 0.0962191
84 0.0956761
85 0.0950818
86 0.0946083
87 0.0941683
88 0.0935253
89 0.0930763
90 0.0925607
91 0.0921669
92 0.0916464
93 0.0911502
94 0.0906766
95 0.0902458
96 0.0897371
97 0.0892853
98 0.0887917
99 0.0884655
100 0.0880425
101 0.0875438
102 0.0871318
103 0.0866624
104 0.0862747
105 0.085792
106 0.0854981
107 0.0851792
108 0.0847088
109 0.0843938
110 0.0838873
111 0.0835462
112 0.0831867
113 0.0828
114 0.0824876
115 0.0822109
116 0.0816756
117 0.08134
118 0.0811259
119 0.0807217
120 0.0804139
121 0.0802475
122 0.0797813
123 0.0794157
124 0.0790746
125 0.0788044
126 0.0783927
127 0.078212
128 0.0777587
129 0.0775034
130 0.0772707
131 0.0768865
132 0.0766251
133 0.07626
134 0.0760129
135 0.0756859
136 0.0754658
137 0.0751328
138 0.0748291
139 0.0746591
140 0.0743714
141 0.0740014
142 0.073912
143 0.0734874
144 0.0734136
145 0.0731788
146 0.0727983
147 0.0724671
148 0.0722613
149 0.0720438
150 0.0717277
151 0.0714891
152 0.0711907
153 0.0710328
154 0.0708696
155 0.0705564
156 0.0702187
157 0.0700739
158 0.0699887
159 0.0696386
160 0.0693761
161 0.0691534
162 0.0689498
163 0.0687657
164 0.0685021
165 0.0681747
166 0.0680926
167 0.0678531
168 0.0676454
169 0.0674102
170 0.0671332
171 0.0670528
172 0.0668076
173 0.066584
174 0.0663562
175 0.0661238
176 0.066008
177 0.0658071
178 0.0654978
179 0.0654794
180 0.0652742
181 0.0650033
182 0.064784
183 0.0646352
184 0.0644534
185 0.0642479
186 0.064105
187 0.0639494
188 0.0637027
189 0.0635034
190 0.0633522
191 0.0632328
192 0.0629978
193 0.0628073
194 0.0626686
195 0.06246
196 0.062321
197 0.0621076
198 0.0618975
199 0.0617402
200 0.0615614
201 0.0614481
202 0.0613647
203 0.061152
204 0.0609956
205 0.0608403
206 0.060668
207 0.0605361
208 0.0602849
209 0.0601421
210 0.0600409
211 0.0598535
212 0.0596851
213 0.0594286
214 0.0594
215 0.0593026
216 0.0591563
217 0.0589153
218 0.0587539
219 0.0586307
220 0.0585941
221 0.058302
222 0.0581995
223 0.0580311
224 0.0580128
225 0.0578311
226 0.0577289
227 0.0576282
228 0.057358
229 0.0571992
230 0.0570911
231 0.0570588
232 0.056835
233 0.0567187
234 0.0564978
235 0.0564033
236 0.0563068
237 0.0561784
238 0.0560943
239 0.0558718
240 0.055826
241 0.055673
242 0.0555389
243 0.0554825
244 0.055193
245 0.0550913
246 0.0549428
247 0.0548903
248 0.0548196
249 0.0547097
250 0.0545272
251 0.0544367
252 0.0543082
253 0.0541535
254 0.0540584
255 0.0539414
256 0.0538513
257 0.0537762
258 0.0535708
259 0.0534426
260 0.0533853
261 0.053303
262 0.0531116
263 0.0529939
264 0.0529682
265 0.0527845
266 0.0527063
267 0.0525755
268 0.0524464
269 0.052354
270 0.0522213
271 0.0521915
272 0.0520702
273 0.0519453
274 0.0517981
275 0.0516686
276 0.0515524
277 0.0515594
278 0.0514148
279 0.0512564
280 0.0512026
281 0.0510595
282 0.0509641
283 0.0508032
284 0.050743
285 0.0506802
286 0.0505105
287 0.0504535
288 0.0503401
289 0.0502749
290 0.0501966
291 0.0500022
292 0.0500155
293 0.0498595
294 0.0497294
295 0.0497456
296 0.0496401
297 0.0494902
298 0.0493485
299 0.0492811
300 0.0492449
