1 0.5
2 0.365528
3 0.307089
4 0.27329
5 0.25043
6 0.233804
7 0.220833
8 0.210461
9 0.202202
10 0.195118
11 0.188799
12 0.183678
13 0.178947
14 0.174896
15 0.171337
16 0.168035
17 0.165095
18 0.162418
19 0.159926
20 0.157557
21 0.155547
22 0.153772
23 0.151965
24 0.150398
25 0.148846
26 0.147425
27 0.14609
28 0.144815
29 0.143826
30 0.14268
31 0.141469
32 0.140613
33 0.139665
34 0.138798
35 0.137992
36 0.137046
37 0.13633
38 0.135591
39 0.134946
40 0.134162
41 0.133519
42 0.133016
43 0.132243
44 0.131855
45 0.131177
46 0.130711
47 0.130201
48 0.12968
49 0.129164
50 0.128684
51 0.128221
52 0.127821
53 0.127503
54 0.127039
55 0.126594
56 0.126195
57 0.125858
58 0.125409
59 0.125113
60 0.124825
61 0.124398
62 0.124032
63 0.123759
64 0.123477
65 0.123116
66 0.122772
67 0.122498
68 0.122272
69 0.121933
70 0.121694
71 0.121496
72 0.121166
73 0.120965
74 0.120651
75 0.120583
76 0.120354
77 0.120047
78 0.119775
79 0.119623
80 0.119485
81 0.119226
82 0.118958
83 0.118903
84 0.118702
85 0.11853
86 0.118363
87 0.118219
88 0.11778
89 0.117749
90 0.117652
91 0.117352
92 0.11716
93 0.11709
94 0.117091
95 0.116807
96 0.116643
97 0.116427
98 0.116408
99 0.116134
100 0.116179
101 0.115932
102 0.115777
103 0.115716
104 0.115476
105 0.115492
106 0.11543
107 0.115158
108 0.114995
109 0.114849
110 0.114782
111 0.114568
112 0.114571
113 0.114385
114 0.114376
115 0.114055
116 0.113941
117 0.113961
118 0.11372
119 0.113658
120 0.113511
121 0.113453
122 0.113397
123 0.113231
124 0.113109
125 0.112991
126 0.112826
127 0.112763
128 0.11264
129 0.112535
130 0.112405
131 0.112224
132 0.112239
133 0.11211
134 0.112054
135 0.111931
136 0.111827
137 0.111728
138 0.111604
139 0.111523
140 0.111513
141 0.111349
142 0.11127
143 0.111188
144 0.111091
145 0.110971
146 0.110917
147 0.110765
148 0.110776
149 0.110627
150 0.110537
151 0.11044
152 0.110466
153 0.110375
154 0.110177
155 0.11012
156 0.110035
157 0.110031
158 0.110007
159 0.10979
160 0.109778
161 0.109686
162 0.109675
163 0.109603
164 0.109508
165 0.109425
166 0.10931
167 0.109233
168 0.109158
169 0.109095
170 0.109044
171 0.108919
172 0.108917
173 0.108841
174 0.108721
175 0.108674
176 0.108655
177 0.108615
178 0.108511
179 0.10849
180 0.108416
181 0.108311
182 0.108243
183 0.108178
184 0.108151
185 0.108042
186 0.10807
187 0.107954
188 0.107876
189 0.107781
190 0.107695
191 0.10776
192 0.107623
193 0.107584
194 0.10748
195 0.107516
196 0.10737
197 0.107256
198 0.107317
199 0.107233
200 0.107207
201 0.107231
202 0.107044
203 0.107079
204 0.107092
205 0.106962
206 0.106803
207 0.10679
208 0.106802
209 0.106573
210 0.106566
211 0.106597
212 0.106515
213 0.106564
214 0.106467
215 0.106403
216 0.106352
217 0.106352
218 0.106212
219 0.106245
220 0.106151
221 0.106102
222 0.106095
223 0.106011
224 0.10594
225 0.105909
226 0.105885
227 0.105844
228 0.105804
229 0.10568
230 0.105711
231 0.105661
232 0.105629
233 0.105561
234 0.105483
235 0.10549
236 0.10546
237 0.105427
238 0.105352
239 0.10527
240 0.105264
241 0.105244
242 0.105067
243 0.105162
244 0.105064
245 0.104986
246 0.105042
247 0.104963
248 0.104942
249 0.104869
250 0.104874
251 0.104803
252 0.104827
253 0.104704
254 0.104693
255 0.104603
256 0.104576
257 0.104567
258 0.104469
259 0.104479
260 0.104454
261 0.104445
262 0.104388
263 0.104336
264 0.104349
265 0.104239
266 0.104217
267 0.104161
268 0.104208
269 0.104197
270 0.104052
271 0.104063
272 0.103996
273 0.104059
274 0.103985
275 0.104006
276 0.103846
277 0.103865
278 0.103839
279 0.103731
280 0.103773
281 0.103686
282 0.103647
283 0.103701
284 0.103625
285 0.103595
286 0.103554
287 0.103496
288 0.103384
289 0.103498
290 0.103425
291 0.103359
292 0.103352
293 0.103328
294 0.103259
295 0.103366
296 0.103277
297 0.103264
298 0.103135
299 0.103181
300 0.103208
