1 0.499144
2 0.53556
3 0.552947
4 0.570013
5 0.582768
6 0.592485
7 0.601228
8 0.610876
9 0.618116
10 0.624711
11 0.631108
12 0.63541
13 0.6408
14 0.644807
15 0.649969
16 0.65402
17 0.657634
18 0.660363
19 0.663297
20 0.666568
21 0.669889
22 0.672165
23 0.67473
24 0.677323
25 0.679312
26 0.680937
27 0.682782
28 0.685096
29 0.687023
30 0.688624
31 0.689982
32 0.691683
33 0.692862
34 0.693989
35 0.696228
36 0.697917
37 0.698586
38 0.699655
39 0.701342
40 0.702312
41 0.703428
42 0.705072
43 0.706386
44 0.706877
45 0.707297
46 0.709021
47 0.708597
48 0.710505
49 0.710929
50 0.710784
51 0.712425
52 0.713054
53 0.714345
54 0.714552
55 0.715148
56 0.715715
57 0.716741
58 0.717074
59 0.71807
60 0.718603
61 0.719731
62 0.719661
63 0.720223
64 0.721275
65 0.721964
66 0.722185
67 0.723211
68 0.724197
69 0.724186
70 0.724198
71 0.724165
72 0.725425
73 0.725758
74 0.7263
75 0.726193
76 0.726918
77 0.727439
78 0.728149
79 0.728678
80 0.728151
81 0.729319
82 0.729884
83 0.730441
84 0.730809
85 0.730665
86 0.731781
87 0.73165
88 0.731808
89 0.732547
90 0.733065
91 0.732864
92 0.733388
93 0.733352
94 0.734234
95 0.733666
96 0.735092
97 0.734534
98 0.735716
99 0.735847
100 0.736721
101 0.736829
102 0.736887
103 0.73763
104 0.737869
105 0.738104
106 0.737791
107 0.738636
108 0.738607
109 0.738045
110 0.739453
111 0.739139
112 0.73839
113 0.739955
114 0.740387
115 0.739299
116 0.740802
117 0.741501
118 0.740125
119 0.741506
120 0.741403
121 0.741154
122 0.741513
123 0.74202
124 0.74209
125 0.742156
126 0.742798
127 0.74275
128 0.743436
129 0.743564
130 0.744122
131 0.743955
132 0.744328
133 0.744676
134 0.743828
135 0.744906
136 0.744243
137 0.7451
138 0.746046
139 0.745323
140 0.744668
141 0.745958
142 0.745931
143 0.746285
144 0.746168
145 0.746421
146 0.747088
147 0.747094
148 0.746532
149 0.747307
150 0.747355
151 0.747656
152 0.747158
153 0.74757
154 0.747678
155 0.74783
156 0.748064
157 0.748479
158 0.748663
159 0.749204
160 0.748147
161 0.748784
162 0.74898
163 0.749036
164 0.749141
165 0.749116
166 0.749889
167 0.749499
168 0.749763
169 0.749531
170 0.750273
171 0.749747
172 0.74986
173 0.750057
174 0.749958
175 0.751061
176 0.750723
177 0.751096
178 0.751605
179 0.750433
180 0.752183
181 0.752404
182 0.751903
183 0.750976
184 0.751395
185 0.751724
186 0.752509
187 0.752878
188 0.751763
189 0.751912
190 0.752514
191 0.752381
192 0.752111
193 0.752562
194 0.753422
195 0.752914
196 0.753723
197 0.752669
198 0.753777
199 0.753947
200 0.75435
201 0.753364
202 0.753019
203 0.754309
204 0.753567
205 0.754017
206 0.753829
207 0.754599
208 0.754531
209 0.754414
210 0.754357
211 0.755048
212 0.754701
213 0.754978
214 0.754946
215 0.754727
216 0.755086
217 0.754963
218 0.755444
219 0.755572
220 0.75497
221 0.755954
222 0.754941
223 0.755738
224 0.755428
225 0.755712
226 0.756209
227 0.755556
228 0.755735
229 0.756106
230 0.756125
231 0.756915
232 0.756354
233 0.75721
234 0.756169
235 0.756183
236 0.757499
237 0.756567
238 0.756595
239 0.757298
240 0.757384
241 0.756606
242 0.756892
243 0.757449
244 0.757415
245 0.757359
246 0.758013
247 0.757927
248 0.756459
249 0.757545
250 0.757454
251 0.758025
252 0.756983
253 0.757723
254 0.757919
255 0.75842
256 0.758558
257 0.75766
258 0.758992
259 0.7583
260 0.759382
261 0.758949
262 0.758312
263 0.759052
264 0.758602
265 0.758372
266 0.758667
267 0.759288
268 0.759204
269 0.758698
270 0.759413
271 0.759448
272 0.75956
273 0.759592
274 0.759481
275 0.759347
276 0.760272
277 0.75911
278 0.759455
279 0.759432
280 0.759612
281 0.759194
282 0.75974
283 0.75973
284 0.760022
285 0.760412
286 0.760413
287 0.759835
288 0.760708
289 0.760068
290 0.760133
291 0.760798
292 0.761084
293 0.7601
294 0.761131
295 0.761279
296 0.760421
297 0.761033
298 0.760404
299 0.760946
300 0.761313
