1 0.5
2 0.498734
3 0.497189
4 0.495074
5 0.493102
6 0.491373
7 0.489646
8 0.487552
9 0.485849
10 0.484198
11 0.482505
12 0.481316
13 0.479767
14 0.478572
15 0.47698
16 0.475687
17 0.474502
18 0.473587
19 0.472583
20 0.47144
21 0.470254
22 0.469425
23 0.468476
24 0.467501
25 0.466742
26 0.466114
27 0.465394
28 0.464478
29 0.463706
30 0.463057
31 0.462501
32 0.461799
33 0.461308
34 0.460835
35 0.459886
36 0.459162
37 0.458873
38 0.458409
39 0.45767
40 0.457242
41 0.456747
42 0.456011
43 0.455418
44 0.455195
45 0.455004
46 0.454215
47 0.45441
48 0.453529
49 0.453332
50 0.453399
51 0.452633
52 0.452337
53 0.451727
54 0.451628
55 0.451345
56 0.451074
57 0.450582
58 0.450422
59 0.44994
60 0.449681
61 0.449131
62 0.449166
63 0.44889
64 0.448373
65 0.448032
66 0.447922
67 0.447412
68 0.446919
69 0.446924
70 0.446918
71 0.446935
72 0.446301
73 0.446132
74 0.445858
75 0.445912
76 0.445543
77 0.445278
78 0.444914
79 0.444643
80 0.444913
81 0.444312
82 0.44402
83 0.443732
84 0.44354
85 0.443615
86 0.443033
87 0.443102
88 0.443019
89 0.442631
90 0.442359
91 0.442465
92 0.442189
93 0.442208
94 0.441741
95 0.442042
96 0.441285
97 0.441582
98 0.440952
99 0.440882
100 0.440413
101 0.440355
102 0.440324
103 0.439924
104 0.439794
105 0.439667
106 0.439837
107 0.439379
108 0.439394
109 0.439699
110 0.438934
111 0.439105
112 0.439512
113 0.43866
114 0.438423
115 0.439018
116 0.438195
117 0.43781
118 0.438567
119 0.437808
120 0.437865
121 0.438002
122 0.437804
123 0.437524
124 0.437485
125 0.437449
126 0.437093
127 0.437119
128 0.436738
129 0.436666
130 0.436354
131 0.436448
132 0.436239
133 0.436044
134 0.436519
135 0.435915
136 0.436287
137 0.435806
138 0.435272
139 0.43568
140 0.436049
141 0.435322
142 0.435337
143 0.435137
144 0.435203
145 0.43506
146 0.434682
147 0.434678
148 0.434997
149 0.434557
150 0.43453
151 0.434358
152 0.434642
153 0.434407
154 0.434346
155 0.434259
156 0.434126
157 0.433888
158 0.433783
159 0.433472
160 0.434078
161 0.433713
162 0.433601
163 0.433569
164 0.433508
165 0.433523
166 0.433078
167 0.433302
168 0.43315
169 0.433284
170 0.432856
171 0.43316
172 0.433094
173 0.432981
174 0.433038
175 0.432399
176 0.432595
177 0.432379
178 0.432083
179 0.432763
180 0.431746
181 0.431617
182 0.431909
183 0.432449
184 0.432205
185 0.432014
186 0.431555
187 0.431339
188 0.431991
189 0.431904
190 0.431552
191 0.43163
192 0.431788
193 0.431524
194 0.43102
195 0.431318
196 0.430843
197 0.431462
198 0.430811
199 0.430711
200 0.430473
201 0.431054
202 0.431256
203 0.430497
204 0.430934
205 0.430669
206 0.43078
207 0.430326
208 0.430366
209 0.430435
210 0.430469
211 0.43006
212 0.430265
213 0.430101
214 0.43012
215 0.43025
216 0.430037
217 0.43011
218 0.429825
219 0.429748
220 0.430106
221 0.429521
222 0.430123
223 0.42965
224 0.429834
225 0.429665
226 0.429369
227 0.429758
228 0.429651
229 0.42943
230 0.429419
231 0.428947
232 0.429282
233 0.42877
234 0.429393
235 0.429384
236 0.428597
237 0.429155
238 0.429138
239 0.428717
240 0.428666
241 0.429132
242 0.428961
243 0.428627
244 0.428647
245 0.428681
246 0.428287
247 0.428339
248 0.42922
249 0.428569
250 0.428624
251 0.42828
252 0.428906
253 0.428462
254 0.428344
255 0.428042
256 0.427959
257 0.4285
258 0.427696
259 0.428114
260 0.42746
261 0.427722
262 0.428107
263 0.42766
264 0.427932
265 0.428071
266 0.427893
267 0.427517
268 0.427568
269 0.427874
270 0.427441
271 0.42742
272 0.427352
273 0.427332
274 0.4274
275 0.427481
276 0.426918
277 0.427625
278 0.427415
279 0.427429
280 0.42732
281 0.427574
282 0.427242
283 0.427248
284 0.427071
285 0.426833
286 0.426832
287 0.427184
288 0.426652
289 0.427043
290 0.427003
291 0.426597
292 0.426422
293 0.427023
294 0.426393
295 0.426303
296 0.426827
297 0.426453
298 0.426838
299 0.426507
300 0.426282
