1 0.099872
2 0.115619
3 0.126252
4 0.137876
5 0.147888
6 0.157129
7 0.165498
8 0.173394
9 0.18136
10 0.18811
11 0.195272
12 0.201016
13 0.206923
14 0.212697
15 0.21882
16 0.224428
17 0.229639
18 0.234361
19 0.23876
20 0.243809
21 0.248542
22 0.253251
23 0.2578
24 0.261833
25 0.265969
26 0.270182
27 0.274339
28 0.278098
29 0.28113
30 0.285699
31 0.289176
32 0.292999
33 0.295706
34 0.299276
35 0.303224
36 0.305277
37 0.30928
38 0.312263
39 0.31462
40 0.317476
41 0.3208
42 0.32369
43 0.325491
44 0.328734
45 0.331378
46 0.333961
47 0.336791
48 0.339343
49 0.341401
50 0.343596
51 0.346428
52 0.349318
53 0.351185
54 0.353401
55 0.355006
56 0.357937
57 0.359562
58 0.361829
59 0.363874
60 0.365647
61 0.367499
62 0.369772
63 0.371722
64 0.373971
65 0.375046
66 0.377673
67 0.378779
68 0.380489
69 0.382493
70 0.383928
71 0.386192
72 0.38818
73 0.389345
74 0.39225
75 0.393224
76 0.395029
77 0.397004
78 0.399087
79 0.40015
80 0.402172
81 0.403374
82 0.405635
83 0.407124
84 0.408591
85 0.410358
86 0.411875
87 0.412826
88 0.414726
89 0.416192
90 0.417395
91 0.418978
92 0.420539
93 0.422716
94 0.423855
95 0.425556
96 0.426501
97 0.428151
98 0.429563
99 0.430797
100 0.43271
101 0.434029
102 0.435159
103 0.436933
104 0.437983
105 0.439307
106 0.440336
107 0.441432
108 0.443217
109 0.443776
110 0.445524
111 0.446661
112 0.447809
113 0.448741
114 0.44966
115 0.450461
116 0.452577
117 0.454224
118 0.454159
119 0.455942
120 0.456896
121 0.457049
122 0.458872
123 0.459775
124 0.461127
125 0.461956
126 0.463511
127 0.463511
128 0.464947
129 0.465977
130 0.466542
131 0.468614
132 0.468747
133 0.470065
134 0.471301
135 0.472359
136 0.472639
137 0.474547
138 0.474917
139 0.475771
140 0.476811
141 0.478016
142 0.478226
143 0.479926
144 0.479528
145 0.480422
146 0.481974
147 0.482868
148 0.484048
149 0.484665
150 0.48582
151 0.486523
152 0.487958
153 0.488015
154 0.48886
155 0.489981
156 0.491611
157 0.49228
158 0.491855
159 0.493015
160 0.494405
161 0.49522
162 0.495761
163 0.496445
164 0.497479
165 0.498826
166 0.499074
167 0.499612
168 0.500597
169 0.501431
170 0.502903
171 0.502702
172 0.503926
173 0.504747
174 0.505409
175 0.506211
176 0.506635
177 0.507017
178 0.508067
179 0.508668
180 0.509129
181 0.51013
182 0.511158
183 0.511409
184 0.512643
185 0.513153
186 0.51385
187 0.514047
188 0.515259
189 0.516026
190 0.516714
191 0.51718
192 0.518249
193 0.51863
194 0.519154
195 0.520182
196 0.520801
197 0.52154
198 0.522468
199 0.522756
200 0.523593
201 0.523701
202 0.524561
203 0.525284
204 0.526248
205 0.525956
206 0.52659
207 0.527772
208 0.528523
209 0.529171
210 0.529314
211 0.530054
212 0.53127
213 0.532322
214 0.531748
215 0.532665
216 0.532866
217 0.533879
218 0.534632
219 0.535162
220 0.535505
221 0.536481
222 0.537014
223 0.537359
224 0.537452
225 0.538438
226 0.538793
227 0.538964
228 0.54063
229 0.541091
230 0.541186
231 0.541205
232 0.542685
233 0.543076
234 0.544141
235 0.544381
236 0.544587
237 0.545111
238 0.545597
239 0.546921
240 0.546563
241 0.547239
242 0.54767
243 0.54859
244 0.549649
245 0.54962
246 0.549927
247 0.550206
248 0.550771
249 0.550892
250 0.551882
251 0.552478
252 0.552948
253 0.553584
254 0.554327
255 0.554138
256 0.554479
257 0.554916
258 0.556271
259 0.556808
260 0.557047
261 0.557123
262 0.558069
263 0.559126
264 0.559052
265 0.559509
266 0.55965
267 0.560728
268 0.560944
269 0.561781
270 0.562342
271 0.561988
272 0.562463
273 0.563621
274 0.564104
275 0.564207
276 0.565041
277 0.565116
278 0.565639
279 0.566416
280 0.566488
281 0.567305
282 0.567455
283 0.568707
284 0.568618
285 0.569317
286 0.56989
287 0.57041
288 0.570747
289 0.570678
290 0.571008
291 0.571769
292 0.571924
293 0.572961
294 0.573634
295 0.572869
296 0.573807
297 0.574138
298 0.575174
299 0.575098
300 0.575364
