1 0.10816
2 0.0902283
3 0.0843644
4 0.0776457
5 0.0737041
6 0.0695535
7 0.0664432
8 0.0637384
9 0.0614139
10 0.0592902
11 0.0573439
12 0.0556985
13 0.0541085
14 0.0525992
15 0.051236
16 0.0499906
17 0.0488054
18 0.0476662
19 0.0467899
20 0.0457287
21 0.0447364
22 0.0439671
23 0.0430771
24 0.0423737
25 0.0417021
26 0.0410257
27 0.0402851
28 0.0396254
29 0.039043
30 0.0384657
31 0.0378886
32 0.037353
33 0.0367255
34 0.036335
35 0.0357818
36 0.0353953
37 0.0349567
38 0.0345261
39 0.0341452
40 0.033641
41 0.0333821
42 0.032885
43 0.0325216
44 0.0321456
45 0.0318529
46 0.031517
47 0.0312298
48 0.0307926
49 0.0305455
50 0.0302261
51 0.0299649
52 0.0296393
53 0.0294325
54 0.0291383
55 0.0288263
56 0.028545
57 0.0283455
58 0.0281535
59 0.0278668
60 0.0275788
61 0.0273237
62 0.0271685
63 0.0269921
64 0.0267548
65 0.026486
66 0.026373
67 0.0261388
68 0.0258691
69 0.0256827
70 0.0254648
71 0.0253036
72 0.0250915
73 0.0248647
74 0.0247854
75 0.0245831
76 0.0243744
77 0.0243178
78 0.0240883
79 0.0239635
80 0.0237665
81 0.0236086
82 0.0234597
83 0.0232432
84 0.0231081
85 0.0230095
86 0.0228496
87 0.0226874
88 0.0225963
89 0.0224479
90 0.0223274
91 0.0221485
92 0.0220715
93 0.021908
94 0.0218306
95 0.0216514
96 0.0215367
97 0.0214009
98 0.0213617
99 0.0212559
100 0.0210606
101 0.0209817
102 0.020899
103 0.0207511
104 0.0206045
105 0.0205336
106 0.0203937
107 0.0203106
108 0.0202354
109 0.020106
110 0.0199981
111 0.0199042
112 0.0197855
113 0.019684
114 0.0195934
115 0.0194869
116 0.0194371
117 0.0193022
118 0.0192428
119 0.0191107
120 0.01904
121 0.0189164
122 0.0188435
123 0.0188144
124 0.0187017
125 0.0186549
126 0.0185739
127 0.0184066
128 0.0183585
129 0.0182865
130 0.0181914
131 0.0181159
132 0.0180677
133 0.017975
134 0.0179139
135 0.0178506
136 0.0177255
137 0.0176458
138 0.017565
139 0.0175159
140 0.0174663
141 0.0173443
142 0.0173575
143 0.0172361
144 0.0171909
145 0.0171317
146 0.0170002
147 0.0169797
148 0.0169195
149 0.0168752
150 0.0167707
151 0.0167805
152 0.016654
153 0.0165106
154 0.0165248
155 0.0164828
156 0.0163916
157 0.016306
158 0.0162772
159 0.0162553
160 0.0161641
161 0.0161078
162 0.0160669
163 0.0159716
164 0.0159242
165 0.0158872
166 0.0158653
167 0.0157786
168 0.0157487
169 0.0156613
170 0.015625
171 0.0155892
172 0.0154964
173 0.0154634
174 0.0153871
175 0.0153684
176 0.0152885
177 0.0152408
178 0.0152338
179 0.0151437
180 0.0150686
181 0.0150269
182 0.014963
183 0.0149642
184 0.0148973
185 0.014868
186 0.0148062
187 0.0147432
188 0.0146914
189 0.014668
190 0.0146273
191 0.0145593
192 0.0145455
193 0.0144754
194 0.0144331
195 0.0144001
196 0.0143567
197 0.0143096
198 0.0142969
199 0.0142469
200 0.0141694
201 0.0141586
202 0.0141012
203 0.0140533
204 0.0140052
205 0.0140076
206 0.0139341
207 0.0139311
208 0.0138463
209 0.0137975
210 0.0137685
211 0.0137262
212 0.0137134
213 0.0136924
214 0.0136289
215 0.0135721
216 0.0135846
217 0.0135526
218 0.0134719
219 0.0134319
220 0.0134055
221 0.0133728
222 0.013314
223 0.0132942
224 0.0132879
225 0.0132835
226 0.013223
227 0.0131151
228 0.0131677
229 0.0130785
230 0.013079
231 0.0130182
232 0.0129673
233 0.0129013
234 0.0128997
235 0.0128895
236 0.0128511
237 0.0128108
238 0.0127819
239 0.0127745
240 0.0127333
241 0.0127379
242 0.0126688
243 0.0126318
244 0.0125868
245 0.012549
246 0.0125262
247 0.0124732
248 0.0124739
249 0.0124522
250 0.01244
251 0.0123794
252 0.0123243
253 0.0123375
254 0.0123225
255 0.0122468
256 0.0122186
257 0.0122061
258 0.012204
259 0.01216
260 0.0121036
261 0.0121208
262 0.0120921
263 0.0120456
264 0.0120508
265 0.0119661
266 0.0119562
267 0.0119449
268 0.0118807
269 0.0118799
270 0.0118437
271 0.0118304
272 0.0118196
273 0.011789
274 0.0117463
275 0.011743
276 0.0116732
277 0.0116807
278 0.0116442
279 0.0115838
280 0.0115831
281 0.0115806
282 0.0115428
283 0.0115449
284 0.0114824
285 0.0114609
286 0.0114446
287 0.0113986
288 0.0113764
289 0.0113967
290 0.0113504
291 0.0113303
292 0.0112858
293 0.0113025
294 0.0112099
295 0.0112195
296 0.0111996
297 0.0111925
298 0.0111995
299 0.0111505
300 0.0111032
