1 0.5
2 0.498722
3 0.498675
4 0.497322
5 0.497339
6 0.496492
7 0.496494
8 0.495949
9 0.495739
10 0.495459
11 0.495106
12 0.494766
13 0.494723
14 0.49438
15 0.494266
16 0.49413
17 0.493768
18 0.49377
19 0.493786
20 0.49343
21 0.493253
22 0.493195
23 0.493091
24 0.493065
25 0.492971
26 0.492937
27 0.492696
28 0.492696
29 0.4924
30 0.492683
31 0.492258
32 0.492316
33 0.492351
34 0.492209
35 0.492251
36 0.492297
37 0.491985
38 0.492049
39 0.491985
40 0.492008
41 0.49183
42 0.491847
43 0.491671
44 0.491768
45 0.49162
46 0.491595
47 0.49147
48 0.491439
49 0.491482
50 0.491509
51 0.491394
52 0.49131
53 0.491212
54 0.491265
55 0.491289
56 0.491233
57 0.491295
58 0.491046
59 0.491166
60 0.491194
61 0.491068
62 0.491186
63 0.491126
64 0.490758
65 0.491018
66 0.490804
67 0.491124
68 0.49091
69 0.490902
70 0.490828
71 0.490795
72 0.490682
73 0.490834
74 0.490749
75 0.490699
76 0.490638
77 0.49068
78 0.490539
79 0.490578
80 0.49045
81 0.49066
82 0.490757
83 0.490588
84 0.490718
85 0.490584
86 0.490483
87 0.490474
88 0.49039
89 0.490558
90 0.490412
91 0.490288
92 0.490218
93 0.490439
94 0.490393
95 0.4903
96 0.490429
97 0.490327
98 0.490426
99 0.490293
100 0.490417
101 0.490463
102 0.490233
103 0.490409
104 0.490305
105 0.490236
106 0.490209
107 0.490294
108 0.490202
109 0.490341
110 0.490064
111 0.490347
112 0.490428
113 0.490237
114 0.49017
115 0.490261
116 0.490049
117 0.490009
118 0.490118
119 0.490182
120 0.490101
121 0.490165
122 0.489959
123 0.490027
124 0.490029
125 0.49005
126 0.490073
127 0.489985
128 0.489999
129 0.489925
130 0.489855
131 0.490032
132 0.489916
133 0.489882
134 0.489876
135 0.489717
136 0.490052
137 0.489851
138 0.489957
139 0.48987
140 0.489609
141 0.489835
142 0.490152
143 0.489834
144 0.489902
145 0.489789
146 0.489732
147 0.489875
148 0.489722
149 0.48977
150 0.489839
151 0.489927
152 0.489765
153 0.489637
154 0.48975
155 0.490033
156 0.489809
157 0.489777
158 0.489788
159 0.489665
160 0.489796
161 0.489767
162 0.489695
163 0.48956
164 0.489756
165 0.489637
166 0.489665
167 0.489838
168 0.48967
169 0.489687
170 0.489719
171 0.48985
172 0.489559
173 0.489641
174 0.489602
175 0.489793
176 0.489576
177 0.489661
178 0.489719
179 0.489564
180 0.489667
181 0.489583
182 0.489739
183 0.489589
184 0.489447
185 0.489601
186 0.489674
187 0.489796
188 0.489653
189 0.489605
190 0.489624
191 0.489371
192 0.489563
193 0.489511
194 0.489453
195 0.489425
196 0.489614
197 0.489501
198 0.489607
199 0.489466
200 0.48947
201 0.489633
202 0.489435
203 0.48968
204 0.489472
205 0.489447
206 0.489559
207 0.489575
208 0.489534
209 0.489433
210 0.489421
211 0.489358
212 0.489639
213 0.489669
214 0.48948
215 0.489561
216 0.489537
217 0.489454
218 0.489387
219 0.489397
220 0.489409
221 0.489325
222 0.489344
223 0.489633
224 0.48953
225 0.489319
226 0.48951
227 0.489437
228 0.489464
229 0.48945
230 0.489464
231 0.489381
232 0.489426
233 0.489447
234 0.48942
235 0.48919
236 0.489523
237 0.489392
238 0.489493
239 0.489467
240 0.489366
241 0.489355
242 0.489481
243 0.489414
244 0.489269
245 0.48939
246 0.489433
247 0.489447
248 0.4894
249 0.489192
250 0.489355
251 0.48934
252 0.489372
253 0.489421
254 0.48933
255 0.489439
256 0.489409
257 0.48929
258 0.489329
259 0.489296
260 0.489116
261 0.489288
262 0.489268
263 0.489243
264 0.489253
265 0.489132
266 0.489278
267 0.489285
268 0.489239
269 0.489214
270 0.489197
271 0.489318
272 0.489377
273 0.489242
274 0.489272
275 0.489196
276 0.489311
277 0.489261
278 0.489396
279 0.48914
280 0.489303
281 0.489184
282 0.489208
283 0.489285
284 0.489173
285 0.489397
286 0.489123
287 0.489203
288 0.489169
289 0.489232
290 0.489106
291 0.489356
292 0.489178
293 0.48919
294 0.489194
295 0.489154
296 0.489149
297 0.489283
298 0.489192
299 0.489209
300 0.48925
