1 0.608327
2 0.608976
3 0.652712
4 0.657951
5 0.680353
6 0.689262
7 0.70051
8 0.710419
9 0.715546
10 0.723065
11 0.731388
12 0.734678
13 0.741773
14 0.747711
15 0.751618
16 0.756472
17 0.761065
18 0.763747
19 0.767906
20 0.771936
21 0.774636
22 0.778168
23 0.781619
24 0.783315
25 0.786103
26 0.788292
27 0.791084
28 0.792708
29 0.795418
30 0.79712
31 0.799671
32 0.801969
33 0.803777
34 0.80486
35 0.80717
36 0.808663
37 0.810324
38 0.81228
39 0.813162
40 0.814951
41 0.815526
42 0.817874
43 0.819418
44 0.820711
45 0.821921
46 0.823267
47 0.823936
48 0.825969
49 0.826909
50 0.827917
51 0.828969
52 0.830206
53 0.831172
54 0.832652
55 0.834022
56 0.835107
57 0.835588
58 0.836603
59 0.83713
60 0.838632
61 0.840029
62 0.840133
63 0.840881
64 0.841783
65 0.842836
66 0.843238
67 0.843907
68 0.845321
69 0.846182
70 0.84685
71 0.84739
72 0.848144
73 0.849299
74 0.849714
75 0.850878
76 0.851196
77 0.851607
78 0.852632
79 0.853086
80 0.854031
81 0.853994
82 0.85481
83 0.855826
84 0.856828
85 0.857119
86 0.857409
87 0.858168
88 0.858414
89 0.859012
90 0.859617
91 0.860563
92 0.860637
93 0.861346
94 0.861544
95 0.862144
96 0.86305
97 0.863676
98 0.86368
99 0.864029
100 0.865017
101 0.86541
102 0.86548
103 0.866223
104 0.866909
105 0.86706
106 0.867377
107 0.867945
108 0.868881
109 0.869206
110 0.869029
111 0.86979
112 0.870164
113 0.870852
114 0.871262
115 0.871314
116 0.871729
117 0.872176
118 0.872367
119 0.873361
120 0.873371
121 0.874191
122 0.874084
123 0.874646
124 0.875058
125 0.874727
126 0.875507
127 0.87618
128 0.876585
129 0.876846
130 0.877116
131 0.877886
132 0.877752
133 0.877906
134 0.878454
135 0.878932
136 0.878808
137 0.879517
138 0.879872
139 0.880252
140 0.880297
141 0.880485
142 0.880467
143 0.881281
144 0.881518
145 0.882213
146 0.88267
147 0.882586
148 0.882988
149 0.882859
150 0.883245
151 0.882978
152 0.883909
153 0.885026
154 0.884257
155 0.884595
156 0.885084
157 0.88523
158 0.8861
159 0.885714
160 0.885961
161 0.886243
162 0.886702
163 0.887273
164 0.887244
165 0.887366
166 0.887577
167 0.88767
168 0.887685
169 0.88849
170 0.88853
171 0.88841
172 0.889494
173 0.889614
174 0.889495
175 0.889349
176 0.890137
177 0.890566
178 0.890196
179 0.890801
180 0.891515
181 0.891948
182 0.891667
183 0.891404
184 0.892045
185 0.892312
186 0.892397
187 0.892768
188 0.892869
189 0.893237
190 0.893361
191 0.893572
192 0.893417
193 0.89416
194 0.894306
195 0.894067
196 0.894365
197 0.894846
198 0.89475
199 0.895182
200 0.895566
201 0.895274
202 0.895654
203 0.896028
204 0.896409
205 0.896411
206 0.896358
207 0.896556
208 0.896973
209 0.897647
210 0.897626
211 0.897537
212 0.897261
213 0.897533
214 0.897852
215 0.898069
216 0.898566
217 0.898268
218 0.89887
219 0.898947
220 0.899415
221 0.899525
222 0.899539
223 0.899407
224 0.89985
225 0.89949
226 0.899815
227 0.900667
228 0.900091
229 0.900432
230 0.900657
231 0.900935
232 0.901492
233 0.901954
234 0.901319
235 0.9016
236 0.901721
237 0.90173
238 0.902124
239 0.902035
240 0.901919
241 0.902093
242 0.902567
243 0.90266
244 0.903086
245 0.903347
246 0.903065
247 0.903853
248 0.903447
249 0.903749
250 0.903696
251 0.904214
252 0.903979
253 0.904255
254 0.904221
255 0.904582
256 0.904765
257 0.904609
258 0.90488
259 0.904792
260 0.905438
261 0.905496
262 0.905545
263 0.905415
264 0.905291
265 0.906205
266 0.906296
267 0.906204
268 0.906588
269 0.9066
270 0.906889
271 0.906681
272 0.906695
273 0.906873
274 0.907234
275 0.906746
276 0.907716
277 0.907598
278 0.907457
279 0.907856
280 0.908117
281 0.908057
282 0.908458
283 0.907974
284 0.908351
285 0.908976
286 0.908687
287 0.908883
288 0.908758
289 0.908844
290 0.909143
291 0.909439
292 0.909678
293 0.909463
294 0.910182
295 0.909715
296 0.909819
297 0.909802
298 0.909746
299 0.910513
300 0.910407
