1 0.0724942
2 0.119018
3 0.0588499
4 0.0736175
5 0.0504081
6 0.0568477
7 0.0448985
8 0.0475579
9 0.0460418
10 0.0423553
11 0.0368975
12 0.0406396
13 0.034762
14 0.0344599
15 0.0333429
16 0.0326042
17 0.0295968
18 0.0312779
19 0.0279383
20 0.0284398
21 0.0275446
22 0.0262962
23 0.0255308
24 0.0258168
25 0.0240249
26 0.0239641
27 0.023721
28 0.0233794
29 0.0220806
30 0.0224205
31 0.0212586
32 0.0212431
33 0.020954
34 0.0203256
35 0.0197859
36 0.0200508
37 0.0192749
38 0.0191034
39 0.0188011
40 0.0185253
41 0.0181141
42 0.0180036
43 0.0176189
44 0.0174674
45 0.0172036
46 0.0168722
47 0.0165871
48 0.0165713
49 0.0161413
50 0.0160094
51 0.0159159
52 0.0156402
53 0.0154618
54 0.0153286
55 0.0149233
56 0.0147784
57 0.01468
58 0.0146279
59 0.0142982
60 0.0142645
61 0.0139026
62 0.0139246
63 0.0138447
64 0.0136587
65 0.0134492
66 0.0134755
67 0.0132286
68 0.0130674
69 0.0129194
70 0.0128033
71 0.0126524
72 0.0126387
73 0.0124152
74 0.0123728
75 0.0122456
76 0.0121488
77 0.0120195
78 0.0119965
79 0.0118833
80 0.0117305
81 0.01166
82 0.0115595
83 0.0113863
84 0.0113505
85 0.0112518
86 0.0111706
87 0.0110822
88 0.0110831
89 0.0109042
90 0.0108861
91 0.0107121
92 0.010724
93 0.0106225
94 0.0105661
95 0.0104501
96 0.0104231
97 0.0102798
98 0.0102975
99 0.0102262
100 0.0100894
101 0.0100464
102 0.0100582
103 0.00992211
104 0.00984617
105 0.00979635
106 0.00971091
107 0.00967657
108 0.00964178
109 0.00953389
110 0.00948337
111 0.00943208
112 0.00933703
113 0.00926306
114 0.00924355
115 0.00917037
116 0.00915103
117 0.00907543
118 0.00908795
119 0.00893408
120 0.00895662
121 0.00884273
122 0.00880883
123 0.00879799
124 0.00872124
125 0.00870994
126 0.00865865
127 0.00852607
128 0.00852832
129 0.00848867
130 0.00841311
131 0.00836571
132 0.0083704
133 0.00831377
134 0.00828677
135 0.00824597
136 0.00819291
137 0.00810295
138 0.00809845
139 0.00804571
140 0.00804128
141 0.00797029
142 0.00801125
143 0.00790558
144 0.00788142
145 0.0078412
146 0.00773454
147 0.00774547
148 0.00771907
149 0.0077085
150 0.00764751
151 0.00766611
152 0.0075664
153 0.00744137
154 0.0075295
155 0.00747791
156 0.00744216
157 0.0073875
158 0.00735547
159 0.00736315
160 0.00729622
161 0.00727273
162 0.00724962
163 0.00717723
164 0.00715378
165 0.00713807
166 0.00714547
167 0.00709093
168 0.00709698
169 0.00701609
170 0.007019
171 0.00699555
172 0.00694864
173 0.00692202
174 0.00689271
175 0.0068887
176 0.00683047
177 0.00678314
178 0.00683677
179 0.00672901
180 0.00671796
181 0.00665672
182 0.0066369
183 0.0066612
184 0.00661217
185 0.00658223
186 0.00658715
187 0.00653409
188 0.00652397
189 0.00649155
190 0.00646998
191 0.00643481
192 0.00645652
193 0.00638123
194 0.00635536
195 0.00636389
196 0.00635681
197 0.0063165
198 0.00630589
199 0.00624923
200 0.00621652
201 0.00621418
202 0.00619868
203 0.00616433
204 0.00614775
205 0.00612675
206 0.00610234
207 0.00611602
208 0.00605178
209 0.0060139
210 0.0060147
211 0.00598699
212 0.00600071
213 0.00599848
214 0.00595165
215 0.00592514
216 0.00591579
217 0.00590871
218 0.00586132
219 0.0058375
220 0.00581905
221 0.00579919
222 0.00577316
223 0.00579488
224 0.00575799
225 0.0057894
226 0.00574911
227 0.00565687
228 0.00572153
229 0.00566781
230 0.00568181
231 0.00562502
232 0.00556599
233 0.00554281
234 0.00556437
235 0.00556519
236 0.00556007
237 0.0055265
238 0.00551776
239 0.00551969
240 0.00550038
241 0.00550034
242 0.00545079
243 0.00542595
244 0.00541569
245 0.00536695
246 0.00538663
247 0.00533536
248 0.00535675
249 0.00532566
250 0.00535652
251 0.00530544
252 0.00528335
253 0.00529913
254 0.00527679
255 0.00523181
256 0.00521357
257 0.00521917
258 0.0052176
259 0.00520119
260 0.00515528
261 0.00517603
262 0.00515889
263 0.00514519
264 0.00516692
265 0.00509822
266 0.00509281
267 0.00508721
268 0.00504932
269 0.00505156
270 0.00503453
271 0.00503708
272 0.00503309
273 0.00500549
274 0.00498118
275 0.00500102
276 0.00493123
277 0.00495472
278 0.00493884
279 0.00489085
280 0.00490776
281 0.00490729
282 0.00487247
283 0.00488936
284 0.00485224
285 0.00481712
286 0.00483265
287 0.00480645
288 0.00481021
289 0.00481492
290 0.00478984
291 0.00476636
292 0.00473763
293 0.00477159
294 0.00470011
295 0.00472186
296 0.00471661
297 0.00472015
298 0.00472185
299 0.00466825
300 0.00467218
