1 0.500444
2 0.554771
3 0.572598
4 0.593335
5 0.605804
6 0.619287
7 0.629915
8 0.638336
9 0.64599
10 0.653292
11 0.660184
12 0.665583
13 0.671344
14 0.676713
15 0.681834
16 0.686201
17 0.690749
18 0.694677
19 0.697687
20 0.702403
21 0.705638
22 0.708529
23 0.71196
24 0.71497
25 0.717557
26 0.719962
27 0.722992
28 0.725524
29 0.727945
30 0.730161
31 0.732633
32 0.734868
33 0.73747
34 0.738817
35 0.741195
36 0.74323
37 0.744548
38 0.746635
39 0.74792
40 0.750162
41 0.750945
42 0.753369
43 0.754989
44 0.756595
45 0.758086
46 0.759526
47 0.760528
48 0.762502
49 0.763893
50 0.765258
51 0.766379
52 0.767749
53 0.768636
54 0.770449
55 0.771792
56 0.772929
57 0.773571
58 0.774858
59 0.775731
60 0.777063
61 0.778691
62 0.779117
63 0.780138
64 0.781159
65 0.782319
66 0.782859
67 0.783979
68 0.785195
69 0.786184
70 0.787331
71 0.787884
72 0.78901
73 0.79034
74 0.790651
75 0.791901
76 0.792676
77 0.792708
78 0.794101
79 0.794939
80 0.795743
81 0.796279
82 0.797158
83 0.798134
84 0.7992
85 0.799689
86 0.800219
87 0.801005
88 0.801631
89 0.80203
90 0.802944
91 0.803943
92 0.804112
93 0.804915
94 0.805375
95 0.806316
96 0.807119
97 0.80786
98 0.808021
99 0.808519
100 0.809594
101 0.810137
102 0.810427
103 0.811068
104 0.812007
105 0.812083
106 0.812781
107 0.81338
108 0.814257
109 0.814811
110 0.814928
111 0.815606
112 0.816046
113 0.816768
114 0.817529
115 0.817831
116 0.818191
117 0.818763
118 0.81916
119 0.820144
120 0.820456
121 0.821117
122 0.821299
123 0.821688
124 0.822312
125 0.822218
126 0.823042
127 0.823958
128 0.824196
129 0.824442
130 0.824935
131 0.825568
132 0.825647
133 0.826119
134 0.826678
135 0.827176
136 0.827442
137 0.828103
138 0.828584
139 0.828982
140 0.829087
141 0.829644
142 0.829657
143 0.830516
144 0.830731
145 0.831396
146 0.831831
147 0.832031
148 0.832273
149 0.832629
150 0.833126
151 0.832876
152 0.833738
153 0.834854
154 0.834596
155 0.834795
156 0.835382
157 0.835689
158 0.836373
159 0.836151
160 0.836632
161 0.836993
162 0.837331
163 0.837932
164 0.838105
165 0.838253
166 0.838614
167 0.838819
168 0.838984
169 0.839722
170 0.839901
171 0.839915
172 0.840866
173 0.84091
174 0.841222
175 0.84111
176 0.841874
177 0.842282
178 0.84217
179 0.842704
180 0.843578
181 0.843825
182 0.844067
183 0.84379
184 0.844347
185 0.844534
186 0.844863
187 0.845512
188 0.845651
189 0.845842
190 0.846012
191 0.846586
192 0.846382
193 0.846933
194 0.847231
195 0.847202
196 0.847749
197 0.848122
198 0.848114
199 0.848303
200 0.848902
201 0.848776
202 0.849337
203 0.84958
204 0.850019
205 0.850114
206 0.850351
207 0.85042
208 0.850988
209 0.851496
210 0.851597
211 0.851735
212 0.851618
213 0.851907
214 0.852271
215 0.852749
216 0.852776
217 0.852708
218 0.853399
219 0.853542
220 0.853939
221 0.854154
222 0.854264
223 0.854515
224 0.854605
225 0.854531
226 0.854782
227 0.85562
228 0.855178
229 0.855809
230 0.856125
231 0.856173
232 0.856852
233 0.857219
234 0.856885
235 0.857109
236 0.857456
237 0.857578
238 0.857842
239 0.857868
240 0.857891
241 0.858025
242 0.858605
243 0.858729
244 0.859284
245 0.85944
246 0.859431
247 0.860091
248 0.859801
249 0.859978
250 0.86026
251 0.860703
252 0.860686
253 0.860939
254 0.860938
255 0.861364
256 0.861373
257 0.86136
258 0.861363
259 0.861621
260 0.862228
261 0.862144
262 0.862274
263 0.862403
264 0.862416
265 0.863251
266 0.863254
267 0.863312
268 0.863776
269 0.863785
270 0.864099
271 0.864078
272 0.864065
273 0.864136
274 0.864788
275 0.864466
276 0.865215
277 0.865157
278 0.865252
279 0.865628
280 0.865892
281 0.865831
282 0.866226
283 0.865907
284 0.86636
285 0.866889
286 0.866711
287 0.867132
288 0.867012
289 0.866913
290 0.86732
291 0.867579
292 0.867678
293 0.867941
294 0.86851
295 0.868287
296 0.868385
297 0.86846
298 0.868364
299 0.868935
300 0.86906
