1 0.10816
2 0.0722964
3 0.0724791
4 0.057205
5 0.0574581
6 0.0496147
7 0.0482942
8 0.0445934
9 0.0423835
10 0.0405532
11 0.0382319
12 0.0366638
13 0.0354491
14 0.0334267
15 0.0325694
16 0.0314576
17 0.0302356
18 0.0291979
19 0.0286092
20 0.027527
21 0.0268109
22 0.0261061
23 0.0252443
24 0.0248636
25 0.024419
26 0.023825
27 0.0232785
28 0.0228165
29 0.0223424
30 0.021819
31 0.0215054
32 0.0209406
33 0.0205708
34 0.0203187
35 0.0199279
36 0.019599
37 0.0193239
38 0.0189179
39 0.0186648
40 0.0183331
41 0.0182072
42 0.0177989
43 0.0176047
44 0.0172589
45 0.017104
46 0.0168428
47 0.0166493
48 0.0163235
49 0.0162236
50 0.0159632
51 0.015791
52 0.0155788
53 0.0154188
54 0.0151925
55 0.0149803
56 0.0147145
57 0.0146404
58 0.0145259
59 0.0143521
60 0.0141425
61 0.0139595
62 0.0139138
63 0.0137791
64 0.013613
65 0.0134336
66 0.0134
67 0.0132744
68 0.0129912
69 0.0129031
70 0.0128158
71 0.0126858
72 0.0125485
73 0.0123982
74 0.012359
75 0.0122243
76 0.0121176
77 0.0120564
78 0.0119207
79 0.0118707
80 0.0117062
81 0.0116456
82 0.0115704
83 0.0113795
84 0.0113075
85 0.0112656
86 0.0111428
87 0.0110682
88 0.011061
89 0.0109317
90 0.0108547
91 0.0107246
92 0.0107066
93 0.0105813
94 0.0105709
95 0.0104665
96 0.0104026
97 0.0103003
98 0.0102767
99 0.0102266
100 0.0100608
101 0.0100568
102 0.0100387
103 0.0099265
104 0.0098424
105 0.00978032
106 0.00971677
107 0.00967984
108 0.00960746
109 0.00953297
110 0.0094805
111 0.00943476
112 0.00933514
113 0.00926118
114 0.00921872
115 0.00918327
116 0.00913926
117 0.00907884
118 0.00907846
119 0.00894712
120 0.00893038
121 0.00884306
122 0.00881461
123 0.00878285
124 0.00870712
125 0.00872434
126 0.00864671
127 0.00853313
128 0.0085115
129 0.00848812
130 0.00841567
131 0.00836287
132 0.00835762
133 0.00831068
134 0.00829451
135 0.00824343
136 0.00819106
137 0.00810971
138 0.00808022
139 0.0080516
140 0.00803218
141 0.00797575
142 0.00800508
143 0.00791125
144 0.00786517
145 0.0078445
146 0.00773521
147 0.00774214
148 0.00770947
149 0.00770939
150 0.00763501
151 0.0076733
152 0.00756399
153 0.00743157
154 0.00752361
155 0.00748429
156 0.00743055
157 0.00739342
158 0.00734958
159 0.00735866
160 0.00729308
161 0.00727521
162 0.00725089
163 0.00717368
164 0.00715083
165 0.00714285
166 0.00714666
167 0.00709423
168 0.00709326
169 0.00702336
170 0.00701089
171 0.00699682
172 0.00694769
173 0.00692542
174 0.00689403
175 0.00688905
176 0.00682787
177 0.00678138
178 0.00683281
179 0.00673731
180 0.00671467
181 0.00666511
182 0.00663754
183 0.0066599
184 0.00660742
185 0.00658665
186 0.00658232
187 0.00653687
188 0.00652213
189 0.00649341
190 0.00647247
191 0.00643743
192 0.00645159
193 0.00638252
194 0.00635253
195 0.00636281
196 0.00635119
197 0.00631961
198 0.00630529
199 0.00625134
200 0.00621486
201 0.00621463
202 0.00619442
203 0.00616896
204 0.00614356
205 0.00612823
206 0.00610385
207 0.00612359
208 0.00604188
209 0.00601597
210 0.00601351
211 0.00599075
212 0.00600044
213 0.00599269
214 0.0059533
215 0.005925
216 0.00591303
217 0.00591152
218 0.00585884
219 0.00583559
220 0.00582043
221 0.00580324
222 0.00576721
223 0.0057957
224 0.00575544
225 0.00579237
226 0.00574571
227 0.00566075
228 0.00571635
229 0.00567094
230 0.00567985
231 0.0056256
232 0.00556193
233 0.00554318
234 0.0055638
235 0.0055666
236 0.00555812
237 0.00552766
238 0.00551581
239 0.00551858
240 0.00549637
241 0.00550123
242 0.00545325
243 0.00542107
244 0.00541415
245 0.00537087
246 0.00538327
247 0.00533619
248 0.00535364
249 0.00532632
250 0.00535689
251 0.00530715
252 0.00527902
253 0.00529969
254 0.0052748
255 0.00523312
256 0.00521583
257 0.00522563
258 0.00521652
259 0.00520353
260 0.00515553
261 0.00517644
262 0.00516103
263 0.00514403
264 0.00516384
265 0.00509831
266 0.00509544
267 0.00509013
268 0.00504588
269 0.00505473
270 0.00503475
271 0.00504007
272 0.0050315
273 0.00500565
274 0.00498002
275 0.00500249
276 0.00493029
277 0.00495375
278 0.0049367
279 0.00489062
280 0.00490641
281 0.00490861
282 0.00487118
283 0.00488813
284 0.00485321
285 0.00481723
286 0.00483205
287 0.00480309
288 0.0048103
289 0.00481383
290 0.00478753
291 0.00476737
292 0.00473397
293 0.00477277
294 0.00469854
295 0.00472112
296 0.00471348
297 0.00472254
298 0.00472184
299 0.00466739
300 0.00467105
