1 0.5
2 0.365175
3 0.31407
4 0.282547
5 0.263387
6 0.249211
7 0.238656
8 0.230826
9 0.224131
10 0.218844
11 0.213982
12 0.210105
13 0.206887
14 0.203623
15 0.2014
16 0.198975
17 0.197114
18 0.195087
19 0.193796
20 0.192111
21 0.190778
22 0.189534
23 0.188464
24 0.187151
25 0.186141
26 0.185387
27 0.184527
28 0.18357
29 0.182968
30 0.182189
31 0.181479
32 0.180844
33 0.180275
34 0.179839
35 0.179079
36 0.178462
37 0.178084
38 0.177631
39 0.177292
40 0.176759
41 0.176394
42 0.175828
43 0.17559
44 0.175272
45 0.174975
46 0.174652
47 0.174207
48 0.173854
49 0.173707
50 0.173418
51 0.173149
52 0.172854
53 0.17257
54 0.172318
55 0.172141
56 0.171871
57 0.171725
58 0.171669
59 0.171258
60 0.171006
61 0.170934
62 0.170682
63 0.170427
64 0.170067
65 0.170162
66 0.170045
67 0.169761
68 0.169666
69 0.169496
70 0.169279
71 0.169167
72 0.168876
73 0.168727
74 0.168644
75 0.168493
76 0.168372
77 0.168208
78 0.168265
79 0.168226
80 0.168031
81 0.167809
82 0.167725
83 0.167686
84 0.167369
85 0.167415
86 0.167311
87 0.167217
88 0.167126
89 0.166979
90 0.166927
91 0.166802
92 0.166625
93 0.166599
94 0.166512
95 0.166413
96 0.166198
97 0.166298
98 0.166184
99 0.166061
100 0.166074
101 0.165848
102 0.165895
103 0.165753
104 0.165716
105 0.165699
106 0.165522
107 0.165513
108 0.165421
109 0.165339
110 0.165288
111 0.165194
112 0.165102
113 0.164953
114 0.164958
115 0.164984
116 0.164912
117 0.164878
118 0.164851
119 0.164713
120 0.164677
121 0.164587
122 0.164576
123 0.164405
124 0.164446
125 0.164366
126 0.16426
127 0.164308
128 0.16422
129 0.164169
130 0.164146
131 0.164055
132 0.164077
133 0.163856
134 0.163909
135 0.163929
136 0.163877
137 0.163841
138 0.163769
139 0.163564
140 0.163588
141 0.163652
142 0.163538
143 0.163448
144 0.163421
145 0.163451
146 0.163392
147 0.163301
148 0.163265
149 0.163233
150 0.163146
151 0.16314
152 0.16309
153 0.163082
154 0.162969
155 0.163053
156 0.162943
157 0.162955
158 0.162902
159 0.162876
160 0.162831
161 0.1628
162 0.162716
163 0.162706
164 0.162712
165 0.162659
166 0.162525
167 0.162578
168 0.162604
169 0.162571
170 0.16256
171 0.162621
172 0.1624
173 0.162409
174 0.16238
175 0.16234
176 0.16228
177 0.162363
178 0.162312
179 0.162267
180 0.162183
181 0.16211
182 0.162155
183 0.162128
184 0.162068
185 0.161995
186 0.161955
187 0.162093
188 0.161881
189 0.161895
190 0.16194
191 0.161881
192 0.161821
193 0.161923
194 0.161845
195 0.161844
196 0.161783
197 0.161782
198 0.161773
199 0.161699
200 0.161698
201 0.161625
202 0.16161
203 0.161622
204 0.161539
205 0.161623
206 0.161454
207 0.16155
208 0.161507
209 0.161381
210 0.161466
211 0.1614
212 0.161394
213 0.161289
214 0.161376
215 0.161334
216 0.161294
217 0.161301
218 0.16123
219 0.161211
220 0.161242
221 0.161254
222 0.161184
223 0.161165
224 0.161142
225 0.161114
226 0.161055
227 0.161128
228 0.161146
229 0.161128
230 0.160982
231 0.161004
232 0.161058
233 0.161039
234 0.160971
235 0.160902
236 0.161019
237 0.160911
238 0.160872
239 0.160891
240 0.160839
241 0.160826
242 0.160815
243 0.160798
244 0.160803
245 0.160819
246 0.160776
247 0.160753
248 0.160747
249 0.160744
250 0.160747
251 0.160638
252 0.160664
253 0.160644
254 0.160624
255 0.160662
256 0.160614
257 0.160555
258 0.160582
259 0.16058
260 0.160484
261 0.160423
262 0.160502
263 0.160515
264 0.160521
265 0.160431
266 0.160439
267 0.160435
268 0.16043
269 0.160327
270 0.160334
271 0.160348
272 0.160414
273 0.160357
274 0.160322
275 0.160375
276 0.160305
277 0.160263
278 0.160179
279 0.16024
280 0.16028
281 0.160222
282 0.160191
283 0.160143
284 0.160226
285 0.16016
286 0.160197
287 0.160056
288 0.160103
289 0.160161
290 0.160131
291 0.160053
292 0.160129
293 0.160065
294 0.159986
295 0.159957
296 0.160029
297 0.160001
298 0.159924
299 0.160024
300 0.159939
