1 0.500444
2 0.609099
3 0.608828
4 0.657882
5 0.657155
6 0.683691
7 0.689252
8 0.701261
9 0.710028
10 0.716737
11 0.725956
12 0.731929
13 0.736273
14 0.744879
15 0.748348
16 0.752794
17 0.758399
18 0.762696
19 0.765254
20 0.770789
21 0.773131
22 0.776163
23 0.78037
24 0.782025
25 0.78428
26 0.787124
27 0.789826
28 0.791639
29 0.794173
30 0.796535
31 0.798503
32 0.801238
33 0.803259
34 0.804055
35 0.806482
36 0.808239
37 0.809353
38 0.811669
39 0.812545
40 0.814642
41 0.814925
42 0.817392
43 0.818585
44 0.820506
45 0.821549
46 0.822883
47 0.823623
48 0.82555
49 0.826364
50 0.827733
51 0.828677
52 0.829735
53 0.830903
54 0.832497
55 0.833759
56 0.834909
57 0.835308
58 0.836316
59 0.836883
60 0.838347
61 0.839724
62 0.839896
63 0.840722
64 0.841594
65 0.842662
66 0.843096
67 0.843612
68 0.845225
69 0.845975
70 0.846503
71 0.847116
72 0.848069
73 0.849083
74 0.849548
75 0.850698
76 0.850959
77 0.851289
78 0.852514
79 0.852909
80 0.853924
81 0.853863
82 0.854504
83 0.855747
84 0.856548
85 0.85694
86 0.857357
87 0.857981
88 0.858291
89 0.858763
90 0.859549
91 0.860476
92 0.860513
93 0.8613
94 0.861351
95 0.861982
96 0.862771
97 0.863412
98 0.863586
99 0.863896
100 0.864995
101 0.865338
102 0.865355
103 0.866106
104 0.866794
105 0.866996
106 0.867217
107 0.867777
108 0.868753
109 0.86918
110 0.868942
111 0.86964
112 0.869986
113 0.870803
114 0.871227
115 0.871173
116 0.871714
117 0.872074
118 0.872263
119 0.87325
120 0.87341
121 0.874088
122 0.873939
123 0.8746
124 0.875022
125 0.874611
126 0.875476
127 0.876103
128 0.876492
129 0.876752
130 0.877072
131 0.877837
132 0.877659
133 0.877856
134 0.878294
135 0.87886
136 0.878726
137 0.879434
138 0.87992
139 0.880265
140 0.880316
141 0.88036
142 0.880382
143 0.881152
144 0.881489
145 0.882191
146 0.88256
147 0.882559
148 0.882935
149 0.882823
150 0.883215
151 0.882947
152 0.883844
153 0.885016
154 0.884311
155 0.884518
156 0.885068
157 0.88516
158 0.88603
159 0.885648
160 0.885931
161 0.886203
162 0.886566
163 0.887202
164 0.88718
165 0.887271
166 0.887524
167 0.887691
168 0.887593
169 0.888379
170 0.888544
171 0.888385
172 0.889395
173 0.889514
174 0.889377
175 0.889332
176 0.890094
177 0.890552
178 0.890134
179 0.890721
180 0.891437
181 0.891888
182 0.891674
183 0.891347
184 0.892006
185 0.892295
186 0.892341
187 0.892745
188 0.892827
189 0.893177
190 0.893273
191 0.893577
192 0.893399
193 0.894108
194 0.89427
195 0.894036
196 0.894348
197 0.89476
198 0.894681
199 0.895167
200 0.895521
201 0.895253
202 0.89572
203 0.895942
204 0.896375
205 0.896365
206 0.896326
207 0.896437
208 0.897021
209 0.897587
210 0.897588
211 0.897527
212 0.897176
213 0.897524
214 0.897809
215 0.898065
216 0.898531
217 0.898184
218 0.898891
219 0.898939
220 0.899339
221 0.899448
222 0.89951
223 0.899408
224 0.899849
225 0.899461
226 0.899798
227 0.900608
228 0.900058
229 0.900405
230 0.90066
231 0.900862
232 0.901524
233 0.901919
234 0.901258
235 0.901591
236 0.901702
237 0.901675
238 0.902103
239 0.902072
240 0.901911
241 0.90202
242 0.902532
243 0.902691
244 0.903075
245 0.903269
246 0.903091
247 0.903819
248 0.90343
249 0.903751
250 0.903685
251 0.904203
252 0.903974
253 0.904229
254 0.904242
255 0.904565
256 0.904687
257 0.904555
258 0.904839
259 0.904776
260 0.905373
261 0.9054
262 0.905517
263 0.90538
264 0.905319
265 0.906208
266 0.906232
267 0.906121
268 0.906527
269 0.906565
270 0.906867
271 0.906661
272 0.906695
273 0.906825
274 0.907224
275 0.906724
276 0.907698
277 0.90761
278 0.90747
279 0.907826
280 0.908088
281 0.908037
282 0.908425
283 0.907968
284 0.908286
285 0.908944
286 0.908681
287 0.908924
288 0.908671
289 0.908859
290 0.909129
291 0.909424
292 0.909696
293 0.909446
294 0.910179
295 0.909742
296 0.909845
297 0.909758
298 0.909708
299 0.910517
300 0.910391
