1 0.499971
2 0.518072
3 0.52365
4 0.53015
5 0.534321
6 0.538533
7 0.541585
8 0.544189
9 0.546609
10 0.54869
11 0.550768
12 0.552314
13 0.553732
14 0.555381
15 0.556777
16 0.557945
17 0.55934
18 0.560474
19 0.56123
20 0.562328
21 0.563403
22 0.564128
23 0.564904
24 0.565702
25 0.566411
26 0.567016
27 0.567661
28 0.568462
29 0.569135
30 0.569628
31 0.570162
32 0.570691
33 0.571292
34 0.571735
35 0.572285
36 0.572683
37 0.573114
38 0.573527
39 0.573912
40 0.574425
41 0.574746
42 0.575255
43 0.575563
44 0.57596
45 0.576234
46 0.576542
47 0.576831
48 0.577277
49 0.577466
50 0.577781
51 0.578112
52 0.578353
53 0.578611
54 0.578939
55 0.579184
56 0.579479
57 0.579606
58 0.579858
59 0.580177
60 0.580459
61 0.580755
62 0.580873
63 0.581063
64 0.581272
65 0.581605
66 0.581725
67 0.581972
68 0.582173
69 0.582411
70 0.582627
71 0.582775
72 0.583004
73 0.583243
74 0.583308
75 0.583516
76 0.583641
77 0.583772
78 0.583909
79 0.584107
80 0.584324
81 0.584465
82 0.584597
83 0.58477
84 0.584971
85 0.584999
86 0.585212
87 0.585365
88 0.585448
89 0.58557
90 0.585744
91 0.585854
92 0.586021
93 0.586132
94 0.586199
95 0.586397
96 0.586503
97 0.586608
98 0.58674
99 0.586773
100 0.586986
101 0.58708
102 0.587171
103 0.587291
104 0.58747
105 0.587468
106 0.587632
107 0.587775
108 0.587788
109 0.587939
110 0.588079
111 0.588143
112 0.588267
113 0.588338
114 0.588488
115 0.588522
116 0.588568
117 0.588724
118 0.588821
119 0.588918
120 0.589005
121 0.589132
122 0.589199
123 0.58924
124 0.589304
125 0.589401
126 0.589443
127 0.58964
128 0.589672
129 0.58977
130 0.589876
131 0.589914
132 0.589989
133 0.590128
134 0.590186
135 0.590254
136 0.590349
137 0.590488
138 0.590495
139 0.590519
140 0.590608
141 0.590701
142 0.590694
143 0.590815
144 0.590837
145 0.590948
146 0.591056
147 0.591066
148 0.591123
149 0.59118
150 0.591281
151 0.591263
152 0.591413
153 0.591523
154 0.591551
155 0.591593
156 0.591662
157 0.591761
158 0.591778
159 0.591807
160 0.591863
161 0.591961
162 0.591975
163 0.592095
164 0.592119
165 0.592139
166 0.592206
167 0.592267
168 0.592292
169 0.592432
170 0.592371
171 0.592402
172 0.592562
173 0.592594
174 0.592665
175 0.592682
176 0.592778
177 0.592807
178 0.592821
179 0.592874
180 0.592981
181 0.593013
182 0.5931
183 0.593116
184 0.593142
185 0.593142
186 0.593243
187 0.593285
188 0.593356
189 0.593352
190 0.593434
191 0.593469
192 0.593497
193 0.59355
194 0.593587
195 0.593603
196 0.593682
197 0.593714
198 0.593732
199 0.593795
200 0.593853
201 0.593886
202 0.593947
203 0.593965
204 0.594048
205 0.594029
206 0.594102
207 0.594117
208 0.594206
209 0.594236
210 0.594236
211 0.594297
212 0.594299
213 0.594317
214 0.594379
215 0.594433
216 0.594406
217 0.594463
218 0.594514
219 0.594595
220 0.594607
221 0.59463
222 0.594679
223 0.594702
224 0.594725
225 0.594763
226 0.59479
227 0.5949
228 0.594854
229 0.594925
230 0.594929
231 0.595015
232 0.595058
233 0.595143
234 0.595157
235 0.595146
236 0.595192
237 0.595209
238 0.595254
239 0.595235
240 0.595291
241 0.595331
242 0.595382
243 0.59541
244 0.59545
245 0.595473
246 0.595523
247 0.595567
248 0.595557
249 0.595569
250 0.595601
251 0.595692
252 0.595685
253 0.595706
254 0.59571
255 0.595767
256 0.595809
257 0.595827
258 0.595817
259 0.595914
260 0.59594
261 0.595931
262 0.595955
263 0.595976
264 0.595962
265 0.596092
266 0.596088
267 0.596087
268 0.59615
269 0.596151
270 0.596169
271 0.59621
272 0.596198
273 0.596215
274 0.596283
275 0.596292
276 0.596373
277 0.596347
278 0.596405
279 0.596451
280 0.596441
281 0.59643
282 0.596469
283 0.596499
284 0.596555
285 0.596581
286 0.596613
287 0.596657
288 0.59667
289 0.596661
290 0.596668
291 0.596719
292 0.596737
293 0.596744
294 0.596841
295 0.596811
296 0.596805
297 0.596861
298 0.596835
299 0.596894
300 0.59692
