1 0.499971
2 0.535737
3 0.536389
4 0.551686
5 0.551521
6 0.55913
7 0.559116
8 0.563522
9 0.565138
10 0.567236
11 0.569788
12 0.572162
13 0.572454
14 0.574756
15 0.575509
16 0.576396
17 0.578699
18 0.57869
19 0.578586
20 0.580793
21 0.581869
22 0.582214
23 0.582837
24 0.582989
25 0.583546
26 0.583748
27 0.585157
28 0.585157
29 0.586847
30 0.58523
31 0.587648
32 0.587324
33 0.587125
34 0.587926
35 0.587689
36 0.587431
37 0.589172
38 0.588818
39 0.589169
40 0.589045
41 0.59002
42 0.589929
43 0.590886
44 0.59036
45 0.591159
46 0.591294
47 0.591964
48 0.592134
49 0.591905
50 0.591757
51 0.59237
52 0.59282
53 0.593333
54 0.593058
55 0.592928
56 0.593224
57 0.592899
58 0.594204
59 0.593576
60 0.593428
61 0.594091
62 0.593473
63 0.593788
64 0.595692
65 0.594349
66 0.595456
67 0.593795
68 0.594909
69 0.59495
70 0.595334
71 0.595505
72 0.596083
73 0.595304
74 0.59574
75 0.595994
76 0.596307
77 0.596091
78 0.596808
79 0.596612
80 0.597258
81 0.596194
82 0.595698
83 0.596562
84 0.595896
85 0.596579
86 0.597094
87 0.597138
88 0.597559
89 0.596711
90 0.597449
91 0.598074
92 0.598421
93 0.597316
94 0.597545
95 0.598011
96 0.597367
97 0.597877
98 0.59738
99 0.598047
100 0.597427
101 0.597193
102 0.598347
103 0.597465
104 0.597988
105 0.598333
106 0.598468
107 0.598044
108 0.598501
109 0.597805
110 0.599188
111 0.597776
112 0.59737
113 0.598327
114 0.598662
115 0.598207
116 0.599259
117 0.599456
118 0.598921
119 0.598602
120 0.599004
121 0.598688
122 0.599702
123 0.599368
124 0.599358
125 0.599253
126 0.599142
127 0.599577
128 0.599508
129 0.599872
130 0.600212
131 0.599345
132 0.599913
133 0.600083
134 0.60011
135 0.600887
136 0.599245
137 0.600231
138 0.599711
139 0.600142
140 0.601406
141 0.60031
142 0.598751
143 0.600318
144 0.599982
145 0.600535
146 0.600811
147 0.600115
148 0.60086
149 0.600629
150 0.600289
151 0.599862
152 0.600653
153 0.601275
154 0.600723
155 0.599339
156 0.60044
157 0.600595
158 0.60054
159 0.601137
160 0.6005
161 0.600643
162 0.60099
163 0.601644
164 0.600697
165 0.601273
166 0.601137
167 0.600296
168 0.601114
169 0.601033
170 0.600874
171 0.60024
172 0.601647
173 0.601255
174 0.601443
175 0.600514
176 0.601566
177 0.601159
178 0.600874
179 0.601625
180 0.601129
181 0.601532
182 0.60078
183 0.601507
184 0.602189
185 0.601447
186 0.601093
187 0.6005
188 0.601194
189 0.601429
190 0.601335
191 0.602549
192 0.601628
193 0.60188
194 0.60216
195 0.602292
196 0.601385
197 0.601928
198 0.60142
199 0.602096
200 0.602076
201 0.601294
202 0.602245
203 0.601066
204 0.602065
205 0.602187
206 0.601649
207 0.601573
208 0.60177
209 0.602252
210 0.602313
211 0.602613
212 0.601263
213 0.601118
214 0.602027
215 0.601642
216 0.601756
217 0.602153
218 0.602475
219 0.602428
220 0.602368
221 0.602771
222 0.60268
223 0.601293
224 0.601791
225 0.6028
226 0.601887
227 0.602233
228 0.602104
229 0.602172
230 0.602106
231 0.602503
232 0.602286
233 0.602187
234 0.602315
235 0.60341
236 0.601822
237 0.602449
238 0.601966
239 0.602091
240 0.602576
241 0.602629
242 0.602022
243 0.602343
244 0.603036
245 0.602461
246 0.602252
247 0.602187
248 0.602414
249 0.6034
250 0.602627
251 0.602698
252 0.602545
253 0.602313
254 0.602748
255 0.602226
256 0.602367
257 0.602938
258 0.60275
259 0.602908
260 0.603762
261 0.602945
262 0.603042
263 0.60316
264 0.603113
265 0.603684
266 0.602993
267 0.602961
268 0.603179
269 0.603295
270 0.603375
271 0.602802
272 0.602521
273 0.603165
274 0.603024
275 0.603382
276 0.602835
277 0.603072
278 0.602431
279 0.603647
280 0.602875
281 0.60344
282 0.603323
283 0.602959
284 0.603491
285 0.602428
286 0.603726
287 0.603348
288 0.60351
289 0.603213
290 0.603805
291 0.60262
292 0.603465
293 0.603412
294 0.60339
295 0.603583
296 0.603603
297 0.602972
298 0.603399
299 0.603321
300 0.603125
