1 0.283632
2 0.284077
3 0.284049
4 0.284077
5 0.273871
6 0.264852
7 0.257702
8 0.251341
9 0.248595
10 0.244901
11 0.239382
12 0.234414
13 0.232012
14 0.22873
15 0.225639
16 0.222729
17 0.22155
18 0.218788
19 0.215688
20 0.213447
21 0.211523
22 0.209218
23 0.206711
24 0.2045
25 0.202807
26 0.200706
27 0.198753
28 0.19656
29 0.194781
30 0.193139
31 0.191503
32 0.189891
33 0.188345
34 0.186901
35 0.185364
36 0.184039
37 0.18273
38 0.181203
39 0.179848
40 0.178493
41 0.177045
42 0.17558
43 0.174305
44 0.172842
45 0.171581
46 0.170149
47 0.168814
48 0.167567
49 0.166517
50 0.164997
51 0.163754
52 0.162636
53 0.161475
54 0.160367
55 0.15927
56 0.158131
57 0.15699
58 0.155948
59 0.15494
60 0.153918
61 0.152817
62 0.151709
63 0.150872
64 0.1498
65 0.14877
66 0.147858
67 0.146855
68 0.145933
69 0.144931
70 0.144001
71 0.143141
72 0.142159
73 0.141208
74 0.140342
75 0.139529
76 0.138535
77 0.137731
78 0.136788
79 0.13589
80 0.135234
81 0.134285
82 0.133599
83 0.132718
84 0.131872
85 0.131119
86 0.130287
87 0.129605
88 0.128827
89 0.128055
90 0.127435
91 0.126585
92 0.125927
93 0.125263
94 0.124534
95 0.123887
96 0.123223
97 0.122492
98 0.121855
99 0.121147
100 0.120576
101 0.120064
102 0.11938
103 0.118737
104 0.118117
105 0.1175
106 0.116919
107 0.116328
108 0.11574
109 0.115275
110 0.114677
111 0.114259
112 0.113637
113 0.113268
114 0.112742
115 0.112348
116 0.111714
117 0.111253
118 0.110761
119 0.1104
120 0.109898
121 0.109541
122 0.109046
123 0.108699
124 0.108322
125 0.107933
126 0.107439
127 0.107146
128 0.106753
129 0.106376
130 0.106079
131 0.105658
132 0.105352
133 0.104861
134 0.104609
135 0.104295
136 0.103892
137 0.103678
138 0.103324
139 0.102889
140 0.102575
141 0.102291
142 0.101917
143 0.101538
144 0.101343
145 0.100998
146 0.100639
147 0.100394
148 0.0999658
149 0.0997104
150 0.0993347
151 0.0992211
152 0.0986977
153 0.0984849
154 0.0982015
155 0.0979565
156 0.0976646
157 0.0973356
158 0.0969946
159 0.0967592
160 0.0964879
161 0.0961431
162 0.0959346
163 0.0956791
164 0.0954649
165 0.0949941
166 0.0947308
167 0.0945507
168 0.0942689
169 0.0940484
170 0.093845
171 0.093461
172 0.0931819
173 0.0929374
174 0.0926437
175 0.0924374
176 0.0921682
177 0.0919434
178 0.091682
179 0.0915353
180 0.0911934
181 0.0909558
182 0.0907531
183 0.0904122
184 0.0903412
185 0.0899471
186 0.0898115
187 0.0896029
188 0.0894246
189 0.0892064
190 0.0889752
191 0.0886644
192 0.088456
193 0.0882847
194 0.088025
195 0.0878014
196 0.0876821
197 0.0873636
198 0.0872085
199 0.0870442
200 0.0867572
201 0.086568
202 0.0864126
203 0.0862631
204 0.0860607
205 0.0858969
206 0.0856871
207 0.0855208
208 0.0853267
209 0.0851704
210 0.0850041
211 0.0847668
212 0.0845953
213 0.0844023
214 0.0842323
215 0.0841253
216 0.0838508
217 0.0836822
218 0.0835119
219 0.0834237
220 0.0831623
221 0.0830474
222 0.0828555
223 0.0826802
224 0.0825455
225 0.0823602
226 0.0822295
227 0.0820654
228 0.081924
229 0.0818125
230 0.0815617
231 0.0814482
232 0.0812401
233 0.0811458
234 0.0808613
235 0.0808505
236 0.0805812
237 0.0803883
238 0.0802253
239 0.080177
240 0.0799539
241 0.079806
242 0.0796928
243 0.0794117
244 0.0793357
245 0.0792326
246 0.0791278
247 0.0789292
248 0.0788014
249 0.0786408
250 0.0784705
251 0.0783968
252 0.0782452
253 0.0780951
254 0.0779304
255 0.0777664
256 0.0775931
257 0.0775761
258 0.0773643
259 0.0772887
260 0.0771358
261 0.0769934
262 0.0768051
263 0.0767277
264 0.0765133
265 0.0764699
266 0.0763285
267 0.0762152
268 0.0760475
269 0.0758694
270 0.0758591
271 0.0756172
272 0.075543
273 0.0754373
274 0.0752052
275 0.0752075
276 0.0750418
277 0.074918
278 0.0748159
279 0.0746799
280 0.0744798
281 0.0744226
282 0.0742561
283 0.0741493
284 0.074081
285 0.0739029
286 0.0738061
287 0.0738129
288 0.073544
289 0.0734235
290 0.0732384
291 0.0732505
292 0.073142
293 0.0730526
294 0.0728311
295 0.0726831
296 0.0726742
297 0.07246
298 0.0723662
299 0.0722318
300 0.0721856
