1 0.100309
2 0.099307
3 0.099934
4 0.099458
5 0.147805
6 0.157805
7 0.164299
8 0.176484
9 0.186419
10 0.191867
11 0.202949
12 0.209859
13 0.213156
14 0.224688
15 0.23145
16 0.23908
17 0.248227
18 0.257201
19 0.266675
20 0.274678
21 0.282544
22 0.289671
23 0.296954
24 0.305036
25 0.311579
26 0.318838
27 0.324607
28 0.332231
29 0.337932
30 0.343152
31 0.349813
32 0.355006
33 0.360514
34 0.366057
35 0.371139
36 0.376454
37 0.381148
38 0.386279
39 0.391734
40 0.396342
41 0.401627
42 0.406731
43 0.411963
44 0.417055
45 0.421386
46 0.426426
47 0.430516
48 0.434558
49 0.437468
50 0.444165
51 0.447011
52 0.451203
53 0.45498
54 0.458947
55 0.46162
56 0.466172
57 0.469517
58 0.472432
59 0.474661
60 0.479303
61 0.482743
62 0.485981
63 0.486818
64 0.491228
65 0.493486
66 0.496478
67 0.499569
68 0.501147
69 0.504066
70 0.506345
71 0.509446
72 0.511793
73 0.513698
74 0.515971
75 0.518505
76 0.521287
77 0.522011
78 0.524889
79 0.528034
80 0.528333
81 0.531467
82 0.531659
83 0.534741
84 0.536837
85 0.53842
86 0.540101
87 0.54229
88 0.54356
89 0.545393
90 0.546395
91 0.548267
92 0.549511
93 0.551278
94 0.552719
95 0.554261
96 0.554895
97 0.556826
98 0.557699
99 0.560022
100 0.560867
101 0.560748
102 0.562694
103 0.563902
104 0.565589
105 0.566143
106 0.567491
107 0.568495
108 0.569705
109 0.570213
110 0.571433
111 0.571563
112 0.573511
113 0.573835
114 0.574363
115 0.57532
116 0.57758
117 0.578591
118 0.579165
119 0.580948
120 0.58158
121 0.582107
122 0.583799
123 0.583935
124 0.585286
125 0.58575
126 0.588106
127 0.587964
128 0.589124
129 0.589384
130 0.590211
131 0.591858
132 0.59176
133 0.593678
134 0.59451
135 0.594234
136 0.595034
137 0.596345
138 0.596096
139 0.597318
140 0.598397
141 0.598192
142 0.599786
143 0.601146
144 0.600746
145 0.601543
146 0.60225
147 0.603399
148 0.604418
149 0.604611
150 0.606466
151 0.605016
152 0.607109
153 0.607647
154 0.608354
155 0.608965
156 0.609993
157 0.610897
158 0.612055
159 0.612423
160 0.612527
161 0.614609
162 0.614515
163 0.615668
164 0.616007
165 0.618487
166 0.618694
167 0.619496
168 0.620534
169 0.620092
170 0.620835
171 0.623127
172 0.62317
173 0.624541
174 0.625437
175 0.625619
176 0.626395
177 0.626501
178 0.627535
179 0.627533
180 0.629394
181 0.630004
182 0.630021
183 0.631196
184 0.631349
185 0.633337
186 0.633625
187 0.633944
188 0.635021
189 0.635582
190 0.635838
191 0.637992
192 0.638552
193 0.638586
194 0.638933
195 0.639479
196 0.639728
197 0.641158
198 0.641761
199 0.642354
200 0.643346
201 0.643444
202 0.644048
203 0.644479
204 0.644895
205 0.645533
206 0.645941
207 0.646631
208 0.647396
209 0.648469
210 0.649426
211 0.649862
212 0.650522
213 0.650659
214 0.651609
215 0.651921
216 0.653522
217 0.653817
218 0.654782
219 0.654876
220 0.656008
221 0.65638
222 0.65718
223 0.657542
224 0.65804
225 0.658424
226 0.658966
227 0.660204
228 0.660643
229 0.660927
230 0.661576
231 0.66229
232 0.662991
233 0.662943
234 0.664657
235 0.664307
236 0.665617
237 0.666055
238 0.666829
239 0.666609
240 0.667425
241 0.668043
242 0.668568
243 0.670608
244 0.669555
245 0.670162
246 0.671103
247 0.671727
248 0.671651
249 0.672736
250 0.673223
251 0.673249
252 0.673965
253 0.675012
254 0.675233
255 0.67615
256 0.676598
257 0.676409
258 0.676913
259 0.677719
260 0.67842
261 0.679119
262 0.679969
263 0.679947
264 0.68076
265 0.68075
266 0.681898
267 0.681711
268 0.68272
269 0.683455
270 0.683116
271 0.684911
272 0.685103
273 0.684935
274 0.685959
275 0.685507
276 0.686274
277 0.687449
278 0.687409
279 0.687609
280 0.688822
281 0.689163
282 0.690059
283 0.689896
284 0.690374
285 0.690985
286 0.690237
287 0.69154
288 0.692794
289 0.692585
290 0.693983
291 0.693071
292 0.693752
293 0.694637
294 0.695546
295 0.696017
296 0.695379
297 0.696796
298 0.696728
299 0.69764
300 0.697745
