1 0.499841
2 0.500184
3 0.499847
4 0.499975
5 0.550823
6 0.563706
7 0.568857
8 0.577633
9 0.585743
10 0.591014
11 0.597513
12 0.602446
13 0.606286
14 0.613463
15 0.616282
16 0.62216
17 0.626026
18 0.631308
19 0.63673
20 0.640608
21 0.645022
22 0.648791
23 0.652314
24 0.657123
25 0.659739
26 0.661951
27 0.665169
28 0.668023
29 0.670687
30 0.672961
31 0.675707
32 0.677918
33 0.680584
34 0.681851
35 0.683261
36 0.6857
37 0.687489
38 0.689527
39 0.690548
40 0.692225
41 0.694837
42 0.695887
43 0.698586
44 0.699437
45 0.701454
46 0.702291
47 0.703495
48 0.705163
49 0.706897
50 0.707417
51 0.709349
52 0.709754
53 0.71179
54 0.711844
55 0.713762
56 0.714815
57 0.715707
58 0.716822
59 0.717103
60 0.717622
61 0.719375
62 0.720897
63 0.720666
64 0.721756
65 0.722396
66 0.723089
67 0.724376
68 0.724776
69 0.725421
70 0.726378
71 0.726845
72 0.727563
73 0.728886
74 0.729252
75 0.729084
76 0.729623
77 0.729688
78 0.731127
79 0.732089
80 0.731535
81 0.732283
82 0.732748
83 0.733072
84 0.734224
85 0.734156
86 0.735509
87 0.73492
88 0.735904
89 0.735834
90 0.736692
91 0.73723
92 0.736617
93 0.737612
94 0.737225
95 0.73812
96 0.73786
97 0.738393
98 0.738572
99 0.739724
100 0.738705
101 0.738959
102 0.739485
103 0.739357
104 0.740411
105 0.740552
106 0.740796
107 0.740816
108 0.740814
109 0.741378
110 0.741209
111 0.74233
112 0.742076
113 0.742447
114 0.7421
115 0.742421
116 0.742705
117 0.742408
118 0.742787
119 0.743311
120 0.743673
121 0.743111
122 0.743017
123 0.74488
124 0.744251
125 0.743929
126 0.745145
127 0.744555
128 0.745829
129 0.745719
130 0.745224
131 0.745618
132 0.745689
133 0.745986
134 0.745606
135 0.746272
136 0.745896
137 0.746827
138 0.746721
139 0.746131
140 0.747123
141 0.747337
142 0.746772
143 0.747042
144 0.746834
145 0.747298
146 0.746778
147 0.747239
148 0.747991
149 0.748606
150 0.747492
151 0.748289
152 0.749297
153 0.748721
154 0.747777
155 0.749066
156 0.748864
157 0.748672
158 0.749745
159 0.74891
160 0.749638
161 0.750037
162 0.750266
163 0.750076
164 0.750264
165 0.750801
166 0.750008
167 0.751245
168 0.749872
169 0.750124
170 0.750823
171 0.750136
172 0.7513
173 0.75137
174 0.75068
175 0.750968
176 0.751242
177 0.752037
178 0.75227
179 0.752115
180 0.751949
181 0.752185
182 0.752748
183 0.752969
184 0.75269
185 0.75273
186 0.752967
187 0.752597
188 0.753679
189 0.753736
190 0.753402
191 0.754236
192 0.75403
193 0.753995
194 0.754458
195 0.75415
196 0.754374
197 0.754648
198 0.754046
199 0.754734
200 0.754619
201 0.754281
202 0.754578
203 0.754673
204 0.755053
205 0.755328
206 0.754806
207 0.755786
208 0.755537
209 0.755523
210 0.755794
211 0.756626
212 0.756234
213 0.755316
214 0.756019
215 0.755787
216 0.756976
217 0.755816
218 0.756563
219 0.757038
220 0.75628
221 0.757455
222 0.756448
223 0.756976
224 0.757
225 0.756011
226 0.756719
227 0.757341
228 0.756906
229 0.757288
230 0.757253
231 0.757728
232 0.757647
233 0.758134
234 0.758282
235 0.757639
236 0.757513
237 0.757585
238 0.759584
239 0.757482
240 0.75855
241 0.758024
242 0.758691
243 0.759098
244 0.759523
245 0.758756
246 0.759027
247 0.758809
248 0.758109
249 0.75897
250 0.759632
251 0.759259
252 0.76001
253 0.758959
254 0.759138
255 0.759952
256 0.759795
257 0.759538
258 0.760052
259 0.759365
260 0.760873
261 0.75994
262 0.760147
263 0.760427
264 0.760592
265 0.760389
266 0.760588
267 0.760962
268 0.760031
269 0.760697
270 0.76097
271 0.7606
272 0.760643
273 0.760984
274 0.761359
275 0.760976
276 0.76147
277 0.76134
278 0.761444
279 0.760827
280 0.761367
281 0.761756
282 0.761449
283 0.761499
284 0.761527
285 0.761925
286 0.761821
287 0.762136
288 0.761856
289 0.761493
290 0.762575
291 0.761813
292 0.762765
293 0.762087
294 0.761739
295 0.762238
296 0.763091
297 0.76243
298 0.763318
299 0.762921
300 0.763265
