1 0.5
2 0.5
3 0.5
4 0.5
5 0.497411
6 0.495926
7 0.495237
8 0.493937
9 0.492594
10 0.491647
11 0.4904
12 0.489393
13 0.488573
14 0.486957
15 0.486291
16 0.484848
17 0.483857
18 0.482451
19 0.480942
20 0.479823
21 0.478507
22 0.477349
23 0.476236
24 0.474671
25 0.473798
26 0.473046
27 0.471932
28 0.470923
29 0.469964
30 0.469132
31 0.468111
32 0.467275
33 0.466251
34 0.465758
35 0.465205
36 0.464237
37 0.463518
38 0.462688
39 0.462268
40 0.461574
41 0.460477
42 0.460031
43 0.458873
44 0.458504
45 0.457621
46 0.457252
47 0.456717
48 0.45597
49 0.455186
50 0.454949
51 0.454064
52 0.453877
53 0.45293
54 0.452905
55 0.452003
56 0.451503
57 0.451078
58 0.450543
59 0.450408
60 0.450157
61 0.449305
62 0.448559
63 0.448673
64 0.448135
65 0.447818
66 0.447473
67 0.446829
68 0.446628
69 0.446303
70 0.445818
71 0.445581
72 0.445214
73 0.444536
74 0.444347
75 0.444434
76 0.444155
77 0.444122
78 0.443375
79 0.442872
80 0.443162
81 0.44277
82 0.442526
83 0.442355
84 0.441746
85 0.441782
86 0.441063
87 0.441377
88 0.440851
89 0.440889
90 0.440429
91 0.440139
92 0.440469
93 0.439933
94 0.440142
95 0.439659
96 0.439799
97 0.439511
98 0.439413
99 0.438786
100 0.439341
101 0.439203
102 0.438916
103 0.438986
104 0.43841
105 0.438333
106 0.438199
107 0.438188
108 0.438189
109 0.437878
110 0.437971
111 0.437352
112 0.437493
113 0.437287
114 0.43748
115 0.437302
116 0.437144
117 0.437309
118 0.437099
119 0.436807
120 0.436605
121 0.436919
122 0.436971
123 0.43593
124 0.436282
125 0.436462
126 0.435781
127 0.436112
128 0.435395
129 0.435457
130 0.435736
131 0.435514
132 0.435474
133 0.435306
134 0.435521
135 0.435145
136 0.435357
137 0.43483
138 0.43489
139 0.435224
140 0.434662
141 0.43454
142 0.434861
143 0.434708
144 0.434826
145 0.434562
146 0.434858
147 0.434596
148 0.434167
149 0.433815
150 0.434452
151 0.433997
152 0.433419
153 0.433749
154 0.434289
155 0.433551
156 0.433667
157 0.433778
158 0.433161
159 0.433641
160 0.433222
161 0.432992
162 0.43286
163 0.43297
164 0.432861
165 0.43255
166 0.433009
167 0.432292
168 0.433087
169 0.432942
170 0.432537
171 0.432935
172 0.43226
173 0.43222
174 0.43262
175 0.432453
176 0.432294
177 0.431831
178 0.431695
179 0.431786
180 0.431882
181 0.431745
182 0.431415
183 0.431286
184 0.431449
185 0.431426
186 0.431287
187 0.431504
188 0.430869
189 0.430835
190 0.431032
191 0.43054
192 0.430662
193 0.430682
194 0.430409
195 0.430591
196 0.430459
197 0.430297
198 0.430652
199 0.430246
200 0.430314
201 0.430514
202 0.430338
203 0.430282
204 0.430057
205 0.429893
206 0.430203
207 0.429621
208 0.429769
209 0.429778
210 0.429616
211 0.42912
212 0.429354
213 0.429901
214 0.429482
215 0.42962
216 0.42891
217 0.429603
218 0.429158
219 0.428873
220 0.429327
221 0.428623
222 0.429226
223 0.42891
224 0.428896
225 0.429487
226 0.429064
227 0.428691
228 0.428952
229 0.428723
230 0.428744
231 0.428459
232 0.428508
233 0.428214
234 0.428125
235 0.428512
236 0.428588
237 0.428545
238 0.427337
239 0.428607
240 0.427963
241 0.428281
242 0.427878
243 0.427632
244 0.427374
245 0.427839
246 0.427675
247 0.427807
248 0.428229
249 0.427709
250 0.427308
251 0.427534
252 0.427078
253 0.427716
254 0.427608
255 0.427113
256 0.427209
257 0.427365
258 0.427052
259 0.42747
260 0.426551
261 0.427121
262 0.426994
263 0.426824
264 0.426723
265 0.426847
266 0.426726
267 0.426497
268 0.427065
269 0.426659
270 0.426492
271 0.426718
272 0.426692
273 0.426483
274 0.426254
275 0.426488
276 0.426186
277 0.426265
278 0.426202
279 0.426579
280 0.426249
281 0.42601
282 0.426199
283 0.426168
284 0.426151
285 0.425906
286 0.42597
287 0.425776
288 0.425949
289 0.426172
290 0.425506
291 0.425975
292 0.425388
293 0.425806
294 0.42602
295 0.425714
296 0.425187
297 0.425595
298 0.425046
299 0.425292
300 0.425079
