1 0.5
2 0.353403
3 0.302377
4 0.267172
5 0.242269
6 0.228102
7 0.218627
8 0.211301
9 0.197414
10 0.191727
11 0.187554
12 0.183536
13 0.176613
14 0.172747
15 0.169148
16 0.16592
17 0.161184
18 0.157805
19 0.154922
20 0.151629
21 0.148653
22 0.146176
23 0.143567
24 0.140942
25 0.138693
26 0.136776
27 0.135148
28 0.133015
29 0.131498
30 0.129886
31 0.12857
32 0.127108
33 0.125641
34 0.124464
35 0.123187
36 0.122213
37 0.121073
38 0.120154
39 0.119274
40 0.118222
41 0.117516
42 0.116636
43 0.115955
44 0.115114
45 0.11438
46 0.11374
47 0.113188
48 0.112614
49 0.112032
50 0.111344
51 0.110915
52 0.110342
53 0.109946
54 0.109399
55 0.108949
56 0.10866
57 0.108178
58 0.107995
59 0.107416
60 0.10706
61 0.106737
62 0.10633
63 0.10618
64 0.105646
65 0.10526
66 0.105128
67 0.104889
68 0.104692
69 0.104401
70 0.10428
71 0.10397
72 0.10371
73 0.103605
74 0.103442
75 0.10321
76 0.103103
77 0.102981
78 0.102825
79 0.102569
80 0.102423
81 0.102392
82 0.102236
83 0.1021
84 0.101904
85 0.101956
86 0.101702
87 0.101737
88 0.101559
89 0.10142
90 0.101408
91 0.101286
92 0.10127
93 0.101194
94 0.101123
95 0.101067
96 0.101078
97 0.100979
98 0.100913
99 0.100913
100 0.100819
101 0.100839
102 0.100864
103 0.100838
104 0.100795
105 0.100573
106 0.10054
107 0.100642
108 0.100722
109 0.100585
110 0.100633
111 0.100639
112 0.100566
113 0.100742
114 0.10078
115 0.100647
116 0.100493
117 0.100568
118 0.100638
119 0.100608
120 0.100495
121 0.100541
122 0.100526
123 0.100442
124 0.100609
125 0.100446
126 0.100406
127 0.100394
128 0.10034
129 0.100353
130 0.100278
131 0.100212
132 0.100354
133 0.100213
134 0.100122
135 0.100212
136 0.100156
137 0.100249
138 0.100127
139 0.100092
140 0.10013
141 0.100093
142 0.0999075
143 0.100032
144 0.100006
145 0.0999995
146 0.100069
147 0.0999304
148 0.0999525
149 0.0998967
150 0.0998739
151 0.100068
152 0.0998828
153 0.0998663
154 0.0999395
155 0.0998628
156 0.0999165
157 0.0998506
158 0.0997502
159 0.0999154
160 0.0997146
161 0.0997554
162 0.0997566
163 0.0997567
164 0.0998181
165 0.0997478
166 0.0997403
167 0.0997678
168 0.0997855
169 0.0998062
170 0.0997576
171 0.0996409
172 0.0996256
173 0.0995998
174 0.0996541
175 0.0996188
176 0.0995777
177 0.09953
178 0.0995783
179 0.0995838
180 0.0995368
181 0.0996032
182 0.0995157
183 0.0994714
184 0.0995115
185 0.0994818
186 0.099461
187 0.0993934
188 0.0994639
189 0.0994488
190 0.0994038
191 0.0992883
192 0.0994049
193 0.0994185
194 0.09942
195 0.099286
196 0.0993515
197 0.0992348
198 0.0993392
199 0.099209
200 0.099217
201 0.0992396
202 0.099192
203 0.0992468
204 0.0992741
205 0.0992623
206 0.0991986
207 0.0991591
208 0.0991565
209 0.0990729
210 0.0991151
211 0.0990938
212 0.0990431
213 0.099006
214 0.0989812
215 0.0989949
216 0.0989958
217 0.0989928
218 0.098886
219 0.0989386
220 0.0987478
221 0.098814
222 0.0989197
223 0.0987266
224 0.0987688
225 0.0987556
226 0.0987732
227 0.0988111
228 0.0987221
229 0.0987687
230 0.0986985
231 0.0987845
232 0.0986621
233 0.0987226
234 0.0986467
235 0.0986216
236 0.098567
237 0.0984691
238 0.0984645
239 0.0986044
240 0.0984503
241 0.0984826
242 0.0984583
243 0.0984001
244 0.0983517
245 0.0983337
246 0.0983473
247 0.0983481
248 0.0983605
249 0.0982851
250 0.0982628
251 0.0982489
252 0.0983753
253 0.0981964
254 0.0981411
255 0.0981817
256 0.0980744
257 0.0981838
258 0.098206
259 0.0982107
260 0.0981516
261 0.0981225
262 0.0980703
263 0.098097
264 0.0980349
265 0.0980606
266 0.0980313
267 0.0980003
268 0.0980069
269 0.0979316
270 0.0979751
271 0.0979204
272 0.0979191
273 0.0979015
274 0.097831
275 0.0979023
276 0.0978776
277 0.0978701
278 0.0977824
279 0.0978423
280 0.0976848
281 0.0977861
282 0.0977023
283 0.0977825
284 0.0977131
285 0.097744
286 0.0977815
287 0.0977826
288 0.0976429
289 0.0976571
290 0.0976116
291 0.0976736
292 0.0976044
293 0.0976333
294 0.097546
295 0.097578
296 0.0975739
297 0.0974262
298 0.0975471
299 0.0974751
300 0.0975613
