1 0.283632
2 0.28398
3 0.283993
4 0.284161
5 0.233044
6 0.219843
7 0.215106
8 0.206326
9 0.19784
10 0.193457
11 0.186329
12 0.181186
13 0.177802
14 0.171125
15 0.166759
16 0.162165
17 0.157704
18 0.152379
19 0.147521
20 0.143174
21 0.139328
22 0.135486
23 0.131695
24 0.127847
25 0.124931
26 0.121767
27 0.119048
28 0.115839
29 0.113229
30 0.1111
31 0.108792
32 0.106509
33 0.104252
34 0.102311
35 0.100217
36 0.0984613
37 0.0967524
38 0.0947529
39 0.0929621
40 0.0913184
41 0.0894598
42 0.0878238
43 0.086224
44 0.0844275
45 0.0831281
46 0.081553
47 0.0801229
48 0.078853
49 0.0778454
50 0.0760464
51 0.0749171
52 0.0737754
53 0.0726641
54 0.0715361
55 0.0705414
56 0.0694732
57 0.0683653
58 0.0674809
59 0.0667338
60 0.0656268
61 0.064752
62 0.0637181
63 0.0632647
64 0.0622476
65 0.0614211
66 0.0607834
67 0.0599634
68 0.059424
69 0.0586564
70 0.0580505
71 0.0573148
72 0.0566765
73 0.0559323
74 0.0554881
75 0.0549786
76 0.0542662
77 0.0539583
78 0.0532925
79 0.0525726
80 0.0523864
81 0.0517217
82 0.0514712
83 0.0509264
84 0.0503324
85 0.0499833
86 0.0495219
87 0.049124
88 0.0486967
89 0.0482887
90 0.0480349
91 0.0475427
92 0.0472321
93 0.0469869
94 0.0465654
95 0.0462914
96 0.0461214
97 0.0456626
98 0.0454473
99 0.0450784
100 0.0449068
101 0.0448291
102 0.0444531
103 0.0441665
104 0.0438651
105 0.0436633
106 0.0434461
107 0.0431325
108 0.0428531
109 0.0428262
110 0.0425804
111 0.0424535
112 0.0420917
113 0.0420634
114 0.0419624
115 0.0417808
116 0.0413574
117 0.0411761
118 0.0409543
119 0.0407711
120 0.0405916
121 0.0404557
122 0.0401905
123 0.0400142
124 0.0399265
125 0.0396356
126 0.0393895
127 0.0393265
128 0.0390981
129 0.0389564
130 0.0388699
131 0.0386704
132 0.0385185
133 0.0382629
134 0.0381666
135 0.0380939
136 0.0379308
137 0.0378178
138 0.0377463
139 0.0374939
140 0.0374007
141 0.0373295
142 0.0371092
143 0.0369461
144 0.0369696
145 0.0367751
146 0.0366462
147 0.0365247
148 0.036343
149 0.0362729
150 0.0360142
151 0.036113
152 0.0357363
153 0.0356786
154 0.0355535
155 0.0353781
156 0.0352854
157 0.0350936
158 0.0349309
159 0.0348146
160 0.0347242
161 0.0344311
162 0.0343711
163 0.0342496
164 0.0342029
165 0.0337783
166 0.0336499
167 0.0336088
168 0.0334447
169 0.0334112
170 0.0332731
171 0.0330065
172 0.0328794
173 0.0327129
174 0.0326063
175 0.0324354
176 0.0322867
177 0.0322811
178 0.0320745
179 0.0320761
180 0.0318333
181 0.0316919
182 0.0316168
183 0.0314204
184 0.0313937
185 0.0311447
186 0.0310563
187 0.0310739
188 0.0308574
189 0.0308307
190 0.0307225
191 0.0304259
192 0.0303769
193 0.0303091
194 0.0301777
195 0.030058
196 0.0300316
197 0.0298043
198 0.0297102
199 0.0296608
200 0.0295011
201 0.0294627
202 0.0293751
203 0.0293347
204 0.0291898
205 0.0291059
206 0.028989
207 0.0289186
208 0.0287894
209 0.0287121
210 0.028576
211 0.0284568
212 0.028307
213 0.0282214
214 0.0281758
215 0.0281056
216 0.0278531
217 0.0278258
218 0.0276956
219 0.0276552
220 0.0274502
221 0.0274406
222 0.0273444
223 0.0272087
224 0.027136
225 0.0270467
226 0.026944
227 0.0268467
228 0.0267843
229 0.0267483
230 0.0265918
231 0.0265156
232 0.0263991
233 0.0264075
234 0.0261231
235 0.0262505
236 0.0260055
237 0.0259235
238 0.0258109
239 0.0258409
240 0.0256593
241 0.0256078
242 0.025561
243 0.0253093
244 0.0252996
245 0.0252735
246 0.0251803
247 0.0250946
248 0.0250502
249 0.0249151
250 0.024859
251 0.0248392
252 0.0247236
253 0.0245971
254 0.0245397
255 0.024396
256 0.0243319
257 0.0243724
258 0.0242526
259 0.0241928
260 0.0240903
261 0.0240167
262 0.0238795
263 0.0238752
264 0.0237256
265 0.0238031
266 0.0236188
267 0.0235875
268 0.0234948
269 0.0233712
270 0.0234576
271 0.0232265
272 0.0231911
273 0.023163
274 0.0229759
275 0.0230287
276 0.022942
277 0.0228579
278 0.0227811
279 0.0227538
280 0.0225885
281 0.0226201
282 0.0224939
283 0.0224624
284 0.0224253
285 0.0222966
286 0.0223198
287 0.0222723
288 0.0221019
289 0.0220527
290 0.0219013
291 0.0220227
292 0.0219737
293 0.0218918
294 0.0217545
295 0.0216364
296 0.0216986
297 0.0215256
298 0.0215106
299 0.0214214
300 0.0214286
