1 0.100309
2 0.099696
3 0.0997753
4 0.099696
5 0.109318
6 0.117411
7 0.124051
8 0.131431
9 0.134713
10 0.137623
11 0.144517
12 0.150663
13 0.152636
14 0.156893
15 0.160786
16 0.164861
17 0.166998
18 0.170957
19 0.175556
20 0.178711
21 0.181811
22 0.185416
23 0.189108
24 0.192742
25 0.195322
26 0.199103
27 0.202367
28 0.205839
29 0.208802
30 0.211623
31 0.214842
32 0.217458
33 0.219977
34 0.222625
35 0.22535
36 0.227958
37 0.230285
38 0.233032
39 0.235532
40 0.238355
41 0.240907
42 0.244157
43 0.24685
44 0.24961
45 0.252411
46 0.255528
47 0.258064
48 0.260658
49 0.262544
50 0.266397
51 0.268709
52 0.271255
53 0.27364
54 0.276249
55 0.278183
56 0.281163
57 0.283528
58 0.285804
59 0.287764
60 0.290483
61 0.293013
62 0.295541
63 0.296752
64 0.299641
65 0.301882
66 0.304063
67 0.306382
68 0.308376
69 0.310695
70 0.312872
71 0.31502
72 0.317419
73 0.319332
74 0.321422
75 0.323673
76 0.326093
77 0.327562
78 0.329923
79 0.332657
80 0.33373
81 0.336305
82 0.33749
83 0.340007
84 0.342085
85 0.343754
86 0.345757
87 0.347691
88 0.349391
89 0.351358
90 0.352881
91 0.35502
92 0.35641
93 0.358474
94 0.360015
95 0.361796
96 0.363542
97 0.365223
98 0.366694
99 0.368909
100 0.370284
101 0.371345
102 0.373194
103 0.37465
104 0.376511
105 0.377916
106 0.379548
107 0.380694
108 0.382586
109 0.383422
110 0.384996
111 0.385697
112 0.387775
113 0.388569
114 0.389892
115 0.391156
116 0.393051
117 0.39407
118 0.3953
119 0.396539
120 0.397772
121 0.398439
122 0.400112
123 0.400676
124 0.401952
125 0.402469
126 0.4045
127 0.404935
128 0.40583
129 0.406688
130 0.407563
131 0.40912
132 0.409308
133 0.411031
134 0.411923
135 0.412221
136 0.413434
137 0.414427
138 0.41507
139 0.416253
140 0.417367
141 0.41769
142 0.419101
143 0.420494
144 0.420533
145 0.421435
146 0.422497
147 0.423441
148 0.424647
149 0.425365
150 0.426687
151 0.42619
152 0.428239
153 0.428682
154 0.42964
155 0.43
156 0.431271
157 0.431798
158 0.433208
159 0.433758
160 0.434255
161 0.435906
162 0.436199
163 0.437225
164 0.437727
165 0.439595
166 0.440133
167 0.440843
168 0.441862
169 0.441978
170 0.442511
171 0.444268
172 0.444814
173 0.445899
174 0.446861
175 0.447193
176 0.448219
177 0.448521
178 0.449489
179 0.44976
180 0.451306
181 0.452012
182 0.452057
183 0.453448
184 0.453535
185 0.4552
186 0.455269
187 0.456076
188 0.456835
189 0.457605
190 0.458015
191 0.459333
192 0.460081
193 0.46045
194 0.461085
195 0.461637
196 0.46224
197 0.463357
198 0.463709
199 0.464286
200 0.465558
201 0.46586
202 0.466247
203 0.466718
204 0.466978
205 0.467667
206 0.468321
207 0.468836
208 0.469674
209 0.470347
210 0.470994
211 0.471796
212 0.472114
213 0.472472
214 0.473358
215 0.473718
216 0.475006
217 0.475372
218 0.47611
219 0.476469
220 0.477193
221 0.477651
222 0.478417
223 0.478769
224 0.47916
225 0.479749
226 0.480024
227 0.481213
228 0.481309
229 0.481758
230 0.482548
231 0.483134
232 0.483868
233 0.484155
234 0.485335
235 0.48531
236 0.486348
237 0.486945
238 0.487589
239 0.487627
240 0.48823
241 0.488649
242 0.489404
243 0.490732
244 0.490417
245 0.490846
246 0.491133
247 0.492127
248 0.492365
249 0.492917
250 0.493648
251 0.493968
252 0.494353
253 0.494795
254 0.495535
255 0.496215
256 0.496686
257 0.496879
258 0.497399
259 0.497927
260 0.498486
261 0.499024
262 0.499784
263 0.500028
264 0.50085
265 0.500715
266 0.501577
267 0.501839
268 0.502479
269 0.503035
270 0.503133
271 0.504266
272 0.504496
273 0.504711
274 0.505569
275 0.505305
276 0.506008
277 0.50673
278 0.506802
279 0.507192
280 0.508205
281 0.508517
282 0.509291
283 0.509568
284 0.509644
285 0.510551
286 0.510416
287 0.510672
288 0.512015
289 0.512029
290 0.513121
291 0.512638
292 0.513134
293 0.513838
294 0.514573
295 0.515095
296 0.514782
297 0.516107
298 0.516235
299 0.51669
300 0.516944
