1 0.499841
2 0.500273
3 0.499707
4 0.500079
5 0.510373
6 0.519444
7 0.526447
8 0.532789
9 0.535443
10 0.539296
11 0.544662
12 0.549742
13 0.551991
14 0.55536
15 0.558359
16 0.561334
17 0.562465
18 0.565217
19 0.568407
20 0.570598
21 0.572512
22 0.574816
23 0.57728
24 0.579571
25 0.581308
26 0.58343
27 0.585271
28 0.587504
29 0.5894
30 0.590945
31 0.592553
32 0.594203
33 0.595818
34 0.597118
35 0.598758
36 0.600015
37 0.601439
38 0.602927
39 0.604256
40 0.605685
41 0.607108
42 0.608486
43 0.609824
44 0.611242
45 0.612561
46 0.613976
47 0.61533
48 0.616592
49 0.617564
50 0.619081
51 0.620332
52 0.621441
53 0.622688
54 0.623728
55 0.624798
56 0.625972
57 0.627167
58 0.628224
59 0.629193
60 0.630266
61 0.631274
62 0.632457
63 0.63322
64 0.63426
65 0.635367
66 0.636264
67 0.637287
68 0.638123
69 0.639076
70 0.640099
71 0.640949
72 0.641949
73 0.642909
74 0.643776
75 0.644594
76 0.645549
77 0.646416
78 0.647269
79 0.648194
80 0.648832
81 0.649735
82 0.650499
83 0.65135
84 0.652226
85 0.652943
86 0.653784
87 0.654455
88 0.655288
89 0.656051
90 0.656649
91 0.657555
92 0.658126
93 0.658866
94 0.65952
95 0.660208
96 0.660922
97 0.661606
98 0.662267
99 0.662906
100 0.663487
101 0.66404
102 0.664724
103 0.665332
104 0.665963
105 0.666575
106 0.667207
107 0.667785
108 0.668368
109 0.668821
110 0.669406
111 0.669868
112 0.670427
113 0.670862
114 0.67133
115 0.671801
116 0.672429
117 0.672889
118 0.673363
119 0.673697
120 0.674261
121 0.674611
122 0.675044
123 0.675418
124 0.675762
125 0.67619
126 0.676639
127 0.676961
128 0.677345
129 0.67773
130 0.678025
131 0.678453
132 0.678761
133 0.679225
134 0.679474
135 0.679789
136 0.680224
137 0.680432
138 0.680799
139 0.681244
140 0.681562
141 0.681826
142 0.682208
143 0.682554
144 0.682753
145 0.683114
146 0.683444
147 0.683725
148 0.684171
149 0.684409
150 0.684776
151 0.684881
152 0.685382
153 0.685633
154 0.685884
155 0.686146
156 0.686441
157 0.68678
158 0.687134
159 0.687313
160 0.687631
161 0.68795
162 0.688188
163 0.688426
164 0.688638
165 0.689112
166 0.689401
167 0.689588
168 0.689856
169 0.690036
170 0.690272
171 0.690634
172 0.690948
173 0.69119
174 0.691479
175 0.691702
176 0.691973
177 0.692172
178 0.692454
179 0.692565
180 0.692907
181 0.693128
182 0.693414
183 0.693709
184 0.693758
185 0.694172
186 0.694295
187 0.694514
188 0.694681
189 0.694924
190 0.695149
191 0.695482
192 0.695664
193 0.695817
194 0.696082
195 0.696343
196 0.696438
197 0.696781
198 0.696941
199 0.697074
200 0.697342
201 0.697528
202 0.69771
203 0.697875
204 0.698051
205 0.698233
206 0.698441
207 0.698603
208 0.698793
209 0.698971
210 0.69913
211 0.699356
212 0.699569
213 0.699714
214 0.699898
215 0.69998
216 0.700269
217 0.700433
218 0.700624
219 0.700663
220 0.700977
221 0.701085
222 0.701254
223 0.701446
224 0.701601
225 0.70172
226 0.701898
227 0.702046
228 0.702205
229 0.70231
230 0.702557
231 0.702664
232 0.702898
233 0.702946
234 0.703239
235 0.703272
236 0.703517
237 0.703727
238 0.703893
239 0.703942
240 0.704143
241 0.704312
242 0.704427
243 0.704717
244 0.704807
245 0.704881
246 0.705006
247 0.705192
248 0.705319
249 0.705496
250 0.705639
251 0.705742
252 0.705865
253 0.706012
254 0.706192
255 0.706364
256 0.706528
257 0.706522
258 0.706735
259 0.706817
260 0.706991
261 0.707106
262 0.707318
263 0.707388
264 0.707615
265 0.707644
266 0.707811
267 0.707921
268 0.708085
269 0.708256
270 0.708267
271 0.708517
272 0.708592
273 0.70868
274 0.708902
275 0.708929
276 0.709091
277 0.709207
278 0.709307
279 0.70946
280 0.709647
281 0.709717
282 0.709863
283 0.709964
284 0.710054
285 0.710259
286 0.710336
287 0.710312
288 0.710551
289 0.710708
290 0.710899
291 0.710862
292 0.710982
293 0.711077
294 0.711283
295 0.711452
296 0.711475
297 0.711676
298 0.711767
299 0.711895
300 0.711921
