1 0.499004
2 0.499697
3 0.500175
4 0.499529
5 0.500332
6 0.499648
7 0.50023
8 0.499564
9 0.500224
10 0.5004
11 0.49935
12 0.498981
13 0.500276
14 0.499705
15 0.499595
16 0.499564
17 0.500452
18 0.500229
19 0.499968
20 0.501031
21 0.500137
22 0.500249
23 0.499657
24 0.500084
25 0.499974
26 0.498869
27 0.499885
28 0.498411
29 0.498777
30 0.500321
31 0.500425
32 0.499572
33 0.501063
34 0.49919
35 0.500988
36 0.500085
37 0.499109
38 0.499333
39 0.499752
40 0.500719
41 0.500855
42 0.50019
43 0.499317
44 0.499736
45 0.501013
46 0.49963
47 0.501042
48 0.499688
49 0.500253
50 0.500185
51 0.500139
52 0.499392
53 0.500234
54 0.499988
55 0.50009
56 0.499102
57 0.499727
58 0.500556
59 0.500056
60 0.499529
61 0.500288
62 0.500599
63 0.499679
64 0.499901
65 0.500021
66 0.499919
67 0.500376
68 0.50048
69 0.500615
70 0.500085
71 0.499312
72 0.501439
73 0.500393
74 0.499767
75 0.500574
76 0.499655
77 0.500524
78 0.499466
79 0.500041
80 0.500602
81 0.500912
82 0.499242
83 0.499824
84 0.50035
85 0.499798
86 0.499685
87 0.499822
88 0.500073
89 0.499323
90 0.499936
91 0.498574
92 0.500517
93 0.500125
94 0.500003
95 0.498733
96 0.500411
97 0.499497
98 0.501132
99 0.499607
100 0.500592
101 0.50115
102 0.500698
103 0.499293
104 0.500412
105 0.501111
106 0.49965
107 0.499338
108 0.499315
109 0.499248
110 0.499115
111 0.498924
112 0.500139
113 0.499984
114 0.499183
115 0.498806
116 0.500285
117 0.500332
118 0.499398
119 0.500893
120 0.499625
121 0.499353
122 0.500273
123 0.500215
124 0.499977
125 0.499905
126 0.499832
127 0.500649
128 0.500202
129 0.499783
130 0.49993
131 0.501392
132 0.499405
133 0.499294
134 0.500471
135 0.49966
136 0.500059
137 0.499854
138 0.499514
139 0.499679
140 0.498871
141 0.500177
142 0.50014
143 0.49949
144 0.49949
145 0.500792
146 0.501277
147 0.500575
148 0.499146
149 0.498694
150 0.499578
151 0.499679
152 0.500205
153 0.500149
154 0.500098
155 0.499542
156 0.499519
157 0.49963
158 0.501228
159 0.499173
160 0.500378
161 0.499253
162 0.500308
163 0.500613
164 0.49982
165 0.501191
166 0.49994
167 0.500646
168 0.500607
169 0.499966
170 0.50073
171 0.500113
172 0.49948
173 0.499271
174 0.500962
175 0.49968
176 0.500007
177 0.500215
178 0.500622
179 0.50014
180 0.499369
181 0.499585
182 0.499255
183 0.501327
184 0.500941
185 0.499879
186 0.499521
187 0.500513
188 0.499697
189 0.500312
190 0.499453
191 0.501024
192 0.50068
193 0.500189
194 0.499364
195 0.499732
196 0.498909
197 0.500204
198 0.499719
199 0.500161
200 0.501258
201 0.500248
202 0.499711
203 0.500749
204 0.499991
205 0.499834
206 0.499747
207 0.49964
208 0.499682
209 0.499957
210 0.500265
211 0.500837
212 0.50052
213 0.500581
214 0.500278
215 0.499921
216 0.4997
217 0.499521
218 0.499447
219 0.500073
220 0.500417
221 0.500746
222 0.50002
223 0.499921
224 0.500177
225 0.500691
226 0.500305
227 0.500099
228 0.500206
229 0.501311
230 0.500213
231 0.499053
232 0.49974
233 0.500656
234 0.50024
235 0.499829
236 0.501362
237 0.499673
238 0.500473
239 0.499954
240 0.499835
241 0.501157
242 0.500205
243 0.49942
244 0.50016
245 0.500673
246 0.499697
247 0.499079
248 0.499873
249 0.499829
250 0.499393
251 0.49958
252 0.500573
253 0.500562
254 0.499247
255 0.499845
256 0.500393
257 0.501025
258 0.500179
259 0.501022
260 0.499504
261 0.500855
262 0.500427
263 0.499349
264 0.499946
265 0.500414
266 0.500596
267 0.499765
268 0.49858
269 0.500124
270 0.500923
271 0.500093
272 0.499251
273 0.49971
274 0.499776
275 0.499663
276 0.50078
277 0.499765
278 0.499585
279 0.499389
280 0.500005
281 0.500065
282 0.498891
283 0.4991
284 0.499815
285 0.500241
286 0.500033
287 0.500059
288 0.500293
289 0.500068
290 0.500366
291 0.499845
292 0.500296
293 0.499921
294 0.49969
295 0.500041
296 0.499831
297 0.499845
298 0.499006
299 0.500551
300 0.499934
