1 0.499004
2 0.49935
3 0.499625
4 0.499601
5 0.499747
6 0.499731
7 0.499802
8 0.499772
9 0.499822
10 0.49988
11 0.499833
12 0.499761
13 0.499801
14 0.499794
15 0.499781
16 0.499767
17 0.499807
18 0.49983
19 0.499838
20 0.499898
21 0.499909
22 0.499925
23 0.499913
24 0.499921
25 0.499922
26 0.499882
27 0.499882
28 0.499829
29 0.499793
30 0.499811
31 0.499829
32 0.499822
33 0.499859
34 0.499841
35 0.499873
36 0.499879
37 0.499858
38 0.499844
39 0.499842
40 0.499864
41 0.499888
42 0.499895
43 0.499882
44 0.499879
45 0.499904
46 0.499898
47 0.499922
48 0.499917
49 0.499924
50 0.499929
51 0.499933
52 0.499923
53 0.499929
54 0.49993
55 0.499933
56 0.499918
57 0.499915
58 0.499926
59 0.499928
60 0.499921
61 0.499927
62 0.499938
63 0.499934
64 0.499934
65 0.499935
66 0.499934
67 0.499941
68 0.499949
69 0.499959
70 0.49996
71 0.499952
72 0.499972
73 0.499978
74 0.499975
75 0.499983
76 0.499979
77 0.499985
78 0.499979
79 0.49998
80 0.499987
81 0.499999
82 0.49999
83 0.499988
84 0.499993
85 0.49999
86 0.499986
87 0.499984
88 0.499986
89 0.499978
90 0.499978
91 0.499962
92 0.499967
93 0.49997
94 0.499971
95 0.499957
96 0.499963
97 0.499957
98 0.499969
99 0.499965
100 0.499972
101 0.499983
102 0.49999
103 0.499983
104 0.499988
105 0.499998
106 0.499995
107 0.499989
108 0.499983
109 0.499976
110 0.499968
111 0.499959
112 0.49996
113 0.499961
114 0.499953
115 0.499944
116 0.499947
117 0.49995
118 0.499946
119 0.499954
120 0.499951
121 0.499946
122 0.499949
123 0.49995
124 0.49995
125 0.49995
126 0.499949
127 0.499955
128 0.499957
129 0.499955
130 0.499956
131 0.499966
132 0.499962
133 0.499956
134 0.49996
135 0.499958
136 0.499959
137 0.499958
138 0.499955
139 0.499954
140 0.499946
141 0.499948
142 0.499948
143 0.499945
144 0.499942
145 0.499948
146 0.499957
147 0.499961
148 0.499955
149 0.499947
150 0.499945
151 0.499944
152 0.499945
153 0.499946
154 0.499947
155 0.499945
156 0.499942
157 0.499939
158 0.499948
159 0.499942
160 0.499947
161 0.499941
162 0.499943
163 0.499948
164 0.499947
165 0.499955
166 0.499954
167 0.499959
168 0.499963
169 0.499963
170 0.499967
171 0.499968
172 0.499965
173 0.499961
174 0.499967
175 0.499965
176 0.499966
177 0.499967
178 0.49997
179 0.499972
180 0.499968
181 0.499966
182 0.499962
183 0.49997
184 0.499975
185 0.499974
186 0.499972
187 0.499975
188 0.499974
189 0.499975
190 0.499973
191 0.499978
192 0.499982
193 0.499983
194 0.49998
195 0.499978
196 0.499972
197 0.499974
198 0.499972
199 0.499974
200 0.49998
201 0.499981
202 0.499981
203 0.499984
204 0.499983
205 0.499983
206 0.499982
207 0.49998
208 0.499978
209 0.499978
210 0.49998
211 0.499984
212 0.499986
213 0.499989
214 0.49999
215 0.499991
216 0.49999
217 0.499987
218 0.499985
219 0.499985
220 0.499987
221 0.49999
222 0.499991
223 0.49999
224 0.499991
225 0.499994
226 0.499995
227 0.499995
228 0.499997
229 0.500002
230 0.500004
231 0.499999
232 0.499998
233 0.500001
234 0.500002
235 0.500001
236 0.500008
237 0.500006
238 0.500008
239 0.500008
240 0.500008
241 0.500012
242 0.500013
243 0.50001
244 0.500011
245 0.500014
246 0.500012
247 0.500009
248 0.500007
249 0.500007
250 0.500004
251 0.500003
252 0.500005
253 0.500007
254 0.500004
255 0.500004
256 0.500005
257 0.500009
258 0.50001
259 0.500014
260 0.500011
261 0.500015
262 0.500016
263 0.500014
264 0.500014
265 0.500015
266 0.500017
267 0.500016
268 0.500011
269 0.500011
270 0.500015
271 0.500015
272 0.500013
273 0.500011
274 0.50001
275 0.500009
276 0.500012
277 0.500011
278 0.50001
279 0.500008
280 0.500008
281 0.500008
282 0.500004
283 0.5
284 0.5
285 0.500001
286 0.500001
287 0.500001
288 0.500002
289 0.500002
290 0.500003
291 0.500003
292 0.500004
293 0.500004
294 0.500002
295 0.500003
296 0.500003
297 0.500002
298 0.499998
299 0.499999
300 0.5
