1 0.572959
2 0.573192
3 0.607971
4 0.609139
5 0.631788
6 0.633722
7 0.650036
8 0.652773
9 0.665533
10 0.668462
11 0.679602
12 0.682462
13 0.69124
14 0.693894
15 0.701634
16 0.703861
17 0.71118
18 0.713756
19 0.720117
20 0.722396
21 0.727482
22 0.729434
23 0.734571
24 0.736383
25 0.740911
26 0.743011
27 0.747123
28 0.749129
29 0.752626
30 0.754761
31 0.75835
32 0.760269
33 0.76335
34 0.765218
35 0.768453
36 0.769847
37 0.77272
38 0.774463
39 0.776976
40 0.778669
41 0.780994
42 0.782151
43 0.78457
44 0.785697
45 0.787686
46 0.788785
47 0.79082
48 0.792122
49 0.794066
50 0.795283
51 0.79721
52 0.798553
53 0.800114
54 0.80135
55 0.803046
56 0.804076
57 0.805942
58 0.80686
59 0.808316
60 0.809204
61 0.810386
62 0.811513
63 0.813002
64 0.813818
65 0.815326
66 0.816088
67 0.817398
68 0.818322
69 0.819696
70 0.820512
71 0.821864
72 0.822732
73 0.823873
74 0.824738
75 0.825992
76 0.827008
77 0.827851
78 0.828813
79 0.829844
80 0.830545
81 0.831639
82 0.832286
83 0.833217
84 0.83379
85 0.834653
86 0.835289
87 0.836213
88 0.836812
89 0.837663
90 0.838407
91 0.839368
92 0.839762
93 0.840773
94 0.841308
95 0.842299
96 0.842621
97 0.843432
98 0.843948
99 0.844856
100 0.845197
101 0.846023
102 0.846757
103 0.847466
104 0.847876
105 0.848654
106 0.849181
107 0.849815
108 0.850339
109 0.851018
110 0.851511
111 0.852108
112 0.852647
113 0.853186
114 0.853673
115 0.854165
116 0.854747
117 0.855529
118 0.855914
119 0.856654
120 0.857156
121 0.857664
122 0.858249
123 0.858905
124 0.859448
125 0.860036
126 0.860341
127 0.860968
128 0.861421
129 0.86192
130 0.862336
131 0.862908
132 0.863219
133 0.863641
134 0.86414
135 0.864751
136 0.865089
137 0.865604
138 0.865879
139 0.866368
140 0.866829
141 0.867357
142 0.867551
143 0.868159
144 0.868421
145 0.868632
146 0.869178
147 0.869677
148 0.869945
149 0.870459
150 0.870758
151 0.871274
152 0.871595
153 0.872057
154 0.872624
155 0.872886
156 0.873147
157 0.873763
158 0.874013
159 0.874503
160 0.874889
161 0.87541
162 0.875683
163 0.875974
164 0.876229
165 0.8767
166 0.876982
167 0.877443
168 0.877536
169 0.877987
170 0.878262
171 0.878601
172 0.878808
173 0.879184
174 0.879421
175 0.879672
176 0.880074
177 0.880352
178 0.88056
179 0.881096
180 0.881282
181 0.881695
182 0.881972
183 0.882257
184 0.882661
185 0.882958
186 0.883325
187 0.883786
188 0.883998
189 0.884358
190 0.884655
191 0.884809
192 0.885005
193 0.885248
194 0.885661
195 0.886048
196 0.886091
197 0.886456
198 0.8866
199 0.886996
200 0.88701
201 0.887485
202 0.8876
203 0.887864
204 0.88817
205 0.888437
206 0.888693
207 0.888834
208 0.889106
209 0.889353
210 0.889473
211 0.889578
212 0.889849
213 0.890177
214 0.890488
215 0.890612
216 0.890827
217 0.891077
218 0.891378
219 0.891624
220 0.891813
221 0.891996
222 0.892256
223 0.892504
224 0.892702
225 0.892937
226 0.893167
227 0.893286
228 0.893607
229 0.89392
230 0.894044
231 0.894262
232 0.89438
233 0.894677
234 0.894897
235 0.89524
236 0.895268
237 0.895522
238 0.8958
239 0.896004
240 0.896264
241 0.896378
242 0.896558
243 0.896727
244 0.896886
245 0.897189
246 0.897415
247 0.8976
248 0.897752
249 0.897922
250 0.898054
251 0.898254
252 0.898314
253 0.898592
254 0.898845
255 0.899098
256 0.89921
257 0.899504
258 0.899484
259 0.899888
260 0.899801
261 0.900086
262 0.900272
263 0.900512
264 0.900587
265 0.900741
266 0.900897
267 0.901154
268 0.901263
269 0.901555
270 0.901582
271 0.901904
272 0.901996
273 0.902244
274 0.90246
275 0.902683
276 0.902762
277 0.902855
278 0.903097
279 0.903273
280 0.903425
281 0.903535
282 0.903675
283 0.903836
284 0.904046
285 0.904257
286 0.904447
287 0.904558
288 0.904779
289 0.905072
290 0.905038
291 0.90533
292 0.905447
293 0.905589
294 0.905738
295 0.905872
296 0.90595
297 0.906122
298 0.906276
299 0.906412
300 0.906485
