1 0.5
2 0.359241
3 0.298128
4 0.26225
5 0.238134
6 0.220527
7 0.207018
8 0.196517
9 0.187665
10 0.180388
11 0.174156
12 0.1688
13 0.164191
14 0.159941
15 0.156522
16 0.153218
17 0.150409
18 0.147634
19 0.145244
20 0.143117
21 0.14084
22 0.139137
23 0.137383
24 0.135714
25 0.134257
26 0.132992
27 0.131586
28 0.130341
29 0.129452
30 0.128276
31 0.1272
32 0.126163
33 0.125273
34 0.124486
35 0.123604
36 0.122727
37 0.121927
38 0.12135
39 0.120693
40 0.120009
41 0.119401
42 0.118702
43 0.118151
44 0.11778
45 0.117161
46 0.116626
47 0.115997
48 0.11562
49 0.115216
50 0.114788
51 0.114336
52 0.11396
53 0.113664
54 0.113134
55 0.112922
56 0.112461
57 0.112094
58 0.111867
59 0.111409
60 0.111166
61 0.11087
62 0.110537
63 0.110124
64 0.109659
65 0.109781
66 0.10956
67 0.109237
68 0.10899
69 0.108709
70 0.108604
71 0.108284
72 0.107983
73 0.10783
74 0.107609
75 0.107384
76 0.107271
77 0.107061
78 0.106906
79 0.10679
80 0.106513
81 0.106311
82 0.106199
83 0.106087
84 0.105856
85 0.105667
86 0.105552
87 0.10541
88 0.105249
89 0.105093
90 0.105017
91 0.104819
92 0.104636
93 0.104556
94 0.104336
95 0.104276
96 0.104095
97 0.10395
98 0.10388
99 0.103797
100 0.103654
101 0.103498
102 0.103407
103 0.103201
104 0.103204
105 0.10309
106 0.103045
107 0.102955
108 0.102834
109 0.102665
110 0.102671
111 0.102474
112 0.102391
113 0.102361
114 0.102185
115 0.102129
116 0.102075
117 0.102011
118 0.101878
119 0.10185
120 0.101689
121 0.1016
122 0.101567
123 0.101454
124 0.101367
125 0.10123
126 0.101157
127 0.101071
128 0.100979
129 0.10102
130 0.100928
131 0.100902
132 0.100928
133 0.100721
134 0.10068
135 0.100616
136 0.100535
137 0.100555
138 0.100356
139 0.100215
140 0.100382
141 0.100192
142 0.100234
143 0.100087
144 0.100016
145 0.100027
146 0.0999378
147 0.0998083
148 0.0998452
149 0.0997459
150 0.0997081
151 0.0996695
152 0.0995908
153 0.0995371
154 0.0994968
155 0.099492
156 0.0993972
157 0.0993738
158 0.0993688
159 0.0993402
160 0.0992326
161 0.0991657
162 0.0991163
163 0.0990868
164 0.0990781
165 0.0990388
166 0.0989744
167 0.0989666
168 0.0988595
169 0.0987976
170 0.0987516
171 0.0986897
172 0.0986157
173 0.0986257
174 0.0986037
175 0.0985904
176 0.0985579
177 0.0985462
178 0.0985409
179 0.0984619
180 0.0983855
181 0.0982794
182 0.0983896
183 0.0983193
184 0.0982517
185 0.098123
186 0.0981324
187 0.0982101
188 0.0980687
189 0.0979786
190 0.0980344
191 0.0979643
192 0.0978402
193 0.0979976
194 0.0979094
195 0.0979205
196 0.0978943
197 0.0977375
198 0.0977854
199 0.0976631
200 0.0977229
201 0.0976355
202 0.0975938
203 0.0976506
204 0.0975402
205 0.0975728
206 0.0974208
207 0.0975023
208 0.0973918
209 0.0973814
210 0.097434
211 0.0973304
212 0.0973174
213 0.097242
214 0.0972656
215 0.0972196
216 0.0972593
217 0.0971715
218 0.097117
219 0.0972068
220 0.097146
221 0.0970727
222 0.0970424
223 0.0970515
224 0.0970105
225 0.0969387
226 0.0969945
227 0.0970168
228 0.0969134
229 0.0968732
230 0.0968285
231 0.0968591
232 0.0968554
233 0.0967647
234 0.0968103
235 0.0967193
236 0.0967051
237 0.096719
238 0.0966839
239 0.096624
240 0.0966263
241 0.0965898
242 0.0965475
243 0.096599
244 0.0965389
245 0.0966126
246 0.0965401
247 0.0965267
248 0.0965236
249 0.0964769
250 0.096453
251 0.0964176
252 0.0963819
253 0.0963941
254 0.0963536
255 0.0963216
256 0.0963799
257 0.0962777
258 0.0962722
259 0.0962541
260 0.0962309
261 0.0962325
262 0.0961626
263 0.0962286
264 0.0962372
265 0.0961407
266 0.0961773
267 0.0961951
268 0.0961274
269 0.0960565
270 0.0960707
271 0.0960409
272 0.0960328
273 0.0960046
274 0.096046
275 0.0960449
276 0.095973
277 0.0959552
278 0.0958248
279 0.0959642
280 0.0959564
281 0.0959299
282 0.095878
283 0.0958051
284 0.095892
285 0.095846
286 0.0958102
287 0.0957556
288 0.0957553
289 0.0957897
290 0.0957665
291 0.095698
292 0.0957472
293 0.095752
294 0.0956433
295 0.0956321
296 0.095688
297 0.0956122
298 0.0955953
299 0.0956625
300 0.095607
