1 0.499999
2 0.498727
3 0.497167
4 0.495078
5 0.49339
6 0.491738
7 0.489869
8 0.48833
9 0.486904
10 0.485826
11 0.484452
12 0.483435
13 0.482274
14 0.481315
15 0.480207
16 0.478877
17 0.477867
18 0.47685
19 0.476138
20 0.474616
21 0.474097
22 0.473271
23 0.472484
24 0.472048
25 0.471322
26 0.470725
27 0.469599
28 0.469175
29 0.468668
30 0.468221
31 0.467419
32 0.466627
33 0.466025
34 0.465384
35 0.464777
36 0.464663
37 0.464439
38 0.463692
39 0.463044
40 0.462314
41 0.462019
42 0.461861
43 0.461623
44 0.461089
45 0.460823
46 0.460487
47 0.460083
48 0.459456
49 0.459427
50 0.459249
51 0.458747
52 0.458498
53 0.458024
54 0.457389
55 0.457318
56 0.457244
57 0.456785
58 0.456246
59 0.45628
60 0.455999
61 0.455758
62 0.455606
63 0.455226
64 0.454951
65 0.4544
66 0.454477
67 0.45441
68 0.454445
69 0.453829
70 0.453719
71 0.453391
72 0.453255
73 0.452777
74 0.452493
75 0.452865
76 0.451961
77 0.451879
78 0.451904
79 0.451909
80 0.451373
81 0.451373
82 0.451069
83 0.451182
84 0.450592
85 0.450619
86 0.450357
87 0.450028
88 0.449708
89 0.449728
90 0.449467
91 0.449359
92 0.449309
93 0.449765
94 0.44941
95 0.448987
96 0.448917
97 0.448873
98 0.448406
99 0.448306
100 0.448201
101 0.447715
102 0.447497
103 0.447795
104 0.447524
105 0.44718
106 0.446594
107 0.44726
108 0.446445
109 0.446423
110 0.446588
111 0.445794
112 0.446738
113 0.445905
114 0.445941
115 0.44597
116 0.4455
117 0.445388
118 0.445284
119 0.445319
120 0.445179
121 0.444901
122 0.445031
123 0.445307
124 0.444568
125 0.444646
126 0.444667
127 0.444457
128 0.444376
129 0.443933
130 0.443921
131 0.443608
132 0.44351
133 0.443818
134 0.443726
135 0.443452
136 0.443451
137 0.443361
138 0.443662
139 0.443455
140 0.443198
141 0.442742
142 0.442757
143 0.442939
144 0.441968
145 0.442531
146 0.442156
147 0.442173
148 0.442035
149 0.442228
150 0.441478
151 0.441826
152 0.44158
153 0.441789
154 0.441496
155 0.441166
156 0.441198
157 0.440717
158 0.441269
159 0.440716
160 0.440548
161 0.440692
162 0.440553
163 0.440659
164 0.440536
165 0.440543
166 0.440008
167 0.440047
168 0.439556
169 0.439863
170 0.440279
171 0.43993
172 0.439901
173 0.439575
174 0.440023
175 0.439622
176 0.43952
177 0.439468
178 0.439194
179 0.43907
180 0.439445
181 0.439496
182 0.439171
183 0.439225
184 0.43924
185 0.43914
186 0.439131
187 0.438749
188 0.43843
189 0.438707
190 0.438252
191 0.438471
192 0.437953
193 0.438536
194 0.438614
195 0.43858
196 0.43843
197 0.438238
198 0.438453
199 0.438066
200 0.438123
201 0.437911
202 0.437993
203 0.437965
204 0.437866
205 0.437829
206 0.437564
207 0.437621
208 0.437855
209 0.437379
210 0.4375
211 0.437658
212 0.437029
213 0.43723
214 0.436971
215 0.436718
216 0.437276
217 0.437345
218 0.436599
219 0.436976
220 0.436783
221 0.436446
222 0.436731
223 0.436755
224 0.436829
225 0.43701
226 0.43684
227 0.436604
228 0.436015
229 0.436305
230 0.436244
231 0.436125
232 0.436462
233 0.436655
234 0.436149
235 0.436224
236 0.436226
237 0.436136
238 0.435751
239 0.43606
240 0.435674
241 0.435958
242 0.436546
243 0.436095
244 0.435989
245 0.435941
246 0.435752
247 0.435815
248 0.435783
249 0.435446
250 0.435514
251 0.435924
252 0.435318
253 0.435525
254 0.435418
255 0.435833
256 0.43534
257 0.435324
258 0.435338
259 0.435247
260 0.435055
261 0.435389
262 0.435205
263 0.435361
264 0.43532
265 0.434774
266 0.434556
267 0.435078
268 0.434747
269 0.434715
270 0.434701
271 0.435183
272 0.43517
273 0.434639
274 0.434478
275 0.434687
276 0.435151
277 0.434892
278 0.434348
279 0.43438
280 0.434609
281 0.434478
282 0.434117
283 0.433689
284 0.434253
285 0.433954
286 0.434192
287 0.434224
288 0.434471
289 0.434012
290 0.434334
291 0.433822
292 0.433965
293 0.434011
294 0.434328
295 0.433987
296 0.433895
297 0.433963
298 0.43386
299 0.433709
300 0.433662
