1 0.284175
2 0.266344
3 0.254427
4 0.244317
5 0.235829
6 0.228674
7 0.22217
8 0.216496
9 0.211416
10 0.206815
11 0.202636
12 0.198752
13 0.195131
14 0.191787
15 0.188602
16 0.185611
17 0.182756
18 0.180022
19 0.177438
20 0.174934
21 0.172537
22 0.17024
23 0.168077
24 0.166039
25 0.164107
26 0.162235
27 0.160411
28 0.158652
29 0.156959
30 0.155331
31 0.153766
32 0.152236
33 0.150743
34 0.149295
35 0.147886
36 0.146524
37 0.145216
38 0.14394
39 0.142697
40 0.141483
41 0.140299
42 0.139149
43 0.138033
44 0.136954
45 0.135899
46 0.134874
47 0.13388
48 0.132908
49 0.131958
50 0.131034
51 0.130131
52 0.12925
53 0.128382
54 0.127536
55 0.126708
56 0.125898
57 0.125103
58 0.124323
59 0.123559
60 0.122814
61 0.122084
62 0.121369
63 0.120667
64 0.119978
65 0.119304
66 0.118643
67 0.117993
68 0.117355
69 0.116727
70 0.116112
71 0.115506
72 0.114912
73 0.114328
74 0.113751
75 0.113184
76 0.112625
77 0.112076
78 0.111537
79 0.111006
80 0.110482
81 0.109968
82 0.10946
83 0.108961
84 0.108468
85 0.107982
86 0.107501
87 0.107028
88 0.10656
89 0.106097
90 0.105642
91 0.105192
92 0.10475
93 0.104318
94 0.103892
95 0.103472
96 0.103056
97 0.102645
98 0.102238
99 0.101835
100 0.101438
101 0.101045
102 0.100656
103 0.100271
104 0.0998906
105 0.0995167
106 0.0991463
107 0.0987792
108 0.0984137
109 0.0980513
110 0.0976932
111 0.0973393
112 0.0969888
113 0.0966438
114 0.0963029
115 0.095966
116 0.0956318
117 0.0952995
118 0.094971
119 0.0946476
120 0.0943299
121 0.0940156
122 0.0937038
123 0.0933955
124 0.0930909
125 0.0927903
126 0.0924919
127 0.0921962
128 0.0919028
129 0.0916112
130 0.0913224
131 0.0910364
132 0.0907525
133 0.0904718
134 0.0901942
135 0.0899182
136 0.0896449
137 0.0893737
138 0.089105
139 0.0888397
140 0.0885759
141 0.0883156
142 0.0880573
143 0.0878013
144 0.0875466
145 0.087293
146 0.087042
147 0.0867929
148 0.0865456
149 0.0863008
150 0.0860581
151 0.0858166
152 0.0855766
153 0.0853392
154 0.0851048
155 0.0848718
156 0.0846409
157 0.0844117
158 0.0841832
159 0.0839571
160 0.0837312
161 0.0835072
162 0.0832848
163 0.0830652
164 0.0828478
165 0.0826322
166 0.082418
167 0.0822051
168 0.081993
169 0.0817823
170 0.0815731
171 0.0813654
172 0.0811589
173 0.0809545
174 0.0807517
175 0.0805508
176 0.0803511
177 0.080153
178 0.0799568
179 0.0797628
180 0.0795705
181 0.0793799
182 0.0791903
183 0.0790023
184 0.0788155
185 0.0786301
186 0.0784461
187 0.0782633
188 0.0780818
189 0.0779019
190 0.0777234
191 0.0775461
192 0.0773703
193 0.0771958
194 0.0770225
195 0.0768502
196 0.076679
197 0.0765094
198 0.0763408
199 0.0761742
200 0.0760089
201 0.0758445
202 0.075682
203 0.0755202
204 0.0753596
205 0.0751995
206 0.0750401
207 0.0748817
208 0.0747242
209 0.0745674
210 0.074411
211 0.0742555
212 0.0741008
213 0.0739482
214 0.0737966
215 0.0736458
216 0.0734957
217 0.0733468
218 0.0731985
219 0.0730509
220 0.0729042
221 0.0727587
222 0.0726144
223 0.0724707
224 0.0723276
225 0.0721855
226 0.0720444
227 0.0719041
228 0.0717645
229 0.071626
230 0.0714884
231 0.0713513
232 0.0712151
233 0.0710801
234 0.0709458
235 0.0708123
236 0.0706799
237 0.0705482
238 0.0704172
239 0.0702872
240 0.0701578
241 0.0700292
242 0.0699015
243 0.0697748
244 0.0696491
245 0.0695243
246 0.0693998
247 0.0692758
248 0.0691528
249 0.0690301
250 0.0689082
251 0.0687869
252 0.0686662
253 0.0685464
254 0.0684272
255 0.0683085
256 0.0681905
257 0.0680733
258 0.067957
259 0.0678413
260 0.0677262
261 0.0676118
262 0.0674981
263 0.0673849
264 0.067272
265 0.06716
266 0.0670485
267 0.066938
268 0.0668283
269 0.0667189
270 0.0666101
271 0.066502
272 0.0663941
273 0.0662867
274 0.0661797
275 0.0660731
276 0.0659672
277 0.065862
278 0.0657574
279 0.0656531
280 0.0655495
281 0.0654458
282 0.065343
283 0.0652406
284 0.0651388
285 0.0650373
286 0.0649364
287 0.0648359
288 0.0647356
289 0.0646363
290 0.0645373
291 0.0644388
292 0.0643407
293 0.0642428
294 0.0641453
295 0.0640482
296 0.0639518
297 0.0638562
298 0.0637608
299 0.063666
300 0.0635714
