1 0.284175
2 0.248513
3 0.230595
4 0.213984
5 0.201878
6 0.192901
7 0.183146
8 0.176775
9 0.170782
10 0.165404
11 0.160849
12 0.156027
13 0.151672
14 0.148323
15 0.144002
16 0.140754
17 0.137066
18 0.133557
19 0.130912
20 0.127365
21 0.124597
22 0.122001
23 0.120502
24 0.119149
25 0.117744
26 0.115437
27 0.112999
28 0.111155
29 0.109549
30 0.108118
31 0.106812
32 0.104797
33 0.102965
34 0.101524
35 0.0999672
36 0.0988628
37 0.0981201
38 0.096746
39 0.0954679
40 0.0941276
41 0.0929555
42 0.0919929
43 0.091164
44 0.0905295
45 0.0895141
46 0.0887184
47 0.0881846
48 0.0872082
49 0.0863548
50 0.0857801
51 0.0849449
52 0.0843321
53 0.0832493
54 0.0826921
55 0.0820025
56 0.0813306
57 0.0806087
58 0.079858
59 0.0792312
60 0.078841
61 0.078308
62 0.0777462
63 0.0771736
64 0.0765822
65 0.0761631
66 0.0756613
67 0.0750924
68 0.0745878
69 0.0740429
70 0.073645
71 0.0731121
72 0.0727554
73 0.0722487
74 0.0716383
75 0.0712592
76 0.0706984
77 0.070356
78 0.0700161
79 0.0695457
80 0.0691315
81 0.0688028
82 0.0683552
83 0.067991
84 0.0675465
85 0.0671779
86 0.0666752
87 0.0663049
88 0.0658069
89 0.0653872
90 0.0651299
91 0.0647039
92 0.064521
93 0.0646138
94 0.0642215
95 0.0639924
96 0.0635408
97 0.0632374
98 0.0627414
99 0.0623301
100 0.0621024
101 0.061804
102 0.0613001
103 0.0610695
104 0.0606942
105 0.0606325
106 0.0602449
107 0.0598665
108 0.059309
109 0.0589176
110 0.0586546
111 0.0584122
112 0.0580836
113 0.0580065
114 0.0577801
115 0.0575602
116 0.0571993
117 0.056747
118 0.0565435
119 0.0564764
120 0.0565261
121 0.0563038
122 0.0559778
123 0.0557784
124 0.0556259
125 0.0555142
126 0.0551893
127 0.0549467
128 0.0546344
129 0.0542842
130 0.0540766
131 0.0538479
132 0.0535675
133 0.0534137
134 0.0532715
135 0.0529342
136 0.0527516
137 0.0524943
138 0.0522932
139 0.0522232
140 0.0519166
141 0.051872
142 0.0516363
143 0.0514473
144 0.0511257
145 0.0507737
146 0.0506496
147 0.0504204
148 0.0501922
149 0.0500775
150 0.0498884
151 0.0495856
152 0.049338
153 0.0492624
154 0.0492454
155 0.0489904
156 0.0488408
157 0.0486542
158 0.0483214
159 0.0482241
160 0.0478175
161 0.0476617
162 0.0474876
163 0.0474782
164 0.0474176
165 0.0472757
166 0.0470772
167 0.0468567
168 0.0465758
169 0.0463798
170 0.0462278
171 0.0460459
172 0.0458459
173 0.0458101
174 0.0456691
175 0.0455823
176 0.0454008
177 0.04529
178 0.0452393
179 0.0452277
180 0.0451449
181 0.0450682
182 0.0448843
183 0.0447841
184 0.0446209
185 0.0445192
186 0.0444152
187 0.0442619
188 0.0441276
189 0.0440909
190 0.0439786
191 0.0438696
192 0.0437945
193 0.0436833
194 0.0435806
195 0.0434158
196 0.0432938
197 0.0432787
198 0.0431298
199 0.0431773
200 0.0431136
201 0.0429743
202 0.0430086
203 0.0428431
204 0.0427579
205 0.0425453
206 0.0423567
207 0.0422572
208 0.0421094
209 0.0419659
210 0.041725
211 0.0415968
212 0.0414556
213 0.0415974
214 0.0414969
215 0.0413906
216 0.0412197
217 0.0411879
218 0.0410096
219 0.0408723
220 0.0407834
221 0.0407436
222 0.0407233
223 0.0405704
224 0.0404225
225 0.0403485
226 0.0403074
227 0.0401971
228 0.0400753
229 0.0400318
230 0.0399929
231 0.0398127
232 0.0397436
233 0.039771
234 0.0396536
235 0.0395751
236 0.0395506
237 0.0394722
238 0.0393823
239 0.0393359
240 0.0392446
241 0.0391537
242 0.0391336
243 0.0391102
244 0.039107
245 0.0390633
246 0.0388894
247 0.0387871
248 0.0387576
249 0.0386164
250 0.0385403
251 0.0384775
252 0.0383742
253 0.0383379
254 0.0382719
255 0.0381548
256 0.0381092
257 0.038058
258 0.0380687
259 0.0380047
260 0.0379191
261 0.0378693
262 0.0378202
263 0.037719
264 0.0375793
265 0.0375856
266 0.0375088
267 0.0375435
268 0.0375353
269 0.0374107
270 0.0373328
271 0.0373102
272 0.0371625
273 0.0370816
274 0.0369663
275 0.0368596
276 0.0368402
277 0.0368384
278 0.0367669
279 0.0366729
280 0.0366442
281 0.0364107
282 0.0364535
283 0.0363501
284 0.0363444
285 0.0362188
286 0.03618
287 0.0360772
288 0.0359479
289 0.0360454
290 0.0359313
291 0.0358746
292 0.0357723
293 0.0356775
294 0.0355672
295 0.0355143
296 0.0355107
297 0.0355618
298 0.0354072
299 0.0354367
300 0.0352639
