1 0.099872
2 0.115468
3 0.128109
4 0.139181
5 0.149116
6 0.158198
7 0.166749
8 0.174753
9 0.182349
10 0.18963
11 0.196556
12 0.203223
13 0.209664
14 0.215819
15 0.221751
16 0.227471
17 0.233023
18 0.238408
19 0.243592
20 0.248626
21 0.253495
22 0.258219
23 0.262766
24 0.267146
25 0.271367
26 0.275483
27 0.279499
28 0.283392
29 0.287186
30 0.290872
31 0.294441
32 0.297934
33 0.301365
34 0.304708
35 0.307986
36 0.311178
37 0.31428
38 0.31732
39 0.320302
40 0.323228
41 0.326088
42 0.328889
43 0.331624
44 0.334299
45 0.336922
46 0.339484
47 0.341993
48 0.344458
49 0.346877
50 0.349252
51 0.351581
52 0.353863
53 0.356119
54 0.358327
55 0.360495
56 0.362627
57 0.364726
58 0.366793
59 0.368827
60 0.370823
61 0.37278
62 0.374713
63 0.376617
64 0.378499
65 0.380355
66 0.382178
67 0.383977
68 0.385747
69 0.387489
70 0.389207
71 0.390906
72 0.392577
73 0.394225
74 0.395854
75 0.397458
76 0.399046
77 0.400612
78 0.402156
79 0.403681
80 0.405187
81 0.406677
82 0.408151
83 0.409612
84 0.411056
85 0.412481
86 0.413895
87 0.415291
88 0.41667
89 0.418036
90 0.419389
91 0.420725
92 0.422044
93 0.423345
94 0.42463
95 0.4259
96 0.427158
97 0.428402
98 0.429633
99 0.430855
100 0.432064
101 0.433259
102 0.434444
103 0.435616
104 0.436779
105 0.437926
106 0.439066
107 0.440199
108 0.441324
109 0.442443
110 0.443551
111 0.44465
112 0.445742
113 0.446821
114 0.44789
115 0.448946
116 0.449996
117 0.451039
118 0.452074
119 0.453098
120 0.454108
121 0.455111
122 0.456107
123 0.457096
124 0.458075
125 0.459045
126 0.46001
127 0.460965
128 0.461915
129 0.462859
130 0.463795
131 0.464724
132 0.465646
133 0.466559
134 0.467463
135 0.468362
136 0.469253
137 0.470137
138 0.471017
139 0.471886
140 0.47275
141 0.473608
142 0.47446
143 0.475307
144 0.476148
145 0.476986
146 0.477818
147 0.478645
148 0.479467
149 0.480281
150 0.481092
151 0.481899
152 0.482703
153 0.483499
154 0.484288
155 0.485074
156 0.485854
157 0.486629
158 0.487401
159 0.488167
160 0.48893
161 0.489688
162 0.490442
163 0.491189
164 0.491931
165 0.492668
166 0.4934
167 0.494128
168 0.494853
169 0.495575
170 0.496293
171 0.497006
172 0.497715
173 0.498419
174 0.49912
175 0.499816
176 0.500509
177 0.501196
178 0.501878
179 0.502555
180 0.503227
181 0.503894
182 0.504557
183 0.505216
184 0.505871
185 0.506522
186 0.507168
187 0.507812
188 0.50845
189 0.509083
190 0.509712
191 0.510335
192 0.510955
193 0.511571
194 0.512184
195 0.512792
196 0.513396
197 0.513998
198 0.514597
199 0.515192
200 0.515783
201 0.51637
202 0.516953
203 0.517533
204 0.518111
205 0.518686
206 0.519259
207 0.519829
208 0.520396
209 0.520961
210 0.521523
211 0.522082
212 0.522639
213 0.523193
214 0.523745
215 0.524293
216 0.524837
217 0.525379
218 0.525918
219 0.526455
220 0.526989
221 0.527521
222 0.528049
223 0.528575
224 0.529099
225 0.52962
226 0.530139
227 0.530653
228 0.531166
229 0.531677
230 0.532185
231 0.532692
232 0.533195
233 0.533694
234 0.534191
235 0.534686
236 0.535178
237 0.535667
238 0.536154
239 0.536638
240 0.537119
241 0.537598
242 0.538074
243 0.538547
244 0.539017
245 0.539486
246 0.539953
247 0.540419
248 0.540882
249 0.541343
250 0.541802
251 0.542258
252 0.542712
253 0.543164
254 0.543613
255 0.544061
256 0.544505
257 0.544948
258 0.545388
259 0.545826
260 0.546261
261 0.546695
262 0.547127
263 0.547558
264 0.547987
265 0.548414
266 0.548839
267 0.549262
268 0.549683
269 0.550102
270 0.550519
271 0.550933
272 0.551346
273 0.551758
274 0.552168
275 0.552577
276 0.552984
277 0.55339
278 0.553792
279 0.554194
280 0.554592
281 0.55499
282 0.555385
283 0.555779
284 0.556171
285 0.556562
286 0.556952
287 0.55734
288 0.557727
289 0.558112
290 0.558496
291 0.558877
292 0.559257
293 0.559637
294 0.560016
295 0.560393
296 0.560768
297 0.561142
298 0.561514
299 0.561884
300 0.562254
