1 0.499999
2 0.365495
3 0.30743
4 0.273252
5 0.2505
6 0.233803
7 0.221024
8 0.210856
9 0.202515
10 0.195488
11 0.189579
12 0.184496
13 0.180132
14 0.1762
15 0.172756
16 0.16966
17 0.166813
18 0.164218
19 0.161799
20 0.159602
21 0.157576
22 0.155764
23 0.154076
24 0.152549
25 0.151106
26 0.149715
27 0.148463
28 0.147272
29 0.146179
30 0.145129
31 0.144118
32 0.143171
33 0.142303
34 0.141483
35 0.140691
36 0.139927
37 0.139197
38 0.138499
39 0.137853
40 0.137226
41 0.136615
42 0.136031
43 0.135492
44 0.134966
45 0.134451
46 0.133961
47 0.133489
48 0.133028
49 0.132593
50 0.13217
51 0.131766
52 0.131365
53 0.13096
54 0.130587
55 0.130224
56 0.129852
57 0.129511
58 0.129182
59 0.12886
60 0.128555
61 0.128258
62 0.127959
63 0.127675
64 0.127394
65 0.12712
66 0.12684
67 0.126588
68 0.126322
69 0.126065
70 0.125806
71 0.125566
72 0.125336
73 0.125095
74 0.124851
75 0.124638
76 0.124414
77 0.124207
78 0.124008
79 0.123807
80 0.123605
81 0.123406
82 0.123218
83 0.123025
84 0.122832
85 0.122645
86 0.122468
87 0.122288
88 0.122106
89 0.121931
90 0.121762
91 0.12159
92 0.121415
93 0.121251
94 0.121087
95 0.120926
96 0.120767
97 0.12062
98 0.120468
99 0.120322
100 0.120172
101 0.120023
102 0.119874
103 0.119728
104 0.119586
105 0.119445
106 0.119297
107 0.119154
108 0.119016
109 0.118878
110 0.118747
111 0.118613
112 0.118491
113 0.118363
114 0.118228
115 0.118098
116 0.117971
117 0.11785
118 0.117731
119 0.117606
120 0.117485
121 0.117361
122 0.117242
123 0.11713
124 0.117015
125 0.116906
126 0.116797
127 0.116684
128 0.11658
129 0.116473
130 0.116368
131 0.116258
132 0.116153
133 0.11605
134 0.115941
135 0.115839
136 0.115737
137 0.115631
138 0.11553
139 0.115431
140 0.115334
141 0.115232
142 0.11513
143 0.115035
144 0.114941
145 0.114848
146 0.114758
147 0.114671
148 0.114581
149 0.114486
150 0.114396
151 0.11431
152 0.114224
153 0.114137
154 0.114049
155 0.113965
156 0.113881
157 0.113796
158 0.113713
159 0.113628
160 0.113546
161 0.113464
162 0.113384
163 0.1133
164 0.113217
165 0.113137
166 0.11306
167 0.112977
168 0.112899
169 0.112821
170 0.112751
171 0.112672
172 0.112596
173 0.11252
174 0.112445
175 0.11237
176 0.112294
177 0.112218
178 0.112143
179 0.112069
180 0.112
181 0.111927
182 0.111857
183 0.111788
184 0.11172
185 0.11165
186 0.11158
187 0.111512
188 0.11144
189 0.111364
190 0.111292
191 0.111229
192 0.111161
193 0.111089
194 0.111024
195 0.110957
196 0.110891
197 0.110825
198 0.11076
199 0.110691
200 0.110628
201 0.110558
202 0.110487
203 0.110422
204 0.110355
205 0.110289
206 0.110226
207 0.110161
208 0.110101
209 0.110041
210 0.109982
211 0.109921
212 0.10986
213 0.109796
214 0.109734
215 0.109675
216 0.109617
217 0.109558
218 0.109497
219 0.109441
220 0.109384
221 0.109325
222 0.109269
223 0.109214
224 0.109156
225 0.1091
226 0.109044
227 0.10899
228 0.108931
229 0.108877
230 0.108819
231 0.108764
232 0.108708
233 0.108656
234 0.108601
235 0.108548
236 0.108492
237 0.108436
238 0.108385
239 0.108332
240 0.108282
241 0.10823
242 0.108178
243 0.108126
244 0.108075
245 0.108027
246 0.107978
247 0.107928
248 0.107876
249 0.107827
250 0.107779
251 0.107732
252 0.107679
253 0.10763
254 0.107582
255 0.107536
256 0.107487
257 0.10744
258 0.107393
259 0.107347
260 0.1073
261 0.107255
262 0.107209
263 0.107161
264 0.107115
265 0.10707
266 0.107023
267 0.106978
268 0.106935
269 0.106888
270 0.106843
271 0.106798
272 0.106757
273 0.106711
274 0.10667
275 0.106628
276 0.106586
277 0.106544
278 0.106502
279 0.10646
280 0.106417
281 0.106377
282 0.106334
283 0.106291
284 0.106249
285 0.106204
286 0.106163
287 0.106122
288 0.10608
289 0.106041
290 0.105999
291 0.105961
292 0.10592
293 0.105879
294 0.105839
295 0.1058
296 0.105764
297 0.105727
298 0.105687
299 0.105648
300 0.105612
