1 0.498981
2 0.517321
3 0.529265
4 0.539445
5 0.547763
6 0.55489
7 0.561354
8 0.56711
9 0.572286
10 0.576878
11 0.581137
12 0.585012
13 0.588623
14 0.591965
15 0.59512
16 0.598162
17 0.601042
18 0.603783
19 0.606354
20 0.6089
21 0.611279
22 0.613552
23 0.615727
24 0.617774
25 0.619739
26 0.621617
27 0.623472
28 0.625235
29 0.626924
30 0.62854
31 0.630121
32 0.631668
33 0.633168
34 0.634628
35 0.636048
36 0.637398
37 0.638689
38 0.639962
39 0.641211
40 0.642442
41 0.64363
42 0.64477
43 0.645871
44 0.646951
45 0.647997
46 0.649015
47 0.650009
48 0.650993
49 0.651938
50 0.652854
51 0.653756
52 0.654635
53 0.655501
54 0.656362
55 0.657194
56 0.658
57 0.658795
58 0.659584
59 0.660345
60 0.661091
61 0.661821
62 0.662533
63 0.663236
64 0.663926
65 0.664614
66 0.665278
67 0.665924
68 0.666551
69 0.667178
70 0.667791
71 0.668397
72 0.66899
73 0.669581
74 0.670164
75 0.670721
76 0.671288
77 0.671843
78 0.672384
79 0.67291
80 0.673437
81 0.673951
82 0.674461
83 0.674955
84 0.675452
85 0.675937
86 0.676417
87 0.676894
88 0.677367
89 0.677829
90 0.678287
91 0.678737
92 0.679179
93 0.679601
94 0.680022
95 0.680443
96 0.680857
97 0.681263
98 0.681671
99 0.682072
100 0.682468
101 0.682865
102 0.683259
103 0.683639
104 0.684018
105 0.684395
106 0.684777
107 0.685139
108 0.685509
109 0.685873
110 0.686228
111 0.68659
112 0.686929
113 0.687276
114 0.687617
115 0.687952
116 0.688288
117 0.688621
118 0.68895
119 0.689273
120 0.689592
121 0.689911
122 0.690223
123 0.690525
124 0.690834
125 0.691137
126 0.691434
127 0.69173
128 0.692023
129 0.692318
130 0.692608
131 0.692899
132 0.693186
133 0.693465
134 0.693741
135 0.694017
136 0.694289
137 0.694558
138 0.694819
139 0.695079
140 0.695339
141 0.695601
142 0.69586
143 0.696112
144 0.696374
145 0.696625
146 0.696877
147 0.697126
148 0.697373
149 0.697614
150 0.697861
151 0.698101
152 0.698341
153 0.698575
154 0.698809
155 0.699045
156 0.699277
157 0.699512
158 0.699737
159 0.699966
160 0.700194
161 0.700418
162 0.700641
163 0.700859
164 0.701076
165 0.701291
166 0.701509
167 0.701724
168 0.701942
169 0.702154
170 0.702358
171 0.702565
172 0.702769
173 0.702974
174 0.703172
175 0.703372
176 0.703571
177 0.703768
178 0.703966
179 0.704163
180 0.704354
181 0.704542
182 0.704731
183 0.704918
184 0.705103
185 0.705286
186 0.705468
187 0.705652
188 0.705836
189 0.706016
190 0.706199
191 0.706377
192 0.706559
193 0.706733
194 0.706905
195 0.707075
196 0.707245
197 0.707415
198 0.707581
199 0.707749
200 0.707915
201 0.708081
202 0.708245
203 0.708408
204 0.708569
205 0.70873
206 0.708891
207 0.70905
208 0.709206
209 0.709364
210 0.70952
211 0.709673
212 0.70983
213 0.709983
214 0.710138
215 0.710293
216 0.710442
217 0.710589
218 0.71074
219 0.710888
220 0.711035
221 0.711184
222 0.71133
223 0.711473
224 0.711615
225 0.711755
226 0.711894
227 0.712034
228 0.712177
229 0.712317
230 0.712456
231 0.712595
232 0.71273
233 0.712863
234 0.712998
235 0.713131
236 0.713264
237 0.713396
238 0.713529
239 0.713659
240 0.713791
241 0.71392
242 0.714044
243 0.714169
244 0.714295
245 0.714419
246 0.714545
247 0.714668
248 0.714791
249 0.714915
250 0.715038
251 0.715157
252 0.715279
253 0.715399
254 0.715519
255 0.715635
256 0.715753
257 0.71587
258 0.715987
259 0.716103
260 0.71622
261 0.716333
262 0.716447
263 0.716559
264 0.71667
265 0.716785
266 0.716899
267 0.71701
268 0.717122
269 0.717233
270 0.717343
271 0.71745
272 0.717556
273 0.717664
274 0.717773
275 0.717879
276 0.717982
277 0.718086
278 0.718192
279 0.718298
280 0.718401
281 0.718504
282 0.718609
283 0.718716
284 0.718819
285 0.718922
286 0.719024
287 0.719124
288 0.719223
289 0.719323
290 0.719421
291 0.719521
292 0.71962
293 0.719718
294 0.719813
295 0.71991
296 0.720006
297 0.720102
298 0.720197
299 0.720293
300 0.720388
