1 0.299791
2 0.300695
3 0.299928
4 0.300234
5 0.335803
6 0.340825
7 0.342267
8 0.343906
9 0.349477
10 0.351786
11 0.353152
12 0.358022
13 0.36159
14 0.364855
15 0.36764
16 0.373263
17 0.376126
18 0.378907
19 0.382566
20 0.385389
21 0.388321
22 0.392348
23 0.395704
24 0.399146
25 0.400964
26 0.404791
27 0.408022
28 0.410213
29 0.412482
30 0.414444
31 0.416553
32 0.419117
33 0.421522
34 0.422823
35 0.425602
36 0.42739
37 0.429347
38 0.431445
39 0.432859
40 0.434794
41 0.435887
42 0.437934
43 0.438583
44 0.439797
45 0.442
46 0.442721
47 0.443749
48 0.445809
49 0.446983
50 0.448185
51 0.44865
52 0.449443
53 0.449961
54 0.452105
55 0.45218
56 0.454279
57 0.453439
58 0.455591
59 0.455551
60 0.457472
61 0.458135
62 0.4583
63 0.459897
64 0.461854
65 0.4613
66 0.461785
67 0.463582
68 0.463909
69 0.464531
70 0.465159
71 0.467163
72 0.466954
73 0.467439
74 0.467971
75 0.468992
76 0.46905
77 0.470454
78 0.470418
79 0.47153
80 0.471112
81 0.472862
82 0.472468
83 0.474065
84 0.474762
85 0.474314
86 0.476126
87 0.475193
88 0.475968
89 0.476825
90 0.477722
91 0.477809
92 0.478707
93 0.479559
94 0.478978
95 0.48094
96 0.480913
97 0.481156
98 0.481656
99 0.481236
100 0.48268
101 0.482895
102 0.484016
103 0.483196
104 0.484325
105 0.48489
106 0.485175
107 0.485539
108 0.486106
109 0.486704
110 0.486091
111 0.486882
112 0.487914
113 0.487801
114 0.487971
115 0.487573
116 0.488363
117 0.489286
118 0.489547
119 0.488768
120 0.489416
121 0.489906
122 0.489908
123 0.48981
124 0.490293
125 0.491147
126 0.49145
127 0.490796
128 0.492113
129 0.491174
130 0.491579
131 0.491278
132 0.491814
133 0.49201
134 0.490745
135 0.491736
136 0.49269
137 0.493018
138 0.493147
139 0.493381
140 0.492606
141 0.493353
142 0.492537
143 0.494994
144 0.493588
145 0.49449
146 0.494138
147 0.493975
148 0.494339
149 0.494658
150 0.495555
151 0.495324
152 0.49559
153 0.496389
154 0.494816
155 0.495624
156 0.495124
157 0.495179
158 0.495832
159 0.495157
160 0.496786
161 0.496164
162 0.495568
163 0.497021
164 0.496673
165 0.497308
166 0.497207
167 0.497013
168 0.496805
169 0.497107
170 0.496736
171 0.497169
172 0.49763
173 0.497269
174 0.49852
175 0.497425
176 0.497738
177 0.497091
178 0.497336
179 0.498219
180 0.498813
181 0.497694
182 0.498898
183 0.498099
184 0.498517
185 0.499046
186 0.498926
187 0.499818
188 0.498604
189 0.49886
190 0.498889
191 0.499201
192 0.499413
193 0.499843
194 0.500147
195 0.499629
196 0.500034
197 0.499523
198 0.498794
199 0.50001
200 0.50009
201 0.500958
202 0.500245
203 0.500549
204 0.50066
205 0.500769
206 0.501301
207 0.502221
208 0.500481
209 0.500198
210 0.501419
211 0.50059
212 0.501218
213 0.501181
214 0.501976
215 0.503012
216 0.502303
217 0.502354
218 0.502454
219 0.502551
220 0.503275
221 0.503016
222 0.502024
223 0.503569
224 0.503367
225 0.503601
226 0.503081
227 0.504488
228 0.502577
229 0.503328
230 0.505258
231 0.503859
232 0.504126
233 0.505015
234 0.505374
235 0.505095
236 0.505246
237 0.504664
238 0.505471
239 0.504891
240 0.505434
241 0.506151
242 0.505032
243 0.506472
244 0.506402
245 0.505847
246 0.505869
247 0.506988
248 0.506287
249 0.506736
250 0.506425
251 0.506804
252 0.506144
253 0.50729
254 0.507051
255 0.50674
256 0.507588
257 0.507654
258 0.507822
259 0.507326
260 0.507618
261 0.508566
262 0.508066
263 0.508241
264 0.508431
265 0.509078
266 0.508673
267 0.507991
268 0.508896
269 0.508389
270 0.509291
271 0.509462
272 0.508789
273 0.509912
274 0.50881
275 0.509323
276 0.509522
277 0.50972
278 0.5101
279 0.509923
280 0.510399
281 0.509982
282 0.510102
283 0.50991
284 0.511217
285 0.511015
286 0.509953
287 0.510601
288 0.510896
289 0.511972
290 0.510528
291 0.510553
292 0.511859
293 0.511169
294 0.51147
295 0.512689
296 0.512885
297 0.512349
298 0.512291
299 0.512327
300 0.511446
