1 0.299791
2 0.300218
3 0.300094
4 0.300043
5 0.307193
6 0.312498
7 0.31674
8 0.318679
9 0.32065
10 0.323276
11 0.324843
12 0.327624
13 0.330166
14 0.331228
15 0.333221
16 0.335255
17 0.336207
18 0.337683
19 0.339437
20 0.341101
21 0.342561
22 0.344317
23 0.345877
24 0.347737
25 0.349211
26 0.351022
27 0.352688
28 0.354239
29 0.355814
30 0.357215
31 0.358728
32 0.360098
33 0.361417
34 0.362619
35 0.363803
36 0.364956
37 0.366004
38 0.367082
39 0.368035
40 0.368984
41 0.369917
42 0.37095
43 0.37204
44 0.372855
45 0.374135
46 0.375137
47 0.376149
48 0.377146
49 0.378108
50 0.379117
51 0.379967
52 0.380875
53 0.381914
54 0.38278
55 0.383673
56 0.384519
57 0.385411
58 0.386289
59 0.38697
60 0.387816
61 0.388536
62 0.38933
63 0.390244
64 0.390976
65 0.391799
66 0.392584
67 0.39341
68 0.394134
69 0.394716
70 0.395678
71 0.396434
72 0.397056
73 0.397836
74 0.398561
75 0.399325
76 0.400019
77 0.400694
78 0.401432
79 0.402181
80 0.402834
81 0.403563
82 0.404194
83 0.405015
84 0.40569
85 0.406405
86 0.407237
87 0.407717
88 0.408492
89 0.409161
90 0.409872
91 0.410498
92 0.411159
93 0.411728
94 0.412338
95 0.413111
96 0.413733
97 0.414177
98 0.414926
99 0.415454
100 0.416145
101 0.416654
102 0.417375
103 0.417828
104 0.41833
105 0.418867
106 0.419539
107 0.420068
108 0.420655
109 0.421021
110 0.421489
111 0.422097
112 0.422644
113 0.423216
114 0.423528
115 0.424121
116 0.42469
117 0.425168
118 0.425614
119 0.426243
120 0.426738
121 0.427248
122 0.427754
123 0.428183
124 0.428604
125 0.429138
126 0.429587
127 0.430073
128 0.430442
129 0.430949
130 0.431386
131 0.431704
132 0.43215
133 0.432713
134 0.432916
135 0.433552
136 0.433989
137 0.434176
138 0.434444
139 0.434997
140 0.435353
141 0.435811
142 0.436067
143 0.436462
144 0.436786
145 0.437116
146 0.437508
147 0.437844
148 0.438064
149 0.438324
150 0.438642
151 0.439107
152 0.439436
153 0.439625
154 0.439878
155 0.440087
156 0.440491
157 0.440679
158 0.440812
159 0.441219
160 0.441596
161 0.441676
162 0.442099
163 0.442321
164 0.442493
165 0.442777
166 0.443169
167 0.443323
168 0.443659
169 0.443818
170 0.444115
171 0.444348
172 0.444705
173 0.445001
174 0.445205
175 0.445325
176 0.445729
177 0.446015
178 0.446276
179 0.44651
180 0.446657
181 0.446958
182 0.447131
183 0.447445
184 0.447679
185 0.447847
186 0.448215
187 0.448343
188 0.448464
189 0.448899
190 0.449083
191 0.44926
192 0.449461
193 0.449659
194 0.449871
195 0.449833
196 0.450186
197 0.450216
198 0.450481
199 0.450568
200 0.450813
201 0.450956
202 0.451188
203 0.451231
204 0.451265
205 0.451435
206 0.451393
207 0.451556
208 0.451786
209 0.451849
210 0.451963
211 0.452054
212 0.452171
213 0.452222
214 0.452454
215 0.452506
216 0.452632
217 0.452686
218 0.452873
219 0.452836
220 0.453086
221 0.453237
222 0.453324
223 0.453324
224 0.45347
225 0.453498
226 0.453702
227 0.453867
228 0.453955
229 0.454028
230 0.454324
231 0.454289
232 0.454405
233 0.45453
234 0.454805
235 0.4549
236 0.455065
237 0.455013
238 0.455279
239 0.455425
240 0.455563
241 0.455698
242 0.455845
243 0.455861
244 0.456131
245 0.456125
246 0.456345
247 0.456539
248 0.456582
249 0.456892
250 0.456953
251 0.457079
252 0.457299
253 0.457351
254 0.457531
255 0.457649
256 0.457758
257 0.45793
258 0.458075
259 0.458175
260 0.458315
261 0.458452
262 0.458627
263 0.458763
264 0.458905
265 0.459043
266 0.459169
267 0.459198
268 0.45948
269 0.459418
270 0.459653
271 0.459625
272 0.459931
273 0.459897
274 0.460051
275 0.460173
276 0.460159
277 0.460439
278 0.460317
279 0.460473
280 0.460484
281 0.460703
282 0.460894
283 0.460943
284 0.461017
285 0.461137
286 0.46111
287 0.461235
288 0.461291
289 0.461368
290 0.461561
291 0.46163
292 0.461756
293 0.461728
294 0.461784
295 0.462074
296 0.462148
297 0.462234
298 0.462268
299 0.462371
300 0.462563
