1 0.262392
2 0.262175
3 0.262416
4 0.262115
5 0.227453
6 0.220683
7 0.220467
8 0.217991
9 0.21244
10 0.210294
11 0.208627
12 0.203774
13 0.200112
14 0.197075
15 0.193648
16 0.189349
17 0.186431
18 0.182796
19 0.179442
20 0.176389
21 0.173392
22 0.169673
23 0.166308
24 0.163254
25 0.160385
26 0.157478
27 0.154741
28 0.151941
29 0.149388
30 0.147197
31 0.145005
32 0.142656
33 0.140601
34 0.13865
35 0.136642
36 0.134729
37 0.132906
38 0.131058
39 0.129431
40 0.127694
41 0.126346
42 0.124706
43 0.123012
44 0.121728
45 0.120244
46 0.118941
47 0.117741
48 0.116461
49 0.115415
50 0.114153
51 0.113356
52 0.112438
53 0.11127
54 0.11025
55 0.109426
56 0.108416
57 0.107384
58 0.106535
59 0.105825
60 0.105007
61 0.104034
62 0.103074
63 0.102198
64 0.101358
65 0.100547
66 0.099891
67 0.098932
68 0.0982477
69 0.0976266
70 0.0964706
71 0.0957674
72 0.095336
73 0.0944755
74 0.093877
75 0.0931258
76 0.0924587
77 0.0919021
78 0.0913004
79 0.0905741
80 0.0900689
81 0.0895002
82 0.0889634
83 0.0883345
84 0.0876991
85 0.0870924
86 0.086474
87 0.0861232
88 0.0854707
89 0.0847949
90 0.0842613
91 0.0838706
92 0.0831622
93 0.0827833
94 0.0823833
95 0.0817469
96 0.08124
97 0.0808213
98 0.08022
99 0.0798526
100 0.0792486
101 0.078917
102 0.0782891
103 0.0780183
104 0.0776667
105 0.0773617
106 0.0768158
107 0.0764667
108 0.0760707
109 0.0757579
110 0.0756247
111 0.0751529
112 0.0747161
113 0.074444
114 0.0742874
115 0.073969
116 0.0736746
117 0.0732263
118 0.0731308
119 0.0726993
120 0.0724958
121 0.0720972
122 0.071889
123 0.0716588
124 0.0714701
125 0.0712388
126 0.0709907
127 0.0707848
128 0.0706811
129 0.0704769
130 0.0702609
131 0.0701385
132 0.0699943
133 0.0696772
134 0.0696697
135 0.0692734
136 0.0691327
137 0.0691338
138 0.0691947
139 0.0689419
140 0.0686769
141 0.0684067
142 0.0684038
143 0.0681405
144 0.0681629
145 0.0680194
146 0.0677738
147 0.0676281
148 0.0676078
149 0.0674917
150 0.0673104
151 0.066981
152 0.066848
153 0.0668402
154 0.0667954
155 0.0666733
156 0.0663801
157 0.0663335
158 0.0664146
159 0.0661217
160 0.0659214
161 0.065984
162 0.0656869
163 0.0656417
164 0.06565
165 0.06546
166 0.0651093
167 0.0652955
168 0.0650179
169 0.0651175
170 0.0649107
171 0.0648411
172 0.0646474
173 0.0644344
174 0.0643686
175 0.0643685
176 0.0641517
177 0.0640308
178 0.0638617
179 0.0637455
180 0.0638357
181 0.0636522
182 0.0635863
183 0.0634646
184 0.0633376
185 0.063249
186 0.0630238
187 0.0631221
188 0.0630626
189 0.0627359
190 0.0627175
191 0.0626216
192 0.0626096
193 0.0624758
194 0.0624073
195 0.062544
196 0.0621497
197 0.0622742
198 0.0619451
199 0.0620275
200 0.0617965
201 0.0617064
202 0.0615207
203 0.061466
204 0.0615207
205 0.0613215
206 0.0613258
207 0.061231
208 0.0609704
209 0.0609578
210 0.0608595
211 0.0606517
212 0.0605822
213 0.0604752
214 0.0601975
215 0.0601113
216 0.0599353
217 0.0597948
218 0.0596116
219 0.0595229
220 0.0592836
221 0.059109
222 0.0590549
223 0.0590368
224 0.0587996
225 0.0587318
226 0.0585451
227 0.0583144
228 0.0582376
229 0.0580663
230 0.0577858
231 0.0579167
232 0.0576906
233 0.0575158
234 0.0572629
235 0.0571192
236 0.0570113
237 0.0570487
238 0.0567476
239 0.0566489
240 0.0565923
241 0.0564262
242 0.0561727
243 0.0563035
244 0.0559852
245 0.0560422
246 0.0558686
247 0.0557255
248 0.0557151
249 0.055294
250 0.0553373
251 0.0552926
252 0.0549927
253 0.0550281
254 0.0548485
255 0.0548776
256 0.0546995
257 0.0546163
258 0.0544408
259 0.0544397
260 0.0542967
261 0.0541335
262 0.0540506
263 0.0539058
264 0.0538366
265 0.0536534
266 0.0535215
267 0.0535158
268 0.0532011
269 0.0532805
270 0.0529749
271 0.0530507
272 0.0527407
273 0.0527852
274 0.0526198
275 0.0524393
276 0.0524553
277 0.052131
278 0.0522134
279 0.0520289
280 0.0520238
281 0.0518273
282 0.0515389
283 0.0514828
284 0.051396
285 0.0512661
286 0.0512658
287 0.0511671
288 0.051058
289 0.0509247
290 0.050725
291 0.0507252
292 0.0504655
293 0.0504743
294 0.0503976
295 0.0500632
296 0.0500282
297 0.049911
298 0.0498771
299 0.0497457
300 0.0495416
