1 0.066382
2 0.0663915
3 0.0664257
4 0.0663915
5 0.0731002
6 0.0785572
7 0.0826727
8 0.0852345
9 0.0876642
10 0.0899816
11 0.0924274
12 0.0955967
13 0.0986592
14 0.100075
15 0.102085
16 0.104414
17 0.106201
18 0.108133
19 0.110453
20 0.112754
21 0.115032
22 0.117614
23 0.119938
24 0.122495
25 0.124873
26 0.127203
27 0.130089
28 0.132188
29 0.134649
30 0.136811
31 0.138892
32 0.14128
33 0.142944
34 0.144872
35 0.146447
36 0.14846
37 0.149987
38 0.151588
39 0.153141
40 0.155006
41 0.156033
42 0.158003
43 0.160038
44 0.161467
45 0.163562
46 0.165417
47 0.167279
48 0.169449
49 0.170964
50 0.172789
51 0.174226
52 0.175654
53 0.177893
54 0.179334
55 0.18064
56 0.182336
57 0.184052
58 0.18582
59 0.187106
60 0.18863
61 0.19
62 0.191698
63 0.193765
64 0.1951
65 0.196887
66 0.198316
67 0.199871
68 0.201213
69 0.202655
70 0.204695
71 0.206338
72 0.207312
73 0.209203
74 0.210556
75 0.212199
76 0.213981
77 0.215397
78 0.216789
79 0.218431
80 0.219887
81 0.221348
82 0.222524
83 0.224351
84 0.225722
85 0.227059
86 0.22871
87 0.230039
88 0.232006
89 0.233179
90 0.235039
91 0.23594
92 0.237581
93 0.238639
94 0.240326
95 0.241981
96 0.243325
97 0.244201
98 0.245709
99 0.247008
100 0.248537
101 0.2498
102 0.251194
103 0.252394
104 0.253158
105 0.254671
106 0.256221
107 0.257161
108 0.258528
109 0.259814
110 0.260556
111 0.26175
112 0.263235
113 0.264276
114 0.264772
115 0.266095
116 0.267745
117 0.268747
118 0.269329
119 0.271224
120 0.272223
121 0.273834
122 0.274302
123 0.275461
124 0.276301
125 0.277665
126 0.278984
127 0.279821
128 0.280422
129 0.281479
130 0.282248
131 0.283173
132 0.284528
133 0.285308
134 0.285945
135 0.287079
136 0.288141
137 0.288964
138 0.289028
139 0.290192
140 0.291565
141 0.292474
142 0.292942
143 0.294255
144 0.294398
145 0.295095
146 0.295764
147 0.296785
148 0.297467
149 0.29824
150 0.299145
151 0.299676
152 0.30042
153 0.300775
154 0.301256
155 0.301559
156 0.302607
157 0.303423
158 0.30349
159 0.304253
160 0.305295
161 0.305812
162 0.306745
163 0.307104
164 0.307215
165 0.308652
166 0.308932
167 0.309309
168 0.310245
169 0.310675
170 0.311381
171 0.312176
172 0.31298
173 0.313328
174 0.313748
175 0.314104
176 0.315601
177 0.316258
178 0.316668
179 0.317311
180 0.317669
181 0.31858
182 0.318519
183 0.319639
184 0.320333
185 0.320794
186 0.321568
187 0.322135
188 0.322041
189 0.323447
190 0.323405
191 0.324281
192 0.324545
193 0.325467
194 0.326003
195 0.325275
196 0.326429
197 0.326349
198 0.32764
199 0.327165
200 0.328003
201 0.327907
202 0.329125
203 0.32923
204 0.329116
205 0.329778
206 0.329198
207 0.329879
208 0.330527
209 0.330583
210 0.330442
211 0.330987
212 0.331426
213 0.331625
214 0.332314
215 0.332539
216 0.33244
217 0.33338
218 0.333785
219 0.333506
220 0.334296
221 0.335055
222 0.335226
223 0.335127
224 0.33571
225 0.336248
226 0.33648
227 0.336979
228 0.337081
229 0.337834
230 0.338763
231 0.337887
232 0.338575
233 0.339196
234 0.340324
235 0.34102
236 0.340744
237 0.340721
238 0.341297
239 0.341885
240 0.342093
241 0.343056
242 0.343995
243 0.343236
244 0.34415
245 0.344093
246 0.345182
247 0.345875
248 0.345848
249 0.346694
250 0.346782
251 0.347311
252 0.348028
253 0.348442
254 0.348917
255 0.348956
256 0.349042
257 0.350209
258 0.350546
259 0.350681
260 0.351431
261 0.351945
262 0.352048
263 0.352615
264 0.352777
265 0.35341
266 0.353903
267 0.353999
268 0.354893
269 0.354441
270 0.355708
271 0.355108
272 0.356189
273 0.356047
274 0.356902
275 0.357025
276 0.357176
277 0.357873
278 0.357801
279 0.358194
280 0.358256
281 0.359033
282 0.35908
283 0.359474
284 0.359521
285 0.360162
286 0.359979
287 0.360207
288 0.360888
289 0.360968
290 0.361441
291 0.361856
292 0.362472
293 0.362135
294 0.362266
295 0.363403
296 0.363865
297 0.363997
298 0.36394
299 0.364537
300 0.365293
