1 0.066382
2 0.066757
3 0.066494
4 0.066289
5 0.099935
6 0.105596
7 0.107037
8 0.110602
9 0.117763
10 0.120219
11 0.124137
12 0.129502
13 0.13498
14 0.139482
15 0.143544
16 0.148887
17 0.154788
18 0.159815
19 0.164682
20 0.169963
21 0.175331
22 0.180877
23 0.186153
24 0.190845
25 0.19619
26 0.20087
27 0.206479
28 0.21038
29 0.214919
30 0.219006
31 0.222743
32 0.227637
33 0.230971
34 0.234891
35 0.238724
36 0.242918
37 0.246122
38 0.250208
39 0.25368
40 0.257666
41 0.26011
42 0.263949
43 0.268151
44 0.270869
45 0.274443
46 0.277324
47 0.280113
48 0.284245
49 0.286392
50 0.289
51 0.291363
52 0.292872
53 0.296813
54 0.299072
55 0.301141
56 0.303408
57 0.305793
58 0.308528
59 0.310275
60 0.312693
61 0.314977
62 0.31722
63 0.320142
64 0.322085
65 0.324473
66 0.326055
67 0.328561
68 0.330334
69 0.332349
70 0.335523
71 0.337741
72 0.338527
73 0.341384
74 0.342801
75 0.344947
76 0.347219
77 0.3488
78 0.350535
79 0.352935
80 0.354415
81 0.355478
82 0.35727
83 0.359127
84 0.360791
85 0.361874
86 0.363798
87 0.365255
88 0.367763
89 0.369062
90 0.371155
91 0.371837
92 0.37398
93 0.37486
94 0.376516
95 0.378694
96 0.380067
97 0.380539
98 0.382571
99 0.384113
100 0.385693
101 0.38719
102 0.389017
103 0.390079
104 0.390518
105 0.391894
106 0.393529
107 0.394492
108 0.395735
109 0.397452
110 0.397418
111 0.39887
112 0.400399
113 0.401111
114 0.401086
115 0.402341
116 0.403766
117 0.405159
118 0.404795
119 0.406838
120 0.407658
121 0.409208
122 0.408947
123 0.409776
124 0.410757
125 0.41161
126 0.412584
127 0.413088
128 0.413015
129 0.413795
130 0.414041
131 0.415061
132 0.416022
133 0.416522
134 0.416608
135 0.417388
136 0.418014
137 0.418622
138 0.418039
139 0.418675
140 0.42008
141 0.420727
142 0.420629
143 0.422366
144 0.421658
145 0.422378
146 0.42259
147 0.423771
148 0.424434
149 0.425024
150 0.425741
151 0.425988
152 0.427029
153 0.426659
154 0.427106
155 0.427141
156 0.428343
157 0.429058
158 0.42876
159 0.429456
160 0.430669
161 0.430899
162 0.431888
163 0.432094
164 0.431502
165 0.433466
166 0.433445
167 0.4336
168 0.434301
169 0.434248
170 0.435052
171 0.43569
172 0.436429
173 0.436662
174 0.436949
175 0.43681
176 0.438527
177 0.438839
178 0.43932
179 0.439742
180 0.439845
181 0.440436
182 0.440172
183 0.441299
184 0.441929
185 0.441975
186 0.442795
187 0.443189
188 0.442932
189 0.444382
190 0.44397
191 0.444993
192 0.444621
193 0.445953
194 0.446418
195 0.445094
196 0.447093
197 0.446489
198 0.448405
199 0.44757
200 0.448622
201 0.448406
202 0.449991
203 0.450606
204 0.450073
205 0.451245
206 0.450647
207 0.451417
208 0.452618
209 0.452429
210 0.45244
211 0.453424
212 0.454203
213 0.455095
214 0.45637
215 0.456712
216 0.456833
217 0.458182
218 0.459022
219 0.45931
220 0.460277
221 0.461508
222 0.461896
223 0.461575
224 0.463013
225 0.463678
226 0.464416
227 0.46531
228 0.465179
229 0.46678
230 0.468371
231 0.466548
232 0.468083
233 0.469365
234 0.470471
235 0.471655
236 0.471496
237 0.471489
238 0.472336
239 0.473116
240 0.473159
241 0.474768
242 0.476369
243 0.474943
244 0.47621
245 0.476122
246 0.477369
247 0.478337
248 0.478039
249 0.479667
250 0.479654
251 0.48044
252 0.481244
253 0.481875
254 0.482324
255 0.481894
256 0.482368
257 0.483775
258 0.48422
259 0.484239
260 0.485147
261 0.486067
262 0.485787
263 0.486679
264 0.486961
265 0.487679
266 0.48838
267 0.488593
268 0.489906
269 0.489165
270 0.491043
271 0.490316
272 0.491663
273 0.491722
274 0.492605
275 0.493147
276 0.493442
277 0.494488
278 0.494611
279 0.495475
280 0.495378
281 0.496308
282 0.496698
283 0.49751
284 0.497562
285 0.498798
286 0.498488
287 0.498905
288 0.499961
289 0.500404
290 0.501282
291 0.501506
292 0.502846
293 0.502608
294 0.50278
295 0.504306
296 0.505026
297 0.505397
298 0.50558
299 0.506268
300 0.507525
