1 0.458167
2 0.458561
3 0.458226
4 0.45836
5 0.472271
6 0.473987
7 0.474469
8 0.475011
9 0.476805
10 0.477528
11 0.47795
12 0.479419
13 0.480461
14 0.48139
15 0.482163
16 0.483671
17 0.484413
18 0.485115
19 0.486014
20 0.486687
21 0.487369
22 0.488274
23 0.489002
24 0.489723
25 0.490094
26 0.490852
27 0.491468
28 0.491873
29 0.492281
30 0.492626
31 0.492988
32 0.493415
33 0.493803
34 0.494008
35 0.494434
36 0.4947
37 0.494983
38 0.495278
39 0.495472
40 0.49573
41 0.495873
42 0.496133
43 0.496214
44 0.496363
45 0.496625
46 0.496709
47 0.496826
48 0.497055
49 0.497182
50 0.497308
51 0.497357
52 0.497438
53 0.49749
54 0.497701
55 0.497708
56 0.497906
57 0.497828
58 0.498024
59 0.498021
60 0.498189
61 0.498245
62 0.498259
63 0.49839
64 0.498543
65 0.498501
66 0.498538
67 0.498672
68 0.498696
69 0.498741
70 0.498785
71 0.498921
72 0.498907
73 0.498939
74 0.498974
75 0.499038
76 0.499042
77 0.499127
78 0.499125
79 0.499189
80 0.499165
81 0.499263
82 0.499242
83 0.499327
84 0.499363
85 0.49934
86 0.49943
87 0.499385
88 0.499423
89 0.499463
90 0.499504
91 0.499508
92 0.499547
93 0.499582
94 0.499558
95 0.499637
96 0.499636
97 0.499645
98 0.499664
99 0.499648
100 0.4997
101 0.499708
102 0.499745
103 0.499718
104 0.499755
105 0.499772
106 0.499781
107 0.499791
108 0.499807
109 0.499824
110 0.499807
111 0.499828
112 0.499854
113 0.499852
114 0.499856
115 0.499846
116 0.499865
117 0.499886
118 0.499891
119 0.499874
120 0.499888
121 0.499899
122 0.499899
123 0.499897
124 0.499906
125 0.499922
126 0.499927
127 0.499916
128 0.499938
129 0.499923
130 0.49993
131 0.499924
132 0.499933
133 0.499937
134 0.499915
135 0.499932
136 0.499947
137 0.499952
138 0.499954
139 0.499957
140 0.499946
141 0.499956
142 0.499945
143 0.499975
144 0.499959
145 0.49997
146 0.499966
147 0.499964
148 0.499968
149 0.499972
150 0.499981
151 0.499979
152 0.499981
153 0.499987
154 0.499974
155 0.499981
156 0.499977
157 0.499977
158 0.499983
159 0.499977
160 0.49999
161 0.499986
162 0.499981
163 0.499992
164 0.499989
165 0.499993
166 0.499993
167 0.499992
168 0.49999
169 0.499992
170 0.49999
171 0.499992
172 0.499995
173 0.499993
174 0.499998
175 0.499994
176 0.499995
177 0.499992
178 0.499993
179 0.499997
180 0.499999
181 0.499995
182 0.499999
183 0.499997
184 0.499998
185 0.5
186 0.499999
187 0.5
188 0.499999
189 0.499999
190 0.499999
191 0.5
192 0.5
193 0.5
194 0.5
195 0.5
196 0.5
197 0.5
198 0.499999
199 0.5
200 0.5
201 0.5
202 0.5
203 0.5
204 0.5
205 0.5
206 0.499999
207 0.499996
208 0.5
209 0.5
210 0.499998
211 0.5
212 0.499999
213 0.499999
214 0.499997
215 0.499991
216 0.499995
217 0.499995
218 0.499994
219 0.499994
220 0.49999
221 0.499991
222 0.499996
223 0.499988
224 0.499989
225 0.499988
226 0.499991
227 0.49998
228 0.499994
229 0.499989
230 0.499973
231 0.499986
232 0.499983
233 0.499975
234 0.499972
235 0.499975
236 0.499973
237 0.499979
238 0.499971
239 0.499977
240 0.499971
241 0.499963
242 0.499975
243 0.499959
244 0.49996
245 0.499966
246 0.499966
247 0.499952
248 0.499961
249 0.499955
250 0.499959
251 0.499954
252 0.499963
253 0.499947
254 0.499951
255 0.499955
256 0.499943
257 0.499942
258 0.499939
259 0.499947
260 0.499942
261 0.499927
262 0.499935
263 0.499933
264 0.499929
265 0.499918
266 0.499925
267 0.499937
268 0.499921
269 0.49993
270 0.499914
271 0.499911
272 0.499923
273 0.499902
274 0.499923
275 0.499914
276 0.49991
277 0.499906
278 0.499898
279 0.499902
280 0.499892
281 0.499901
282 0.499898
283 0.499902
284 0.499875
285 0.499879
286 0.499901
287 0.499888
288 0.499882
289 0.499857
290 0.49989
291 0.499889
292 0.49986
293 0.499876
294 0.499869
295 0.499839
296 0.499834
297 0.499848
298 0.499849
299 0.499849
300 0.499869
