1 0.458167
2 0.324107
3 0.272638
4 0.239244
5 0.218736
6 0.205734
7 0.196701
8 0.189439
9 0.179767
10 0.175218
11 0.171493
12 0.167336
13 0.16306
14 0.159615
15 0.156159
16 0.152851
17 0.149272
18 0.146428
19 0.144112
20 0.141862
21 0.139699
22 0.137561
23 0.135756
24 0.134034
25 0.132298
26 0.130539
27 0.129338
28 0.128069
29 0.126597
30 0.125424
31 0.124087
32 0.122932
33 0.121691
34 0.120645
35 0.119354
36 0.118368
37 0.117348
38 0.116247
39 0.115282
40 0.114422
41 0.113526
42 0.112748
43 0.111992
44 0.111222
45 0.110692
46 0.110129
47 0.109565
48 0.109136
49 0.108549
50 0.108198
51 0.107743
52 0.10719
53 0.106806
54 0.106401
55 0.105993
56 0.105639
57 0.105255
58 0.105045
59 0.104816
60 0.104587
61 0.10411
62 0.104025
63 0.103624
64 0.103471
65 0.103379
66 0.103105
67 0.102912
68 0.102894
69 0.102562
70 0.102479
71 0.102457
72 0.102316
73 0.102217
74 0.102024
75 0.101947
76 0.101984
77 0.101817
78 0.10189
79 0.101746
80 0.101808
81 0.101696
82 0.101645
83 0.101635
84 0.101638
85 0.101518
86 0.101494
87 0.101424
88 0.101371
89 0.101389
90 0.101259
91 0.101367
92 0.101276
93 0.101168
94 0.101349
95 0.101258
96 0.101173
97 0.101203
98 0.101084
99 0.100925
100 0.10107
101 0.100989
102 0.101035
103 0.100961
104 0.101015
105 0.101098
106 0.100999
107 0.100985
108 0.100909
109 0.100927
110 0.100926
111 0.100847
112 0.100851
113 0.100953
114 0.100823
115 0.100903
116 0.100935
117 0.100935
118 0.10083
119 0.100912
120 0.100802
121 0.100938
122 0.100887
123 0.100876
124 0.101015
125 0.100995
126 0.100991
127 0.101009
128 0.101059
129 0.101024
130 0.100999
131 0.101107
132 0.101191
133 0.101112
134 0.101097
135 0.101175
136 0.101087
137 0.101371
138 0.101246
139 0.101287
140 0.101226
141 0.101267
142 0.101414
143 0.101294
144 0.101297
145 0.101295
146 0.101374
147 0.101224
148 0.101248
149 0.101283
150 0.101159
151 0.10111
152 0.10127
153 0.101155
154 0.101155
155 0.101141
156 0.101073
157 0.101082
158 0.101124
159 0.101231
160 0.101163
161 0.101149
162 0.101194
163 0.101233
164 0.101181
165 0.101251
166 0.101171
167 0.10121
168 0.101309
169 0.101309
170 0.101252
171 0.101382
172 0.101324
173 0.101295
174 0.101353
175 0.10135
176 0.101324
177 0.101395
178 0.101441
179 0.101367
180 0.101498
181 0.101507
182 0.101537
183 0.101467
184 0.101571
185 0.101572
186 0.101545
187 0.101534
188 0.101732
189 0.101634
190 0.101665
191 0.10164
192 0.101596
193 0.10169
194 0.101602
195 0.101626
196 0.101696
197 0.101613
198 0.101645
199 0.101525
200 0.101346
201 0.101389
202 0.101333
203 0.101393
204 0.101317
205 0.101326
206 0.101187
207 0.10116
208 0.101154
209 0.101074
210 0.101131
211 0.100929
212 0.101034
213 0.100931
214 0.100913
215 0.1009
216 0.100832
217 0.100852
218 0.100755
219 0.100714
220 0.100724
221 0.100633
222 0.10075
223 0.100692
224 0.100686
225 0.100633
226 0.100666
227 0.100655
228 0.100547
229 0.100565
230 0.100479
231 0.100518
232 0.100396
233 0.100624
234 0.100517
235 0.100578
236 0.100477
237 0.100536
238 0.100452
239 0.100338
240 0.100429
241 0.100454
242 0.100414
243 0.100298
244 0.100403
245 0.100443
246 0.100536
247 0.100427
248 0.100421
249 0.100297
250 0.100336
251 0.100348
252 0.100299
253 0.100248
254 0.100264
255 0.100346
256 0.100249
257 0.100339
258 0.10028
259 0.100186
260 0.100315
261 0.10026
262 0.100243
263 0.100157
264 0.100138
265 0.100162
266 0.0999858
267 0.100129
268 0.0998557
269 0.0999797
270 0.0998338
271 0.0998496
272 0.0996981
273 0.0997943
274 0.0996726
275 0.099605
276 0.0995932
277 0.0995442
278 0.0993892
279 0.0994461
280 0.0994819
281 0.0994214
282 0.0992011
283 0.0991527
284 0.0990759
285 0.0991186
286 0.0989843
287 0.0990568
288 0.0990384
289 0.0988831
290 0.098833
291 0.098799
292 0.0988223
293 0.0987391
294 0.0987451
295 0.0987136
296 0.0986265
297 0.098538
298 0.098626
299 0.0985945
300 0.0986338
