1 0.262392
2 0.262265
3 0.262316
4 0.262265
5 0.255303
6 0.249502
7 0.245371
8 0.243365
9 0.241239
10 0.238709
11 0.237171
12 0.234272
13 0.231845
14 0.230762
15 0.228802
16 0.226841
17 0.225801
18 0.224279
19 0.222604
20 0.221025
21 0.219431
22 0.217688
23 0.216029
24 0.214294
25 0.212784
26 0.211091
27 0.209359
28 0.207804
29 0.206185
30 0.204715
31 0.203273
32 0.201836
33 0.200558
34 0.199328
35 0.198218
36 0.19706
37 0.195999
38 0.194923
39 0.193994
40 0.192957
41 0.192101
42 0.191051
43 0.189958
44 0.189038
45 0.187865
46 0.186835
47 0.185823
48 0.184822
49 0.183893
50 0.182889
51 0.182046
52 0.18109
53 0.180116
54 0.17923
55 0.178404
56 0.177496
57 0.176616
58 0.175756
59 0.175039
60 0.174221
61 0.173471
62 0.17262
63 0.171715
64 0.170948
65 0.170166
66 0.169434
67 0.168588
68 0.167889
69 0.167273
70 0.166297
71 0.165579
72 0.164964
73 0.164162
74 0.163436
75 0.16269
76 0.16196
77 0.161276
78 0.160564
79 0.159815
80 0.159162
81 0.158432
82 0.157785
83 0.156952
84 0.156299
85 0.155569
86 0.154763
87 0.154223
88 0.153511
89 0.152796
90 0.152081
91 0.15153
92 0.150814
93 0.15022
94 0.149616
95 0.148875
96 0.148264
97 0.147739
98 0.147033
99 0.14652
100 0.145828
101 0.145317
102 0.144659
103 0.144144
104 0.143648
105 0.143108
106 0.142472
107 0.141905
108 0.141376
109 0.140954
110 0.14047
111 0.139889
112 0.139317
113 0.138769
114 0.138424
115 0.137864
116 0.137326
117 0.13682
118 0.136358
119 0.135759
120 0.135264
121 0.134741
122 0.134281
123 0.133778
124 0.133405
125 0.132893
126 0.132403
127 0.1319
128 0.131566
129 0.131103
130 0.130615
131 0.130334
132 0.129859
133 0.129326
134 0.129056
135 0.128455
136 0.128018
137 0.127809
138 0.127527
139 0.127031
140 0.126634
141 0.126166
142 0.125918
143 0.125508
144 0.125234
145 0.124911
146 0.124494
147 0.124182
148 0.123971
149 0.12367
150 0.123371
151 0.12288
152 0.122591
153 0.122411
154 0.12214
155 0.121917
156 0.121527
157 0.121292
158 0.121146
159 0.120786
160 0.120434
161 0.120307
162 0.11991
163 0.119711
164 0.119492
165 0.119233
166 0.118813
167 0.118702
168 0.118334
169 0.118173
170 0.117903
171 0.117648
172 0.117326
173 0.117014
174 0.116813
175 0.116667
176 0.11627
177 0.116033
178 0.115736
179 0.115511
180 0.115366
181 0.115082
182 0.114874
183 0.114569
184 0.114322
185 0.11416
186 0.113785
187 0.113685
188 0.113513
189 0.113129
190 0.112925
191 0.112734
192 0.112541
193 0.112362
194 0.112144
195 0.112173
196 0.111827
197 0.111797
198 0.111506
199 0.11146
200 0.111174
201 0.111069
202 0.110829
203 0.110786
204 0.110741
205 0.110605
206 0.110588
207 0.110441
208 0.110237
209 0.110164
210 0.110076
211 0.109916
212 0.109864
213 0.109789
214 0.109566
215 0.109506
216 0.109399
217 0.109301
218 0.109153
219 0.109158
220 0.108938
221 0.108778
222 0.10871
223 0.108663
224 0.108527
225 0.108499
226 0.108299
227 0.108152
228 0.108068
229 0.107968
230 0.107701
231 0.107734
232 0.107587
233 0.107455
234 0.107183
235 0.107089
236 0.106988
237 0.106989
238 0.106723
239 0.106587
240 0.106458
241 0.106326
242 0.106153
243 0.106117
244 0.105879
245 0.10587
246 0.105656
247 0.105473
248 0.105395
249 0.105097
250 0.105048
251 0.104942
252 0.104706
253 0.104644
254 0.10446
255 0.104353
256 0.104219
257 0.104057
258 0.103931
259 0.103818
260 0.103666
261 0.103536
262 0.103381
263 0.103221
264 0.103132
265 0.102951
266 0.102812
267 0.1028
268 0.102507
269 0.102557
270 0.102336
271 0.102389
272 0.102084
273 0.102129
274 0.101963
275 0.101836
276 0.101829
277 0.101558
278 0.101663
279 0.101535
280 0.10149
281 0.101293
282 0.101103
283 0.101058
284 0.100959
285 0.100881
286 0.100872
287 0.100779
288 0.100691
289 0.100631
290 0.100444
291 0.100383
292 0.100243
293 0.100278
294 0.100199
295 0.099917
296 0.0998632
297 0.099771
298 0.0997181
299 0.0996054
300 0.0994526
