1 0
2 0
3 0
4 0
5 0
6 0
7 0
8 0
9 0
10 0
11 0.0106089
12 0.011004
13 0.00971677
14 0.00890121
15 0.00625793
16 0.00622662
17 0.00548629
18 0.0060675
19 0.00642789
20 0.00940805
21 0.00701538
22 0.00742645
23 0.00494448
24 0.00524442
25 0.00560512
26 0.00665935
27 0.00712904
28 0.00841368
29 0.00816148
30 0.010297
31 0.0115832
32 0.0125983
33 0.0128413
34 0.0136402
35 0.0146776
36 0.0153083
37 0.0149704
38 0.0161905
39 0.0161989
40 0.0160912
41 0.0159792
42 0.0153498
43 0.0143048
44 0.0135613
45 0.014011
46 0.0134722
47 0.0141422
48 0.0136855
49 0.0135777
50 0.0137034
51 0.0134102
52 0.013523
53 0.0128857
54 0.0138659
55 0.0139728
56 0.0145829
57 0.0144209
58 0.0145397
59 0.014444
60 0.0149392
61 0.0153087
62 0.0153764
63 0.0153782
64 0.0160704
65 0.0164696
66 0.0167373
67 0.0169576
68 0.0174342
69 0.0178319
70 0.0178396
71 0.0177624
72 0.0183013
73 0.0188903
74 0.0195129
75 0.0199668
76 0.020343
77 0.0208583
78 0.0211546
79 0.0221668
80 0.0224348
81 0.0227595
82 0.0227695
83 0.022604
84 0.0225839
85 0.0226595
86 0.0225367
87 0.02177
88 0.0218686
89 0.0220005
90 0.0221449
91 0.0222564
92 0.022408
93 0.0226072
94 0.0226998
95 0.0228409
96 0.0229171
97 0.0229092
98 0.0227548
99 0.0226842
100 0.0224584
