1 0.696863
2 0.696863
3 0.696863
4 0.696863
5 0.696863
6 0.696863
7 0.696863
8 0.696863
9 0.696863
10 0.696863
11 0.696863
12 0.696863
13 0.696863
14 0.696863
15 0.696863
16 0.696863
17 0.696863
18 0.696863
19 0.696863
20 0.696863
21 0.696863
22 0.696863
23 0.696863
24 0.696863
25 0.696863
26 0.696863
27 0.696863
28 0.696863
29 0.696863
30 0.696863
31 0.696863
32 0.696863
33 0.696863
34 0.696863
35 0.696863
36 0.696863
37 0.696863
38 0.696863
39 0.696863
40 0.696863
41 0.696863
42 0.696863
43 0.696863
44 0.696863
45 0.696863
46 0.696863
47 0.696863
48 0.696863
49 0.696863
50 0.696863
51 0.696863
52 0.696863
53 0.696863
54 0.696863
55 0.696863
56 0.696863
57 0.696863
58 0.696863
59 0.696863
60 0.696863
61 0.696863
62 0.696863
63 0.696863
64 0.696863
65 0.696863
66 0.696863
67 0.696863
68 0.696863
69 0.696863
70 0.696863
71 0.696863
72 0.696863
73 0.696863
74 0.696863
75 0.696863
76 0.696863
77 0.696863
78 0.696863
79 0.696863
80 0.696863
81 0.696863
82 0.696863
83 0.696863
84 0.696863
85 0.696863
86 0.696863
87 0.696863
88 0.696863
89 0.696863
90 0.696863
91 0.696863
92 0.696863
93 0.696863
94 0.696863
95 0.696863
96 0.696863
97 0.696863
98 0.696863
99 0.696863
100 0.696863
101 0.696863
102 0.696863
103 0.696863
104 0.696863
105 0.696863
106 0.696863
107 0.696863
108 0.696863
109 0.696863
110 0.696863
111 0.696863
112 0.696863
113 0.696863
114 0.696863
115 0.696863
116 0.696863
117 0.696863
118 0.696863
119 0.696863
120 0.696863
121 0.696863
122 0.696863
123 0.696863
124 0.696863
125 0.696863
126 0.696863
127 0.696863
128 0.696863
129 0.696863
130 0.696863
131 0.696863
132 0.696863
133 0.696863
134 0.696863
135 0.696863
136 0.696863
137 0.696863
138 0.696863
139 0.696863
140 0.696863
141 0.696863
142 0.696863
143 0.696863
144 0.696863
145 0.696863
146 0.696863
147 0.696863
148 0.696863
149 0.696863
150 0.696863
151 0.696863
152 0.696863
153 0.696863
154 0.696863
155 0.696863
156 0.696863
157 0.696863
158 0.696863
159 0.696863
160 0.696863
161 0.696863
162 0.696863
163 0.696863
164 0.696863
165 0.696863
166 0.696863
167 0.696863
168 0.696863
169 0.696863
170 0.696863
171 0.696863
172 0.696863
173 0.696863
174 0.696863
175 0.696863
176 0.696863
177 0.696863
178 0.696863
179 0.696863
180 0.696863
181 0.696863
182 0.696863
183 0.696863
184 0.696863
185 0.696863
186 0.696863
187 0.696863
188 0.696863
189 0.696863
190 0.696863
191 0.696863
192 0.696863
193 0.696863
194 0.696863
195 0.696863
196 0.696863
197 0.696863
198 0.696863
199 0.696863
200 0.696863
201 0.696863
202 0.696863
203 0.696863
204 0.696863
205 0.696863
206 0.696863
207 0.696863
208 0.696863
209 0.696863
210 0.696863
211 0.696863
212 0.696863
213 0.696863
214 0.696863
215 0.696863
216 0.696863
217 0.696863
218 0.696863
219 0.696863
220 0.696863
221 0.696863
222 0.696863
223 0.696863
224 0.696863
225 0.696863
226 0.696863
227 0.696863
228 0.696863
229 0.696863
230 0.696863
231 0.696863
232 0.696863
233 0.696863
234 0.696863
235 0.696863
236 0.696863
237 0.696863
238 0.696863
239 0.696863
240 0.696863
241 0.696863
242 0.696863
243 0.696863
244 0.696863
245 0.696863
246 0.696863
247 0.696863
248 0.696863
249 0.696863
250 0.696863
251 0.696863
252 0.696863
253 0.696863
254 0.696863
255 0.696863
256 0.696863
257 0.696863
258 0.696863
259 0.696863
260 0.696863
261 0.696863
262 0.696863
263 0.696863
264 0.696863
265 0.696863
266 0.696863
267 0.696863
268 0.696863
269 0.696863
270 0.696863
271 0.696863
272 0.696863
273 0.696863
274 0.696863
275 0.696863
276 0.696863
277 0.696863
278 0.696863
279 0.696863
280 0.696863
281 0.696863
282 0.696863
283 0.696863
284 0.696863
285 0.696863
286 0.696863
287 0.696863
288 0.696863
289 0.696863
290 0.696863
291 0.696863
292 0.696863
293 0.696863
294 0.696863
295 0.696863
296 0.696863
297 0.696863
298 0.696863
299 0.696863
300 0.696863
