1 0.5
2 0.354761
3 0.290533
4 0.252512
5 0.226556
6 0.207515
7 0.192828
8 0.181007
9 0.171328
10 0.163135
11 0.156041
12 0.149996
13 0.14467
14 0.139912
15 0.135696
16 0.131912
17 0.128401
18 0.125325
19 0.122472
20 0.119815
21 0.117422
22 0.115116
23 0.113087
24 0.111159
25 0.10936
26 0.107711
27 0.10614
28 0.104641
29 0.103261
30 0.101952
31 0.100724
32 0.0996036
33 0.0985144
34 0.0974821
35 0.0965316
36 0.0956256
37 0.0947637
38 0.0939301
39 0.0931193
40 0.0923692
41 0.0916498
42 0.090978
43 0.0903306
44 0.0897346
45 0.0891501
46 0.0885867
47 0.0880619
48 0.0875482
49 0.0870823
50 0.0866182
51 0.0861851
52 0.0857577
53 0.0853499
54 0.0849713
55 0.084594
56 0.0842422
57 0.0838975
58 0.0835809
59 0.0832761
60 0.0829861
61 0.0827137
62 0.0824503
63 0.0822085
64 0.0819541
65 0.0817101
66 0.0814834
67 0.0812591
68 0.0810624
69 0.0808705
70 0.0806806
71 0.0804966
72 0.0803168
73 0.0801618
74 0.0800032
75 0.0798566
76 0.079701
77 0.0795656
78 0.0794297
79 0.0793045
80 0.0791824
81 0.0790612
82 0.0789574
83 0.078846
84 0.0787373
85 0.0786426
86 0.0785411
87 0.0784489
88 0.0783582
89 0.0782778
90 0.0781962
91 0.0781161
92 0.0780415
93 0.0779736
94 0.0779064
95 0.0778471
96 0.0777831
97 0.0777161
98 0.0776584
99 0.0776078
100 0.0775573
101 0.0775143
102 0.0774672
103 0.0774295
104 0.0773835
105 0.0773418
106 0.0773067
107 0.0772739
108 0.0772451
109 0.077213
110 0.0771841
111 0.0771488
112 0.0771252
113 0.077106
114 0.0770823
115 0.0770578
116 0.0770353
117 0.0770156
118 0.0770035
119 0.0769868
120 0.0769694
121 0.0769597
122 0.0769499
123 0.0769383
124 0.0769284
125 0.0769174
126 0.0769065
127 0.0768997
128 0.0768949
129 0.0768905
130 0.0768807
131 0.0768741
132 0.0768662
133 0.0768608
134 0.0768566
135 0.0768517
136 0.0768542
137 0.0768568
138 0.0768582
139 0.0768543
140 0.0768519
141 0.0768571
142 0.0768564
143 0.0768563
144 0.0768603
145 0.0768641
146 0.0768612
147 0.0768642
148 0.0768692
149 0.0768715
150 0.0768772
151 0.0768829
152 0.0768921
153 0.076895
154 0.0769039
155 0.0769161
156 0.076922
157 0.0769284
158 0.0769347
159 0.0769472
160 0.0769554
161 0.0769604
162 0.0769728
163 0.076984
164 0.0769905
165 0.0769942
166 0.0770057
167 0.0770112
168 0.0770179
169 0.0770313
170 0.0770421
171 0.0770492
172 0.0770613
173 0.0770688
174 0.0770771
175 0.0770836
176 0.0770985
177 0.077109
178 0.0771191
179 0.0771286
180 0.0771403
181 0.0771472
182 0.0771532
183 0.0771653
184 0.077174
185 0.077183
186 0.0771928
187 0.0772037
188 0.0772147
189 0.0772285
190 0.0772391
191 0.0772499
192 0.0772589
193 0.0772664
194 0.0772768
195 0.0772867
196 0.0773006
197 0.0773123
198 0.0773209
199 0.0773395
200 0.0773473
201 0.0773585
202 0.0773674
203 0.0773792
204 0.0773901
205 0.0774042
206 0.0774165
207 0.0774256
208 0.0774368
209 0.0774462
210 0.0774572
211 0.0774734
212 0.077484
213 0.0774938
214 0.0775045
215 0.0775148
216 0.0775238
217 0.0775366
218 0.0775486
219 0.0775607
220 0.0775729
221 0.0775855
222 0.0775959
223 0.0776076
224 0.0776208
225 0.0776325
226 0.0776444
227 0.0776558
228 0.0776699
229 0.0776778
230 0.0776888
231 0.077701
232 0.0777141
233 0.0777228
234 0.0777316
235 0.0777406
236 0.0777509
237 0.0777614
238 0.0777711
239 0.07778
240 0.0777897
241 0.0778014
242 0.0778143
243 0.0778213
244 0.0778289
245 0.0778408
246 0.0778505
247 0.077862
248 0.0778721
249 0.0778826
250 0.0778898
251 0.0779
252 0.0779076
253 0.0779198
254 0.0779298
255 0.0779405
256 0.0779517
257 0.0779611
258 0.0779709
259 0.0779813
260 0.0779948
261 0.0780035
262 0.0780099
263 0.0780164
264 0.0780303
265 0.0780425
266 0.0780494
267 0.0780588
268 0.0780665
269 0.0780742
270 0.0780825
271 0.0780895
272 0.0780981
273 0.0781058
274 0.0781127
275 0.0781196
276 0.0781269
277 0.078135
278 0.0781411
279 0.078149
280 0.0781541
281 0.0781667
282 0.0781751
283 0.0781823
284 0.0781924
285 0.0781999
286 0.0782067
287 0.078213
288 0.078221
289 0.0782311
290 0.0782359
291 0.0782434
292 0.0782513
293 0.0782599
294 0.0782678
295 0.0782751
296 0.0782855
297 0.0782889
298 0.0782962
299 0.0783028
300 0.0783089
