1 0.500249
2 0.500661
3 0.501579
4 0.502406
5 0.502941
6 0.503547
7 0.504228
8 0.504754
9 0.505323
10 0.505961
11 0.506567
12 0.507198
13 0.507887
14 0.508545
15 0.509194
16 0.509804
17 0.510474
18 0.511052
19 0.511632
20 0.512259
21 0.512875
22 0.513529
23 0.514151
24 0.514765
25 0.515416
26 0.516015
27 0.516651
28 0.517288
29 0.517919
30 0.518533
31 0.519123
32 0.519724
33 0.52032
34 0.520917
35 0.521495
36 0.522085
37 0.522686
38 0.523274
39 0.523841
40 0.524406
41 0.524974
42 0.525541
43 0.526118
44 0.526683
45 0.527251
46 0.527799
47 0.528342
48 0.528909
49 0.529445
50 0.529989
51 0.530522
52 0.531084
53 0.531627
54 0.532152
55 0.532683
56 0.533213
57 0.533723
58 0.534257
59 0.534761
60 0.53528
61 0.535774
62 0.536274
63 0.53678
64 0.537274
65 0.537775
66 0.538266
67 0.538766
68 0.539248
69 0.539727
70 0.540201
71 0.540679
72 0.541163
73 0.541619
74 0.542099
75 0.542559
76 0.543022
77 0.543478
78 0.543939
79 0.544393
80 0.544844
81 0.545287
82 0.545735
83 0.546171
84 0.546605
85 0.54704
86 0.547476
87 0.547916
88 0.548345
89 0.548779
90 0.549202
91 0.549617
92 0.550028
93 0.550442
94 0.550846
95 0.551256
96 0.551658
97 0.552068
98 0.552465
99 0.552859
100 0.553248
101 0.553635
102 0.554036
103 0.554427
104 0.554815
105 0.555196
106 0.555573
107 0.555949
108 0.556318
109 0.556685
110 0.557057
111 0.557426
112 0.557796
113 0.558161
114 0.558518
115 0.558882
116 0.559245
117 0.559598
118 0.559956
119 0.560306
120 0.560659
121 0.561006
122 0.561348
123 0.561684
124 0.56203
125 0.562368
126 0.562705
127 0.563036
128 0.563371
129 0.563698
130 0.564026
131 0.564347
132 0.564672
133 0.564996
134 0.565315
135 0.565634
136 0.565959
137 0.566271
138 0.566582
139 0.566897
140 0.5672
141 0.567509
142 0.567821
143 0.568122
144 0.568424
145 0.568722
146 0.569021
147 0.569317
148 0.569617
149 0.569904
150 0.570201
151 0.570499
152 0.570787
153 0.571075
154 0.571365
155 0.571651
156 0.571935
157 0.572218
158 0.572496
159 0.572774
160 0.573053
161 0.573333
162 0.573607
163 0.573879
164 0.574152
165 0.574428
166 0.574695
167 0.574963
168 0.575232
169 0.575497
170 0.57576
171 0.576026
172 0.576281
173 0.576543
174 0.576797
175 0.577053
176 0.57731
177 0.577563
178 0.577817
179 0.57807
180 0.578318
181 0.578566
182 0.578815
183 0.579064
184 0.579308
185 0.579554
186 0.579795
187 0.580036
188 0.580276
189 0.580513
190 0.580747
191 0.580985
192 0.581215
193 0.581457
194 0.581691
195 0.581922
196 0.582155
197 0.582386
198 0.582615
199 0.58284
200 0.583067
201 0.58329
202 0.583515
203 0.583734
204 0.583955
205 0.584178
206 0.584399
207 0.584613
208 0.58483
209 0.585051
210 0.585267
211 0.58548
212 0.585697
213 0.585913
214 0.586123
215 0.586333
216 0.586543
217 0.586751
218 0.586959
219 0.587166
220 0.587373
221 0.587579
222 0.587782
223 0.587986
224 0.588188
225 0.58839
226 0.588589
227 0.588788
228 0.588985
229 0.589182
230 0.589381
231 0.589578
232 0.58977
233 0.58996
234 0.590154
235 0.590342
236 0.590531
237 0.590723
238 0.590914
239 0.591105
240 0.591293
241 0.59148
242 0.591667
243 0.591851
244 0.592032
245 0.592217
246 0.5924
247 0.592584
248 0.592767
249 0.592947
250 0.59313
251 0.593308
252 0.59349
253 0.593667
254 0.593843
255 0.594019
256 0.594198
257 0.59437
258 0.594542
259 0.594716
260 0.594889
261 0.595062
262 0.595236
263 0.595409
264 0.595577
265 0.595744
266 0.595914
267 0.596079
268 0.596247
269 0.596413
270 0.596577
271 0.596745
272 0.596912
273 0.59708
274 0.597241
275 0.597403
276 0.597569
277 0.597731
278 0.597894
279 0.598054
280 0.598212
281 0.59837
282 0.598532
283 0.598692
284 0.598848
285 0.599006
286 0.599161
287 0.599317
288 0.599472
289 0.599626
290 0.599779
291 0.599933
292 0.600082
293 0.600231
294 0.60038
295 0.60053
296 0.600678
297 0.600826
298 0.600975
299 0.601125
300 0.601273
