1 0.19682
2 0.196233
3 0.195553
4 0.1949
5 0.194218
6 0.193551
7 0.192906
8 0.192256
9 0.191618
10 0.190968
11 0.190317
12 0.18966
13 0.189005
14 0.188358
15 0.18772
16 0.187084
17 0.186443
18 0.185813
19 0.185183
20 0.184551
21 0.183918
22 0.18328
23 0.182643
24 0.182017
25 0.181396
26 0.180781
27 0.180163
28 0.179547
29 0.178935
30 0.178329
31 0.177724
32 0.177123
33 0.176528
34 0.17593
35 0.175345
36 0.174746
37 0.174167
38 0.173585
39 0.173005
40 0.172434
41 0.171857
42 0.171286
43 0.170717
44 0.170152
45 0.169591
46 0.169035
47 0.168483
48 0.16793
49 0.167383
50 0.166835
51 0.166294
52 0.165758
53 0.165221
54 0.164691
55 0.164166
56 0.16364
57 0.16312
58 0.162601
59 0.162085
60 0.16157
61 0.16106
62 0.160555
63 0.160053
64 0.159556
65 0.159059
66 0.158568
67 0.158079
68 0.157593
69 0.15711
70 0.156629
71 0.15615
72 0.155679
73 0.155211
74 0.154743
75 0.154277
76 0.153815
77 0.153356
78 0.152897
79 0.152445
80 0.151997
81 0.151551
82 0.151106
83 0.150669
84 0.150234
85 0.149801
86 0.149369
87 0.148941
88 0.148514
89 0.148088
90 0.147669
91 0.147249
92 0.146835
93 0.146423
94 0.146014
95 0.145606
96 0.145202
97 0.144798
98 0.1444
99 0.144003
100 0.143609
101 0.143218
102 0.14283
103 0.142443
104 0.142056
105 0.141673
106 0.141294
107 0.140919
108 0.140545
109 0.140174
110 0.139803
111 0.139433
112 0.139067
113 0.138703
114 0.138341
115 0.137981
116 0.137625
117 0.137269
118 0.136917
119 0.136566
120 0.136219
121 0.135873
122 0.135529
123 0.135186
124 0.134847
125 0.13451
126 0.134173
127 0.133838
128 0.133506
129 0.133176
130 0.132846
131 0.132519
132 0.132195
133 0.131871
134 0.131551
135 0.131231
136 0.130913
137 0.130597
138 0.130283
139 0.129971
140 0.129661
141 0.129352
142 0.129046
143 0.128741
144 0.128439
145 0.128138
146 0.127839
147 0.127541
148 0.127245
149 0.12695
150 0.126658
151 0.126368
152 0.126079
153 0.125791
154 0.125505
155 0.12522
156 0.124936
157 0.124654
158 0.124373
159 0.124094
160 0.123818
161 0.123542
162 0.123267
163 0.122994
164 0.122723
165 0.122454
166 0.122184
167 0.121917
168 0.121651
169 0.121387
170 0.121124
171 0.120862
172 0.120603
173 0.120344
174 0.120086
175 0.11983
176 0.119575
177 0.119322
178 0.119069
179 0.118818
180 0.118569
181 0.118321
182 0.118074
183 0.117828
184 0.117584
185 0.11734
186 0.117098
187 0.116858
188 0.116618
189 0.116379
190 0.116141
191 0.115905
192 0.11567
193 0.115436
194 0.115204
195 0.114972
196 0.114742
197 0.114512
198 0.114284
199 0.114057
200 0.113831
201 0.113605
202 0.113381
203 0.113158
204 0.112937
205 0.112716
206 0.112496
207 0.112278
208 0.11206
209 0.111844
210 0.111628
211 0.111413
212 0.1112
213 0.110987
214 0.110775
215 0.110565
216 0.110355
217 0.110146
218 0.109939
219 0.109732
220 0.109526
221 0.10932
222 0.109117
223 0.108914
224 0.108712
225 0.108511
226 0.10831
227 0.108111
228 0.107912
229 0.107715
230 0.107518
231 0.107323
232 0.107128
233 0.106934
234 0.106741
235 0.106549
236 0.106358
237 0.106168
238 0.105978
239 0.105789
240 0.105601
241 0.105414
242 0.105226
243 0.10504
244 0.104855
245 0.104671
246 0.104487
247 0.104304
248 0.104122
249 0.103941
250 0.103761
251 0.103581
252 0.103402
253 0.103224
254 0.103046
255 0.102869
256 0.102694
257 0.102518
258 0.102344
259 0.10217
260 0.101997
261 0.101824
262 0.101653
263 0.101482
264 0.101312
265 0.101143
266 0.100974
267 0.100806
268 0.100639
269 0.100472
270 0.100306
271 0.10014
272 0.0999757
273 0.0998114
274 0.099648
275 0.0994852
276 0.099323
277 0.0991614
278 0.099
279 0.0988399
280 0.0986803
281 0.0985209
282 0.0983627
283 0.0982046
284 0.0980477
285 0.097891
286 0.0977351
287 0.0975798
288 0.0974249
289 0.0972708
290 0.0971178
291 0.0969647
292 0.0968119
293 0.0966602
294 0.0965093
295 0.0963587
296 0.0962093
297 0.0960602
298 0.0959119
299 0.0957633
300 0.095616
