1 0.10001
2 0.100768
3 0.101634
4 0.102457
5 0.103377
6 0.104213
7 0.105217
8 0.106189
9 0.107153
10 0.108093
11 0.109063
12 0.110059
13 0.111032
14 0.111999
15 0.112998
16 0.113994
17 0.115023
18 0.116036
19 0.117032
20 0.118085
21 0.119131
22 0.12022
23 0.121282
24 0.122345
25 0.123418
26 0.124481
27 0.125578
28 0.126683
29 0.127781
30 0.128888
31 0.130009
32 0.131129
33 0.132233
34 0.133358
35 0.134478
36 0.135626
37 0.136746
38 0.137898
39 0.139036
40 0.140182
41 0.14133
42 0.142477
43 0.143631
44 0.144791
45 0.145941
46 0.147086
47 0.14824
48 0.149397
49 0.150548
50 0.151712
51 0.152863
52 0.154018
53 0.155175
54 0.156322
55 0.157468
56 0.158622
57 0.159767
58 0.160921
59 0.162076
60 0.16324
61 0.164386
62 0.165537
63 0.166678
64 0.167806
65 0.168951
66 0.170091
67 0.171216
68 0.172345
69 0.173468
70 0.174597
71 0.175721
72 0.176836
73 0.177943
74 0.179055
75 0.180164
76 0.18128
77 0.182384
78 0.183489
79 0.18459
80 0.185681
81 0.18677
82 0.187861
83 0.188934
84 0.190011
85 0.191086
86 0.192158
87 0.193229
88 0.194296
89 0.19537
90 0.196427
91 0.197491
92 0.198543
93 0.199591
94 0.200635
95 0.201681
96 0.202719
97 0.203761
98 0.204791
99 0.205818
100 0.206845
101 0.207864
102 0.208878
103 0.209898
104 0.210915
105 0.211925
106 0.212929
107 0.213929
108 0.214923
109 0.21592
110 0.216912
111 0.217905
112 0.218888
113 0.219873
114 0.220853
115 0.22183
116 0.222797
117 0.22377
118 0.224736
119 0.225692
120 0.226651
121 0.227602
122 0.228552
123 0.229494
124 0.230434
125 0.231371
126 0.232307
127 0.23324
128 0.234171
129 0.235094
130 0.23602
131 0.23694
132 0.237858
133 0.238775
134 0.239682
135 0.240592
136 0.241496
137 0.242398
138 0.243293
139 0.244188
140 0.24508
141 0.245968
142 0.246852
143 0.247733
144 0.248609
145 0.249483
146 0.250353
147 0.251217
148 0.252081
149 0.25294
150 0.253798
151 0.254654
152 0.255507
153 0.256361
154 0.257208
155 0.258052
156 0.258895
157 0.259733
158 0.260567
159 0.261396
160 0.262222
161 0.263047
162 0.263867
163 0.264685
164 0.2655
165 0.266314
166 0.267124
167 0.267933
168 0.268737
169 0.269538
170 0.270334
171 0.271129
172 0.271919
173 0.272709
174 0.273498
175 0.274282
176 0.275063
177 0.275844
178 0.276621
179 0.277395
180 0.278161
181 0.278928
182 0.279697
183 0.280461
184 0.281218
185 0.28198
186 0.282729
187 0.283479
188 0.284225
189 0.284974
190 0.28572
191 0.286467
192 0.287204
193 0.28794
194 0.288672
195 0.289403
196 0.290132
197 0.290859
198 0.291586
199 0.292306
200 0.293022
201 0.293743
202 0.294458
203 0.295169
204 0.295879
205 0.296585
206 0.29729
207 0.297991
208 0.298691
209 0.299389
210 0.300085
211 0.300782
212 0.301474
213 0.302163
214 0.302848
215 0.303531
216 0.304213
217 0.304892
218 0.305569
219 0.306246
220 0.306919
221 0.30759
222 0.308256
223 0.308925
224 0.309588
225 0.310249
226 0.31091
227 0.31157
228 0.312222
229 0.312875
230 0.313524
231 0.314174
232 0.31482
233 0.315464
234 0.316106
235 0.316745
236 0.317382
237 0.318018
238 0.318656
239 0.319287
240 0.319918
241 0.320548
242 0.321178
243 0.321803
244 0.322424
245 0.323046
246 0.323665
247 0.324282
248 0.324897
249 0.325512
250 0.326124
251 0.326734
252 0.327343
253 0.327951
254 0.328558
255 0.329161
256 0.329761
257 0.330361
258 0.33096
259 0.331557
260 0.332149
261 0.332741
262 0.333333
263 0.333919
264 0.334503
265 0.335089
266 0.335671
267 0.336251
268 0.336833
269 0.337408
270 0.337984
271 0.338558
272 0.33913
273 0.339703
274 0.340272
275 0.340839
276 0.341406
277 0.34197
278 0.342534
279 0.343095
280 0.343657
281 0.344215
282 0.344769
283 0.345326
284 0.345879
285 0.346431
286 0.346982
287 0.34753
288 0.348077
289 0.348624
290 0.349165
291 0.349708
292 0.350249
293 0.350787
294 0.351324
295 0.35186
296 0.352393
297 0.352926
298 0.353455
299 0.353987
300 0.354515
