1 0.10001
2 0.101525
3 0.103367
4 0.104927
5 0.107058
6 0.108389
7 0.111244
8 0.112992
9 0.114869
10 0.116553
11 0.118763
12 0.121006
13 0.122709
14 0.124569
15 0.126985
16 0.128931
17 0.131502
18 0.133243
19 0.134967
20 0.138083
21 0.140062
22 0.143076
23 0.144654
24 0.146801
25 0.149172
26 0.151054
27 0.154086
28 0.156525
29 0.158535
30 0.16099
31 0.163647
32 0.165841
33 0.167546
34 0.170496
35 0.172569
36 0.175795
37 0.177074
38 0.180519
39 0.182283
40 0.184868
41 0.187248
42 0.189507
43 0.192105
44 0.194678
45 0.196507
46 0.198616
47 0.201357
48 0.20375
49 0.205808
50 0.208714
51 0.210441
52 0.212922
53 0.21536
54 0.21711
55 0.219324
56 0.222116
57 0.223857
58 0.226701
59 0.229078
60 0.231896
61 0.233146
62 0.235796
63 0.237414
64 0.238863
65 0.24221
66 0.244179
67 0.245508
68 0.247989
69 0.249841
70 0.252468
71 0.254415
72 0.255952
73 0.257657
74 0.26023
75 0.262289
76 0.264914
77 0.2663
78 0.268608
79 0.270412
80 0.271945
81 0.273838
82 0.276257
83 0.276937
84 0.279407
85 0.281356
86 0.28328
87 0.285326
88 0.287171
89 0.289867
90 0.290476
91 0.293237
92 0.294254
93 0.296051
94 0.297692
95 0.300006
96 0.301319
97 0.303834
98 0.304699
99 0.306462
100 0.308505
101 0.309755
102 0.31127
103 0.31395
104 0.315673
105 0.316943
106 0.318346
107 0.319961
108 0.321249
109 0.323681
110 0.324985
111 0.327137
112 0.328072
113 0.330184
114 0.331525
115 0.333255
116 0.333937
117 0.336666
118 0.337768
119 0.338445
120 0.34087
121 0.341734
122 0.343444
123 0.344413
124 0.34608
125 0.347575
126 0.349284
127 0.350751
128 0.352448
129 0.353239
130 0.355447
131 0.356549
132 0.358183
133 0.359773
134 0.360354
135 0.36251
136 0.363527
137 0.364987
138 0.365973
139 0.367746
140 0.368971
141 0.370334
142 0.371483
143 0.372891
144 0.373812
145 0.375399
146 0.3764
147 0.377492
148 0.37896
149 0.380201
150 0.3816
151 0.382986
152 0.384371
153 0.386179
154 0.386842
155 0.387904
156 0.389569
157 0.390485
158 0.391565
159 0.392344
160 0.393556
161 0.394973
162 0.396015
163 0.397169
164 0.398359
165 0.399695
166 0.400908
167 0.40215
168 0.403008
169 0.404164
170 0.404854
171 0.406318
172 0.40691
173 0.408657
174 0.409913
175 0.410807
176 0.411605
177 0.413354
178 0.414075
179 0.415254
180 0.415281
181 0.417048
182 0.418789
183 0.419502
184 0.41979
185 0.422151
186 0.42134
187 0.422958
188 0.42376
189 0.425689
190 0.426875
191 0.428219
192 0.428073
193 0.42921
194 0.429976
195 0.431297
196 0.432123
197 0.43339
198 0.434825
199 0.434916
200 0.435555
201 0.437924
202 0.438156
203 0.43867
204 0.440091
205 0.440653
206 0.441785
207 0.442466
208 0.443435
209 0.444554
210 0.445698
211 0.447074
212 0.447593
213 0.448182
214 0.448729
215 0.449645
216 0.450909
217 0.451585
218 0.452506
219 0.453778
220 0.454306
221 0.455209
222 0.455454
223 0.457389
224 0.457503
225 0.458305
226 0.459647
227 0.460593
228 0.460334
229 0.461812
230 0.461986
231 0.463809
232 0.464014
233 0.464793
234 0.465823
235 0.466123
236 0.467212
237 0.468087
238 0.469734
239 0.469545
240 0.470779
241 0.471644
242 0.472981
243 0.473231
244 0.473302
245 0.47465
246 0.475493
247 0.475939
248 0.476829
249 0.478115
250 0.478503
251 0.479166
252 0.48033
253 0.481128
254 0.481973
255 0.482515
256 0.482651
257 0.483859
258 0.484966
259 0.485607
260 0.485403
261 0.486838
262 0.48767
263 0.487659
264 0.487941
265 0.489705
266 0.489986
267 0.49054
268 0.492274
269 0.491356
270 0.493011
271 0.49366
272 0.494184
273 0.495449
274 0.495605
275 0.496259
276 0.497214
277 0.497736
278 0.498815
279 0.499032
280 0.500307
281 0.500557
282 0.500472
283 0.502355
284 0.502288
285 0.503311
286 0.503868
287 0.504315
288 0.504991
289 0.506263
290 0.505456
291 0.507292
292 0.507603
293 0.508043
294 0.508603
295 0.509275
296 0.50986
297 0.510674
298 0.510593
299 0.512532
300 0.512136
