1 0.109937
2 0.110023
3 0.110187
4 0.110088
5 0.109898
6 0.109915
7 0.109924
8 0.110282
9 0.110126
10 0.110198
11 0.110069
12 0.110114
13 0.110172
14 0.110275
15 0.109758
16 0.109895
17 0.109993
18 0.110101
19 0.110082
20 0.110001
21 0.11035
22 0.110227
23 0.110085
24 0.110065
25 0.109958
26 0.11014
27 0.110258
28 0.10999
29 0.110045
30 0.109998
31 0.110072
32 0.110058
33 0.11006
34 0.110002
35 0.109807
36 0.10994
37 0.11002
38 0.109943
39 0.109997
40 0.110013
41 0.11001
42 0.110023
43 0.110042
44 0.110097
45 0.110166
46 0.110041
47 0.110251
48 0.110069
49 0.110029
50 0.110027
51 0.109801
52 0.110207
53 0.110231
54 0.110008
55 0.110172
56 0.10994
57 0.109787
58 0.109932
59 0.110143
60 0.110077
61 0.110019
62 0.110039
63 0.110092
64 0.110154
65 0.109956
66 0.110156
67 0.109918
68 0.109891
69 0.10982
70 0.110081
71 0.109974
72 0.110021
73 0.109868
74 0.110017
75 0.109948
76 0.110253
77 0.110096
78 0.109985
79 0.109991
80 0.110158
81 0.110056
82 0.109954
83 0.110066
84 0.110014
85 0.110102
86 0.110281
87 0.110145
88 0.109893
89 0.110255
90 0.110355
91 0.109913
92 0.110038
93 0.11014
94 0.109931
95 0.110131
96 0.11001
97 0.11008
98 0.10997
99 0.109985
100 0.109947
101 0.110029
102 0.109897
103 0.110138
104 0.109862
105 0.110268
106 0.110076
107 0.110217
108 0.110324
109 0.110168
110 0.110004
111 0.110136
112 0.110069
113 0.110027
114 0.110002
115 0.110095
116 0.10987
117 0.110128
118 0.109945
119 0.110089
120 0.110041
121 0.109953
122 0.109797
123 0.110011
124 0.110157
125 0.110092
126 0.110135
127 0.109911
128 0.109978
129 0.109933
130 0.110075
131 0.110113
132 0.109856
133 0.110117
134 0.109909
135 0.110058
136 0.110153
137 0.109995
138 0.110167
139 0.110146
140 0.110215
141 0.110162
142 0.109813
143 0.110256
144 0.109963
145 0.110256
146 0.109932
147 0.110142
148 0.110076
149 0.110178
150 0.109977
151 0.109923
152 0.109851
153 0.110081
154 0.110095
155 0.110129
156 0.11009
157 0.11001
158 0.110036
159 0.110089
160 0.110046
161 0.110035
162 0.110095
163 0.110069
164 0.110029
165 0.109964
166 0.110014
167 0.110231
168 0.110214
169 0.109998
170 0.110059
171 0.11
172 0.110122
173 0.110083
174 0.109893
175 0.110107
176 0.110184
177 0.109902
178 0.109953
179 0.109858
180 0.110193
181 0.109984
182 0.110308
183 0.110036
184 0.110075
185 0.109916
186 0.110061
187 0.109913
188 0.110194
189 0.110099
190 0.110287
191 0.10973
192 0.110175
193 0.109956
194 0.1102
195 0.109914
196 0.110196
197 0.110161
198 0.10992
199 0.11011
200 0.11021
201 0.110198
202 0.110267
203 0.109892
204 0.110007
205 0.109889
206 0.110023
207 0.110301
208 0.11017
209 0.110056
210 0.11003
211 0.110208
212 0.110077
213 0.109871
214 0.109909
215 0.110032
216 0.109924
217 0.109983
218 0.110215
219 0.110086
220 0.109945
221 0.110113
222 0.110036
223 0.109942
224 0.110184
225 0.110039
226 0.110203
227 0.11013
228 0.110072
229 0.109993
230 0.109974
231 0.110033
232 0.110034
233 0.110221
234 0.110214
235 0.11009
236 0.110019
237 0.11004
238 0.10982
239 0.109983
240 0.109848
241 0.110023
242 0.109767
243 0.110007
244 0.110186
245 0.109978
246 0.110091
247 0.109904
248 0.109946
249 0.1102
250 0.110073
251 0.110269
252 0.110056
253 0.110019
254 0.110113
255 0.110121
256 0.10993
257 0.109982
258 0.110132
259 0.110256
260 0.110141
261 0.109909
262 0.10985
263 0.110083
264 0.110043
265 0.110124
266 0.110226
267 0.110168
268 0.110124
269 0.110126
270 0.110175
271 0.110147
272 0.110184
273 0.109893
274 0.109698
275 0.110108
276 0.109878
277 0.110097
278 0.110073
279 0.109861
280 0.110016
281 0.11003
282 0.110064
283 0.11013
284 0.110091
285 0.110107
286 0.109867
287 0.109885
288 0.110013
289 0.109999
290 0.110031
291 0.110022
292 0.109997
293 0.110151
294 0.110288
295 0.110098
296 0.109976
297 0.109986
298 0.109918
299 0.109897
300 0.110011
