1 0.500066
2 0.498897
3 0.499093
4 0.498975
5 0.499255
6 0.499457
7 0.499564
8 0.499573
9 0.499672
10 0.499666
11 0.499712
12 0.499754
13 0.499773
14 0.499805
15 0.499881
16 0.499855
17 0.499885
18 0.499852
19 0.499844
20 0.499815
21 0.499779
22 0.499826
23 0.499834
24 0.499878
25 0.499872
26 0.499889
27 0.499891
28 0.499911
29 0.499918
30 0.499913
31 0.499866
32 0.499855
33 0.499858
34 0.499871
35 0.49986
36 0.499839
37 0.499853
38 0.499853
39 0.499855
40 0.499849
41 0.499861
42 0.499863
43 0.499862
44 0.499849
45 0.499842
46 0.499843
47 0.499837
48 0.499822
49 0.499816
50 0.49981
51 0.499832
52 0.499832
53 0.499825
54 0.499809
55 0.499786
56 0.499794
57 0.499802
58 0.499806
59 0.499792
60 0.499783
61 0.499784
62 0.499781
63 0.499794
64 0.499797
65 0.499799
66 0.499793
67 0.499807
68 0.499812
69 0.499815
70 0.499811
71 0.499814
72 0.499812
73 0.499804
74 0.499806
75 0.49981
76 0.499802
77 0.499819
78 0.499823
79 0.499818
80 0.499833
81 0.499832
82 0.499839
83 0.49984
84 0.499836
85 0.499838
86 0.499833
87 0.499829
88 0.499841
89 0.499843
90 0.49984
91 0.499845
92 0.499839
93 0.499836
94 0.499834
95 0.499835
96 0.499833
97 0.499847
98 0.499848
99 0.499853
100 0.499863
101 0.499865
102 0.499872
103 0.499875
104 0.499885
105 0.499891
106 0.499893
107 0.499892
108 0.499883
109 0.499885
110 0.49989
111 0.499891
112 0.499891
113 0.499889
114 0.499892
115 0.499886
116 0.499883
117 0.499882
118 0.499881
119 0.499882
120 0.499885
121 0.499886
122 0.499882
123 0.499884
124 0.499892
125 0.499895
126 0.49989
127 0.499889
128 0.499895
129 0.4999
130 0.499904
131 0.499898
132 0.499903
133 0.499907
134 0.499915
135 0.499912
136 0.499914
137 0.499916
138 0.49991
139 0.499913
140 0.499912
141 0.49991
142 0.499913
143 0.499912
144 0.499917
145 0.499918
146 0.499914
147 0.499907
148 0.499905
149 0.499906
150 0.499905
151 0.499905
152 0.499913
153 0.499915
154 0.499916
155 0.499915
156 0.499917
157 0.499917
158 0.499921
159 0.499924
160 0.499918
161 0.499916
162 0.499919
163 0.499919
164 0.499917
165 0.499918
166 0.499916
167 0.499916
168 0.499916
169 0.499918
170 0.499922
171 0.499926
172 0.49992
173 0.499925
174 0.499928
175 0.499925
176 0.499925
177 0.499934
178 0.49994
179 0.499937
180 0.499937
181 0.499936
182 0.499933
183 0.499937
184 0.499933
185 0.499936
186 0.499933
187 0.499933
188 0.49993
189 0.499926
190 0.499924
191 0.499925
192 0.499925
193 0.499929
194 0.499929
195 0.499928
196 0.499925
197 0.499926
198 0.499923
199 0.499922
200 0.499921
201 0.499923
202 0.499924
203 0.499922
204 0.499921
205 0.499923
206 0.499925
207 0.499923
208 0.499922
209 0.49992
210 0.499921
211 0.499921
212 0.499919
213 0.499922
214 0.499919
215 0.499921
216 0.499921
217 0.499922
218 0.49992
219 0.499919
220 0.499921
221 0.499918
222 0.499918
223 0.499917
224 0.49992
225 0.499921
226 0.499919
227 0.499921
228 0.499921
229 0.499923
230 0.49992
231 0.499921
232 0.499926
233 0.499922
234 0.499921
235 0.499922
236 0.499923
237 0.499921
238 0.499922
239 0.49992
240 0.499923
241 0.499925
242 0.499927
243 0.499926
244 0.499928
245 0.499927
246 0.499928
247 0.499929
248 0.499928
249 0.499929
250 0.499928
251 0.499926
252 0.49993
253 0.499928
254 0.499931
255 0.499929
256 0.499929
257 0.499931
258 0.499929
259 0.49993
260 0.49993
261 0.499933
262 0.499936
263 0.499933
264 0.499934
265 0.49993
266 0.499931
267 0.499928
268 0.499927
269 0.499927
270 0.499931
271 0.49993
272 0.499929
273 0.499929
274 0.499928
275 0.499925
276 0.499924
277 0.499924
278 0.499924
279 0.499926
280 0.49993
281 0.49993
282 0.499931
283 0.499933
284 0.499933
285 0.499934
286 0.499933
287 0.499934
288 0.499936
289 0.499938
290 0.499939
291 0.499938
292 0.499935
293 0.499936
294 0.499937
295 0.499936
296 0.499936
297 0.499932
298 0.499931
299 0.49993
300 0.499932
