1 0.333762
2 0.333546
3 0.333451
4 0.333404
5 0.333552
6 0.33358
7 0.333727
8 0.333514
9 0.333467
10 0.333374
11 0.333224
12 0.333253
13 0.333277
14 0.33323
15 0.333327
16 0.333401
17 0.333383
18 0.333346
19 0.333314
20 0.333336
21 0.3333
22 0.333268
23 0.33328
24 0.333271
25 0.333406
26 0.333269
27 0.333193
28 0.333263
29 0.333213
30 0.333228
31 0.333156
32 0.333238
33 0.333124
34 0.333229
35 0.33326
36 0.333238
37 0.333237
38 0.333204
39 0.333296
40 0.333276
41 0.333395
42 0.333269
43 0.333294
44 0.333302
45 0.333299
46 0.333248
47 0.333262
48 0.333267
49 0.333259
50 0.333251
51 0.333221
52 0.333241
53 0.333202
54 0.333158
55 0.333252
56 0.333248
57 0.333187
58 0.333253
59 0.333267
60 0.333249
61 0.3333
62 0.333295
63 0.333313
64 0.333291
65 0.333324
66 0.333295
67 0.333319
68 0.333272
69 0.333312
70 0.333314
71 0.333335
72 0.333342
73 0.333446
74 0.333351
75 0.333366
76 0.333345
77 0.333345
78 0.333331
79 0.33334
80 0.333329
81 0.33333
82 0.333328
83 0.333293
84 0.333343
85 0.333295
86 0.333298
87 0.333309
88 0.333319
89 0.333304
90 0.33329
91 0.33334
92 0.333336
93 0.333221
94 0.333311
95 0.33331
96 0.333325
97 0.333311
98 0.333334
99 0.333334
100 0.333325
101 0.33334
102 0.333287
103 0.333339
104 0.333347
105 0.333364
106 0.333316
107 0.333355
108 0.333334
109 0.333331
110 0.333335
111 0.333324
112 0.333325
113 0.333299
114 0.33322
115 0.333314
116 0.333311
117 0.333328
118 0.333301
119 0.333313
120 0.333311
121 0.333324
122 0.33333
123 0.333324
124 0.333343
125 0.33331
126 0.333312
127 0.333355
128 0.333342
129 0.333346
130 0.333331
131 0.33334
132 0.333369
133 0.333349
134 0.333353
135 0.333355
136 0.333345
137 0.333353
138 0.333341
139 0.333354
140 0.333351
141 0.333346
142 0.33336
143 0.333345
144 0.333346
145 0.333334
146 0.333447
147 0.333299
148 0.333348
149 0.333335
150 0.333347
151 0.333356
152 0.333351
153 0.333337
154 0.33334
155 0.333358
156 0.333351
157 0.33335
158 0.333341
159 0.333353
160 0.333351
161 0.333349
162 0.33335
163 0.333351
164 0.333326
165 0.333365
166 0.33336
167 0.33336
168 0.333349
169 0.333338
170 0.333276
171 0.333254
172 0.333329
173 0.333343
174 0.333356
175 0.333353
176 0.333352
177 0.33336
178 0.333341
179 0.333367
180 0.333368
181 0.33335
182 0.333342
183 0.333377
184 0.333351
185 0.333368
186 0.333371
187 0.333374
188 0.333356
189 0.333355
190 0.33336
191 0.33336
192 0.33336
193 0.33336
194 0.333361
195 0.33338
196 0.333346
197 0.333336
198 0.333364
199 0.333337
200 0.333358
201 0.333346
202 0.333354
203 0.333344
204 0.333261
205 0.333438
206 0.333346
207 0.333328
208 0.333342
209 0.33334
210 0.333323
211 0.333333
212 0.333335
213 0.333342
214 0.333337
215 0.333327
216 0.333349
217 0.333336
218 0.333346
219 0.333339
220 0.333333
221 0.333346
222 0.333329
223 0.33334
224 0.333336
225 0.333331
226 0.333337
227 0.333331
228 0.333336
229 0.333337
230 0.333335
231 0.333323
232 0.333338
233 0.333333
234 0.333316
235 0.33333
236 0.333298
237 0.333328
238 0.333338
239 0.333319
240 0.333338
241 0.333315
242 0.333346
243 0.333337
244 0.333353
245 0.333336
246 0.333327
247 0.333344
248 0.333331
249 0.333337
250 0.333334
251 0.333333
252 0.33334
253 0.333339
254 0.333362
255 0.333244
256 0.333329
257 0.333419
258 0.333286
259 0.333322
260 0.333337
261 0.333321
262 0.333321
263 0.333332
264 0.333321
265 0.333336
266 0.333328
267 0.333317
268 0.333323
269 0.333323
270 0.333331
271 0.333334
272 0.333323
273 0.333344
274 0.333335
275 0.333327
276 0.33332
277 0.33332
278 0.333331
279 0.333326
280 0.333311
281 0.333327
282 0.333322
283 0.33333
284 0.333334
285 0.333326
286 0.333319
287 0.333332
288 0.33333
289 0.333327
290 0.333337
291 0.333326
292 0.333331
293 0.333327
294 0.33333
295 0.333332
296 0.333327
297 0.333336
298 0.333332
299 0.333338
300 0.333345
