1 0.388559
2 0.408986
3 0.426896
4 0.442166
5 0.45522
6 0.467242
7 0.47764
8 0.487056
9 0.496313
10 0.504187
11 0.512007
12 0.519972
13 0.526568
14 0.532936
15 0.538714
16 0.544475
17 0.550209
18 0.555833
19 0.560878
20 0.565859
21 0.57108
22 0.575377
23 0.579945
24 0.584179
25 0.588355
26 0.5925
27 0.59627
28 0.599977
29 0.603753
30 0.607398
31 0.611014
32 0.614109
33 0.617332
34 0.620284
35 0.623418
36 0.626668
37 0.629605
38 0.632525
39 0.63507
40 0.638118
41 0.640573
42 0.643286
43 0.645482
44 0.647907
45 0.650563
46 0.652816
47 0.655452
48 0.657713
49 0.659722
50 0.661983
51 0.664303
52 0.666469
53 0.668564
54 0.670948
55 0.672814
56 0.674556
57 0.676718
58 0.678159
59 0.680055
60 0.681683
61 0.683486
62 0.685404
63 0.687069
64 0.689133
65 0.690787
66 0.692484
67 0.694071
68 0.695803
69 0.697644
70 0.699014
71 0.700553
72 0.701802
73 0.703362
74 0.704692
75 0.706458
76 0.707815
77 0.7093
78 0.710599
79 0.711811
80 0.712873
81 0.714257
82 0.71565
83 0.716825
84 0.717943
85 0.719053
86 0.720375
87 0.721553
88 0.722523
89 0.723911
90 0.724977
91 0.726218
92 0.727637
93 0.728655
94 0.729714
95 0.730778
96 0.73173
97 0.732962
98 0.734222
99 0.735196
100 0.736219
101 0.73712
102 0.738193
103 0.738918
104 0.740027
105 0.741122
106 0.742221
107 0.743195
108 0.744102
109 0.744714
110 0.745869
111 0.746628
112 0.74748
113 0.748301
114 0.749317
115 0.749979
116 0.750872
117 0.751878
118 0.752603
119 0.753531
120 0.754123
121 0.754796
122 0.755743
123 0.756504
124 0.757494
125 0.758183
126 0.759135
127 0.75993
128 0.760478
129 0.761272
130 0.762126
131 0.762977
132 0.763695
133 0.764486
134 0.765267
135 0.765888
136 0.766693
137 0.767129
138 0.767849
139 0.768456
140 0.768903
141 0.769748
142 0.770279
143 0.77089
144 0.771542
145 0.772372
146 0.772869
147 0.773527
148 0.774154
149 0.774801
150 0.775461
151 0.776088
152 0.776578
153 0.777099
154 0.777894
155 0.778222
156 0.778902
157 0.779592
158 0.780076
159 0.780654
160 0.781131
161 0.78179
162 0.782257
163 0.782727
164 0.783362
165 0.78387
166 0.784268
167 0.784717
168 0.785242
169 0.786012
170 0.786761
171 0.787156
172 0.787617
173 0.788154
174 0.788481
175 0.789093
176 0.789751
177 0.790138
178 0.790503
179 0.790942
180 0.791332
181 0.791787
182 0.792525
183 0.792705
184 0.793398
185 0.794078
186 0.794466
187 0.795129
188 0.795582
189 0.795983
190 0.796592
191 0.796973
192 0.797467
193 0.79789
194 0.79837
195 0.798739
196 0.799181
197 0.799578
198 0.800283
199 0.800604
200 0.801086
201 0.801516
202 0.801978
203 0.802251
204 0.802815
205 0.803221
206 0.803611
207 0.803809
208 0.804295
209 0.804534
210 0.804939
211 0.805486
212 0.805904
213 0.806428
214 0.806691
215 0.807237
216 0.80756
217 0.807932
218 0.808379
219 0.80895
220 0.809096
221 0.809418
222 0.810054
223 0.8102
224 0.810566
225 0.811014
226 0.8112
227 0.811536
228 0.811881
229 0.81238
230 0.812825
231 0.813125
232 0.813443
233 0.813921
234 0.814138
235 0.81443
236 0.814912
237 0.815149
238 0.815498
239 0.815877
240 0.816162
241 0.816378
242 0.816875
243 0.817403
244 0.81762
245 0.817952
246 0.818215
247 0.81855
248 0.81895
249 0.819384
250 0.819643
251 0.820062
252 0.820291
253 0.820745
254 0.820852
255 0.821268
256 0.821416
257 0.821817
258 0.822058
259 0.822452
260 0.822617
261 0.823074
262 0.82339
263 0.823663
264 0.824148
265 0.824232
266 0.824511
267 0.824713
268 0.825043
269 0.825416
270 0.825649
271 0.826021
272 0.826206
273 0.826483
274 0.826773
275 0.827072
276 0.827386
277 0.827536
278 0.827836
279 0.828239
280 0.82851
281 0.828808
282 0.828959
283 0.829147
284 0.829362
285 0.829787
286 0.830048
287 0.830351
288 0.830533
289 0.830658
290 0.831044
291 0.831222
292 0.831527
293 0.8316
294 0.831999
295 0.832211
296 0.832474
297 0.832828
298 0.833115
299 0.833299
300 0.833648
