1 0.0732936
2 0.0721162
3 0.0710349
4 0.0699956
5 0.0689666
6 0.0679801
7 0.0670388
8 0.0661461
9 0.0652635
10 0.0644018
11 0.063579
12 0.0627772
13 0.0620061
14 0.0612653
15 0.0605317
16 0.0598196
17 0.0591407
18 0.0584786
19 0.0578336
20 0.0572194
21 0.0566143
22 0.0560202
23 0.0554493
24 0.0548895
25 0.0543497
26 0.0538219
27 0.0533106
28 0.0528062
29 0.0523164
30 0.0518394
31 0.0513723
32 0.050915
33 0.050471
34 0.0500365
35 0.0496142
36 0.0491991
37 0.0487909
38 0.0483935
39 0.0480066
40 0.0476242
41 0.0472505
42 0.0468853
43 0.0465281
44 0.0461772
45 0.045835
46 0.0454984
47 0.0451678
48 0.0448428
49 0.0445271
50 0.0442158
51 0.0439114
52 0.0436108
53 0.0433159
54 0.0430254
55 0.042741
56 0.0424624
57 0.0421872
58 0.0419166
59 0.0416486
60 0.0413866
61 0.0411284
62 0.0408747
63 0.0406276
64 0.040383
65 0.0401421
66 0.0399058
67 0.0396715
68 0.0394419
69 0.0392167
70 0.0389936
71 0.038773
72 0.0385574
73 0.0383443
74 0.0381353
75 0.037928
76 0.0377243
77 0.037523
78 0.0373243
79 0.0371281
80 0.0369354
81 0.0367459
82 0.036558
83 0.0363723
84 0.0361887
85 0.0360071
86 0.0358286
87 0.0356528
88 0.0354795
89 0.0353081
90 0.0351394
91 0.0349713
92 0.034806
93 0.0346426
94 0.0344811
95 0.0343216
96 0.0341644
97 0.0340086
98 0.0338551
99 0.0337037
100 0.0335536
101 0.0334057
102 0.0332591
103 0.0331142
104 0.0329712
105 0.0328293
106 0.0326891
107 0.032551
108 0.0324131
109 0.0322774
110 0.0321431
111 0.0320106
112 0.0318788
113 0.0317491
114 0.0316204
115 0.0314932
116 0.0313673
117 0.0312421
118 0.0311195
119 0.0309978
120 0.0308769
121 0.0307569
122 0.0306386
123 0.0305207
124 0.0304055
125 0.0302908
126 0.0301767
127 0.0300641
128 0.0299527
129 0.0298422
130 0.0297326
131 0.0296241
132 0.0295164
133 0.0294097
134 0.0293038
135 0.0291991
136 0.0290957
137 0.0289935
138 0.028892
139 0.0287912
140 0.0286912
141 0.0285925
142 0.0284943
143 0.0283971
144 0.0283007
145 0.0282055
146 0.0281107
147 0.0280169
148 0.0279239
149 0.0278315
150 0.0277401
151 0.0276492
152 0.0275592
153 0.0274706
154 0.0273819
155 0.0272941
156 0.0272066
157 0.0271208
158 0.0270353
159 0.0269504
160 0.0268659
161 0.0267824
162 0.0266997
163 0.0266175
164 0.0265363
165 0.0264554
166 0.0263756
167 0.0262958
168 0.0262168
169 0.0261385
170 0.0260602
171 0.025983
172 0.0259064
173 0.0258305
174 0.0257553
175 0.0256802
176 0.0256059
177 0.0255323
178 0.0254589
179 0.0253861
180 0.0253135
181 0.0252418
182 0.0251705
183 0.0251001
184 0.0250298
185 0.0249602
186 0.0248908
187 0.0248218
188 0.0247537
189 0.0246859
190 0.0246187
191 0.024552
192 0.0244858
193 0.0244199
194 0.0243543
195 0.0242893
196 0.0242247
197 0.0241606
198 0.0240969
199 0.0240336
200 0.0239705
201 0.0239079
202 0.0238457
203 0.0237841
204 0.0237229
205 0.0236621
206 0.0236018
207 0.0235417
208 0.023482
209 0.0234228
210 0.0233638
211 0.0233053
212 0.0232468
213 0.0231891
214 0.0231317
215 0.0230745
216 0.0230177
217 0.0229612
218 0.0229053
219 0.0228497
220 0.0227946
221 0.0227398
222 0.0226852
223 0.0226308
224 0.022577
225 0.0225233
226 0.0224702
227 0.0224173
228 0.0223645
229 0.0223122
230 0.02226
231 0.0222081
232 0.0221566
233 0.0221054
234 0.0220544
235 0.0220039
236 0.0219538
237 0.0219039
238 0.0218544
239 0.0218051
240 0.0217559
241 0.0217072
242 0.0216586
243 0.0216106
244 0.0215626
245 0.0215148
246 0.0214673
247 0.0214199
248 0.0213731
249 0.0213265
250 0.0212801
251 0.0212339
252 0.021188
253 0.0211423
254 0.0210967
255 0.0210516
256 0.0210066
257 0.0209617
258 0.0209171
259 0.0208729
260 0.0208291
261 0.0207853
262 0.0207417
263 0.0206983
264 0.0206553
265 0.0206126
266 0.02057
267 0.0205276
268 0.0204855
269 0.0204435
270 0.0204018
271 0.02036
272 0.0203185
273 0.0202774
274 0.0202366
275 0.0201958
276 0.0201553
277 0.0201151
278 0.0200749
279 0.020035
280 0.0199954
281 0.0199559
282 0.0199167
283 0.0198775
284 0.0198385
285 0.0197998
286 0.0197612
287 0.0197229
288 0.0196847
289 0.0196467
290 0.0196089
291 0.0195713
292 0.0195338
293 0.0194965
294 0.0194594
295 0.0194225
296 0.0193859
297 0.0193494
298 0.0193129
299 0.0192765
300 0.0192405
