1 0.500296
2 0.505352
3 0.510181
4 0.51472
5 0.519364
6 0.52371
7 0.527868
8 0.531843
9 0.535764
10 0.539606
11 0.543265
12 0.546809
13 0.550254
14 0.553612
15 0.556917
16 0.560177
17 0.563246
18 0.56622
19 0.569138
20 0.571994
21 0.574759
22 0.577514
23 0.580122
24 0.582742
25 0.585247
26 0.587717
27 0.590056
28 0.592482
29 0.59477
30 0.597031
31 0.599231
32 0.601403
33 0.603526
34 0.605603
35 0.607633
36 0.609644
37 0.611607
38 0.613524
39 0.615383
40 0.617267
41 0.619094
42 0.620879
43 0.62263
44 0.624366
45 0.626026
46 0.627707
47 0.629353
48 0.630969
49 0.632555
50 0.6341
51 0.635623
52 0.637117
53 0.638575
54 0.640063
55 0.641523
56 0.642929
57 0.644225
58 0.645714
59 0.647105
60 0.648433
61 0.649749
62 0.651059
63 0.652304
64 0.653603
65 0.654826
66 0.656071
67 0.657305
68 0.658501
69 0.659671
70 0.66084
71 0.662008
72 0.663138
73 0.664383
74 0.665369
75 0.666468
76 0.66754
77 0.668631
78 0.669672
79 0.67072
80 0.67176
81 0.672786
82 0.673803
83 0.674781
84 0.675783
85 0.676816
86 0.677744
87 0.678695
88 0.679643
89 0.680516
90 0.681481
91 0.682375
92 0.683323
93 0.684184
94 0.685115
95 0.685982
96 0.686858
97 0.687716
98 0.688578
99 0.68942
100 0.690247
101 0.691071
102 0.691945
103 0.692678
104 0.69351
105 0.694267
106 0.695096
107 0.695884
108 0.696651
109 0.697422
110 0.698176
111 0.698921
112 0.699679
113 0.700429
114 0.701162
115 0.701877
116 0.702596
117 0.703271
118 0.704036
119 0.704714
120 0.705413
121 0.706108
122 0.70677
123 0.707463
124 0.708135
125 0.708807
126 0.709451
127 0.710123
128 0.710773
129 0.711388
130 0.712052
131 0.712683
132 0.713324
133 0.713966
134 0.714578
135 0.715186
136 0.715802
137 0.716407
138 0.717004
139 0.717591
140 0.718188
141 0.718778
142 0.719369
143 0.71994
144 0.720519
145 0.721105
146 0.721632
147 0.722219
148 0.72277
149 0.723333
150 0.723874
151 0.724412
152 0.724964
153 0.725497
154 0.726034
155 0.726572
156 0.727095
157 0.727628
158 0.728144
159 0.728647
160 0.729171
161 0.729675
162 0.730191
163 0.730675
164 0.73119
165 0.731673
166 0.732156
167 0.732645
168 0.733145
169 0.733637
170 0.7342
171 0.734456
172 0.735029
173 0.735522
174 0.735998
175 0.736462
176 0.736926
177 0.737396
178 0.737813
179 0.73829
180 0.738738
181 0.739192
182 0.73962
183 0.740058
184 0.740517
185 0.740955
186 0.741349
187 0.741823
188 0.742244
189 0.742664
190 0.74309
191 0.743515
192 0.743939
193 0.744352
194 0.744769
195 0.745138
196 0.745595
197 0.74598
198 0.74641
199 0.746834
200 0.747218
201 0.747624
202 0.748019
203 0.748415
204 0.748792
205 0.749272
206 0.749577
207 0.749958
208 0.75035
209 0.750749
210 0.751096
211 0.751476
212 0.751873
213 0.752259
214 0.752623
215 0.75299
216 0.753353
217 0.753708
218 0.754085
219 0.754466
220 0.754786
221 0.755157
222 0.755515
223 0.755866
224 0.756223
225 0.756572
226 0.756925
227 0.757261
228 0.757629
229 0.75796
230 0.758304
231 0.758643
232 0.758983
233 0.7593
234 0.75964
235 0.759976
236 0.76032
237 0.760658
238 0.760978
239 0.761289
240 0.761636
241 0.762012
242 0.762275
243 0.762615
244 0.762922
245 0.76323
246 0.763559
247 0.763874
248 0.764182
249 0.764494
250 0.764813
251 0.765115
252 0.765431
253 0.765765
254 0.766092
255 0.766449
256 0.766648
257 0.766842
258 0.767191
259 0.767528
260 0.76783
261 0.76813
262 0.768444
263 0.76873
264 0.769024
265 0.76931
266 0.769613
267 0.769879
268 0.770183
269 0.770465
270 0.770741
271 0.771044
272 0.771315
273 0.771537
274 0.771866
275 0.77215
276 0.772419
277 0.7727
278 0.772971
279 0.77324
280 0.773521
281 0.773787
282 0.774066
283 0.774329
284 0.774613
285 0.774859
286 0.775139
287 0.775404
288 0.775663
289 0.775931
290 0.776197
291 0.776444
292 0.776683
293 0.777
294 0.777221
295 0.77747
296 0.777733
297 0.777982
298 0.778249
299 0.778489
300 0.778749
