1 0.5
2 0.359242
3 0.298091
4 0.262465
5 0.238592
6 0.221095
7 0.207821
8 0.1975
9 0.188962
10 0.182045
11 0.176137
12 0.170984
13 0.166676
14 0.162655
15 0.159433
16 0.15629
17 0.153718
18 0.151143
19 0.149101
20 0.147218
21 0.145207
22 0.143742
23 0.142169
24 0.140677
25 0.139467
26 0.1384
27 0.137204
28 0.136151
29 0.135425
30 0.134488
31 0.133555
32 0.13271
33 0.13196
34 0.131469
35 0.130675
36 0.129932
37 0.129279
38 0.128822
39 0.128388
40 0.127839
41 0.127414
42 0.126784
43 0.12641
44 0.126208
45 0.125738
46 0.125278
47 0.124779
48 0.124527
49 0.124312
50 0.124008
51 0.12367
52 0.123377
53 0.123163
54 0.122689
55 0.122636
56 0.122309
57 0.122104
58 0.121931
59 0.121576
60 0.121391
61 0.121211
62 0.120919
63 0.120645
64 0.120268
65 0.120489
66 0.120284
67 0.120082
68 0.119911
69 0.119737
70 0.119638
71 0.119393
72 0.119145
73 0.11899
74 0.118947
75 0.118756
76 0.118765
77 0.118597
78 0.118528
79 0.118502
80 0.118271
81 0.1181
82 0.118143
83 0.117983
84 0.117809
85 0.117802
86 0.117639
87 0.117539
88 0.117477
89 0.117362
90 0.117297
91 0.11719
92 0.117037
93 0.116923
94 0.116843
95 0.116815
96 0.116668
97 0.1166
98 0.116626
99 0.116522
100 0.11644
101 0.116315
102 0.116384
103 0.11612
104 0.116176
105 0.11607
106 0.116036
107 0.116037
108 0.115896
109 0.115769
110 0.115882
111 0.115679
112 0.115658
113 0.115563
114 0.115468
115 0.115479
116 0.115525
117 0.115487
118 0.115415
119 0.115342
120 0.115233
121 0.115156
122 0.115145
123 0.115102
124 0.115029
125 0.114927
126 0.114845
127 0.114866
128 0.114801
129 0.114849
130 0.114729
131 0.114744
132 0.114803
133 0.114625
134 0.114628
135 0.114579
136 0.114521
137 0.114548
138 0.114411
139 0.11426
140 0.114451
141 0.114303
142 0.114335
143 0.114273
144 0.114168
145 0.114239
146 0.114186
147 0.114075
148 0.114106
149 0.114025
150 0.113992
151 0.113967
152 0.113912
153 0.113887
154 0.113862
155 0.113917
156 0.113809
157 0.113793
158 0.113814
159 0.113762
160 0.113716
161 0.113658
162 0.1136
163 0.113602
164 0.113638
165 0.113604
166 0.11351
167 0.113543
168 0.113449
169 0.113411
170 0.113576
171 0.113508
172 0.113312
173 0.113312
174 0.113309
175 0.113346
176 0.113289
177 0.113294
178 0.113262
179 0.113266
180 0.113166
181 0.113105
182 0.113157
183 0.113163
184 0.113096
185 0.113003
186 0.112944
187 0.11317
188 0.11296
189 0.11293
190 0.112965
191 0.112937
192 0.112789
193 0.112993
194 0.112912
195 0.112951
196 0.112929
197 0.112849
198 0.112827
199 0.112774
200 0.112797
201 0.112743
202 0.112716
203 0.112777
204 0.112646
205 0.112863
206 0.11258
207 0.112707
208 0.11262
209 0.112546
210 0.11258
211 0.112559
212 0.112542
213 0.112446
214 0.112576
215 0.112498
216 0.112487
217 0.112472
218 0.112421
219 0.112462
220 0.112489
221 0.112407
222 0.112371
223 0.112379
224 0.11237
225 0.11227
226 0.112338
227 0.112398
228 0.112318
229 0.112277
230 0.112226
231 0.112268
232 0.112306
233 0.112268
234 0.112235
235 0.112185
236 0.112195
237 0.112183
238 0.11214
239 0.112146
240 0.112114
241 0.112099
242 0.112087
243 0.112102
244 0.112084
245 0.112172
246 0.112102
247 0.112069
248 0.112072
249 0.112027
250 0.112048
251 0.111985
252 0.111957
253 0.111977
254 0.111932
255 0.112102
256 0.111977
257 0.111683
258 0.111883
259 0.111864
260 0.111825
261 0.11181
262 0.111777
263 0.111879
264 0.111881
265 0.111777
266 0.11183
267 0.111876
268 0.111818
269 0.11171
270 0.111693
271 0.111695
272 0.111725
273 0.111703
274 0.111747
275 0.111746
276 0.111665
277 0.111684
278 0.11153
279 0.111673
280 0.111698
281 0.111668
282 0.111628
283 0.11155
284 0.11164
285 0.111612
286 0.111588
287 0.111518
288 0.111519
289 0.111576
290 0.111609
291 0.111468
292 0.111553
293 0.111526
294 0.111453
295 0.11141
296 0.111493
297 0.111445
298 0.111417
299 0.111515
300 0.11143
