1 0.499983
2 0.501141
3 0.502217
4 0.503325
5 0.504378
6 0.505332
7 0.506169
8 0.507084
9 0.507942
10 0.508812
11 0.509647
12 0.510442
13 0.511246
14 0.512044
15 0.512746
16 0.513453
17 0.514162
18 0.514834
19 0.5155
20 0.516113
21 0.516759
22 0.51738
23 0.517956
24 0.518527
25 0.519047
26 0.51956
27 0.520035
28 0.520557
29 0.521025
30 0.521496
31 0.521991
32 0.522451
33 0.522911
34 0.523317
35 0.523747
36 0.524174
37 0.524571
38 0.524974
39 0.525367
40 0.525752
41 0.526132
42 0.526521
43 0.526883
44 0.527232
45 0.527558
46 0.527907
47 0.528229
48 0.528553
49 0.528879
50 0.529201
51 0.529501
52 0.529825
53 0.530131
54 0.530432
55 0.530738
56 0.531002
57 0.531273
58 0.531556
59 0.5318
60 0.532067
61 0.532323
62 0.53259
63 0.532827
64 0.53307
65 0.53332
66 0.533567
67 0.533792
68 0.534021
69 0.534239
70 0.534476
71 0.534676
72 0.534886
73 0.535127
74 0.535321
75 0.535528
76 0.535736
77 0.535937
78 0.536146
79 0.536342
80 0.536541
81 0.536719
82 0.536903
83 0.537111
84 0.537294
85 0.537463
86 0.537665
87 0.537844
88 0.538017
89 0.538183
90 0.538359
91 0.538516
92 0.538692
93 0.538872
94 0.539024
95 0.539192
96 0.539347
97 0.539504
98 0.539661
99 0.539811
100 0.539957
101 0.540117
102 0.540237
103 0.540403
104 0.540549
105 0.540692
106 0.54085
107 0.540982
108 0.541127
109 0.541273
110 0.541411
111 0.541539
112 0.541672
113 0.541793
114 0.541931
115 0.542053
116 0.542178
117 0.542299
118 0.542414
119 0.542547
120 0.542669
121 0.542785
122 0.542913
123 0.543026
124 0.543144
125 0.543251
126 0.543369
127 0.54347
128 0.543583
129 0.543693
130 0.543802
131 0.543898
132 0.544007
133 0.544113
134 0.54422
135 0.544323
136 0.544425
137 0.544539
138 0.544643
139 0.544743
140 0.544838
141 0.544934
142 0.545032
143 0.545128
144 0.545229
145 0.545328
146 0.545416
147 0.545517
148 0.54561
149 0.545704
150 0.545794
151 0.545885
152 0.545974
153 0.546061
154 0.546146
155 0.546238
156 0.546328
157 0.546417
158 0.546497
159 0.546588
160 0.54667
161 0.546757
162 0.546833
163 0.546923
164 0.547002
165 0.547088
166 0.547175
167 0.547252
168 0.547327
169 0.547407
170 0.547448
171 0.547522
172 0.547634
173 0.547712
174 0.547786
175 0.547859
176 0.547931
177 0.548012
178 0.548093
179 0.548157
180 0.54823
181 0.548296
182 0.548374
183 0.54844
184 0.548504
185 0.548573
186 0.548654
187 0.548707
188 0.548777
189 0.548846
190 0.548915
191 0.54898
192 0.549044
193 0.549112
194 0.549179
195 0.549232
196 0.549304
197 0.549362
198 0.549436
199 0.549499
200 0.549564
201 0.549627
202 0.549688
203 0.549747
204 0.54981
205 0.549851
206 0.549934
207 0.549994
208 0.550057
209 0.550114
210 0.550179
211 0.550228
212 0.550288
213 0.550346
214 0.550399
215 0.550458
216 0.550512
217 0.550563
218 0.550616
219 0.550677
220 0.550726
221 0.550777
222 0.550836
223 0.550893
224 0.550943
225 0.550998
226 0.551047
227 0.551101
228 0.551154
229 0.551205
230 0.551259
231 0.551307
232 0.551361
233 0.551408
234 0.551472
235 0.551514
236 0.551567
237 0.551618
238 0.551669
239 0.551708
240 0.551764
241 0.551821
242 0.551859
243 0.551908
244 0.551957
245 0.552002
246 0.552051
247 0.552099
248 0.552145
249 0.552194
250 0.552231
251 0.55228
252 0.552328
253 0.552372
254 0.552419
255 0.55242
256 0.552504
257 0.552586
258 0.552595
259 0.552642
260 0.552682
261 0.552725
262 0.552769
263 0.552815
264 0.552861
265 0.552905
266 0.552948
267 0.55299
268 0.553033
269 0.553071
270 0.553109
271 0.553154
272 0.553188
273 0.553221
274 0.553271
275 0.553311
276 0.553349
277 0.553387
278 0.553429
279 0.553462
280 0.553501
281 0.553544
282 0.553583
283 0.553624
284 0.553659
285 0.553698
286 0.553738
287 0.553774
288 0.553813
289 0.55385
290 0.553884
291 0.553923
292 0.553963
293 0.554004
294 0.554038
295 0.554076
296 0.554112
297 0.554151
298 0.554187
299 0.554224
300 0.55426
