1 0.499983
2 0.502299
3 0.504369
4 0.506648
5 0.508596
6 0.510101
7 0.511181
8 0.513493
9 0.514853
10 0.51661
11 0.517959
12 0.519209
13 0.520942
14 0.522372
15 0.522664
16 0.523976
17 0.525509
18 0.526222
19 0.527657
20 0.527633
21 0.529715
22 0.530284
23 0.530764
24 0.531594
25 0.531716
26 0.532228
27 0.532655
28 0.534361
29 0.534228
30 0.53529
31 0.536354
32 0.536968
33 0.537331
34 0.537454
35 0.538082
36 0.538946
37 0.538766
38 0.539884
39 0.5406
40 0.540594
41 0.54175
42 0.541821
43 0.542497
44 0.542037
45 0.54212
46 0.543148
47 0.543392
48 0.543696
49 0.544533
50 0.54528
51 0.544967
52 0.545619
53 0.546278
54 0.545918
55 0.547292
56 0.545645
57 0.547694
58 0.546427
59 0.546303
60 0.54749
61 0.54759
62 0.548518
63 0.54827
64 0.548094
65 0.549708
66 0.548684
67 0.549352
68 0.549219
69 0.54916
70 0.550336
71 0.548986
72 0.54981
73 0.55072
74 0.551051
75 0.550934
76 0.551517
77 0.551093
78 0.551902
79 0.55238
80 0.551966
81 0.551052
82 0.55248
83 0.552885
84 0.552987
85 0.553794
86 0.552644
87 0.553193
88 0.553195
89 0.553294
90 0.553014
91 0.553724
92 0.554048
93 0.553905
94 0.554848
95 0.554702
96 0.554191
97 0.554435
98 0.555497
99 0.553817
100 0.554704
101 0.555888
102 0.555138
103 0.555272
104 0.555122
105 0.556171
106 0.556691
107 0.555351
108 0.556397
109 0.556889
110 0.556545
111 0.555916
112 0.556201
113 0.554983
114 0.557331
115 0.556728
116 0.556309
117 0.55714
118 0.556277
119 0.556787
120 0.557425
121 0.556337
122 0.557968
123 0.557949
124 0.55723
125 0.556785
126 0.557202
127 0.557374
128 0.55755
129 0.557995
130 0.55689
131 0.55751
132 0.557832
133 0.558002
134 0.558854
135 0.557884
136 0.558355
137 0.559633
138 0.559214
139 0.558292
140 0.55815
141 0.55861
142 0.558612
143 0.559101
144 0.559333
145 0.559187
146 0.559281
147 0.559456
148 0.559453
149 0.559454
150 0.559253
151 0.559661
152 0.559323
153 0.559081
154 0.559819
155 0.559878
156 0.560343
157 0.560189
158 0.55931
159 0.560834
160 0.559856
161 0.560324
162 0.559824
163 0.560104
164 0.560827
165 0.56095
166 0.560885
167 0.560644
168 0.560136
169 0.560513
170 0.560417
171 0.560911
172 0.560245
173 0.560771
174 0.560581
175 0.561144
176 0.560194
177 0.562004
178 0.560891
179 0.56166
180 0.560849
181 0.56025
182 0.561434
183 0.560602
184 0.561193
185 0.561002
186 0.561407
187 0.561333
188 0.561769
189 0.561867
190 0.561609
191 0.561403
192 0.561469
193 0.562017
194 0.561807
195 0.561285
196 0.562081
197 0.562569
198 0.561882
199 0.562907
200 0.561753
201 0.562169
202 0.562032
203 0.562097
204 0.562144
205 0.562454
206 0.56239
207 0.563123
208 0.562525
209 0.56173
210 0.562539
211 0.562384
212 0.562743
213 0.562478
214 0.562341
215 0.562836
216 0.561876
217 0.561706
218 0.562029
219 0.562851
220 0.562588
221 0.562063
222 0.563686
223 0.563128
224 0.562642
225 0.562709
226 0.563253
227 0.56293
228 0.563063
229 0.563273
230 0.56331
231 0.562159
232 0.563488
233 0.562966
234 0.56434
235 0.563095
236 0.563917
237 0.564083
238 0.563112
239 0.562766
240 0.563622
241 0.563484
242 0.562913
243 0.563637
244 0.563854
245 0.563412
246 0.563815
247 0.563771
248 0.563604
249 0.563975
250 0.562485
251 0.564285
252 0.563865
253 0.563947
254 0.56361
255 0.563163
256 0.563741
257 0.56384
258 0.563871
259 0.564918
260 0.563542
261 0.563721
262 0.564483
263 0.565328
264 0.564739
265 0.564336
266 0.564875
267 0.5641
268 0.564257
269 0.56261
270 0.563556
271 0.564165
272 0.563822
273 0.564296
274 0.564481
275 0.564103
276 0.564257
277 0.56414
278 0.564122
279 0.563754
280 0.564124
281 0.565165
282 0.564942
283 0.564325
284 0.564392
285 0.564639
286 0.565105
287 0.564485
288 0.564886
289 0.564265
290 0.56449
291 0.564691
292 0.565313
293 0.564793
294 0.565189
295 0.565558
296 0.56431
297 0.565177
298 0.565811
299 0.564588
300 0.565314
