1 0.500296
2 0.510409
3 0.51984
4 0.528334
5 0.53795
6 0.545433
7 0.552753
8 0.559731
9 0.567355
10 0.574037
11 0.579701
12 0.585873
13 0.591808
14 0.597042
15 0.603568
16 0.608709
17 0.612294
18 0.616806
19 0.622521
20 0.625406
21 0.630391
22 0.634902
23 0.638052
24 0.642607
25 0.64551
26 0.649361
27 0.652537
28 0.656226
29 0.659391
30 0.662305
31 0.664985
32 0.668757
33 0.671372
34 0.674469
35 0.677066
36 0.679478
37 0.682222
38 0.684502
39 0.686908
40 0.689777
41 0.692033
42 0.694223
43 0.696493
44 0.698507
45 0.700281
46 0.702415
47 0.705121
48 0.706754
49 0.708193
50 0.710268
51 0.71138
52 0.713647
53 0.71616
54 0.717374
55 0.71982
56 0.720681
57 0.722891
58 0.724479
59 0.726925
60 0.7276
61 0.729504
62 0.73058
63 0.731088
64 0.733487
65 0.734916
66 0.735608
67 0.737871
68 0.739037
69 0.7395
70 0.741561
71 0.743006
72 0.744098
73 0.745273
74 0.745707
75 0.747477
76 0.748613
77 0.750316
78 0.751356
79 0.752523
80 0.753333
81 0.754294
82 0.755764
83 0.756826
84 0.758335
85 0.759576
86 0.760186
87 0.760888
88 0.761944
89 0.761984
90 0.763579
91 0.765299
92 0.766277
93 0.7668
94 0.767924
95 0.768318
96 0.76962
97 0.770598
98 0.771026
99 0.771925
100 0.772948
101 0.773162
102 0.774733
103 0.775652
104 0.776067
105 0.777376
106 0.777919
107 0.778832
108 0.779614
109 0.780337
110 0.781361
111 0.781242
112 0.782834
113 0.782691
114 0.784276
115 0.784779
116 0.785379
117 0.786223
118 0.786078
119 0.787213
120 0.788581
121 0.788921
122 0.789664
123 0.790692
124 0.790538
125 0.791249
126 0.792509
127 0.792753
128 0.793397
129 0.793908
130 0.794706
131 0.795195
132 0.796128
133 0.796558
134 0.797232
135 0.797882
136 0.798182
137 0.798462
138 0.799389
139 0.799813
140 0.800899
141 0.800992
142 0.801757
143 0.802077
144 0.802672
145 0.803003
146 0.803672
147 0.804121
148 0.804823
149 0.805402
150 0.805665
151 0.806264
152 0.807054
153 0.807207
154 0.80759
155 0.808383
156 0.809514
157 0.808876
158 0.810092
159 0.810048
160 0.81093
161 0.811359
162 0.811465
163 0.811913
164 0.812394
165 0.812805
166 0.813048
167 0.813676
168 0.814531
169 0.814418
170 0.815852
171 0.815533
172 0.815674
173 0.81625
174 0.816858
175 0.817544
176 0.817691
177 0.81785
178 0.818403
179 0.818979
180 0.819758
181 0.819765
182 0.820483
183 0.820164
184 0.821003
185 0.821262
186 0.8219
187 0.822229
188 0.822285
189 0.822461
190 0.823414
191 0.823705
192 0.823855
193 0.824653
194 0.825222
195 0.825777
196 0.825646
197 0.826086
198 0.826068
199 0.826915
200 0.827078
201 0.827713
202 0.82801
203 0.827926
204 0.828184
205 0.829131
206 0.828866
207 0.829718
208 0.83019
209 0.829751
210 0.830623
211 0.830983
212 0.831543
213 0.831777
214 0.831764
215 0.832151
216 0.832612
217 0.832882
218 0.833131
219 0.833371
220 0.832796
221 0.8338
222 0.834191
223 0.834607
224 0.834851
225 0.835216
226 0.83503
227 0.835344
228 0.83609
229 0.836227
230 0.837102
231 0.837227
232 0.83749
233 0.837699
234 0.838437
235 0.837812
236 0.838516
237 0.838847
238 0.838743
239 0.839233
240 0.839452
241 0.83994
242 0.839985
243 0.839818
244 0.840615
245 0.841324
246 0.84129
247 0.841531
248 0.841657
249 0.841857
250 0.841839
251 0.842513
252 0.842714
253 0.843376
254 0.84369
255 0.843415
256 0.843935
257 0.844735
258 0.844623
259 0.843975
260 0.8446
261 0.844982
262 0.845385
263 0.845574
264 0.845722
265 0.845789
266 0.846132
267 0.846411
268 0.846747
269 0.846739
270 0.847266
271 0.848208
272 0.847922
273 0.847947
274 0.847854
275 0.848562
276 0.848471
277 0.848893
278 0.848914
279 0.849457
280 0.849111
281 0.849645
282 0.849861
283 0.850662
284 0.8505
285 0.850708
286 0.850839
287 0.851478
288 0.851331
289 0.851562
290 0.851532
291 0.851965
292 0.852119
293 0.852406
294 0.852833
295 0.852676
296 0.852922
297 0.853133
298 0.854076
299 0.853834
300 0.853668
