1 0.0732936
2 0.0709388
3 0.0688719
4 0.0668782
5 0.0648504
6 0.0630481
7 0.061391
8 0.0598976
9 0.058203
10 0.0566448
11 0.0553513
12 0.0539576
13 0.052753
14 0.0516355
15 0.0502609
16 0.0491389
17 0.0482762
18 0.0472238
19 0.0462238
20 0.0455488
21 0.044513
22 0.0435441
23 0.0428894
24 0.0420136
25 0.0413946
26 0.0406271
27 0.0400168
28 0.0391877
29 0.0386033
30 0.0380046
31 0.0373591
32 0.0367416
33 0.0362617
34 0.0356975
35 0.0352555
36 0.0346717
37 0.0340957
38 0.0336909
39 0.0333027
40 0.0327085
41 0.0323049
42 0.0319104
43 0.0315271
44 0.031087
45 0.030781
46 0.0303513
47 0.0299565
48 0.0295702
49 0.0293726
50 0.0289638
51 0.0286866
52 0.0282825
53 0.0279812
54 0.027632
55 0.0273777
56 0.0271424
57 0.0267745
58 0.0264951
59 0.026103
60 0.0259301
61 0.0256387
62 0.0253996
63 0.0253075
64 0.0249746
65 0.0247171
66 0.024548
67 0.0242089
68 0.0240576
69 0.0239028
70 0.0236002
71 0.0233336
72 0.0232474
73 0.0230033
74 0.022877
75 0.0225908
76 0.0224442
77 0.0222221
78 0.0220215
79 0.0218254
80 0.0217118
81 0.0215862
82 0.0213464
83 0.0211397
84 0.0209479
85 0.0207547
86 0.0206584
87 0.0205292
88 0.0204027
89 0.0202319
90 0.0201232
91 0.0198454
92 0.0197623
93 0.0196064
94 0.0194587
95 0.0193309
96 0.0192245
97 0.01906
98 0.0189587
99 0.0188724
100 0.0186954
101 0.0186138
102 0.0184474
103 0.0183378
104 0.0182388
105 0.0180745
106 0.0179622
107 0.0179141
108 0.0176694
109 0.0176164
110 0.0175032
111 0.0174401
112 0.0172481
113 0.0172224
114 0.0170735
115 0.0169986
116 0.0168848
117 0.0167172
118 0.0167685
119 0.0166448
120 0.0164883
121 0.0163598
122 0.0163296
123 0.0161297
124 0.0162357
125 0.0160643
126 0.0159153
127 0.0158781
128 0.015797
129 0.0157029
130 0.0156039
131 0.0155123
132 0.0154027
133 0.0153305
134 0.015227
135 0.0151673
136 0.0151223
137 0.015101
138 0.0149814
139 0.0148863
140 0.0147906
141 0.0147696
142 0.0146498
143 0.0145973
144 0.0145293
145 0.0144821
146 0.0143628
147 0.0143215
148 0.0142576
149 0.0141562
150 0.0141274
151 0.0140141
152 0.0139626
153 0.0140094
154 0.0138173
155 0.0137641
156 0.0136424
157 0.0137299
158 0.0136209
159 0.0135277
160 0.0134311
161 0.0134203
162 0.0133864
163 0.0133151
164 0.0132821
165 0.0132044
166 0.0132008
167 0.0130589
168 0.013014
169 0.0129848
170 0.0128414
171 0.012849
172 0.012793
173 0.0127915
174 0.012732
175 0.0126295
176 0.0125915
177 0.0125726
178 0.0124847
179 0.0124244
180 0.0123143
181 0.0123378
182 0.0122629
183 0.0122859
184 0.0121631
185 0.0121479
186 0.0120616
187 0.0119997
188 0.012002
189 0.0119521
190 0.011902
191 0.011885
192 0.0118432
193 0.0117579
194 0.0117091
195 0.0116663
196 0.0116373
197 0.0115894
198 0.0115632
199 0.0114922
200 0.0114175
201 0.0113837
202 0.0113499
203 0.0113377
204 0.0112972
205 0.0112563
206 0.0112539
207 0.011154
208 0.011116
209 0.0111067
210 0.0110437
211 0.0110079
212 0.0109129
213 0.010954
214 0.0109045
215 0.0108272
216 0.0108113
217 0.0107719
218 0.0107499
219 0.0107447
220 0.0107359
221 0.0106691
222 0.0106242
223 0.0105531
224 0.0105675
225 0.0105112
226 0.010517
227 0.0104721
228 0.0103725
229 0.0103893
230 0.0103021
231 0.0102786
232 0.0102522
233 0.0102201
234 0.0101754
235 0.0101937
236 0.0101649
237 0.0101311
238 0.0101259
239 0.0100623
240 0.0100219
241 0.0100072
242 0.00996095
243 0.00997801
244 0.00991371
245 0.00984247
246 0.0098202
247 0.00977898
248 0.00980508
249 0.00977364
250 0.00971717
251 0.0096878
252 0.00966152
253 0.00962202
254 0.00956009
255 0.0096016
256 0.00952639
257 0.00946624
258 0.00946411
259 0.00948353
260 0.00946334
261 0.00940785
262 0.00935956
263 0.00933256
264 0.00934255
265 0.00933377
266 0.00927486
267 0.00924812
268 0.00925517
269 0.00919562
270 0.00917861
271 0.00906782
272 0.00908519
273 0.00907606
274 0.00909488
275 0.00903945
276 0.00902031
277 0.00899158
278 0.0089554
279 0.0089338
280 0.00896809
281 0.00889153
282 0.00889587
283 0.00881427
284 0.00881058
285 0.00879464
286 0.00878153
287 0.00874275
288 0.00873252
289 0.00869866
290 0.00869237
291 0.0086567
292 0.00863878
293 0.00860549
294 0.00858869
295 0.00857181
296 0.00857624
297 0.00855202
298 0.00846362
299 0.00845882
300 0.00847178
