1 0.5
2 0.499995
3 0.499981
4 0.499956
5 0.499927
6 0.499898
7 0.499875
8 0.499818
9 0.49978
10 0.499725
11 0.499678
12 0.499631
13 0.499562
14 0.4995
15 0.499487
16 0.499425
17 0.499349
18 0.499312
19 0.499235
20 0.499236
21 0.499117
22 0.499083
23 0.499053
24 0.499001
25 0.498994
26 0.498961
27 0.498933
28 0.498818
29 0.498828
30 0.498754
31 0.498677
32 0.498632
33 0.498605
34 0.498596
35 0.498548
36 0.498481
37 0.498495
38 0.498407
39 0.498349
40 0.49835
41 0.498254
42 0.498248
43 0.498191
44 0.49823
45 0.498223
46 0.498135
47 0.498114
48 0.498088
49 0.498013
50 0.497946
51 0.497974
52 0.497915
53 0.497854
54 0.497888
55 0.497759
56 0.497913
57 0.497721
58 0.49784
59 0.497852
60 0.49774
61 0.497731
62 0.497641
63 0.497665
64 0.497682
65 0.497524
66 0.497625
67 0.497559
68 0.497572
69 0.497578
70 0.49746
71 0.497595
72 0.497513
73 0.497421
74 0.497387
75 0.4974
76 0.497339
77 0.497383
78 0.497299
79 0.497249
80 0.497293
81 0.497387
82 0.497239
83 0.497196
84 0.497185
85 0.497098
86 0.497221
87 0.497163
88 0.497163
89 0.497152
90 0.497182
91 0.497106
92 0.497071
93 0.497086
94 0.496983
95 0.496999
96 0.497055
97 0.497029
98 0.496911
99 0.497096
100 0.496999
101 0.496867
102 0.496951
103 0.496936
104 0.496953
105 0.496835
106 0.496776
107 0.496927
108 0.49681
109 0.496754
110 0.496793
111 0.496864
112 0.496832
113 0.496968
114 0.496703
115 0.496772
116 0.49682
117 0.496725
118 0.496823
119 0.496765
120 0.496692
121 0.496817
122 0.496629
123 0.496631
124 0.496714
125 0.496766
126 0.496718
127 0.496698
128 0.496678
129 0.496626
130 0.496754
131 0.496682
132 0.496645
133 0.496625
134 0.496525
135 0.496639
136 0.496584
137 0.496432
138 0.496482
139 0.496591
140 0.496608
141 0.496554
142 0.496553
143 0.496495
144 0.496468
145 0.496485
146 0.496474
147 0.496453
148 0.496453
149 0.496453
150 0.496477
151 0.496428
152 0.496469
153 0.496498
154 0.496409
155 0.496402
156 0.496346
157 0.496365
158 0.49647
159 0.496286
160 0.496405
161 0.496348
162 0.496409
163 0.496375
164 0.496287
165 0.496272
166 0.49628
167 0.496309
168 0.496371
169 0.496325
170 0.496337
171 0.496277
172 0.496358
173 0.496294
174 0.496317
175 0.496248
176 0.496364
177 0.496141
178 0.496279
179 0.496184
180 0.496284
181 0.496357
182 0.496212
183 0.496314
184 0.496242
185 0.496265
186 0.496215
187 0.496225
188 0.49617
189 0.496158
190 0.49619
191 0.496216
192 0.496208
193 0.49614
194 0.496166
195 0.49623
196 0.496132
197 0.49607
198 0.496156
199 0.496027
200 0.496173
201 0.496121
202 0.496138
203 0.49613
204 0.496124
205 0.496085
206 0.496093
207 0.496
208 0.496076
209 0.496175
210 0.496074
211 0.496094
212 0.496048
213 0.496082
214 0.496099
215 0.496037
216 0.496157
217 0.496178
218 0.496138
219 0.496035
220 0.496068
221 0.496134
222 0.495928
223 0.495999
224 0.496061
225 0.496053
226 0.495984
227 0.496025
228 0.496008
229 0.495981
230 0.495976
231 0.496122
232 0.495953
233 0.49602
234 0.495844
235 0.496004
236 0.495898
237 0.495877
238 0.496001
239 0.496045
240 0.495936
241 0.495954
242 0.496027
243 0.495934
244 0.495907
245 0.495963
246 0.495911
247 0.495917
248 0.495939
249 0.495891
250 0.496081
251 0.495851
252 0.495905
253 0.495894
254 0.495938
255 0.495995
256 0.495921
257 0.495908
258 0.495904
259 0.495768
260 0.495947
261 0.495924
262 0.495825
263 0.495714
264 0.495792
265 0.495844
266 0.495774
267 0.495875
268 0.495854
269 0.496065
270 0.495945
271 0.495866
272 0.495911
273 0.495849
274 0.495825
275 0.495874
276 0.495854
277 0.49587
278 0.495872
279 0.495919
280 0.495872
281 0.495736
282 0.495765
283 0.495846
284 0.495837
285 0.495805
286 0.495744
287 0.495825
288 0.495773
289 0.495853
290 0.495824
291 0.495798
292 0.495716
293 0.495785
294 0.495733
295 0.495684
296 0.495847
297 0.495734
298 0.495651
299 0.495811
300 0.495716
