1 0
2 0.333333
3 0.444444
4 0.434783
5 0.45098
6 0.446602
7 0.433673
8 0.41954
9 0.40678
10 0.396875
11 0.387782
12 0.379039
13 0.371058
14 0.364322
15 0.356515
16 0.349083
17 0.343193
18 0.337843
19 0.333234
20 0.329281
21 0.325449
22 0.32129
23 0.317945
24 0.314438
25 0.31109
26 0.307783
27 0.304426
28 0.301079
29 0.298008
30 0.295062
31 0.292163
32 0.289426
33 0.286706
34 0.284138
35 0.281618
36 0.279188
37 0.276819
38 0.274575
39 0.27229
40 0.270108
41 0.267961
42 0.265925
43 0.263924
44 0.261983
45 0.260068
46 0.258219
47 0.256375
48 0.254598
49 0.252817
50 0.251109
51 0.249405
52 0.247725
53 0.246063
54 0.244456
55 0.242863
56 0.241323
57 0.239798
58 0.238295
59 0.236799
60 0.235337
61 0.233886
62 0.23247
63 0.231065
64 0.229683
65 0.228314
66 0.226976
67 0.225644
68 0.224353
69 0.223065
70 0.221804
71 0.220563
72 0.219346
73 0.218147
74 0.216977
75 0.215815
76 0.214674
77 0.213544
78 0.212432
79 0.211329
80 0.210244
81 0.20917
82 0.20812
83 0.207084
84 0.206062
85 0.205053
86 0.20406
87 0.203079
88 0.202113
89 0.201156
90 0.200215
91 0.199285
92 0.198371
93 0.197467
94 0.196577
95 0.195697
96 0.194828
97 0.193968
98 0.193124
99 0.192287
100 0.191465
