1 0
2 0.249911
3 0.416579
4 0.31259
5 0.3165
6 0.332127
7 0.346445
8 0.359528
9 0.383166
10 0.392029
11 0.386252
12 0.393145
13 0.389948
14 0.394074
15 0.392676
16 0.392635
17 0.392761
18 0.398388
19 0.395129
20 0.394322
21 0.393781
22 0.392679
23 0.391495
24 0.390633
25 0.391075
26 0.389935
27 0.390233
28 0.38952
29 0.390238
30 0.389676
31 0.38942
32 0.38845
33 0.388955
34 0.388218
35 0.388134
36 0.38785
37 0.387664
38 0.387288
39 0.386619
40 0.38596
41 0.385171
42 0.384484
43 0.383948
44 0.382888
45 0.382278
46 0.381502
47 0.381277
48 0.381083
49 0.380399
50 0.379857
51 0.379012
52 0.378179
53 0.377433
54 0.376701
55 0.376117
56 0.375231
57 0.374649
58 0.37401
59 0.373533
60 0.373006
61 0.372044
62 0.371599
63 0.371031
64 0.370301
65 0.369747
66 0.369019
67 0.36854
68 0.367614
69 0.366809
70 0.366324
71 0.365589
72 0.365011
73 0.364225
74 0.363961
75 0.363292
76 0.362764
77 0.362222
78 0.361516
79 0.361082
80 0.360355
81 0.359764
82 0.359129
83 0.358435
84 0.357935
85 0.357476
86 0.35685
87 0.356445
88 0.355754
89 0.355271
90 0.354804
91 0.354253
92 0.353865
93 0.353279
94 0.352819
95 0.352151
96 0.35151
97 0.351065
98 0.350421
99 0.349941
100 0.349317
