1 0
2 0.499821
3 0.750018
4 0
5 0.332997
6 0.409681
7 0.432307
8 0.449833
9 0.572996
10 0.469382
11 0.329706
12 0.468291
13 0.351981
14 0.44729
15 0.375461
16 0.390782
17 0.394913
18 0.493695
19 0.447267
20 0.450053
21 0.391012
22 0.384519
23 0.37213
24 0.376372
25 0.402018
26 0.367839
27 0.399035
28 0.374525
29 0.41304
30 0.374219
31 0.383504
32 0.364136
33 0.404885
34 0.367801
35 0.387332
36 0.382514
37 0.382958
38 0.373908
39 0.364286
40 0.363439
41 0.356609
42 0.358094
43 0.35507
44 0.346077
45 0.353175
46 0.35264
47 0.370228
48 0.37689
49 0.353198
50 0.361196
51 0.347954
52 0.338673
53 0.353618
54 0.347276
55 0.343472
56 0.340009
57 0.342498
58 0.346273
59 0.347942
60 0.343668
61 0.32881
62 0.339548
63 0.335861
64 0.3374
65 0.331637
66 0.331446
67 0.331506
68 0.331404
69 0.330604
70 0.328948
71 0.324536
72 0.326595
73 0.324139
74 0.33353
75 0.318348
76 0.317845
77 0.322787
78 0.317605
79 0.319833
80 0.31625
81 0.308429
82 0.3167
83 0.312946
84 0.314766
85 0.314115
86 0.312098
87 0.316183
88 0.312708
89 0.314794
90 0.305917
91 0.313299
92 0.317364
93 0.307356
94 0.304556
95 0.306942
96 0.301672
97 0.30002
98 0.299207
99 0.303188
100 0.298696
