1 0
2 0.333333
3 0.555556
4 0.565217
5 0.588235
6 0.582524
7 0.561224
8 0.543103
9 0.528814
10 0.5125
11 0.500664
12 0.488646
13 0.47598
14 0.466667
15 0.456299
16 0.446379
17 0.438604
18 0.43193
19 0.425367
20 0.420054
21 0.415152
22 0.410089
23 0.405764
24 0.40126
25 0.39689
26 0.392767
27 0.388625
28 0.384351
29 0.380544
30 0.376774
31 0.373148
32 0.369597
33 0.366209
34 0.362823
35 0.35953
36 0.356326
37 0.353187
38 0.350197
39 0.34723
40 0.3443
41 0.341448
42 0.338719
43 0.336053
44 0.333469
45 0.330959
46 0.328484
47 0.326068
48 0.323716
49 0.32138
50 0.319123
51 0.316885
52 0.314662
53 0.312492
54 0.310378
55 0.308274
56 0.306246
57 0.30424
58 0.302257
59 0.300301
60 0.298378
61 0.296466
62 0.294602
63 0.292764
64 0.290947
65 0.289155
66 0.287393
67 0.285645
68 0.283942
69 0.282257
70 0.280603
71 0.278975
72 0.277379
73 0.275805
74 0.274266
75 0.272744
76 0.271239
77 0.269755
78 0.268294
79 0.266842
80 0.265418
81 0.264011
82 0.262626
83 0.261262
84 0.259921
85 0.258593
86 0.257286
87 0.255996
88 0.254723
89 0.253466
90 0.252229
91 0.251005
92 0.249803
93 0.248615
94 0.247445
95 0.246286
96 0.245142
97 0.244013
98 0.242903
99 0.241806
100 0.240725
