1 0.5
2 0.5
3 0.5
4 0.5
5 0.5
6 0.5
7 0.5
8 0.499999
9 0.5
10 0.5
11 0.498879
12 0.49886
13 0.498878
14 0.498795
15 0.498656
16 0.498482
17 0.498547
18 0.499793
19 0.499996
20 0.499897
21 0.499688
22 0.499539
23 0.49993
24 0.499712
25 0.499325
26 0.499464
27 0.499629
28 0.49965
29 0.499419
30 0.498911
31 0.498429
32 0.498084
33 0.498003
34 0.498093
35 0.498147
36 0.498354
37 0.498525
38 0.498839
39 0.499132
40 0.499416
41 0.499595
42 0.499758
43 0.499829
44 0.499829
45 0.499823
46 0.499706
47 0.499631
48 0.499467
49 0.499268
50 0.499274
51 0.498813
52 0.498476
53 0.498197
54 0.498096
55 0.497916
56 0.497746
57 0.497756
58 0.498139
59 0.498107
60 0.498157
61 0.498321
62 0.49913
63 0.499295
64 0.499243
65 0.499234
66 0.499426
67 0.499373
68 0.499306
69 0.499227
70 0.499184
71 0.499046
72 0.498994
73 0.498849
74 0.498797
75 0.498773
76 0.498639
77 0.498347
78 0.498217
79 0.498128
80 0.497928
81 0.497958
82 0.497784
83 0.498167
84 0.498002
85 0.497817
86 0.497869
87 0.497953
88 0.497959
89 0.498001
90 0.498596
91 0.498327
92 0.4987
93 0.498447
94 0.498363
95 0.498366
96 0.498386
97 0.498229
98 0.498241
99 0.498319
100 0.498151
101 0.498458
102 0.498283
103 0.498138
104 0.497945
105 0.497971
106 0.497918
107 0.498179
108 0.497905
109 0.497943
110 0.497857
111 0.497836
112 0.498159
113 0.497884
114 0.497829
115 0.497698
116 0.497748
117 0.497688
118 0.497756
119 0.497776
120 0.497651
121 0.497568
122 0.497698
123 0.49754
124 0.497575
125 0.498092
126 0.497988
127 0.498032
128 0.498038
129 0.497883
130 0.497702
131 0.497959
132 0.497809
133 0.497703
134 0.497552
135 0.497514
136 0.497618
137 0.497638
138 0.497536
139 0.4975
140 0.497567
141 0.497446
142 0.497384
143 0.497385
144 0.497586
145 0.497641
146 0.497633
147 0.497512
148 0.497303
149 0.497541
150 0.497259
151 0.497264
152 0.497317
153 0.49727
154 0.497444
155 0.497377
156 0.497318
157 0.49736
158 0.497322
159 0.497322
160 0.497402
161 0.497309
162 0.497293
163 0.497177
164 0.497147
165 0.497183
166 0.49722
167 0.497114
168 0.497205
169 0.497176
170 0.497229
171 0.497102
172 0.497186
173 0.497175
174 0.497028
175 0.497038
176 0.497115
177 0.497113
178 0.496994
179 0.497143
180 0.497075
181 0.497051
182 0.497088
183 0.497044
184 0.496992
185 0.496922
186 0.496888
187 0.496907
188 0.496888
189 0.4969
190 0.496887
191 0.496903
192 0.496918
193 0.496825
194 0.496812
195 0.496795
196 0.496725
197 0.496743
198 0.496826
199 0.496706
200 0.496692
201 0.496666
202 0.496667
203 0.496807
204 0.496759
205 0.496606
206 0.496691
207 0.496638
208 0.496571
209 0.496662
210 0.496434
211 0.496593
212 0.496516
213 0.496631
214 0.496518
215 0.496451
216 0.496356
217 0.496329
218 0.496276
219 0.496455
220 0.496412
221 0.49646
222 0.4964
223 0.496436
224 0.496426
225 0.496513
226 0.496473
227 0.496344
228 0.496429
229 0.496239
230 0.496232
231 0.496301
232 0.496286
233 0.496317
234 0.496313
235 0.496245
236 0.496214
237 0.496402
238 0.496301
239 0.496211
240 0.496176
241 0.496159
242 0.496232
243 0.496211
244 0.49635
245 0.496256
246 0.49635
247 0.496237
248 0.496165
249 0.496035
250 0.496258
251 0.496137
252 0.496121
253 0.496074
254 0.495937
255 0.496121
256 0.496012
257 0.495877
258 0.495995
259 0.495899
260 0.495949
261 0.495832
262 0.495959
263 0.49591
264 0.496067
265 0.495912
266 0.496076
267 0.495924
268 0.495921
269 0.49588
270 0.495829
271 0.495902
272 0.495884
273 0.495729
274 0.495708
275 0.495723
276 0.495787
277 0.495824
278 0.495763
279 0.49564
280 0.495787
281 0.495648
282 0.495708
283 0.4957
284 0.495485
285 0.495621
286 0.495703
287 0.495552
288 0.495587
289 0.495631
290 0.495603
291 0.495624
292 0.495504
293 0.495539
294 0.49553
295 0.495574
296 0.495563
297 0.495467
298 0.495528
299 0.495532
300 0.495274
