1 0.5
2 0.353585
3 0.288646
4 0.249948
5 0.223535
6 0.204243
7 0.189089
8 0.176826
9 0.166735
10 0.158209
11 0.150764
12 0.144405
13 0.138803
14 0.133853
15 0.129487
16 0.126029
17 0.123422
18 0.121635
19 0.119859
20 0.117859
21 0.115547
22 0.112884
23 0.11002
24 0.107467
25 0.105568
26 0.103932
27 0.102111
28 0.100088
29 0.0980271
30 0.0960661
31 0.0944249
32 0.0931011
33 0.0920612
34 0.0911623
35 0.0904286
36 0.0898524
37 0.0894446
38 0.0891543
39 0.0888891
40 0.0886361
41 0.0882751
42 0.0877315
43 0.0870627
44 0.0862775
45 0.0854071
46 0.0844493
47 0.0834171
48 0.0823715
49 0.0813141
50 0.0801863
51 0.0792215
52 0.0783912
53 0.0776569
54 0.0770259
55 0.0764637
56 0.0759901
57 0.0756108
58 0.0753324
59 0.0751042
60 0.0749251
61 0.0747564
62 0.0747152
63 0.074649
64 0.0745197
65 0.0743235
66 0.0741017
67 0.0738059
68 0.0734583
69 0.0730704
70 0.0726291
71 0.0721524
72 0.0716485
73 0.0711269
74 0.0706309
75 0.0701174
76 0.069627
77 0.0691684
78 0.0687559
79 0.0684106
80 0.0680888
81 0.0677896
82 0.0675508
83 0.0673352
84 0.0671738
85 0.0670292
86 0.0668982
87 0.0667566
88 0.0666332
89 0.0665164
90 0.0664148
91 0.0663004
92 0.0661684
93 0.0660305
94 0.0658637
95 0.065685
96 0.0654918
97 0.0652882
98 0.065083
99 0.0648545
100 0.0646376
101 0.064406
102 0.0641887
103 0.0639844
104 0.0637859
105 0.0635567
106 0.0633621
107 0.0631744
108 0.0629993
109 0.0628611
110 0.0627272
111 0.062599
112 0.0624614
113 0.0623314
114 0.0622209
115 0.0621084
116 0.0620035
117 0.0619001
118 0.0618034
119 0.0617072
120 0.061613
121 0.0615231
122 0.0614339
123 0.061343
124 0.0612427
125 0.0611349
126 0.0610242
127 0.0609172
128 0.0607971
129 0.0606934
130 0.0605962
131 0.0605072
132 0.0604207
133 0.0603295
134 0.0602363
135 0.0601518
136 0.0600651
137 0.0599688
138 0.0598808
139 0.0597887
140 0.0596882
141 0.059594
142 0.0595036
143 0.0594133
144 0.0593224
145 0.0592275
146 0.0591316
147 0.0590456
148 0.0589645
149 0.0588819
150 0.0588107
151 0.058738
152 0.0586743
153 0.0586152
154 0.0585485
155 0.0584852
156 0.0584193
157 0.058342
158 0.0582832
159 0.058215
160 0.0581474
161 0.0580878
162 0.0580239
163 0.0579635
164 0.0579091
165 0.057854
166 0.0578051
167 0.0577558
168 0.0576996
169 0.0576444
170 0.0575895
171 0.0575407
172 0.0574878
173 0.0574383
174 0.0573899
175 0.0573391
176 0.0572859
177 0.0572353
178 0.0571815
179 0.0571249
180 0.0570675
181 0.0570161
182 0.0569615
183 0.0569103
184 0.0568601
185 0.0568152
186 0.0567681
187 0.0567251
188 0.0566766
189 0.0566281
190 0.0565858
191 0.0565379
192 0.0564866
193 0.0564406
194 0.0563936
195 0.0563494
196 0.0563115
197 0.0562677
198 0.0562198
199 0.0561821
200 0.0561443
201 0.0561072
202 0.0560658
203 0.0560246
204 0.0559806
205 0.0559419
206 0.0559023
207 0.0558646
208 0.05583
209 0.0557923
210 0.0557578
211 0.0557231
212 0.055691
213 0.0556601
214 0.0556231
215 0.0555938
216 0.0555606
217 0.0555304
218 0.055502
219 0.0554702
220 0.0554417
221 0.0554159
222 0.0553881
223 0.0553604
224 0.055331
225 0.0553021
226 0.0552728
227 0.0552442
228 0.0552184
229 0.0551906
230 0.0551647
231 0.0551375
232 0.0551079
233 0.0550796
234 0.0550445
235 0.0550153
236 0.0549892
237 0.0549642
238 0.0549353
239 0.0549102
240 0.0548843
241 0.0548599
242 0.0548321
243 0.0548028
244 0.0547765
245 0.0547506
246 0.0547258
247 0.0547013
248 0.0546782
249 0.0546523
250 0.0546278
251 0.0546015
252 0.0545759
253 0.0545516
254 0.0545255
255 0.0545017
256 0.054478
257 0.0544592
258 0.054438
259 0.0544164
260 0.0543968
261 0.0543786
262 0.0543578
263 0.0543397
264 0.054319
265 0.0542981
266 0.0542805
267 0.0542598
268 0.0542414
269 0.0542237
270 0.0542057
271 0.0541887
272 0.0541681
273 0.0541516
274 0.0541344
275 0.0541159
276 0.0540986
277 0.0540831
278 0.054067
279 0.0540498
280 0.0540318
281 0.0540142
282 0.0539975
283 0.0539816
284 0.0539652
285 0.0539467
286 0.0539304
287 0.0539138
288 0.0538988
289 0.0538823
290 0.0538654
291 0.0538492
292 0.0538352
293 0.0538209
294 0.053809
295 0.0537948
296 0.0537826
297 0.0537699
298 0.0537572
299 0.0537449
300 0.053734
