1 0.197283
2 0.197172
3 0.19709
4 0.197027
5 0.196994
6 0.196928
7 0.196896
8 0.196911
9 0.196936
10 0.196898
11 0.193871
12 0.191358
13 0.189212
14 0.187287
15 0.18546
16 0.183735
17 0.182258
18 0.182276
19 0.182945
20 0.184144
21 0.185595
22 0.187037
23 0.187816
24 0.187489
25 0.186846
26 0.186361
27 0.186046
28 0.185744
29 0.185271
30 0.184552
31 0.183676
32 0.182739
33 0.181833
34 0.180984
35 0.180205
36 0.179519
37 0.178952
38 0.178518
39 0.178227
40 0.17808
41 0.178049
42 0.17813
43 0.178262
44 0.178391
45 0.178501
46 0.178553
47 0.178542
48 0.178451
49 0.178281
50 0.178117
51 0.177824
52 0.177439
53 0.177009
54 0.176561
55 0.176107
56 0.175654
57 0.175212
58 0.174843
59 0.174487
60 0.17415
61 0.173849
62 0.173751
63 0.173683
64 0.173627
65 0.173567
66 0.173553
67 0.173527
68 0.173488
69 0.17343
70 0.17335
71 0.173246
72 0.173135
73 0.173006
74 0.172854
75 0.17271
76 0.172539
77 0.172334
78 0.172109
79 0.171867
80 0.171612
81 0.171373
82 0.171117
83 0.170913
84 0.17069
85 0.170459
86 0.170231
87 0.170019
88 0.16981
89 0.169609
90 0.169486
91 0.169347
92 0.169244
93 0.169123
94 0.168986
95 0.168847
96 0.168727
97 0.168593
98 0.168458
99 0.168325
100 0.168187
101 0.168086
102 0.167962
103 0.167819
104 0.167669
105 0.16753
106 0.167373
107 0.167243
108 0.167091
109 0.166953
110 0.166804
111 0.166647
112 0.166529
113 0.166388
114 0.166241
115 0.166095
116 0.16595
117 0.165806
118 0.165666
119 0.165538
120 0.165399
121 0.165256
122 0.165118
123 0.16498
124 0.164842
125 0.164743
126 0.164641
127 0.164545
128 0.164445
129 0.164336
130 0.164218
131 0.164121
132 0.164016
133 0.163903
134 0.163785
135 0.163662
136 0.163546
137 0.163436
138 0.163317
139 0.163193
140 0.163075
141 0.162963
142 0.162843
143 0.162726
144 0.162622
145 0.162524
146 0.162429
147 0.162322
148 0.162208
149 0.162103
150 0.161988
151 0.161871
152 0.16176
153 0.16165
154 0.161544
155 0.161438
156 0.161332
157 0.161231
158 0.161128
159 0.16103
160 0.16093
161 0.160828
162 0.160727
163 0.160624
164 0.16052
165 0.160417
166 0.16032
167 0.160219
168 0.160123
169 0.160026
170 0.159934
171 0.159837
172 0.159743
173 0.159649
174 0.159551
175 0.159455
176 0.159362
177 0.159268
178 0.159177
179 0.159089
180 0.159001
181 0.158909
182 0.158819
183 0.15873
184 0.158639
185 0.158543
186 0.158447
187 0.158355
188 0.158263
189 0.158174
190 0.158084
191 0.157999
192 0.15791
193 0.157823
194 0.157734
195 0.157644
196 0.157551
197 0.157457
198 0.157369
199 0.157281
200 0.157192
201 0.157102
202 0.157016
203 0.156936
204 0.156853
205 0.156767
206 0.156682
207 0.156596
208 0.156511
209 0.156425
210 0.156337
211 0.156251
212 0.156166
213 0.156083
214 0.155999
215 0.155914
216 0.155827
217 0.15574
218 0.155654
219 0.155573
220 0.155491
221 0.155408
222 0.155324
223 0.155243
224 0.15516
225 0.155081
226 0.155001
227 0.154923
228 0.154844
229 0.154764
230 0.154682
231 0.154601
232 0.154522
233 0.154444
234 0.15437
235 0.154293
236 0.154215
237 0.154139
238 0.154064
239 0.153988
240 0.15391
241 0.153831
242 0.153754
243 0.153681
244 0.15361
245 0.153539
246 0.153467
247 0.153396
248 0.153323
249 0.15325
250 0.153177
251 0.153104
252 0.153032
253 0.152958
254 0.152882
255 0.15281
256 0.152736
257 0.152661
258 0.152585
259 0.152511
260 0.152437
261 0.152361
262 0.152289
263 0.152216
264 0.152145
265 0.152074
266 0.152003
267 0.151932
268 0.151861
269 0.15179
270 0.151718
271 0.151647
272 0.151577
273 0.151505
274 0.151432
275 0.15136
276 0.151289
277 0.15122
278 0.15115
279 0.151079
280 0.151008
281 0.150938
282 0.150868
283 0.150797
284 0.150725
285 0.150655
286 0.150586
287 0.150517
288 0.150449
289 0.150382
290 0.150315
291 0.150247
292 0.15018
293 0.150112
294 0.150043
295 0.149975
296 0.149907
297 0.14984
298 0.149773
299 0.149705
300 0.149637
