1 0.500449
2 0.499298
3 0.50042
4 0.499771
5 0.500096
6 0.49993
7 0.500569
8 0.498791
9 0.499419
10 0.500081
11 0.533465
12 0.533754
13 0.533483
14 0.534705
15 0.536637
16 0.538938
17 0.538095
18 0.514402
19 0.502221
20 0.48982
21 0.48233
22 0.478512
23 0.491603
24 0.516975
25 0.52599
26 0.523148
27 0.519266
28 0.518709
29 0.524111
30 0.532988
31 0.53961
32 0.543737
33 0.544644
34 0.543638
35 0.54301
36 0.540542
37 0.53838
38 0.534067
39 0.529451
40 0.524174
41 0.520145
42 0.515557
43 0.513109
44 0.513084
45 0.513333
46 0.517171
47 0.519212
48 0.523093
49 0.527052
50 0.526936
51 0.534444
52 0.539016
53 0.542426
54 0.543595
55 0.545609
56 0.547426
57 0.547326
58 0.543106
59 0.543469
60 0.542902
61 0.540946
62 0.529495
63 0.526554
64 0.52751
65 0.527668
66 0.523957
67 0.525038
68 0.526339
69 0.527799
70 0.528567
71 0.530876
72 0.531706
73 0.533916
74 0.534677
75 0.535018
76 0.53688
77 0.54063
78 0.542192
79 0.543235
80 0.545482
81 0.545148
82 0.547032
83 0.54278
84 0.544663
85 0.546677
86 0.546119
87 0.545198
88 0.545134
89 0.544666
90 0.537453
91 0.540877
92 0.536044
93 0.539389
94 0.540428
95 0.540392
96 0.540148
97 0.542051
98 0.541912
99 0.540969
100 0.542969
101 0.539248
102 0.54141
103 0.543113
104 0.545293
105 0.545003
106 0.545584
107 0.542635
108 0.545732
109 0.545315
110 0.546244
111 0.546477
112 0.542879
113 0.545953
114 0.546554
115 0.547933
116 0.547407
117 0.548029
118 0.547326
119 0.547111
120 0.548418
121 0.549258
122 0.547934
123 0.549547
124 0.54919
125 0.543645
126 0.544811
127 0.544319
128 0.544257
129 0.545963
130 0.547886
131 0.545136
132 0.546758
133 0.54788
134 0.549427
135 0.549806
136 0.548757
137 0.548551
138 0.54958
139 0.549943
140 0.549266
141 0.550474
142 0.551085
143 0.551074
144 0.549081
145 0.548513
146 0.548596
147 0.549824
148 0.551872
149 0.549534
150 0.552288
151 0.552239
152 0.551737
153 0.552185
154 0.550494
155 0.551149
156 0.55172
157 0.551323
158 0.551682
159 0.551685
160 0.550913
161 0.551809
162 0.551961
163 0.553065
164 0.553342
165 0.553009
166 0.552659
167 0.553646
168 0.552801
169 0.553067
170 0.552571
171 0.55376
172 0.552977
173 0.553081
174 0.554438
175 0.554351
176 0.553638
177 0.553657
178 0.554751
179 0.553379
180 0.554005
181 0.554229
182 0.553886
183 0.554297
184 0.55477
185 0.555398
186 0.555699
187 0.555538
188 0.5557
189 0.555597
190 0.555715
191 0.55557
192 0.555435
193 0.55626
194 0.556375
195 0.556529
196 0.557142
197 0.556986
198 0.556256
199 0.5573
200 0.557427
201 0.557646
202 0.557638
203 0.556424
204 0.556846
205 0.558161
206 0.557431
207 0.557888
208 0.55846
209 0.55768
210 0.559615
211 0.558274
212 0.558924
213 0.557947
214 0.558912
215 0.559475
216 0.560258
217 0.560484
218 0.560912
219 0.559441
220 0.559797
221 0.559397
222 0.559897
223 0.5596
224 0.559681
225 0.558952
226 0.559286
227 0.560355
228 0.559659
229 0.561214
230 0.56127
231 0.560708
232 0.560834
233 0.560578
234 0.560615
235 0.56117
236 0.561416
237 0.559878
238 0.560712
239 0.56144
240 0.561727
241 0.561863
242 0.56127
243 0.561444
244 0.56031
245 0.561081
246 0.560306
247 0.561236
248 0.561813
249 0.562851
250 0.561062
251 0.562038
252 0.562164
253 0.562537
254 0.563613
255 0.562167
256 0.563032
257 0.564085
258 0.563165
259 0.563913
260 0.563519
261 0.56443
262 0.563448
263 0.56383
264 0.562594
265 0.563808
266 0.562522
267 0.563715
268 0.563741
269 0.564063
270 0.56445
271 0.563892
272 0.564031
273 0.565215
274 0.56538
275 0.565265
276 0.564778
277 0.56449
278 0.564959
279 0.565889
280 0.564778
281 0.565831
282 0.56538
283 0.565439
284 0.567049
285 0.566037
286 0.565412
287 0.56655
288 0.566288
289 0.565956
290 0.566165
291 0.56601
292 0.566907
293 0.566647
294 0.566712
295 0.566385
296 0.566467
297 0.567176
298 0.56673
299 0.5667
300 0.56859
