1 0.500449
2 0.503803
3 0.507324
4 0.510505
5 0.513242
6 0.516168
7 0.518851
8 0.521581
9 0.524087
10 0.526549
11 0.528952
12 0.531207
13 0.533459
14 0.53566
15 0.537648
16 0.539673
17 0.541545
18 0.543385
19 0.545126
20 0.546862
21 0.5485
22 0.55011
23 0.551619
24 0.553136
25 0.55456
26 0.555988
27 0.557295
28 0.558628
29 0.559902
30 0.56112
31 0.562297
32 0.563449
33 0.564567
34 0.565621
35 0.566715
36 0.567774
37 0.568761
38 0.569713
39 0.570657
40 0.571596
41 0.572503
42 0.573392
43 0.574243
44 0.575108
45 0.575924
46 0.576752
47 0.577513
48 0.578273
49 0.579027
50 0.579746
51 0.580452
52 0.581178
53 0.581838
54 0.582518
55 0.583173
56 0.58381
57 0.584379
58 0.585066
59 0.585673
60 0.586268
61 0.586858
62 0.587445
63 0.58797
64 0.588546
65 0.58908
66 0.589653
67 0.590164
68 0.59069
69 0.591193
70 0.591695
71 0.592174
72 0.592651
73 0.593198
74 0.593595
75 0.594039
76 0.594479
77 0.594931
78 0.595373
79 0.595789
80 0.596212
81 0.596639
82 0.597037
83 0.597456
84 0.597846
85 0.598202
86 0.598608
87 0.598986
88 0.59936
89 0.599699
90 0.600083
91 0.600407
92 0.600773
93 0.601132
94 0.601455
95 0.601795
96 0.602122
97 0.602455
98 0.602767
99 0.603099
100 0.603412
101 0.603727
102 0.603998
103 0.60433
104 0.604624
105 0.604899
106 0.605207
107 0.605492
108 0.605781
109 0.606062
110 0.606332
111 0.606589
112 0.606862
113 0.607138
114 0.607391
115 0.607651
116 0.607907
117 0.608149
118 0.608413
119 0.608681
120 0.608918
121 0.609167
122 0.6094
123 0.609627
124 0.609867
125 0.610102
126 0.610337
127 0.610553
128 0.610791
129 0.611008
130 0.611243
131 0.611445
132 0.611676
133 0.611899
134 0.612101
135 0.612311
136 0.612519
137 0.612731
138 0.612929
139 0.613124
140 0.613327
141 0.613522
142 0.613723
143 0.613912
144 0.614109
145 0.614302
146 0.614481
147 0.614665
148 0.614848
149 0.615026
150 0.615211
151 0.615385
152 0.615565
153 0.615741
154 0.615908
155 0.616082
156 0.616253
157 0.616428
158 0.616592
159 0.616762
160 0.616926
161 0.617091
162 0.617247
163 0.61741
164 0.617564
165 0.617724
166 0.617884
167 0.618036
168 0.618186
169 0.618338
170 0.618456
171 0.618536
172 0.618794
173 0.61894
174 0.619086
175 0.619224
176 0.619369
177 0.619513
178 0.619665
179 0.619792
180 0.619933
181 0.620074
182 0.620211
183 0.620353
184 0.620481
185 0.620618
186 0.620761
187 0.62088
188 0.621009
189 0.621137
190 0.621269
191 0.621391
192 0.621518
193 0.621639
194 0.621762
195 0.621866
196 0.62201
197 0.622111
198 0.622255
199 0.622375
200 0.622497
201 0.622617
202 0.622731
203 0.622851
204 0.622965
205 0.623076
206 0.623195
207 0.623301
208 0.62342
209 0.623542
210 0.623654
211 0.623757
212 0.623863
213 0.623973
214 0.624075
215 0.624184
216 0.62429
217 0.624389
218 0.624493
219 0.624596
220 0.6247
221 0.624797
222 0.624899
223 0.625001
224 0.625099
225 0.625202
226 0.625301
227 0.625398
228 0.625494
229 0.625592
230 0.62569
231 0.625786
232 0.625882
233 0.625976
234 0.626073
235 0.626156
236 0.626254
237 0.626346
238 0.626439
239 0.626512
240 0.626616
241 0.626728
242 0.626797
243 0.626889
244 0.626972
245 0.627061
246 0.627147
247 0.627239
248 0.627323
249 0.627412
250 0.627493
251 0.627576
252 0.627665
253 0.627752
254 0.627836
255 0.62788
256 0.628002
257 0.628117
258 0.628171
259 0.62825
260 0.628329
261 0.628409
262 0.628489
263 0.628568
264 0.628647
265 0.628725
266 0.6288
267 0.628882
268 0.628962
269 0.629043
270 0.629116
271 0.629207
272 0.629271
273 0.629324
274 0.629422
275 0.629501
276 0.629573
277 0.629641
278 0.629722
279 0.629794
280 0.629868
281 0.629942
282 0.630012
283 0.630086
284 0.630153
285 0.630226
286 0.630295
287 0.630363
288 0.630433
289 0.630501
290 0.630572
291 0.630642
292 0.630712
293 0.630772
294 0.630845
295 0.630909
296 0.63098
297 0.631049
298 0.631114
299 0.631178
300 0.631243
