1 0.662348
2 0.662348
3 0.662348
4 0.662348
5 0.662348
6 0.662348
7 0.662348
8 0.662348
9 0.662348
10 0.662348
11 0.662348
12 0.662348
13 0.662348
14 0.662348
15 0.662348
16 0.662348
17 0.662348
18 0.662348
19 0.662348
20 0.662348
21 0.662348
22 0.662348
23 0.662348
24 0.662348
25 0.662348
26 0.662348
27 0.662348
28 0.662348
29 0.662348
30 0.662348
31 0.662348
32 0.662348
33 0.662348
34 0.662348
35 0.662348
36 0.662348
37 0.662348
38 0.662348
39 0.662348
40 0.662348
41 0.662348
42 0.662348
43 0.662348
44 0.662348
45 0.662348
46 0.662348
47 0.662348
48 0.662348
49 0.662348
50 0.662348
51 0.662348
52 0.662348
53 0.662348
54 0.662348
55 0.662348
56 0.662348
57 0.662348
58 0.662348
59 0.662348
60 0.662348
61 0.662348
62 0.662348
63 0.662348
64 0.662348
65 0.662348
66 0.662348
67 0.662348
68 0.662348
69 0.662348
70 0.662348
71 0.662348
72 0.662348
73 0.662348
74 0.662348
75 0.662348
76 0.662348
77 0.662348
78 0.662348
79 0.662348
80 0.662348
81 0.662348
82 0.662348
83 0.662348
84 0.662348
85 0.662348
86 0.662348
87 0.662348
88 0.662348
89 0.662348
90 0.662348
91 0.662348
92 0.662348
93 0.662348
94 0.662348
95 0.662348
96 0.662348
97 0.662348
98 0.662348
99 0.662348
100 0.662348
101 0.662348
102 0.662348
103 0.662348
104 0.662348
105 0.662348
106 0.662348
107 0.662348
108 0.662348
109 0.662348
110 0.662348
111 0.662348
112 0.662348
113 0.662348
114 0.662348
115 0.662348
116 0.662348
117 0.662348
118 0.662348
119 0.662348
120 0.662348
121 0.662348
122 0.662348
123 0.662348
124 0.662348
125 0.662348
126 0.662348
127 0.662348
128 0.662348
129 0.662348
130 0.662348
131 0.662348
132 0.662348
133 0.662348
134 0.662348
135 0.662348
136 0.662348
137 0.662348
138 0.662348
139 0.662348
140 0.662348
141 0.662348
142 0.662348
143 0.662348
144 0.662348
145 0.662348
146 0.662348
147 0.662348
148 0.662348
149 0.662348
150 0.662348
151 0.662348
152 0.662348
153 0.662348
154 0.662348
155 0.662348
156 0.662348
157 0.662348
158 0.662348
159 0.662348
160 0.662348
161 0.662348
162 0.662348
163 0.662348
164 0.662348
165 0.662348
166 0.662348
167 0.662348
168 0.662348
169 0.662348
170 0.662348
171 0.662348
172 0.662348
173 0.662348
174 0.662348
175 0.662348
176 0.662348
177 0.662348
178 0.662348
179 0.662348
180 0.662348
181 0.662348
182 0.662348
183 0.662348
184 0.662348
185 0.662348
186 0.662348
187 0.662348
188 0.662348
189 0.662348
190 0.662348
191 0.662348
192 0.662348
193 0.662348
194 0.662348
195 0.662348
196 0.662348
197 0.662348
198 0.662348
199 0.662348
200 0.662348
201 0.662348
202 0.662348
203 0.662348
204 0.662348
205 0.662348
206 0.662348
207 0.662348
208 0.662348
209 0.662348
210 0.662348
211 0.662348
212 0.662348
213 0.662348
214 0.662348
215 0.662348
216 0.662348
217 0.662348
218 0.662348
219 0.662348
220 0.662348
221 0.662348
222 0.662348
223 0.662348
224 0.662348
225 0.662348
226 0.662348
227 0.662348
228 0.662348
229 0.662348
230 0.662348
231 0.662348
232 0.662348
233 0.662348
234 0.662348
235 0.662348
236 0.662348
237 0.662348
238 0.662348
239 0.662348
240 0.662348
241 0.662348
242 0.662348
243 0.662348
244 0.662348
245 0.662348
246 0.662348
247 0.662348
248 0.662348
249 0.662348
250 0.662348
251 0.662348
252 0.662348
253 0.662348
254 0.662348
255 0.662348
256 0.662348
257 0.662348
258 0.662348
259 0.662348
260 0.662348
261 0.662348
262 0.662348
263 0.662348
264 0.662348
265 0.662348
266 0.662348
267 0.662348
268 0.662348
269 0.662348
270 0.662348
271 0.662348
272 0.662348
273 0.662348
274 0.662348
275 0.662348
276 0.662348
277 0.662348
278 0.662348
279 0.662348
280 0.662348
281 0.662348
282 0.662348
283 0.662348
284 0.662348
285 0.662348
286 0.662348
287 0.662348
288 0.662348
289 0.662348
290 0.662348
291 0.662348
292 0.662348
293 0.662348
294 0.662348
295 0.662348
296 0.662348
297 0.662348
298 0.662348
299 0.662348
300 0.662348
