1 0.333699
2 0.341386
3 0.349185
4 0.356615
5 0.364014
6 0.371063
7 0.377935
8 0.384469
9 0.390941
10 0.397195
11 0.403295
12 0.409258
13 0.415091
14 0.420689
15 0.426129
16 0.431435
17 0.436514
18 0.4415
19 0.446349
20 0.451082
21 0.45563
22 0.460073
23 0.464412
24 0.468565
25 0.472636
26 0.476633
27 0.480508
28 0.484279
29 0.487972
30 0.49156
31 0.495077
32 0.498519
33 0.50187
34 0.505122
35 0.50833
36 0.511456
37 0.514512
38 0.517486
39 0.520408
40 0.523273
41 0.526068
42 0.52881
43 0.531492
44 0.534126
45 0.536713
46 0.539255
47 0.541749
48 0.544187
49 0.546587
50 0.548936
51 0.551262
52 0.553542
53 0.555759
54 0.557944
55 0.5601
56 0.56221
57 0.564247
58 0.566332
59 0.568356
60 0.57033
61 0.572267
62 0.574188
63 0.576062
64 0.577935
65 0.579762
66 0.581579
67 0.583364
68 0.58511
69 0.58684
70 0.588542
71 0.590228
72 0.591879
73 0.593571
74 0.595113
75 0.596696
76 0.598255
77 0.59981
78 0.601334
79 0.602844
80 0.604343
81 0.605818
82 0.607262
83 0.60868
84 0.610092
85 0.611512
86 0.612873
87 0.614223
88 0.615575
89 0.61687
90 0.618203
91 0.619478
92 0.620775
93 0.622023
94 0.623291
95 0.624527
96 0.625752
97 0.626961
98 0.628158
99 0.629342
100 0.630505
101 0.631659
102 0.632831
103 0.633918
104 0.635047
105 0.636129
106 0.637249
107 0.638331
108 0.6394
109 0.640467
110 0.64151
111 0.642549
112 0.643586
113 0.644618
114 0.645618
115 0.646618
116 0.6476
117 0.648553
118 0.649569
119 0.65052
120 0.65147
121 0.652417
122 0.653335
123 0.654268
124 0.655192
125 0.656105
126 0.656994
127 0.657894
128 0.658781
129 0.65964
130 0.660523
131 0.66138
132 0.662244
133 0.663101
134 0.663933
135 0.664765
136 0.665593
137 0.666415
138 0.667224
139 0.668028
140 0.668832
141 0.669628
142 0.670418
143 0.67119
144 0.67197
145 0.672751
146 0.673491
147 0.674252
148 0.674999
149 0.675748
150 0.676478
151 0.677204
152 0.677935
153 0.67865
154 0.679371
155 0.680083
156 0.680778
157 0.681489
158 0.682179
159 0.68286
160 0.683547
161 0.684217
162 0.684897
163 0.685554
164 0.686227
165 0.686881
166 0.687531
167 0.688179
168 0.688828
169 0.689475
170 0.690174
171 0.690633
172 0.691347
173 0.691991
174 0.692614
175 0.693224
176 0.693837
177 0.694452
178 0.695026
179 0.695642
180 0.696231
181 0.696826
182 0.697402
183 0.697984
184 0.698576
185 0.699154
186 0.699696
187 0.700297
188 0.700856
189 0.701413
190 0.70197
191 0.702526
192 0.70308
193 0.703625
194 0.704165
195 0.704667
196 0.705242
197 0.705752
198 0.706307
199 0.706849
200 0.707358
201 0.707884
202 0.708399
203 0.70892
204 0.709423
205 0.709994
206 0.71044
207 0.710938
208 0.711442
209 0.711954
210 0.712423
211 0.712916
212 0.713415
213 0.71391
214 0.714387
215 0.714865
216 0.715337
217 0.715802
218 0.716284
219 0.71677
220 0.71721
221 0.717684
222 0.718147
223 0.718604
224 0.719065
225 0.719518
226 0.719974
227 0.720415
228 0.720877
229 0.721313
230 0.721755
231 0.722192
232 0.722626
233 0.723046
234 0.72348
235 0.723911
236 0.72435
237 0.72478
238 0.725197
239 0.725605
240 0.726044
241 0.726503
242 0.726867
243 0.727296
244 0.727695
245 0.728093
246 0.728508
247 0.728913
248 0.729312
249 0.72971
250 0.730114
251 0.730502
252 0.730902
253 0.731315
254 0.731721
255 0.73216
256 0.73246
257 0.732752
258 0.733182
259 0.733594
260 0.733981
261 0.734362
262 0.73475
263 0.735117
264 0.73549
265 0.735856
266 0.736234
267 0.736582
268 0.736962
269 0.737323
270 0.737676
271 0.738051
272 0.738397
273 0.738702
274 0.7391
275 0.739459
276 0.739804
277 0.740159
278 0.740504
279 0.740847
280 0.741198
281 0.741537
282 0.741885
283 0.742218
284 0.742569
285 0.742892
286 0.743239
287 0.743572
288 0.743901
289 0.744238
290 0.744572
291 0.744892
292 0.745204
293 0.745576
294 0.745871
295 0.746191
296 0.74652
297 0.746837
298 0.747168
299 0.747476
300 0.7478
