1 0.500449
2 0.507158
3 0.514368
4 0.520046
5 0.524198
6 0.530787
7 0.534919
8 0.540726
9 0.544272
10 0.5486
11 0.552899
12 0.556066
13 0.56063
14 0.564123
15 0.565716
16 0.569812
17 0.571497
18 0.574634
19 0.576975
20 0.579378
21 0.581427
22 0.583598
23 0.585183
24 0.587804
25 0.58902
26 0.591478
27 0.592192
28 0.593637
29 0.59585
30 0.596563
31 0.596898
32 0.599461
33 0.599958
34 0.60152
35 0.603592
36 0.604456
37 0.604115
38 0.605068
39 0.607013
40 0.607748
41 0.609277
42 0.609057
43 0.610652
44 0.611898
45 0.612429
46 0.613131
47 0.613179
48 0.613686
49 0.615033
50 0.615623
51 0.616558
52 0.616847
53 0.617258
54 0.617525
55 0.618295
56 0.6191
57 0.620154
58 0.620329
59 0.62107
60 0.621131
61 0.62219
62 0.622677
63 0.622159
64 0.623871
65 0.624293
66 0.62516
67 0.624731
68 0.625713
69 0.6256
70 0.625772
71 0.62573
72 0.62698
73 0.626852
74 0.627897
75 0.62685
76 0.627899
77 0.628904
78 0.629259
79 0.629168
80 0.629188
81 0.63051
82 0.630568
83 0.630474
84 0.630569
85 0.630459
86 0.630601
87 0.631572
88 0.631961
89 0.631535
90 0.63181
91 0.631694
92 0.63237
93 0.633271
94 0.632629
95 0.633575
96 0.633171
97 0.634278
98 0.633598
99 0.634488
100 0.635152
101 0.634775
102 0.63486
103 0.634661
104 0.635416
105 0.635387
106 0.635647
107 0.635841
108 0.636615
109 0.635863
110 0.635983
111 0.635639
112 0.636509
113 0.637466
114 0.63691
115 0.637027
116 0.637367
117 0.638501
118 0.638418
119 0.638404
120 0.637661
121 0.637936
122 0.637758
123 0.638852
124 0.638613
125 0.639228
126 0.639181
127 0.639369
128 0.64016
129 0.639435
130 0.640126
131 0.639757
132 0.6405
133 0.6408
134 0.639971
135 0.639744
136 0.640911
137 0.641039
138 0.640788
139 0.640026
140 0.641323
141 0.641476
142 0.641499
143 0.641378
144 0.641554
145 0.641162
146 0.641121
147 0.641462
148 0.642062
149 0.641904
150 0.64237
151 0.641901
152 0.642382
153 0.642446
154 0.641735
155 0.64209
156 0.64322
157 0.64306
158 0.643092
159 0.643451
160 0.643103
161 0.643271
162 0.642995
163 0.642722
164 0.643539
165 0.643829
166 0.643565
167 0.643928
168 0.643382
169 0.643828
170 0.643859
171 0.644353
172 0.64499
173 0.64383
174 0.644488
175 0.644177
176 0.643848
177 0.644342
178 0.645673
179 0.644591
180 0.644575
181 0.645013
182 0.644532
183 0.645761
184 0.645244
185 0.645216
186 0.645591
187 0.64517
188 0.645017
189 0.645517
190 0.645785
191 0.645274
192 0.645458
193 0.645111
194 0.644767
195 0.646794
196 0.645757
197 0.646443
198 0.646018
199 0.64651
200 0.646308
201 0.646273
202 0.646146
203 0.647099
204 0.64608
205 0.646727
206 0.646369
207 0.646552
208 0.646875
209 0.647602
210 0.64715
211 0.646812
212 0.646223
213 0.646749
214 0.646559
215 0.64741
216 0.646954
217 0.646321
218 0.646495
219 0.647264
220 0.646948
221 0.646713
222 0.647069
223 0.647415
224 0.647195
225 0.647786
226 0.648156
227 0.647243
228 0.647386
229 0.648187
230 0.648114
231 0.647873
232 0.647717
233 0.647966
234 0.647106
235 0.647752
236 0.648303
237 0.648301
238 0.648123
239 0.648147
240 0.64742
241 0.648035
242 0.648942
243 0.648147
244 0.648154
245 0.648771
246 0.64844
247 0.649186
248 0.648562
249 0.648765
250 0.648969
251 0.648904
252 0.649165
253 0.649438
254 0.648993
255 0.648498
256 0.649672
257 0.649539
258 0.649124
259 0.648791
260 0.649221
261 0.64945
262 0.649394
263 0.649326
264 0.649438
265 0.649189
266 0.649541
267 0.650134
268 0.650362
269 0.649558
270 0.649539
271 0.650472
272 0.650316
273 0.649792
274 0.650013
275 0.650383
276 0.649823
277 0.649908
278 0.650253
279 0.65087
280 0.650165
281 0.650738
282 0.649572
283 0.650018
284 0.650149
285 0.650234
286 0.650725
287 0.650308
288 0.650158
289 0.650216
290 0.651336
291 0.65093
292 0.650151
293 0.64946
294 0.651253
295 0.650585
296 0.650959
297 0.651459
298 0.650946
299 0.649731
300 0.650828
