1 0.333699
2 0.349072
3 0.364844
4 0.378843
5 0.393374
6 0.406529
7 0.419012
8 0.430379
9 0.442527
10 0.453671
11 0.464753
12 0.47439
13 0.484892
14 0.493653
15 0.50208
16 0.511238
17 0.517967
18 0.526045
19 0.533461
20 0.541198
21 0.546417
22 0.553547
23 0.559747
24 0.56424
25 0.570216
26 0.576661
27 0.581059
28 0.5863
29 0.591342
30 0.595724
31 0.60046
32 0.605264
33 0.609013
34 0.612755
35 0.617193
36 0.620838
37 0.624476
38 0.627562
39 0.631593
40 0.634891
41 0.638099
42 0.640905
43 0.644318
44 0.647252
45 0.650859
46 0.653304
47 0.656575
48 0.658724
49 0.661644
50 0.664296
51 0.667594
52 0.669699
53 0.671569
54 0.673304
55 0.67631
56 0.678407
57 0.680669
58 0.682811
59 0.685475
60 0.687079
61 0.688749
62 0.691113
63 0.693124
64 0.695008
65 0.69761
66 0.698864
67 0.701008
68 0.702179
69 0.704452
70 0.706015
71 0.707951
72 0.709481
73 0.710862
74 0.711921
75 0.713854
76 0.715612
77 0.717185
78 0.719409
79 0.720879
80 0.722323
81 0.723355
82 0.724273
83 0.725631
84 0.727296
85 0.728765
86 0.729882
87 0.730863
88 0.733119
89 0.733577
90 0.734585
91 0.735794
92 0.736699
93 0.738189
94 0.739756
95 0.741013
96 0.741974
97 0.743175
98 0.743681
99 0.745261
100 0.7464
101 0.746761
102 0.748054
103 0.749324
104 0.749704
105 0.751631
106 0.752108
107 0.752827
108 0.754298
109 0.75527
110 0.75556
111 0.757323
112 0.758075
113 0.758979
114 0.759451
115 0.760888
116 0.760802
117 0.762299
118 0.763249
119 0.764148
120 0.76464
121 0.765575
122 0.766408
123 0.767298
124 0.768464
125 0.768801
126 0.770094
127 0.77035
128 0.770885
129 0.771926
130 0.772521
131 0.773346
132 0.774318
133 0.774949
134 0.775553
135 0.776948
136 0.776866
137 0.77811
138 0.778404
139 0.779942
140 0.780157
141 0.7808
142 0.781481
143 0.781634
144 0.782777
145 0.783432
146 0.783984
147 0.783913
148 0.78521
149 0.785865
150 0.785923
151 0.786798
152 0.787585
153 0.78781
154 0.789067
155 0.788997
156 0.789568
157 0.790914
158 0.791547
159 0.791339
160 0.791948
161 0.792065
162 0.793156
163 0.794012
164 0.794067
165 0.795483
166 0.795564
167 0.79568
168 0.796153
169 0.796887
170 0.797726
171 0.797971
172 0.79868
173 0.79961
174 0.799626
175 0.800107
176 0.800602
177 0.800977
178 0.801797
179 0.801996
180 0.80219
181 0.803222
182 0.804099
183 0.80412
184 0.804543
185 0.805091
186 0.805771
187 0.806296
188 0.806237
189 0.806826
190 0.807219
191 0.807879
192 0.808042
193 0.808859
194 0.808515
195 0.809329
196 0.809842
197 0.809937
198 0.811161
199 0.811305
200 0.811436
201 0.811863
202 0.812711
203 0.81314
204 0.813542
205 0.813972
206 0.814492
207 0.814305
208 0.814501
209 0.815331
210 0.816136
211 0.815966
212 0.815766
213 0.816763
214 0.817079
215 0.817764
216 0.818019
217 0.817934
218 0.819028
219 0.819241
220 0.819453
221 0.820083
222 0.820087
223 0.820786
224 0.820905
225 0.82139
226 0.821547
227 0.821609
228 0.82226
229 0.822424
230 0.823095
231 0.823111
232 0.823117
233 0.824345
234 0.823998
235 0.824572
236 0.825046
237 0.824898
238 0.825744
239 0.825946
240 0.826563
241 0.826283
242 0.826227
243 0.827368
244 0.827507
245 0.827295
246 0.828149
247 0.828337
248 0.828953
249 0.828747
250 0.829135
251 0.829406
252 0.829685
253 0.829915
254 0.83052
255 0.830881
256 0.83111
257 0.831643
258 0.831594
259 0.831722
260 0.832578
261 0.832697
262 0.832537
263 0.832677
264 0.833402
265 0.833705
266 0.833097
267 0.833736
268 0.834653
269 0.83461
270 0.83462
271 0.835019
272 0.835537
273 0.835353
274 0.835698
275 0.836404
276 0.836467
277 0.83706
278 0.836755
279 0.837058
280 0.837092
281 0.837838
282 0.837375
283 0.837903
284 0.838507
285 0.839057
286 0.83924
287 0.839088
288 0.839037
289 0.839983
290 0.839881
291 0.840708
292 0.84059
293 0.840819
294 0.841498
295 0.841252
296 0.841642
297 0.842035
298 0.842308
299 0.842473
300 0.842423
