1 0.415114
2 0.450653
3 0.476218
4 0.501416
5 0.520742
6 0.538641
7 0.552733
8 0.566375
9 0.578447
10 0.589684
11 0.600155
12 0.609611
13 0.618587
14 0.626557
15 0.633895
16 0.641404
17 0.647978
18 0.654458
19 0.660693
20 0.666539
21 0.67215
22 0.677096
23 0.68227
24 0.686713
25 0.691211
26 0.695749
27 0.699826
28 0.703967
29 0.708158
30 0.711771
31 0.715459
32 0.718634
33 0.721768
34 0.724983
35 0.727857
36 0.730615
37 0.733711
38 0.736513
39 0.73898
40 0.741882
41 0.744416
42 0.746951
43 0.749403
44 0.751662
45 0.754104
46 0.756394
47 0.75843
48 0.760488
49 0.762382
50 0.764277
51 0.766144
52 0.767879
53 0.769807
54 0.771638
55 0.773551
56 0.775353
57 0.776932
58 0.778604
59 0.780061
60 0.78159
61 0.783085
62 0.784558
63 0.786109
64 0.787457
65 0.788837
66 0.790335
67 0.791623
68 0.792644
69 0.793737
70 0.795099
71 0.796323
72 0.797608
73 0.798858
74 0.800013
75 0.801233
76 0.802266
77 0.803402
78 0.804678
79 0.805861
80 0.806841
81 0.807956
82 0.80886
83 0.809718
84 0.810662
85 0.81193
86 0.81272
87 0.813956
88 0.814905
89 0.815718
90 0.81666
91 0.817526
92 0.818441
93 0.819075
94 0.819895
95 0.820853
96 0.821537
97 0.822554
98 0.823332
99 0.824128
100 0.824823
101 0.825446
102 0.826111
103 0.826964
104 0.827733
105 0.828404
106 0.829144
107 0.829792
108 0.830542
109 0.831315
110 0.831725
111 0.832435
112 0.833316
113 0.833996
114 0.8345
115 0.835261
116 0.83601
117 0.836728
118 0.837391
119 0.837887
120 0.838534
121 0.838977
122 0.839547
123 0.840105
124 0.840713
125 0.841202
126 0.841947
127 0.842329
128 0.843046
129 0.843399
130 0.844253
131 0.844593
132 0.845199
133 0.845843
134 0.846215
135 0.846765
136 0.847341
137 0.847729
138 0.848231
139 0.848714
140 0.849302
141 0.849824
142 0.850252
143 0.85094
144 0.851363
145 0.851798
146 0.852221
147 0.852707
148 0.853162
149 0.853678
150 0.854142
151 0.85472
152 0.855014
153 0.855419
154 0.855845
155 0.856245
156 0.856754
157 0.857052
158 0.857571
159 0.857962
160 0.858349
161 0.858724
162 0.858987
163 0.859372
164 0.859931
165 0.860235
166 0.86066
167 0.861017
168 0.861414
169 0.861668
170 0.862119
171 0.862594
172 0.862858
173 0.863086
174 0.863502
175 0.86399
176 0.864384
177 0.864761
178 0.865153
179 0.865614
180 0.865814
181 0.866284
182 0.866536
183 0.866943
184 0.867391
185 0.86773
186 0.868042
187 0.868184
188 0.8684
189 0.86891
190 0.869169
191 0.869534
192 0.869916
193 0.870036
194 0.870399
195 0.870822
196 0.871115
197 0.871322
198 0.871724
199 0.871928
200 0.872249
201 0.872483
202 0.872917
203 0.873176
204 0.873417
205 0.873708
206 0.874086
207 0.874381
208 0.874528
209 0.874847
210 0.875117
211 0.875402
212 0.875601
213 0.87594
214 0.876185
215 0.876397
216 0.876668
217 0.876986
218 0.877209
219 0.877539
220 0.877877
221 0.878136
222 0.878481
223 0.878623
224 0.878943
225 0.879016
226 0.879107
227 0.879401
228 0.879681
229 0.879888
230 0.880223
231 0.880432
232 0.88073
233 0.880916
234 0.881108
235 0.881324
236 0.881527
237 0.881748
238 0.88186
239 0.882074
240 0.882285
241 0.882623
242 0.882766
243 0.88311
244 0.883202
245 0.883492
246 0.883558
247 0.883762
248 0.884057
249 0.884356
250 0.884415
251 0.884663
252 0.884996
253 0.885183
254 0.885427
255 0.885557
256 0.885868
257 0.886001
258 0.886205
259 0.886382
260 0.886615
261 0.886792
262 0.886938
263 0.887102
264 0.887295
265 0.887483
266 0.887792
267 0.887886
268 0.888016
269 0.888354
270 0.888474
271 0.88876
272 0.888914
273 0.889198
274 0.88931
275 0.889421
276 0.889708
277 0.889786
278 0.889969
279 0.890238
280 0.89042
281 0.890588
282 0.890574
283 0.890799
284 0.89101
285 0.891201
286 0.891421
287 0.891578
288 0.891791
289 0.891872
290 0.89205
291 0.892214
292 0.89241
293 0.892497
294 0.892628
295 0.892911
296 0.893115
297 0.893226
298 0.89352
299 0.893625
300 0.893789
