1 0.457981
2 0.538626
3 0.55113
4 0.594034
5 0.621762
6 0.636088
7 0.647859
8 0.66415
9 0.672176
10 0.681866
11 0.695502
12 0.704486
13 0.711913
14 0.720117
15 0.724008
16 0.731136
17 0.736614
18 0.739739
19 0.743512
20 0.75093
21 0.754436
22 0.758106
23 0.762365
24 0.764507
25 0.767817
26 0.771552
27 0.773825
28 0.776327
29 0.779277
30 0.781641
31 0.785673
32 0.786973
33 0.790523
34 0.792562
35 0.794629
36 0.796404
37 0.798167
38 0.799939
39 0.801879
40 0.803787
41 0.805682
42 0.807248
43 0.808586
44 0.810723
45 0.812236
46 0.812867
47 0.815144
48 0.815963
49 0.816272
50 0.818644
51 0.820308
52 0.821136
53 0.822011
54 0.823913
55 0.824674
56 0.825741
57 0.827117
58 0.827865
59 0.828788
60 0.829858
61 0.830808
62 0.832615
63 0.833079
64 0.834111
65 0.834886
66 0.836551
67 0.836975
68 0.837364
69 0.838535
70 0.839338
71 0.840047
72 0.840526
73 0.84178
74 0.843124
75 0.843779
76 0.84469
77 0.845623
78 0.846524
79 0.847694
80 0.847545
81 0.848441
82 0.849322
83 0.84934
84 0.850479
85 0.851005
86 0.851726
87 0.852431
88 0.8533
89 0.854151
90 0.854436
91 0.854853
92 0.855648
93 0.855673
94 0.856991
95 0.857597
96 0.857339
97 0.858383
98 0.858863
99 0.859104
100 0.860332
101 0.860551
102 0.861264
103 0.861005
104 0.861994
105 0.862802
106 0.863188
107 0.863658
108 0.864149
109 0.86514
110 0.864898
111 0.866064
112 0.865808
113 0.866216
114 0.86685
115 0.867002
116 0.867644
117 0.868025
118 0.868335
119 0.869559
120 0.870098
121 0.870134
122 0.870541
123 0.870498
124 0.871267
125 0.871547
126 0.872058
127 0.872076
128 0.872585
129 0.873123
130 0.873682
131 0.873788
132 0.87376
133 0.874625
134 0.874751
135 0.875673
136 0.875387
137 0.876049
138 0.87632
139 0.876863
140 0.877487
141 0.877471
142 0.877546
143 0.877953
144 0.878668
145 0.878703
146 0.879017
147 0.879256
148 0.879503
149 0.8797
150 0.88011
151 0.880389
152 0.880974
153 0.881309
154 0.88151
155 0.882381
156 0.88274
157 0.882574
158 0.88283
159 0.882965
160 0.883589
161 0.883561
162 0.883529
163 0.884385
164 0.884474
165 0.884502
166 0.88484
167 0.88566
168 0.885646
169 0.885694
170 0.885873
171 0.886658
172 0.886142
173 0.886689
174 0.887683
175 0.887169
176 0.887721
177 0.888296
178 0.887824
179 0.888093
180 0.889441
181 0.888944
182 0.889423
183 0.88901
184 0.890119
185 0.890459
186 0.890089
187 0.890829
188 0.89086
189 0.891237
190 0.890922
191 0.891248
192 0.89154
193 0.891493
194 0.892101
195 0.892321
196 0.892626
197 0.892333
198 0.893494
199 0.89365
200 0.893649
201 0.893068
202 0.893741
203 0.893937
204 0.89449
205 0.894653
206 0.894577
207 0.894803
208 0.895418
209 0.895311
210 0.89545
211 0.895661
212 0.895713
213 0.895762
214 0.896612
215 0.89604
216 0.896727
217 0.896648
218 0.896772
219 0.897223
220 0.89691
221 0.896953
222 0.897995
223 0.897743
224 0.897799
225 0.898408
226 0.898531
227 0.898309
228 0.898566
229 0.899091
230 0.899136
231 0.899028
232 0.899595
233 0.899679
234 0.899922
235 0.899999
236 0.900289
237 0.900368
238 0.90033
239 0.900916
240 0.900746
241 0.901031
242 0.901514
243 0.900885
244 0.901765
245 0.901753
246 0.902087
247 0.901886
248 0.902094
249 0.902817
250 0.902589
251 0.902656
252 0.902618
253 0.903649
254 0.903089
255 0.903184
256 0.903319
257 0.90384
258 0.903981
259 0.903673
260 0.903927
261 0.903817
262 0.904389
263 0.90432
264 0.904744
265 0.904927
266 0.904629
267 0.905138
268 0.905302
269 0.90568
270 0.906002
271 0.905792
272 0.905437
273 0.90576
274 0.906165
275 0.906376
276 0.906345
277 0.906614
278 0.906591
279 0.907025
280 0.906835
281 0.907184
282 0.90718
283 0.907667
284 0.907832
285 0.907957
286 0.907349
287 0.907829
288 0.908365
289 0.908351
290 0.90815
291 0.909135
292 0.908644
293 0.908128
294 0.90873
295 0.909163
296 0.909162
297 0.909709
298 0.909189
299 0.909277
300 0.909501
