1 0.332797
2 0.39522
3 0.441183
4 0.473142
5 0.500766
6 0.52272
7 0.539464
8 0.553936
9 0.567152
10 0.578824
11 0.590604
12 0.600906
13 0.609718
14 0.618212
15 0.624406
16 0.631807
17 0.638509
18 0.644179
19 0.649059
20 0.655578
21 0.659997
22 0.664941
23 0.669387
24 0.673342
25 0.677338
26 0.681383
27 0.684656
28 0.688399
29 0.692055
30 0.695077
31 0.699161
32 0.701621
33 0.705536
34 0.707829
35 0.710608
36 0.712919
37 0.71531
38 0.717717
39 0.720361
40 0.722715
41 0.725081
42 0.72721
43 0.72902
44 0.731224
45 0.733362
46 0.734925
47 0.737198
48 0.738884
49 0.739568
50 0.742249
51 0.744383
52 0.745365
53 0.746686
54 0.748911
55 0.750305
56 0.751716
57 0.753224
58 0.754597
59 0.756012
60 0.757141
61 0.758439
62 0.760217
63 0.761414
64 0.762572
65 0.763798
66 0.765505
67 0.766379
68 0.767242
69 0.768551
70 0.769909
71 0.771015
72 0.77177
73 0.773094
74 0.774584
75 0.775523
76 0.776949
77 0.77784
78 0.778897
79 0.780353
80 0.780703
81 0.781756
82 0.782695
83 0.783348
84 0.784563
85 0.785302
86 0.786075
87 0.787054
88 0.788069
89 0.788945
90 0.789762
91 0.790441
92 0.791533
93 0.791642
94 0.793145
95 0.793946
96 0.793973
97 0.795117
98 0.795824
99 0.796273
100 0.797815
101 0.798184
102 0.799114
103 0.799056
104 0.800014
105 0.801038
106 0.801669
107 0.802264
108 0.802899
109 0.804117
110 0.804249
111 0.80528
112 0.805457
113 0.806122
114 0.80672
115 0.807109
116 0.807898
117 0.808266
118 0.809067
119 0.810152
120 0.810746
121 0.811284
122 0.811654
123 0.811824
124 0.812514
125 0.813042
126 0.813803
127 0.814055
128 0.814628
129 0.815162
130 0.815938
131 0.81625
132 0.816335
133 0.817327
134 0.817706
135 0.818575
136 0.818572
137 0.81946
138 0.819796
139 0.820399
140 0.821126
141 0.821201
142 0.821447
143 0.822204
144 0.822934
145 0.822942
146 0.823494
147 0.823955
148 0.82435
149 0.824687
150 0.825217
151 0.825346
152 0.826082
153 0.826612
154 0.826979
155 0.827848
156 0.828174
157 0.828213
158 0.828879
159 0.82904
160 0.829749
161 0.829788
162 0.829964
163 0.830823
164 0.83116
165 0.831381
166 0.83177
167 0.83257
168 0.832657
169 0.83294
170 0.833292
171 0.833979
172 0.833594
173 0.834276
174 0.835052
175 0.834878
176 0.835596
177 0.836041
178 0.835781
179 0.836268
180 0.837577
181 0.837287
182 0.837762
183 0.837516
184 0.838597
185 0.839049
186 0.838601
187 0.839656
188 0.839819
189 0.840248
190 0.839971
191 0.8406
192 0.840875
193 0.841002
194 0.841473
195 0.8417
196 0.842346
197 0.84214
198 0.843071
199 0.843521
200 0.84376
201 0.84323
202 0.843864
203 0.84417
204 0.84481
205 0.845136
206 0.845288
207 0.845436
208 0.846054
209 0.846057
210 0.846283
211 0.846589
212 0.846751
213 0.846902
214 0.847674
215 0.84735
216 0.848102
217 0.848118
218 0.848318
219 0.848792
220 0.848619
221 0.848673
222 0.849664
223 0.849741
224 0.849732
225 0.850243
226 0.850527
227 0.85031
228 0.851061
229 0.851516
230 0.851517
231 0.851548
232 0.85214
233 0.85226
234 0.852569
235 0.852833
236 0.853074
237 0.853323
238 0.853399
239 0.853934
240 0.854005
241 0.854356
242 0.854811
243 0.85446
244 0.855089
245 0.855088
246 0.855617
247 0.855441
248 0.855726
249 0.856584
250 0.856319
251 0.856462
252 0.856575
253 0.857458
254 0.857173
255 0.857401
256 0.857438
257 0.857949
258 0.858067
259 0.857689
260 0.858177
261 0.858252
262 0.858622
263 0.858781
264 0.859178
265 0.859401
266 0.859442
267 0.85995
268 0.860055
269 0.860474
270 0.860855
271 0.860679
272 0.860569
273 0.860772
274 0.861419
275 0.861571
276 0.861665
277 0.861975
278 0.862018
279 0.862223
280 0.862386
281 0.862648
282 0.862895
283 0.863195
284 0.863612
285 0.863737
286 0.863315
287 0.86374
288 0.864297
289 0.864311
290 0.86419
291 0.865117
292 0.864752
293 0.864574
294 0.86507
295 0.865544
296 0.865715
297 0.866126
298 0.866017
299 0.865908
300 0.866088
