1 0.5
2 0.379538
3 0.326053
4 0.302039
5 0.284974
6 0.273403
7 0.26525
8 0.259223
9 0.253964
10 0.249713
11 0.246875
12 0.24355
13 0.241054
14 0.238722
15 0.237088
16 0.235158
17 0.233424
18 0.23234
19 0.231318
20 0.23004
21 0.228852
22 0.228062
23 0.227233
24 0.226342
25 0.225283
26 0.224505
27 0.224398
28 0.223079
29 0.222695
30 0.221876
31 0.22175
32 0.220745
33 0.220522
34 0.219742
35 0.219775
36 0.21905
37 0.218714
38 0.218248
39 0.217927
40 0.217511
41 0.21707
42 0.216719
43 0.216456
44 0.216358
45 0.21616
46 0.215525
47 0.215457
48 0.214988
49 0.21462
50 0.214468
51 0.214058
52 0.213933
53 0.21395
54 0.213668
55 0.213293
56 0.213135
57 0.213351
58 0.212631
59 0.212506
60 0.212398
61 0.212207
62 0.212141
63 0.211903
64 0.211393
65 0.211731
66 0.211601
67 0.211202
68 0.211053
69 0.210833
70 0.210821
71 0.210532
72 0.210438
73 0.209917
74 0.210151
75 0.210012
76 0.210009
77 0.209779
78 0.209645
79 0.209402
80 0.209414
81 0.20936
82 0.209018
83 0.209207
84 0.208855
85 0.208562
86 0.208643
87 0.208775
88 0.208564
89 0.208728
90 0.208405
91 0.208403
92 0.208138
93 0.208174
94 0.207939
95 0.207851
96 0.207739
97 0.207769
98 0.207472
99 0.207551
100 0.207348
101 0.207283
102 0.207064
103 0.207304
104 0.207086
105 0.207064
106 0.20695
107 0.20683
108 0.206816
109 0.206634
110 0.206633
111 0.206567
112 0.206546
113 0.206444
114 0.206115
115 0.206314
116 0.206196
117 0.206378
118 0.206015
119 0.206007
120 0.205965
121 0.205844
122 0.205807
123 0.20568
124 0.205859
125 0.20561
126 0.205561
127 0.20538
128 0.205447
129 0.205536
130 0.2054
131 0.205372
132 0.205335
133 0.205125
134 0.205087
135 0.205265
136 0.205075
137 0.204967
138 0.204952
139 0.204858
140 0.204875
141 0.204825
142 0.204789
143 0.204772
144 0.204695
145 0.204516
146 0.204671
147 0.204421
148 0.204445
149 0.204433
150 0.20432
151 0.204333
152 0.204253
153 0.204317
154 0.204253
155 0.204219
156 0.20407
157 0.204078
158 0.203926
159 0.204089
160 0.203911
161 0.203981
162 0.203899
163 0.203862
164 0.203761
165 0.203705
166 0.203852
167 0.203742
168 0.203533
169 0.203473
170 0.203386
171 0.204001
172 0.203556
173 0.203529
174 0.203451
175 0.203408
176 0.203378
177 0.203427
178 0.203469
179 0.203218
180 0.203229
181 0.203087
182 0.203151
183 0.203179
184 0.203123
185 0.202984
186 0.203183
187 0.202924
188 0.202968
189 0.202914
190 0.202874
191 0.202932
192 0.202688
193 0.202854
194 0.202875
195 0.202956
196 0.202751
197 0.20283
198 0.202776
199 0.202588
200 0.202623
201 0.202515
202 0.202512
203 0.202536
204 0.202546
205 0.202182
206 0.202366
207 0.202372
208 0.202374
209 0.202341
210 0.202254
211 0.202302
212 0.202269
213 0.202256
214 0.202201
215 0.202259
216 0.202246
217 0.202196
218 0.202096
219 0.202093
220 0.202111
221 0.202141
222 0.202005
223 0.202101
224 0.201943
225 0.202005
226 0.20198
227 0.202035
228 0.201838
229 0.201845
230 0.201838
231 0.201846
232 0.201766
233 0.20182
234 0.201734
235 0.201814
236 0.201713
237 0.201614
238 0.20164
239 0.201665
240 0.201677
241 0.20142
242 0.20161
243 0.201547
244 0.20152
245 0.201476
246 0.201375
247 0.201473
248 0.201549
249 0.201456
250 0.201431
251 0.201358
252 0.201333
253 0.201316
254 0.201302
255 0.201131
256 0.201362
257 0.201492
258 0.201371
259 0.201224
260 0.20128
261 0.201297
262 0.201209
263 0.201183
264 0.201201
265 0.2011
266 0.201193
267 0.201218
268 0.201086
269 0.201056
270 0.201097
271 0.20101
272 0.201045
273 0.201195
274 0.200941
275 0.200937
276 0.200923
277 0.200956
278 0.200907
279 0.200882
280 0.200833
281 0.200907
282 0.20088
283 0.200757
284 0.200852
285 0.200771
286 0.200803
287 0.200774
288 0.200668
289 0.200686
290 0.200704
291 0.200763
292 0.200776
293 0.200653
294 0.200633
295 0.200671
296 0.200538
297 0.200715
298 0.200649
299 0.200552
300 0.20054
