1 0.250242
2 0.166719
3 0.125289
4 0.111386
5 0.0904481
6 0.0806422
7 0.07563
8 0.0691305
9 0.0620508
10 0.0599792
11 0.0549227
12 0.0510763
13 0.04825
14 0.0457014
15 0.0437645
16 0.0417533
17 0.0401054
18 0.0389813
19 0.0375024
20 0.0357415
21 0.0344179
22 0.0334031
23 0.0323322
24 0.0316089
25 0.0306585
26 0.0297495
27 0.0290163
28 0.0284779
29 0.0276715
30 0.027034
31 0.026148
32 0.0257596
33 0.0249575
34 0.0244791
35 0.0240078
36 0.0235422
37 0.0230851
38 0.0227463
39 0.0222759
40 0.0218332
41 0.0214182
42 0.0210395
43 0.0207357
44 0.0202801
45 0.0200243
46 0.0197854
47 0.0194275
48 0.0191865
49 0.0190364
50 0.0185983
51 0.0183483
52 0.0180755
53 0.0178796
54 0.0175673
55 0.0173401
56 0.0171913
57 0.0169395
58 0.0167242
59 0.0165834
60 0.0163372
61 0.0161731
62 0.0158847
63 0.0157498
64 0.0156456
65 0.0154441
66 0.0151923
67 0.0150436
68 0.0149779
69 0.0147652
70 0.0146457
71 0.0145162
72 0.014373
73 0.0141636
74 0.0139718
75 0.0138534
76 0.0137074
77 0.0135773
78 0.0133984
79 0.0132194
80 0.0132075
81 0.0130401
82 0.0128833
83 0.0128496
84 0.012716
85 0.0126226
86 0.0125476
87 0.0124273
88 0.012309
89 0.0121658
90 0.0120631
91 0.0120202
92 0.0118135
93 0.0117949
94 0.0116501
95 0.011564
96 0.0115674
97 0.0114033
98 0.011302
99 0.0112798
100 0.0111304
101 0.0111137
102 0.0109906
103 0.0110294
104 0.0108555
105 0.0107513
106 0.0107076
107 0.0106319
108 0.0105261
109 0.0104151
110 0.0103725
111 0.0102903
112 0.0102638
113 0.0101913
114 0.0101207
115 0.0101035
116 0.00998609
117 0.00996642
118 0.00991684
119 0.00973718
120 0.00966135
121 0.00969619
122 0.00958798
123 0.0095872
124 0.00950008
125 0.00944932
126 0.0094221
127 0.00935329
128 0.00927645
129 0.00922497
130 0.00912303
131 0.00912824
132 0.00910313
133 0.00903708
134 0.00896892
135 0.00890777
136 0.00887077
137 0.008835
138 0.0087875
139 0.0087088
140 0.00862641
141 0.00860113
142 0.00858425
143 0.00851248
144 0.00844765
145 0.00845079
146 0.00839239
147 0.00835944
148 0.00831367
149 0.00827387
150 0.00827311
151 0.00822825
152 0.00813435
153 0.00816875
154 0.00805945
155 0.00799309
156 0.00791328
157 0.00797026
158 0.00789732
159 0.00790165
160 0.00780829
161 0.00782552
162 0.00778748
163 0.00770995
164 0.00769897
165 0.00763798
166 0.00762989
167 0.00754699
168 0.0075736
169 0.00754279
170 0.00750304
171 0.00742302
172 0.00744097
173 0.00739234
174 0.00728287
175 0.00736138
176 0.00725103
177 0.00724446
178 0.0072794
179 0.00717571
180 0.00711018
181 0.00711804
182 0.00707136
183 0.00713054
184 0.00699861
185 0.00697945
186 0.00698839
187 0.00690396
188 0.00688577
189 0.00684114
190 0.00687096
191 0.00684718
192 0.0067938
193 0.0068001
194 0.00674379
195 0.00672822
196 0.00670291
197 0.00673685
198 0.00662071
199 0.0065707
200 0.00654753
201 0.00660992
202 0.00656598
203 0.00656527
204 0.00650454
205 0.00646152
206 0.006449
207 0.00643452
208 0.00639317
209 0.00637539
210 0.00636544
211 0.0063621
212 0.00632624
213 0.00631114
214 0.00626302
215 0.00628737
216 0.00621732
217 0.00621909
218 0.006176
219 0.00614187
220 0.00615371
221 0.00618681
222 0.00605313
223 0.0061031
224 0.00606584
225 0.00601927
226 0.00601646
227 0.00599561
228 0.00596669
229 0.00594853
230 0.00591735
231 0.00593616
232 0.00585811
233 0.00589544
234 0.00584402
235 0.00585724
236 0.00584065
237 0.00582786
238 0.00581515
239 0.00574334
240 0.00577993
241 0.00571207
242 0.00567663
243 0.00573725
244 0.00566136
245 0.00566248
246 0.00563849
247 0.00561859
248 0.00560496
249 0.00552216
250 0.00558063
251 0.00553015
252 0.00554437
253 0.00547976
254 0.00549394
255 0.0054751
256 0.00547576
257 0.00545184
258 0.00539204
259 0.00542271
260 0.00540284
261 0.00538058
262 0.00536183
263 0.00535042
264 0.00534343
265 0.00530163
266 0.0053305
267 0.00527262
268 0.0052795
269 0.0052407
270 0.00520989
271 0.00520425
272 0.00521164
273 0.00519417
274 0.00518766
275 0.00514001
276 0.00515634
277 0.00511683
278 0.00515792
279 0.00511276
280 0.00508296
281 0.00508705
282 0.00506835
283 0.00502549
284 0.00499831
285 0.00501262
286 0.00503122
287 0.00501742
288 0.00496534
289 0.00495037
290 0.00496829
291 0.00488858
292 0.00489561
293 0.00494547
294 0.00489645
295 0.00487531
296 0.00484769
297 0.00484036
298 0.0048614
299 0.00483329
300 0.00482584
