1 0.332797
2 0.457644
3 0.532514
4 0.560658
5 0.605235
6 0.626592
7 0.638447
8 0.653073
9 0.6705
10 0.676332
11 0.690587
12 0.701604
13 0.70985
14 0.717747
15 0.723133
16 0.729302
17 0.73489
18 0.738469
19 0.742874
20 0.749474
21 0.753642
22 0.757267
23 0.76149
24 0.763825
25 0.767176
26 0.770507
27 0.77355
28 0.775658
29 0.778819
30 0.781154
31 0.785278
32 0.786567
33 0.790287
34 0.792009
35 0.794398
36 0.795978
37 0.79794
38 0.79948
39 0.801643
40 0.803426
41 0.805465
42 0.806994
43 0.808439
44 0.810397
45 0.811968
46 0.812616
47 0.814794
48 0.815771
49 0.816162
50 0.818396
51 0.820123
52 0.820927
53 0.821847
54 0.823747
55 0.824465
56 0.825644
57 0.826938
58 0.827828
59 0.82861
60 0.829754
61 0.83073
62 0.832487
63 0.83284
64 0.833904
65 0.83477
66 0.836303
67 0.836849
68 0.83725
69 0.838417
70 0.839207
71 0.839898
72 0.840422
73 0.841646
74 0.842889
75 0.843716
76 0.844579
77 0.845536
78 0.846412
79 0.847523
80 0.847473
81 0.8483
82 0.8492
83 0.849271
84 0.850301
85 0.850864
86 0.851604
87 0.852334
88 0.853144
89 0.854007
90 0.854378
91 0.854732
92 0.855601
93 0.855598
94 0.856878
95 0.857557
96 0.857326
97 0.858289
98 0.858734
99 0.858994
100 0.86027
101 0.860476
102 0.861262
103 0.860939
104 0.861872
105 0.862821
106 0.863138
107 0.863616
108 0.864112
109 0.865083
110 0.864859
111 0.865972
112 0.865807
113 0.866158
114 0.866762
115 0.866872
116 0.867646
117 0.867971
118 0.868326
119 0.869489
120 0.870033
121 0.870082
122 0.870492
123 0.87048
124 0.871197
125 0.871493
126 0.871979
127 0.872016
128 0.872493
129 0.873094
130 0.873638
131 0.87376
132 0.873734
133 0.874591
134 0.874687
135 0.875621
136 0.875327
137 0.876038
138 0.876327
139 0.876813
140 0.877426
141 0.877394
142 0.877448
143 0.877969
144 0.87864
145 0.878658
146 0.878995
147 0.879211
148 0.879472
149 0.879686
150 0.880062
151 0.880355
152 0.880958
153 0.881225
154 0.881511
155 0.882354
156 0.882714
157 0.882619
158 0.88279
159 0.882929
160 0.883573
161 0.883506
162 0.883517
163 0.884375
164 0.884419
165 0.884477
166 0.88479
167 0.885636
168 0.885595
169 0.885688
170 0.885855
171 0.886598
172 0.886137
173 0.886631
174 0.887654
175 0.887142
176 0.887761
177 0.888274
178 0.887806
179 0.888051
180 0.889388
181 0.888934
182 0.889377
183 0.888961
184 0.890103
185 0.890363
186 0.890049
187 0.890827
188 0.890866
189 0.891218
190 0.890875
191 0.891199
192 0.891549
193 0.891489
194 0.892037
195 0.892284
196 0.892601
197 0.89232
198 0.893527
199 0.89358
200 0.893661
201 0.893076
202 0.893695
203 0.893868
204 0.894427
205 0.894605
206 0.894512
207 0.894733
208 0.895418
209 0.895285
210 0.895425
211 0.895655
212 0.895704
213 0.895766
214 0.896613
215 0.895988
216 0.896763
217 0.896675
218 0.896741
219 0.897249
220 0.896896
221 0.896909
222 0.898037
223 0.897696
224 0.897815
225 0.898316
226 0.898501
227 0.898275
228 0.898571
229 0.899075
230 0.89914
231 0.899018
232 0.899592
233 0.899628
234 0.899902
235 0.899971
236 0.900297
237 0.900358
238 0.90033
239 0.900886
240 0.900749
241 0.901021
242 0.901494
243 0.900887
244 0.901742
245 0.901697
246 0.902061
247 0.901857
248 0.9021
249 0.902774
250 0.90251
251 0.90266
252 0.902608
253 0.903614
254 0.903081
255 0.903175
256 0.903297
257 0.903855
258 0.903999
259 0.903657
260 0.903896
261 0.903842
262 0.904341
263 0.904285
264 0.904705
265 0.904937
266 0.904641
267 0.905103
268 0.905267
269 0.905663
270 0.906002
271 0.905746
272 0.905427
273 0.905778
274 0.906147
275 0.906405
276 0.906381
277 0.906609
278 0.906577
279 0.907003
280 0.90682
281 0.907164
282 0.907174
283 0.907664
284 0.907826
285 0.907948
286 0.907301
287 0.907821
288 0.90835
289 0.908341
290 0.908139
291 0.909114
292 0.90864
293 0.908152
294 0.908737
295 0.909111
296 0.90912
297 0.909682
298 0.909197
299 0.90928
300 0.90951
