1 0.250242
2 0.208481
3 0.180691
4 0.163348
5 0.148681
6 0.137288
7 0.128419
8 0.121127
9 0.114494
10 0.109053
11 0.104117
12 0.099769
13 0.0959206
14 0.0923027
15 0.0893343
16 0.0862364
17 0.0835174
18 0.0810068
19 0.0789303
20 0.0766088
21 0.0747491
22 0.0728628
23 0.0711402
24 0.0694981
25 0.0680005
26 0.06648
27 0.0651776
28 0.0638485
29 0.0625154
30 0.061411
31 0.0601668
32 0.0592334
33 0.0580955
34 0.0571938
35 0.0562781
36 0.0553968
37 0.0545137
38 0.0537058
39 0.0528454
40 0.0520617
41 0.0512734
42 0.0505639
43 0.0499288
44 0.0491901
45 0.0485449
46 0.0479804
47 0.0473386
48 0.0467709
49 0.0463552
50 0.0456677
51 0.045089
52 0.0446028
53 0.0441715
54 0.0436105
55 0.0430974
56 0.042729
57 0.0422512
58 0.0418065
59 0.0414023
60 0.0410087
61 0.0406266
62 0.0401671
63 0.0397657
64 0.0394712
65 0.0390896
66 0.038654
67 0.0383268
68 0.0380572
69 0.0376884
70 0.0373067
71 0.0370231
72 0.0367322
73 0.03639
74 0.0360331
75 0.0358234
76 0.0354899
77 0.0352319
78 0.0349172
79 0.0345802
80 0.0344114
81 0.0340923
82 0.0338331
83 0.0336269
84 0.0333526
85 0.0331475
86 0.032929
87 0.0326594
88 0.0324329
89 0.0322022
90 0.0319667
91 0.0317907
92 0.0314497
93 0.0313241
94 0.0310803
95 0.0308636
96 0.0307562
97 0.0304714
98 0.0302855
99 0.0301694
100 0.0298962
101 0.0297622
102 0.0295324
103 0.0294571
104 0.0292192
105 0.0289908
106 0.0288479
107 0.0287056
108 0.0285206
109 0.0282944
110 0.0281347
111 0.0280071
112 0.0278617
113 0.027707
114 0.0275389
115 0.0274213
116 0.0272388
117 0.0271429
118 0.026989
119 0.0267578
120 0.0266122
121 0.0265274
122 0.0263846
123 0.0262944
124 0.0261354
125 0.0260157
126 0.025896
127 0.0257678
128 0.0255839
129 0.025483
130 0.025293
131 0.0252342
132 0.0251442
133 0.0249998
134 0.0248703
135 0.0247423
136 0.0246324
137 0.0245223
138 0.0244094
139 0.0243052
140 0.0241333
141 0.0240465
142 0.0239835
143 0.0238129
144 0.0236983
145 0.0236526
146 0.0234977
147 0.0234219
148 0.0233062
149 0.0232176
150 0.0231355
151 0.0230793
152 0.0229297
153 0.0228827
154 0.0227289
155 0.022614
156 0.0225017
157 0.0224816
158 0.022366
159 0.022321
160 0.0221485
161 0.0221242
162 0.0220337
163 0.0219053
164 0.0218382
165 0.0217158
166 0.0216629
167 0.0215442
168 0.0215252
169 0.0214331
170 0.0213436
171 0.0212176
172 0.0211877
173 0.0210805
174 0.0209723
175 0.0209772
176 0.0208193
177 0.0207718
178 0.0207588
179 0.0206161
180 0.0205038
181 0.0204732
182 0.0203861
183 0.0203945
184 0.0202202
185 0.0201474
186 0.0201298
187 0.0200277
188 0.0199507
189 0.0198727
190 0.0198649
191 0.019785
192 0.0196885
193 0.019643
194 0.0195617
195 0.0195196
196 0.0194372
197 0.0194279
198 0.0193094
199 0.0191879
200 0.0191265
201 0.0191584
202 0.0190694
203 0.0190173
204 0.0189307
205 0.0188646
206 0.0188008
207 0.0187539
208 0.01868
209 0.0186526
210 0.0185663
211 0.0185351
212 0.0184798
213 0.0184232
214 0.018352
215 0.0183191
216 0.0182333
217 0.018184
218 0.0181182
219 0.0180531
220 0.0180293
221 0.0180304
222 0.0178882
223 0.0178725
224 0.017833
225 0.0177371
226 0.0176997
227 0.0176619
228 0.017587
229 0.0175366
230 0.0174784
231 0.0174718
232 0.0173778
233 0.017372
234 0.0172906
235 0.0172558
236 0.0172239
237 0.0171773
238 0.0171327
239 0.0170427
240 0.0170222
241 0.0169522
242 0.016883
243 0.0168941
244 0.0168175
245 0.0167935
246 0.0167423
247 0.0167088
248 0.0166481
249 0.0165576
250 0.0165707
251 0.0165118
252 0.0164787
253 0.0164152
254 0.0163822
255 0.0163369
256 0.016306
257 0.016262
258 0.0161865
259 0.0162092
260 0.016138
261 0.0160861
262 0.0160724
263 0.016018
264 0.0159744
265 0.015909
266 0.0159057
267 0.0158189
268 0.0158079
269 0.0157504
270 0.0157042
271 0.0156711
272 0.0156451
273 0.0156101
274 0.0155774
275 0.0155235
276 0.0155121
277 0.0154381
278 0.0154478
279 0.0154041
280 0.0153384
281 0.0153241
282 0.0152819
283 0.0152301
284 0.015166
285 0.0151478
286 0.0151573
287 0.0151211
288 0.0150503
289 0.0150118
290 0.0150083
291 0.0149085
292 0.0148909
293 0.0149225
294 0.0148694
295 0.0148121
296 0.0147545
297 0.0147292
298 0.0147059
299 0.0146785
300 0.0146536
