1 0.5
2 0.49307
3 0.484236
4 0.480187
5 0.473616
6 0.470744
7 0.46889
8 0.466476
9 0.463397
10 0.46267
11 0.460761
12 0.458953
13 0.457657
14 0.456547
15 0.455686
16 0.454671
17 0.453558
18 0.453278
19 0.45283
20 0.451634
21 0.45096
22 0.45092
23 0.450064
24 0.449689
25 0.449202
26 0.449389
27 0.448672
28 0.448321
29 0.44826
30 0.44783
31 0.447424
32 0.44709
33 0.446363
34 0.446873
35 0.446162
36 0.446138
37 0.445773
38 0.445793
39 0.445431
40 0.444881
41 0.444529
42 0.444553
43 0.444473
44 0.443992
45 0.444423
46 0.443712
47 0.443454
48 0.443687
49 0.443857
50 0.443669
51 0.44303
52 0.442883
53 0.443319
54 0.442713
55 0.442732
56 0.442529
57 0.442909
58 0.442565
59 0.442183
60 0.442082
61 0.441743
62 0.441877
63 0.441778
64 0.441604
65 0.44162
66 0.441461
67 0.441355
68 0.441126
69 0.441264
70 0.441038
71 0.441168
72 0.441885
73 0.440666
74 0.440823
75 0.440863
76 0.440364
77 0.440667
78 0.44059
79 0.440763
80 0.440831
81 0.440174
82 0.440164
83 0.440319
84 0.440237
85 0.440243
86 0.440063
87 0.43998
88 0.439771
89 0.4401
90 0.439837
91 0.440122
92 0.439862
93 0.440089
94 0.439951
95 0.439656
96 0.439411
97 0.43972
98 0.439788
99 0.439741
100 0.439313
101 0.439317
102 0.439501
103 0.439034
104 0.439039
105 0.438728
106 0.43925
107 0.439218
108 0.439102
109 0.439129
110 0.438519
111 0.439005
112 0.439304
113 0.438951
114 0.438493
115 0.439006
116 0.43917
117 0.438772
118 0.439193
119 0.438607
120 0.438487
121 0.438279
122 0.438578
123 0.438054
124 0.438714
125 0.438407
126 0.438299
127 0.438629
128 0.438289
129 0.438515
130 0.438284
131 0.438101
132 0.438185
133 0.438419
134 0.43811
135 0.437984
136 0.437839
137 0.43781
138 0.438115
139 0.43803
140 0.437903
141 0.437569
142 0.437591
143 0.438263
144 0.437841
145 0.437852
146 0.437999
147 0.43784
148 0.438008
149 0.437791
150 0.437674
151 0.437473
152 0.437656
153 0.43782
154 0.437598
155 0.43751
156 0.43772
157 0.437383
158 0.437518
159 0.43747
160 0.437673
161 0.437567
162 0.437609
163 0.437688
164 0.437675
165 0.437195
166 0.437185
167 0.437649
168 0.437893
169 0.437081
170 0.437391
171 0.437055
172 0.437385
173 0.437335
174 0.437257
175 0.437229
176 0.437313
177 0.437255
178 0.437403
179 0.437555
180 0.437268
181 0.437385
182 0.436978
183 0.437257
184 0.436917
185 0.437144
186 0.436736
187 0.437174
188 0.43685
189 0.437362
190 0.436932
191 0.437339
192 0.436562
193 0.436911
194 0.43668
195 0.436958
196 0.4366
197 0.436877
198 0.437126
199 0.436835
200 0.43699
201 0.436915
202 0.437007
203 0.436545
204 0.436926
205 0.436784
206 0.436698
207 0.4369
208 0.43726
209 0.436614
210 0.43659
211 0.436955
212 0.43666
213 0.436874
214 0.436753
215 0.436888
216 0.436635
217 0.436354
218 0.436605
219 0.436425
220 0.43661
221 0.436575
222 0.436842
223 0.436845
224 0.436036
225 0.436511
226 0.43627
227 0.436432
228 0.436451
229 0.436519
230 0.436684
231 0.436246
232 0.436614
233 0.436532
234 0.436655
235 0.436165
236 0.436406
237 0.436534
238 0.436552
239 0.435978
240 0.436396
241 0.436241
242 0.436171
243 0.436232
244 0.436215
245 0.436098
246 0.436327
247 0.436226
248 0.436622
249 0.436636
250 0.435961
251 0.436254
252 0.436005
253 0.436023
254 0.436072
255 0.436611
256 0.436377
257 0.435578
258 0.436591
259 0.436333
260 0.43632
261 0.436194
262 0.435978
263 0.436405
264 0.435791
265 0.436026
266 0.436064
267 0.435867
268 0.436144
269 0.436108
270 0.436227
271 0.436271
272 0.436105
273 0.436145
274 0.43604
275 0.435758
276 0.43643
277 0.435915
278 0.43605
279 0.436147
280 0.435792
281 0.435885
282 0.435896
283 0.436232
284 0.436093
285 0.43576
286 0.435995
287 0.435676
288 0.435983
289 0.43591
290 0.435841
291 0.435896
292 0.436328
293 0.436106
294 0.435806
295 0.435857
296 0.435693
297 0.435728
298 0.435783
299 0.435987
300 0.435897
