1 0.499857
2 0.582963
3 0.624565
4 0.639358
5 0.660275
6 0.668526
7 0.673617
8 0.680003
9 0.687786
10 0.689572
11 0.694166
12 0.6984
13 0.701373
14 0.703876
15 0.705793
16 0.708027
17 0.710443
18 0.711045
19 0.712004
20 0.714539
21 0.715953
22 0.716036
23 0.717814
24 0.718588
25 0.719586
26 0.719204
27 0.720668
28 0.72138
29 0.721503
30 0.722371
31 0.723187
32 0.723856
33 0.725301
34 0.724288
35 0.725699
36 0.725747
37 0.726466
38 0.726427
39 0.727138
40 0.728213
41 0.728899
42 0.728853
43 0.729008
44 0.729938
45 0.729105
46 0.730478
47 0.730975
48 0.730526
49 0.730199
50 0.730561
51 0.731786
52 0.732068
53 0.731234
54 0.732391
55 0.732356
56 0.732742
57 0.732018
58 0.732674
59 0.733398
60 0.733589
61 0.73423
62 0.733978
63 0.734164
64 0.734492
65 0.734462
66 0.734762
67 0.73496
68 0.735391
69 0.735132
70 0.735556
71 0.735312
72 0.733963
73 0.73625
74 0.735957
75 0.735882
76 0.736812
77 0.736248
78 0.736392
79 0.736069
80 0.735942
81 0.737165
82 0.737185
83 0.736897
84 0.737049
85 0.737037
86 0.737372
87 0.737525
88 0.737912
89 0.737302
90 0.737791
91 0.737263
92 0.737744
93 0.737324
94 0.73758
95 0.738124
96 0.738576
97 0.738007
98 0.73788
99 0.737968
100 0.738757
101 0.73875
102 0.73841
103 0.73927
104 0.73926
105 0.739831
106 0.738873
107 0.738932
108 0.739144
109 0.739095
110 0.740212
111 0.739323
112 0.738773
113 0.739421
114 0.740259
115 0.739321
116 0.73902
117 0.73975
118 0.738977
119 0.740051
120 0.740271
121 0.740649
122 0.740105
123 0.741059
124 0.739855
125 0.740417
126 0.740613
127 0.740011
128 0.740631
129 0.740219
130 0.740641
131 0.740973
132 0.740821
133 0.740394
134 0.740958
135 0.741186
136 0.74145
137 0.741502
138 0.740949
139 0.741103
140 0.741334
141 0.741939
142 0.741899
143 0.740679
144 0.741446
145 0.741426
146 0.741159
147 0.741448
148 0.741142
149 0.741536
150 0.741749
151 0.742112
152 0.741781
153 0.741483
154 0.741886
155 0.742045
156 0.741665
157 0.742274
158 0.742031
159 0.742118
160 0.74175
161 0.741942
162 0.741866
163 0.741723
164 0.741747
165 0.742614
166 0.742632
167 0.741794
168 0.741351
169 0.742819
170 0.74226
171 0.742866
172 0.74227
173 0.742361
174 0.742502
175 0.742553
176 0.742401
177 0.742506
178 0.742239
179 0.741963
180 0.742482
181 0.742271
182 0.743005
183 0.742501
184 0.743113
185 0.742706
186 0.743439
187 0.742652
188 0.743234
189 0.742313
190 0.743087
191 0.742353
192 0.74375
193 0.743124
194 0.743539
195 0.743041
196 0.743682
197 0.743185
198 0.742738
199 0.743261
200 0.742982
201 0.743118
202 0.742952
203 0.743781
204 0.743098
205 0.743353
206 0.743507
207 0.743145
208 0.742497
209 0.743657
210 0.7437
211 0.743045
212 0.743575
213 0.743191
214 0.743409
215 0.743165
216 0.74362
217 0.744122
218 0.743674
219 0.743995
220 0.743665
221 0.743727
222 0.743249
223 0.743244
224 0.744691
225 0.743842
226 0.744273
227 0.743984
228 0.743949
229 0.743827
230 0.743532
231 0.744315
232 0.743657
233 0.743805
234 0.743585
235 0.744461
236 0.74403
237 0.7438
238 0.743769
239 0.744794
240 0.744047
241 0.744325
242 0.744449
243 0.744341
244 0.744371
245 0.744579
246 0.744171
247 0.744352
248 0.743643
249 0.743618
250 0.744824
251 0.744301
252 0.744745
253 0.744713
254 0.744626
255 0.743663
256 0.744082
257 0.745504
258 0.743699
259 0.744161
260 0.744183
261 0.744408
262 0.744794
263 0.744032
264 0.745126
265 0.744708
266 0.74464
267 0.744991
268 0.744497
269 0.744561
270 0.744349
271 0.744272
272 0.744567
273 0.744496
274 0.744683
275 0.745186
276 0.743986
277 0.744905
278 0.744666
279 0.744492
280 0.745124
281 0.744959
282 0.744939
283 0.74434
284 0.744588
285 0.745182
286 0.744763
287 0.745331
288 0.744784
289 0.744915
290 0.745037
291 0.744939
292 0.744169
293 0.744566
294 0.7451
295 0.745009
296 0.7453
297 0.745239
298 0.74514
299 0.744778
300 0.744937
