1 0.266433
2 0.203039
3 0.20142
4 0.137579
5 0.0963719
6 0.122036
7 0.0917804
8 0.071999
9 0.0795337
10 0.0728881
11 0.0580866
12 0.0597575
13 0.0519881
14 0.0508708
15 0.0497027
16 0.0432633
17 0.0409396
18 0.0433412
19 0.0412482
20 0.0363294
21 0.0356405
22 0.0352164
23 0.0330347
24 0.0329528
25 0.0316628
26 0.0304178
27 0.030028
28 0.0287849
29 0.0281655
30 0.027978
31 0.0267902
32 0.0259956
33 0.0253704
34 0.0249641
35 0.0244449
36 0.0237788
37 0.0234441
38 0.0229661
39 0.0226251
40 0.0220622
41 0.0215707
42 0.0213012
43 0.0210427
44 0.0204227
45 0.0202064
46 0.0199456
47 0.0195571
48 0.0193315
49 0.0192167
50 0.018742
51 0.0185004
52 0.0181902
53 0.0179515
54 0.017703
55 0.0174751
56 0.0172696
57 0.0170166
58 0.0168397
59 0.0166577
60 0.0164167
61 0.0162642
62 0.0159655
63 0.0158198
64 0.0156987
65 0.0155133
66 0.0152503
67 0.015105
68 0.0150474
69 0.0148166
70 0.0146859
71 0.0145491
72 0.0144257
73 0.0142142
74 0.014013
75 0.0138976
76 0.0137495
77 0.0136176
78 0.0134323
79 0.0132535
80 0.0132538
81 0.0130667
82 0.0129163
83 0.0128749
84 0.0127452
85 0.0126457
86 0.0125735
87 0.012444
88 0.012338
89 0.0121741
90 0.0120879
91 0.012041
92 0.011841
93 0.0118126
94 0.0116743
95 0.0115785
96 0.0115967
97 0.0114181
98 0.0113138
99 0.0112939
100 0.0111485
101 0.0111299
102 0.0110153
103 0.0110415
104 0.0108696
105 0.0107775
106 0.0107204
107 0.0106496
108 0.0105424
109 0.0104296
110 0.010389
111 0.0102966
112 0.0102736
113 0.0102015
114 0.0101306
115 0.0101109
116 0.00999929
117 0.00997765
118 0.00992961
119 0.00974372
120 0.00966967
121 0.00970187
122 0.00959989
123 0.0095977
124 0.00950916
125 0.00945691
126 0.00942791
127 0.00935718
128 0.00928384
129 0.00923598
130 0.00913348
131 0.00913404
132 0.00911365
133 0.0090417
134 0.00897887
135 0.00890847
136 0.0088776
137 0.00884357
138 0.00879979
139 0.00870891
140 0.00863142
141 0.0086112
142 0.00858536
143 0.00852171
144 0.0084595
145 0.00845448
146 0.00840105
147 0.0083649
148 0.00832065
149 0.00827803
150 0.00828058
151 0.00823318
152 0.00813794
153 0.00816833
154 0.00806431
155 0.00799771
156 0.00792214
157 0.00797907
158 0.00790404
159 0.00790476
160 0.00781436
161 0.00782864
162 0.00779612
163 0.00771423
164 0.00770294
165 0.00764084
166 0.00763123
167 0.00754982
168 0.00757602
169 0.00754624
170 0.00750729
171 0.00742382
172 0.00744899
173 0.00739073
174 0.0072885
175 0.00736373
176 0.00725793
177 0.00724657
178 0.0072837
179 0.00717693
180 0.00711221
181 0.00712183
182 0.00707306
183 0.00713193
184 0.00699982
185 0.00697881
186 0.00699242
187 0.00690687
188 0.00688848
189 0.00684659
190 0.00687451
191 0.0068469
192 0.0068009
193 0.00680595
194 0.00674362
195 0.00672765
196 0.00670469
197 0.0067399
198 0.00662427
199 0.00656906
200 0.00654868
201 0.00661381
202 0.00656534
203 0.00656529
204 0.00650593
205 0.00646407
206 0.00644888
207 0.00643432
208 0.00639628
209 0.00637781
210 0.00636587
211 0.00636522
212 0.00632791
213 0.00631316
214 0.00626612
215 0.00628651
216 0.00622107
217 0.00622377
218 0.006175
219 0.0061466
220 0.00615671
221 0.00618724
222 0.00605835
223 0.00610359
224 0.00606626
225 0.0060171
226 0.00601791
227 0.00599464
228 0.00596975
229 0.00595127
230 0.00592142
231 0.00593662
232 0.00586048
233 0.00589576
234 0.00584372
235 0.00585718
236 0.005841
237 0.00583003
238 0.00581842
239 0.00574415
240 0.00578026
241 0.00571371
242 0.00567687
243 0.00573735
244 0.00566286
245 0.00566121
246 0.0056384
247 0.00562019
248 0.0056059
249 0.00552349
250 0.00557902
251 0.00553187
252 0.00554431
253 0.00547922
254 0.00549652
255 0.00547467
256 0.00547688
257 0.0054521
258 0.00539496
259 0.00542306
260 0.00540493
261 0.00538456
262 0.00536238
263 0.00535274
264 0.00534368
265 0.00530487
266 0.00533258
267 0.00527272
268 0.00527675
269 0.00524158
270 0.00521029
271 0.0052032
272 0.00521111
273 0.00519926
274 0.00518834
275 0.00514226
276 0.0051588
277 0.00511622
278 0.00515842
279 0.0051136
280 0.00508392
281 0.00508835
282 0.0050695
283 0.00502582
284 0.00499753
285 0.00501227
286 0.00502975
287 0.00501818
288 0.0049667
289 0.00495296
290 0.00496915
291 0.0048874
292 0.00489705
293 0.00494691
294 0.00489787
295 0.00487483
296 0.00484311
297 0.00483982
298 0.0048637
299 0.0048338
300 0.00482781
