1 0.499857
2 0.541224
3 0.568971
4 0.586503
5 0.60112
6 0.612517
7 0.621441
8 0.62856
9 0.635363
10 0.640697
11 0.645473
12 0.650018
13 0.653791
14 0.657501
15 0.660529
16 0.663554
17 0.666315
18 0.66875
19 0.670774
20 0.673292
21 0.675004
22 0.676877
23 0.678551
24 0.680299
25 0.681898
26 0.683289
27 0.684639
28 0.685953
29 0.687284
30 0.688499
31 0.68952
32 0.690572
33 0.691774
34 0.692736
35 0.69343
36 0.694438
37 0.695321
38 0.696079
39 0.696984
40 0.697698
41 0.698588
42 0.699301
43 0.699873
44 0.700593
45 0.701235
46 0.701864
47 0.702428
48 0.703072
49 0.703408
50 0.704072
51 0.704739
52 0.705171
53 0.705539
54 0.706132
55 0.706642
56 0.70706
57 0.707414
58 0.708
59 0.708412
60 0.708783
61 0.709162
62 0.7096
63 0.710002
64 0.7103
65 0.710635
66 0.711103
67 0.711495
68 0.711792
69 0.712115
70 0.712474
71 0.712791
72 0.713029
73 0.713566
74 0.713784
75 0.71399
76 0.714365
77 0.714562
78 0.714856
79 0.71525
80 0.715431
81 0.715759
82 0.715973
83 0.716204
84 0.716435
85 0.716744
86 0.716889
87 0.717094
88 0.717352
89 0.71757
90 0.717864
91 0.717951
92 0.718377
93 0.718419
94 0.718781
95 0.718954
96 0.719042
97 0.719297
98 0.719557
99 0.719629
100 0.719995
101 0.720097
102 0.720373
103 0.720302
104 0.72064
105 0.720795
106 0.721029
107 0.721144
108 0.721335
109 0.721506
110 0.721703
111 0.72181
112 0.721931
113 0.722067
114 0.722302
115 0.722382
116 0.722557
117 0.722611
118 0.722819
119 0.723052
120 0.723204
121 0.723317
122 0.723434
123 0.723542
124 0.723644
125 0.723791
126 0.723894
127 0.724076
128 0.724221
129 0.724286
130 0.724496
131 0.72458
132 0.724634
133 0.724828
134 0.724972
135 0.725059
136 0.725188
137 0.725282
138 0.72542
139 0.725503
140 0.725645
141 0.725757
142 0.725837
143 0.725951
144 0.726069
145 0.726178
146 0.726256
147 0.726388
148 0.72653
149 0.726595
150 0.726692
151 0.726727
152 0.72688
153 0.726935
154 0.727023
155 0.727164
156 0.727274
157 0.727319
158 0.727423
159 0.727485
160 0.727624
161 0.727684
162 0.727783
163 0.727904
164 0.727984
165 0.728077
166 0.728149
167 0.728262
168 0.728304
169 0.728383
170 0.728513
171 0.728457
172 0.728558
173 0.728702
174 0.728797
175 0.728833
176 0.728968
177 0.72901
178 0.728993
179 0.729203
180 0.729283
181 0.729364
182 0.729411
183 0.729412
184 0.729566
185 0.729626
186 0.729625
187 0.729774
188 0.72983
189 0.72991
190 0.729931
191 0.729996
192 0.730118
193 0.730142
194 0.730222
195 0.730208
196 0.730337
197 0.730342
198 0.730443
199 0.730647
200 0.730691
201 0.730628
202 0.730733
203 0.730796
204 0.730866
205 0.730987
206 0.731013
207 0.731044
208 0.731136
209 0.731174
210 0.731249
211 0.731229
212 0.731336
213 0.731376
214 0.731469
215 0.731466
216 0.731556
217 0.731627
218 0.731694
219 0.731756
220 0.731752
221 0.731734
222 0.731917
223 0.731956
224 0.731965
225 0.732061
226 0.732085
227 0.732106
228 0.732258
229 0.732306
230 0.732297
231 0.732305
232 0.732435
233 0.732434
234 0.732488
235 0.732538
236 0.73261
237 0.732644
238 0.732671
239 0.732777
240 0.732775
241 0.732919
242 0.732936
243 0.732945
244 0.732998
245 0.733013
246 0.733057
247 0.733075
248 0.733154
249 0.733252
250 0.733231
251 0.733272
252 0.733332
253 0.733414
254 0.733453
255 0.733536
256 0.733492
257 0.733489
258 0.733607
259 0.733585
260 0.733648
261 0.733688
262 0.733689
263 0.733782
264 0.73381
265 0.733912
266 0.733895
267 0.733962
268 0.733991
269 0.734045
270 0.734076
271 0.734146
272 0.734158
273 0.734162
274 0.734219
275 0.734304
276 0.734324
277 0.734371
278 0.73434
279 0.734387
280 0.734467
281 0.734456
282 0.734528
283 0.734588
284 0.734625
285 0.734656
286 0.734675
287 0.734684
288 0.734762
289 0.734785
290 0.734781
291 0.734862
292 0.734884
293 0.734904
294 0.73496
295 0.734971
296 0.735049
297 0.735048
298 0.735071
299 0.735108
300 0.735154
