1 0.066885
2 0.066164
3 0.066294
4 0.066578
5 0.090308
6 0.096091
7 0.100304
8 0.105727
9 0.110167
10 0.113773
11 0.11949
12 0.122558
13 0.124021
14 0.129304
15 0.132906
16 0.136847
17 0.140859
18 0.145396
19 0.15056
20 0.154432
21 0.157946
22 0.162091
23 0.165611
24 0.170028
25 0.172824
26 0.176684
27 0.180054
28 0.18353
29 0.185799
30 0.18889
31 0.191736
32 0.195356
33 0.197814
34 0.200934
35 0.203475
36 0.205897
37 0.209203
38 0.212197
39 0.215009
40 0.217825
41 0.220487
42 0.222614
43 0.226229
44 0.228741
45 0.231575
46 0.233839
47 0.2362
48 0.238989
49 0.241485
50 0.244221
51 0.247165
52 0.248844
53 0.25167
54 0.254298
55 0.257967
56 0.259505
57 0.262637
58 0.264799
59 0.267355
60 0.270013
61 0.272191
62 0.275129
63 0.277412
64 0.279379
65 0.281143
66 0.28459
67 0.286974
68 0.288877
69 0.292188
70 0.293654
71 0.296725
72 0.298907
73 0.301166
74 0.304696
75 0.306008
76 0.308687
77 0.310594
78 0.313334
79 0.315176
80 0.316523
81 0.319108
82 0.32167
83 0.323542
84 0.325122
85 0.326775
86 0.330286
87 0.331125
88 0.333522
89 0.335667
90 0.336461
91 0.338999
92 0.340692
93 0.341991
94 0.344334
95 0.345933
96 0.348449
97 0.348796
98 0.350308
99 0.351717
100 0.354027
101 0.355377
102 0.35677
103 0.358511
104 0.360644
105 0.361806
106 0.363118
107 0.364531
108 0.365905
109 0.367695
110 0.368038
111 0.370979
112 0.370996
113 0.372462
114 0.373359
115 0.375068
116 0.377019
117 0.377534
118 0.378514
119 0.380337
120 0.381617
121 0.382767
122 0.384376
123 0.384001
124 0.385784
125 0.386864
126 0.388862
127 0.389386
128 0.39069
129 0.391429
130 0.392903
131 0.393426
132 0.394566
133 0.395674
134 0.396355
135 0.397476
136 0.398235
137 0.401087
138 0.400589
139 0.401479
140 0.401984
141 0.402884
142 0.403236
143 0.403943
144 0.405546
145 0.405413
146 0.406485
147 0.40717
148 0.410022
149 0.409678
150 0.409151
151 0.411057
152 0.412217
153 0.412832
154 0.413844
155 0.413786
156 0.414424
157 0.41628
158 0.415967
159 0.416792
160 0.418234
161 0.417735
162 0.41861
163 0.419428
164 0.41886
165 0.419386
166 0.421904
167 0.421884
168 0.421738
169 0.422475
170 0.42368
171 0.423789
172 0.424914
173 0.425206
174 0.425476
175 0.426435
176 0.426574
177 0.427122
178 0.428546
179 0.429227
180 0.429243
181 0.429774
182 0.430183
183 0.4311
184 0.430844
185 0.432202
186 0.43208
187 0.432249
188 0.432849
189 0.434344
190 0.434297
191 0.435123
192 0.435081
193 0.435323
194 0.436048
195 0.435346
196 0.43725
197 0.436798
198 0.437737
199 0.439034
200 0.439672
201 0.439122
202 0.439996
203 0.439938
204 0.441182
205 0.440781
206 0.442747
207 0.442364
208 0.442396
209 0.443528
210 0.443824
211 0.444064
212 0.444233
213 0.445062
214 0.445804
215 0.446168
216 0.446586
217 0.447464
218 0.447151
219 0.44779
220 0.447668
221 0.448432
222 0.448822
223 0.450715
224 0.450138
225 0.450761
226 0.450275
227 0.450859
228 0.452788
229 0.452385
230 0.453366
231 0.453122
232 0.453796
233 0.453517
234 0.453922
235 0.454465
236 0.455027
237 0.455721
238 0.456147
239 0.456025
240 0.457408
241 0.457172
242 0.457511
243 0.456967
244 0.458991
245 0.458654
246 0.458998
247 0.459329
248 0.459918
249 0.46057
250 0.460239
251 0.461175
252 0.462351
253 0.462165
254 0.462336
255 0.463116
256 0.463488
257 0.464467
258 0.463953
259 0.465099
260 0.463891
261 0.465012
262 0.46598
263 0.466002
264 0.467082
265 0.467614
266 0.466881
267 0.467631
268 0.467839
269 0.468065
270 0.468142
271 0.468555
272 0.469185
273 0.470588
274 0.469885
275 0.470692
276 0.470738
277 0.4713
278 0.47236
279 0.471968
280 0.471975
281 0.471932
282 0.47286
283 0.473121
284 0.474125
285 0.473802
286 0.474976
287 0.475656
288 0.475096
289 0.476228
290 0.476859
291 0.475466
292 0.475989
293 0.477659
294 0.47629
295 0.478173
296 0.478395
297 0.478854
298 0.478174
299 0.478746
300 0.479676
