1 0.5
2 0.353393
3 0.294875
4 0.258431
5 0.232501
6 0.215662
7 0.20341
8 0.19423
9 0.181779
10 0.174786
11 0.169398
12 0.164309
13 0.158045
14 0.153882
15 0.150028
16 0.146284
17 0.142155
18 0.13895
19 0.135992
20 0.133004
21 0.130228
22 0.127789
23 0.125461
24 0.123133
25 0.121126
26 0.119256
27 0.117566
28 0.115836
29 0.114315
30 0.112904
31 0.11155
32 0.110305
33 0.109035
34 0.107947
35 0.106806
36 0.105839
37 0.10471
38 0.103828
39 0.102765
40 0.101701
41 0.100905
42 0.100059
43 0.0992419
44 0.0983647
45 0.097619
46 0.0967353
47 0.0959298
48 0.0952383
49 0.0945963
50 0.0938447
51 0.0933014
52 0.0925086
53 0.0919894
54 0.0914874
55 0.0908184
56 0.0903388
57 0.0897356
58 0.089142
59 0.0886754
60 0.0883482
61 0.0878953
62 0.0874068
63 0.0869719
64 0.0865769
65 0.0861601
66 0.0858413
67 0.0854323
68 0.0851283
69 0.0847697
70 0.0843905
71 0.0841502
72 0.083844
73 0.0834669
74 0.0832663
75 0.0829544
76 0.0826864
77 0.0824237
78 0.0821106
79 0.0819723
80 0.0817451
81 0.0816569
82 0.0812972
83 0.0810415
84 0.0809068
85 0.0807573
86 0.0805867
87 0.080492
88 0.080134
89 0.0799727
90 0.0799763
91 0.0797617
92 0.0794824
93 0.0795745
94 0.0792364
95 0.0790694
96 0.0790091
97 0.0789462
98 0.0787719
99 0.0786024
100 0.0785972
101 0.0784948
102 0.0783435
103 0.0782809
104 0.0782296
105 0.0781035
106 0.0779996
107 0.0780052
108 0.0778857
109 0.0779114
110 0.0777204
111 0.0776318
112 0.0775711
113 0.0774332
114 0.0775116
115 0.0774309
116 0.0773199
117 0.0772495
118 0.0772654
119 0.0771994
120 0.0770827
121 0.0771034
122 0.0770449
123 0.0768843
124 0.0770099
125 0.0768795
126 0.0768582
127 0.0767381
128 0.0767409
129 0.0767051
130 0.0766607
131 0.0765449
132 0.0764771
133 0.0765515
134 0.0765693
135 0.0764759
136 0.0764148
137 0.0764655
138 0.076408
139 0.0764636
140 0.0764519
141 0.0763037
142 0.0762433
143 0.0762522
144 0.0763273
145 0.0761522
146 0.0761872
147 0.0760901
148 0.0761379
149 0.0760336
150 0.0760976
151 0.0760115
152 0.075984
153 0.0759758
154 0.0759219
155 0.075879
156 0.0757704
157 0.0758805
158 0.075808
159 0.0757966
160 0.0757771
161 0.0757329
162 0.0757198
163 0.0756533
164 0.075636
165 0.0755812
166 0.0755594
167 0.0755547
168 0.0755329
169 0.075612
170 0.0754127
171 0.0754703
172 0.075432
173 0.0755055
174 0.0753474
175 0.0754205
176 0.0754159
177 0.0753953
178 0.0753231
179 0.0752867
180 0.0753251
181 0.0753728
182 0.0752398
183 0.075253
184 0.0752413
185 0.0751373
186 0.0751658
187 0.0751269
188 0.0752655
189 0.0751309
190 0.075183
191 0.0751213
192 0.0751063
193 0.075135
194 0.075181
195 0.0751328
196 0.0751347
197 0.0750527
198 0.0750256
199 0.0750705
200 0.0750056
201 0.074995
202 0.0750322
203 0.075064
204 0.0750897
205 0.075086
206 0.074964
207 0.0749047
208 0.0749334
209 0.0750386
210 0.0749521
211 0.0749563
212 0.07487
213 0.0749216
214 0.0748624
215 0.0749623
216 0.0749956
217 0.0749615
218 0.0749569
219 0.0749009
220 0.0748931
221 0.0748324
222 0.0748321
223 0.0748855
224 0.0749397
225 0.0749144
226 0.0747574
227 0.074843
228 0.0748587
229 0.0748447
230 0.0747873
231 0.0747491
232 0.0747227
233 0.0747379
234 0.074782
235 0.0747528
236 0.0747699
237 0.0747209
238 0.0746611
239 0.074694
240 0.0746116
241 0.0747074
242 0.074701
243 0.074634
244 0.0745914
245 0.0747186
246 0.0746254
247 0.0746503
248 0.0746242
249 0.0745591
250 0.0745779
251 0.074558
252 0.074491
253 0.0744909
254 0.0744612
255 0.0745284
256 0.0745021
257 0.0744446
258 0.0744144
259 0.0743888
260 0.0744237
261 0.0744711
262 0.0743515
263 0.0743125
264 0.0743825
265 0.074282
266 0.0743717
267 0.0743941
268 0.0743058
269 0.0743486
270 0.0741971
271 0.0743043
272 0.0742858
273 0.0742652
274 0.0742167
275 0.0741736
276 0.0742269
277 0.0742637
278 0.0741891
279 0.0741685
280 0.0741958
281 0.0741879
282 0.0741556
283 0.0741346
284 0.0740471
285 0.0741543
286 0.0740625
287 0.0740647
288 0.0741583
289 0.0740918
290 0.0740656
291 0.0740501
292 0.0740952
293 0.0740268
294 0.0740828
295 0.0739696
296 0.0740519
297 0.0739906
298 0.0739372
299 0.074041
300 0.0739929
