1 0.066885
2 0.066436
3 0.0663887
4 0.066436
5 0.0712104
6 0.0754163
7 0.0789959
8 0.0825429
9 0.0837709
10 0.0857874
11 0.0893452
12 0.0921347
13 0.0929458
14 0.0949424
15 0.0968898
16 0.0989091
17 0.0996692
18 0.101578
19 0.104017
20 0.10542
21 0.106801
22 0.108747
23 0.110371
24 0.112339
25 0.113555
26 0.115432
27 0.117149
28 0.119069
29 0.120193
30 0.12162
31 0.122953
32 0.124715
33 0.125865
34 0.127321
35 0.128417
36 0.12962
37 0.130922
38 0.13214
39 0.133365
40 0.13468
41 0.135745
42 0.136736
43 0.138251
44 0.139384
45 0.140529
46 0.141559
47 0.1426
48 0.14388
49 0.145004
50 0.146041
51 0.147216
52 0.148115
53 0.149316
54 0.150436
55 0.15194
56 0.152967
57 0.154139
58 0.155151
59 0.156412
60 0.157625
61 0.158718
62 0.160037
63 0.161171
64 0.162476
65 0.163434
66 0.165018
67 0.166353
68 0.167286
69 0.168992
70 0.169945
71 0.171626
72 0.172844
73 0.174301
74 0.175935
75 0.177028
76 0.178509
77 0.179659
78 0.181246
79 0.182633
80 0.183497
81 0.185022
82 0.186564
83 0.187928
84 0.188936
85 0.190114
86 0.192091
87 0.193127
88 0.19444
89 0.196002
90 0.196762
91 0.198308
92 0.199673
93 0.200622
94 0.202288
95 0.20344
96 0.205215
97 0.205698
98 0.20715
99 0.208242
100 0.209761
101 0.211131
102 0.21207
103 0.213571
104 0.214932
105 0.215797
106 0.217254
107 0.218488
108 0.219503
109 0.220755
110 0.22157
111 0.223549
112 0.224105
113 0.225354
114 0.226528
115 0.227497
116 0.228874
117 0.229942
118 0.231027
119 0.232272
120 0.233355
121 0.234553
122 0.235829
123 0.23651
124 0.237738
125 0.238762
126 0.24002
127 0.241021
128 0.242284
129 0.243003
130 0.244524
131 0.245099
132 0.246391
133 0.247377
134 0.248198
135 0.249311
136 0.250293
137 0.252119
138 0.252505
139 0.253486
140 0.254258
141 0.2551
142 0.255779
143 0.256702
144 0.258056
145 0.258416
146 0.259618
147 0.260381
148 0.26241
149 0.262437
150 0.263087
151 0.264181
152 0.265218
153 0.266122
154 0.266973
155 0.267457
156 0.268206
157 0.269458
158 0.269848
159 0.270771
160 0.271959
161 0.272189
162 0.272841
163 0.273687
164 0.273646
165 0.274453
166 0.276125
167 0.276467
168 0.276753
169 0.277663
170 0.278398
171 0.279035
172 0.280039
173 0.280589
174 0.281246
175 0.282047
176 0.282474
177 0.28295
178 0.284356
179 0.285022
180 0.285437
181 0.286155
182 0.286691
183 0.287569
184 0.287903
185 0.289017
186 0.289162
187 0.289666
188 0.290022
189 0.291477
190 0.291884
191 0.29238
192 0.29288
193 0.293351
194 0.294157
195 0.293989
196 0.295395
197 0.295402
198 0.29602
199 0.29743
200 0.298053
201 0.298055
202 0.298674
203 0.298843
204 0.299794
205 0.299887
206 0.301442
207 0.301702
208 0.301755
209 0.302616
210 0.303309
211 0.303594
212 0.303828
213 0.304587
214 0.305275
215 0.305721
216 0.306204
217 0.307227
218 0.307204
219 0.307725
220 0.308034
221 0.30884
222 0.309141
223 0.310367
224 0.310463
225 0.311083
226 0.31091
227 0.311578
228 0.312979
229 0.312972
230 0.313615
231 0.313817
232 0.314338
233 0.314228
234 0.314878
235 0.315379
236 0.316152
237 0.316369
238 0.317168
239 0.317288
240 0.318065
241 0.318093
242 0.318672
243 0.318316
244 0.319799
245 0.319569
246 0.319846
247 0.320397
248 0.32086
249 0.321462
250 0.321456
251 0.322268
252 0.323106
253 0.323145
254 0.323604
255 0.324091
256 0.324657
257 0.325103
258 0.324995
259 0.325838
260 0.325383
261 0.326023
262 0.326955
263 0.326847
264 0.327838
265 0.328395
266 0.32783
267 0.328632
268 0.32874
269 0.329202
270 0.329576
271 0.329737
272 0.330114
273 0.331067
274 0.331045
275 0.331693
276 0.331681
277 0.332139
278 0.333144
279 0.333083
280 0.333176
281 0.333234
282 0.333914
283 0.334217
284 0.334922
285 0.33485
286 0.335711
287 0.336441
288 0.336218
289 0.33701
290 0.33741
291 0.336565
292 0.337235
293 0.338396
294 0.337482
295 0.338758
296 0.339255
297 0.339374
298 0.339161
299 0.339871
300 0.340479
