1 0.220004
2 0.220124
3 0.220156
4 0.220124
5 0.215222
6 0.210903
7 0.207369
8 0.204179
9 0.203033
10 0.200911
11 0.198065
12 0.195703
13 0.194534
14 0.192911
15 0.191355
16 0.189879
17 0.18941
18 0.188065
19 0.186375
20 0.185201
21 0.184183
22 0.182931
23 0.181601
24 0.180385
25 0.179395
26 0.178304
27 0.177158
28 0.175922
29 0.17499
30 0.174079
31 0.173199
32 0.172165
33 0.171349
34 0.170434
35 0.169655
36 0.168887
37 0.168081
38 0.167397
39 0.166633
40 0.165915
41 0.165188
42 0.164518
43 0.163811
44 0.163181
45 0.162608
46 0.162014
47 0.1613
48 0.160658
49 0.16006
50 0.159541
51 0.158977
52 0.158384
53 0.1578
54 0.157284
55 0.156676
56 0.156118
57 0.155471
58 0.154987
59 0.15443
60 0.153907
61 0.153278
62 0.152756
63 0.152186
64 0.151611
65 0.151086
66 0.150453
67 0.149843
68 0.149349
69 0.148715
70 0.148182
71 0.147633
72 0.147057
73 0.146454
74 0.145878
75 0.145343
76 0.14466
77 0.144125
78 0.143573
79 0.142984
80 0.142496
81 0.141957
82 0.141316
83 0.140749
84 0.140203
85 0.139778
86 0.139118
87 0.138579
88 0.138048
89 0.137493
90 0.137033
91 0.136527
92 0.13591
93 0.135503
94 0.134891
95 0.13438
96 0.133735
97 0.133407
98 0.132865
99 0.132346
100 0.131886
101 0.131385
102 0.130835
103 0.130441
104 0.129868
105 0.129509
106 0.128941
107 0.128476
108 0.128063
109 0.127578
110 0.127123
111 0.126564
112 0.126236
113 0.125704
114 0.125356
115 0.124943
116 0.1244
117 0.123968
118 0.12355
119 0.123084
120 0.122623
121 0.122248
122 0.121764
123 0.121383
124 0.120984
125 0.120664
126 0.120224
127 0.119756
128 0.119293
129 0.11894
130 0.118481
131 0.118156
132 0.117705
133 0.117335
134 0.117061
135 0.116643
136 0.116252
137 0.115766
138 0.115489
139 0.115169
140 0.114787
141 0.11444
142 0.114066
143 0.113779
144 0.113452
145 0.113043
146 0.112693
147 0.112366
148 0.111932
149 0.111702
150 0.111421
151 0.111106
152 0.110724
153 0.110369
154 0.110113
155 0.109798
156 0.109548
157 0.109191
158 0.108947
159 0.108663
160 0.108311
161 0.108096
162 0.107836
163 0.107527
164 0.10733
165 0.10706
166 0.106691
167 0.106482
168 0.106244
169 0.105961
170 0.105676
171 0.105453
172 0.105138
173 0.104951
174 0.104633
175 0.104369
176 0.104186
177 0.10404
178 0.103634
179 0.103398
180 0.103187
181 0.10296
182 0.102733
183 0.10246
184 0.102214
185 0.101959
186 0.101788
187 0.101612
188 0.101445
189 0.101069
190 0.100842
191 0.100695
192 0.100464
193 0.100265
194 0.100085
195 0.0999571
196 0.0996224
197 0.0995218
198 0.0993055
199 0.0990645
200 0.0987896
201 0.0985927
202 0.0984784
203 0.0982928
204 0.0980394
205 0.0979481
206 0.097622
207 0.0974259
208 0.0973063
209 0.0971733
210 0.0968577
211 0.0967643
212 0.0965656
213 0.0964221
214 0.0961585
215 0.0959905
216 0.0958968
217 0.0956186
218 0.0955327
219 0.095296
220 0.0951702
221 0.0949248
222 0.0947833
223 0.0946208
224 0.0945
225 0.0942523
226 0.0941116
227 0.0939722
228 0.0937418
229 0.0936273
230 0.0934653
231 0.0933031
232 0.0931358
233 0.0930515
234 0.09287
235 0.092771
236 0.0925662
237 0.0924383
238 0.0921893
239 0.0921211
240 0.0919263
241 0.0918242
242 0.0917014
243 0.0915761
244 0.0913701
245 0.0912892
246 0.0911843
247 0.0910468
248 0.0908662
249 0.0906962
250 0.0905904
251 0.0904659
252 0.0902414
253 0.0901699
254 0.0900213
255 0.0899256
256 0.0897574
257 0.0896622
258 0.0895708
259 0.0893796
260 0.0893664
261 0.08926
262 0.088991
263 0.0889583
264 0.0887557
265 0.0886061
266 0.0886339
267 0.0884013
268 0.0883805
269 0.0882123
270 0.0880895
271 0.0880523
272 0.0878785
273 0.0877601
274 0.08765
275 0.0874213
276 0.0873563
277 0.0872464
278 0.0870765
279 0.0870208
280 0.0869778
281 0.0868745
282 0.0867409
283 0.0866268
284 0.086454
285 0.0864146
286 0.0862361
287 0.0861098
288 0.0861031
289 0.0858758
290 0.0858402
291 0.0857793
292 0.0856217
293 0.0854535
294 0.0854731
295 0.085295
296 0.0851674
297 0.0850798
298 0.085055
299 0.0848646
300 0.0847918
