1 0.220004
2 0.220473
3 0.220219
4 0.220029
5 0.195612
6 0.189109
7 0.186251
8 0.18171
9 0.177653
10 0.174868
11 0.170902
12 0.168405
13 0.166772
14 0.163158
15 0.160849
16 0.158339
17 0.155989
18 0.153112
19 0.15014
20 0.147644
21 0.145431
22 0.143265
23 0.140924
24 0.138636
25 0.136801
26 0.135012
27 0.133317
28 0.13141
29 0.130062
30 0.128555
31 0.127174
32 0.125539
33 0.124309
34 0.122832
35 0.121537
36 0.120246
37 0.118856
38 0.11765
39 0.116431
40 0.115141
41 0.11413
42 0.112966
43 0.111637
44 0.110621
45 0.109645
46 0.108732
47 0.107528
48 0.106449
49 0.105462
50 0.104545
51 0.103634
52 0.102708
53 0.101675
54 0.100826
55 0.0996995
56 0.0988938
57 0.0978344
58 0.0970427
59 0.0962037
60 0.0953854
61 0.0944141
62 0.0936071
63 0.0927926
64 0.0920621
65 0.0913049
66 0.0902911
67 0.0894548
68 0.0887979
69 0.087836
70 0.0872972
71 0.0864677
72 0.0857163
73 0.0849801
74 0.0841927
75 0.0835796
76 0.0827573
77 0.0820675
78 0.0813855
79 0.0807016
80 0.080223
81 0.0795293
82 0.0788047
83 0.0782073
84 0.0775776
85 0.0772317
86 0.0764082
87 0.0759802
88 0.0753721
89 0.0747608
90 0.0744024
91 0.0738866
92 0.0732832
93 0.0728313
94 0.072246
95 0.0717553
96 0.0710806
97 0.0709087
98 0.0705303
99 0.0700147
100 0.069579
101 0.0691392
102 0.0686734
103 0.0683762
104 0.0677973
105 0.0675242
106 0.0670755
107 0.0666915
108 0.0663231
109 0.0659387
110 0.065629
111 0.0651315
112 0.0649471
113 0.0644728
114 0.0642948
115 0.0639183
116 0.0633967
117 0.0632224
118 0.0629741
119 0.0625474
120 0.0621269
121 0.0619685
122 0.061537
123 0.0614437
124 0.0611357
125 0.0608723
126 0.0604374
127 0.0602202
128 0.0598914
129 0.0596613
130 0.0593033
131 0.0591716
132 0.0588395
133 0.058647
134 0.058509
135 0.0582394
136 0.0580205
137 0.0576257
138 0.0574928
139 0.0574017
140 0.0570487
141 0.0569769
142 0.0566651
143 0.056553
144 0.0564191
145 0.0560937
146 0.0558874
147 0.0557475
148 0.0553499
149 0.0553049
150 0.0552767
151 0.0550052
152 0.0546949
153 0.0545297
154 0.0543591
155 0.054206
156 0.0541242
157 0.0538264
158 0.0537893
159 0.0536614
160 0.0533573
161 0.0533135
162 0.0531186
163 0.052974
164 0.0528808
165 0.0528341
166 0.0524062
167 0.052394
168 0.0523391
169 0.0521761
170 0.0519941
171 0.0519537
172 0.0517169
173 0.0516593
174 0.0514745
175 0.0512913
176 0.0513214
177 0.051235
178 0.0509532
179 0.0508292
180 0.0507735
181 0.0506724
182 0.0505443
183 0.0503861
184 0.0502861
185 0.0501608
186 0.050072
187 0.0500116
188 0.0499253
189 0.049685
190 0.0496007
191 0.0495143
192 0.0494141
193 0.0493212
194 0.0493465
195 0.0493126
196 0.0490261
197 0.0490493
198 0.0489042
199 0.0488158
200 0.0485798
201 0.0485332
202 0.0484771
203 0.0483633
204 0.0482399
205 0.0482619
206 0.0480035
207 0.0479333
208 0.0479252
209 0.047839
210 0.0476209
211 0.047647
212 0.0475708
213 0.0474743
214 0.0472527
215 0.047177
216 0.0472033
217 0.0470168
218 0.0470175
219 0.0468655
220 0.0468609
221 0.0466961
222 0.0466058
223 0.0465298
224 0.0465154
225 0.0463517
226 0.0462553
227 0.046227
228 0.0460569
229 0.0460452
230 0.0459311
231 0.0458221
232 0.0457563
233 0.0457168
234 0.0456104
235 0.0456234
236 0.045484
237 0.0454173
238 0.0452481
239 0.0452453
240 0.0450875
241 0.0450801
242 0.045002
243 0.0449787
244 0.0447977
245 0.0447953
246 0.04473
247 0.0447098
248 0.0445609
249 0.0444126
250 0.0443932
251 0.0443367
252 0.0441423
253 0.0441932
254 0.0440655
255 0.0439901
256 0.0439101
257 0.0438446
258 0.0438184
259 0.0436809
260 0.0437568
261 0.0436859
262 0.0434909
263 0.0435243
264 0.0433291
265 0.0432225
266 0.0433377
267 0.0431642
268 0.0431488
269 0.0431041
270 0.0430606
271 0.04301
272 0.0429133
273 0.0427474
274 0.0428151
275 0.0425751
276 0.0425641
277 0.0424768
278 0.0424033
279 0.0423667
280 0.042447
281 0.0423358
282 0.0422622
283 0.0422246
284 0.0420699
285 0.0421285
286 0.041931
287 0.041847
288 0.0419303
289 0.0417316
290 0.0417235
291 0.0417172
292 0.0416299
293 0.0414605
294 0.0415676
295 0.041387
296 0.0413477
297 0.0412521
298 0.0412767
299 0.041169
300 0.0411246
