1 0.499784
2 0.500111
3 0.499891
4 0.500706
5 0.524434
6 0.531023
7 0.534426
8 0.538021
9 0.542556
10 0.544313
11 0.549409
12 0.55288
13 0.553524
14 0.556958
15 0.559412
16 0.561744
17 0.56461
18 0.566812
19 0.570395
20 0.572696
21 0.574209
22 0.576747
23 0.578471
24 0.580925
25 0.582943
26 0.584814
27 0.586052
28 0.588383
29 0.589951
30 0.591689
31 0.592482
32 0.593746
33 0.596121
34 0.597322
35 0.598974
36 0.600202
37 0.600654
38 0.60263
39 0.60317
40 0.605271
41 0.605748
42 0.607335
43 0.608345
44 0.60986
45 0.610755
46 0.610797
47 0.612108
48 0.613612
49 0.615851
50 0.616218
51 0.616163
52 0.61812
53 0.618953
54 0.619474
55 0.619527
56 0.620822
57 0.622857
58 0.623949
59 0.623485
60 0.626063
61 0.625942
62 0.62643
63 0.627679
64 0.629169
65 0.629193
66 0.630522
67 0.630194
68 0.631635
69 0.63316
70 0.632378
71 0.632932
72 0.63393
73 0.635356
74 0.636233
75 0.63595
76 0.637351
77 0.637593
78 0.638663
79 0.639163
80 0.639707
81 0.639901
82 0.641786
83 0.640953
84 0.641588
85 0.642699
86 0.643731
87 0.643917
88 0.645148
89 0.645464
90 0.645716
91 0.646452
92 0.646453
93 0.647025
94 0.647132
95 0.649031
96 0.648801
97 0.648983
98 0.649302
99 0.650763
100 0.650477
101 0.650833
102 0.650954
103 0.652128
104 0.652602
105 0.653454
106 0.653787
107 0.652877
108 0.654092
109 0.654152
110 0.654537
111 0.654621
112 0.654139
113 0.656072
114 0.655489
115 0.65567
116 0.656316
117 0.65648
118 0.656682
119 0.657106
120 0.658305
121 0.657769
122 0.65886
123 0.659219
124 0.658336
125 0.659343
126 0.660126
127 0.659907
128 0.660111
129 0.660311
130 0.661646
131 0.660925
132 0.660413
133 0.662208
134 0.662368
135 0.662963
136 0.662738
137 0.66233
138 0.662842
139 0.662712
140 0.662758
141 0.663872
142 0.663727
143 0.6634
144 0.664275
145 0.664055
146 0.663715
147 0.664404
148 0.664593
149 0.663972
150 0.665005
151 0.664517
152 0.664512
153 0.664334
154 0.665502
155 0.665612
156 0.666746
157 0.666265
158 0.665978
159 0.666587
160 0.66698
161 0.666841
162 0.666163
163 0.667473
164 0.666763
165 0.666641
166 0.667508
167 0.667651
168 0.668918
169 0.668136
170 0.668077
171 0.667669
172 0.667645
173 0.6681
174 0.668355
175 0.668778
176 0.669185
177 0.669126
178 0.669353
179 0.669436
180 0.669106
181 0.670193
182 0.669141
183 0.669354
184 0.669529
185 0.67012
186 0.668886
187 0.669904
188 0.670176
189 0.670298
190 0.670636
191 0.669869
192 0.671284
193 0.671647
194 0.670498
195 0.670637
196 0.670747
197 0.670364
198 0.671645
199 0.672043
200 0.670759
201 0.671503
202 0.671724
203 0.671345
204 0.671609
205 0.671195
206 0.672406
207 0.673057
208 0.672585
209 0.672003
210 0.672659
211 0.672738
212 0.673017
213 0.673013
214 0.673264
215 0.672393
216 0.673336
217 0.673376
218 0.672987
219 0.672653
220 0.673116
221 0.672861
222 0.673508
223 0.672783
224 0.673177
225 0.673391
226 0.674675
227 0.673187
228 0.674236
229 0.674017
230 0.673892
231 0.673796
232 0.673665
233 0.673784
234 0.674451
235 0.67444
236 0.674313
237 0.674798
238 0.67488
239 0.674701
240 0.674959
241 0.675606
242 0.675068
243 0.675495
244 0.675903
245 0.675413
246 0.674571
247 0.676061
248 0.675074
249 0.675609
250 0.675722
251 0.675704
252 0.675688
253 0.675741
254 0.675341
255 0.676229
256 0.676572
257 0.676442
258 0.676109
259 0.675875
260 0.676843
261 0.675124
262 0.676004
263 0.676005
264 0.676367
265 0.676545
266 0.676925
267 0.677217
268 0.677112
269 0.677087
270 0.67746
271 0.677678
272 0.677225
273 0.67727
274 0.677271
275 0.677407
276 0.67638
277 0.677433
278 0.677318
279 0.67807
280 0.677607
281 0.676824
282 0.677491
283 0.67724
284 0.6784
285 0.678204
286 0.678473
287 0.678622
288 0.677766
289 0.677563
290 0.678111
291 0.678151
292 0.677982
293 0.678741
294 0.678318
295 0.678877
296 0.678687
297 0.678283
298 0.678603
299 0.679211
300 0.678886
