1 0.499784
2 0.500409
3 0.500115
4 0.500264
5 0.504949
6 0.509024
7 0.512616
8 0.515764
9 0.517107
10 0.519159
11 0.52195
12 0.524464
13 0.525494
14 0.527259
15 0.528645
16 0.530267
17 0.530675
18 0.532034
19 0.533722
20 0.534908
21 0.535978
22 0.537168
23 0.538355
24 0.539757
25 0.540603
26 0.541784
27 0.542986
28 0.544179
29 0.545087
30 0.545971
31 0.546946
32 0.54788
33 0.548686
34 0.549609
35 0.550407
36 0.551148
37 0.551986
38 0.552611
39 0.553341
40 0.554156
41 0.55486
42 0.555518
43 0.556196
44 0.556855
45 0.557452
46 0.55802
47 0.558718
48 0.559385
49 0.56004
50 0.560481
51 0.561095
52 0.561737
53 0.562255
54 0.562848
55 0.563399
56 0.56398
57 0.564622
58 0.565049
59 0.565656
60 0.566204
61 0.56688
62 0.56735
63 0.567912
64 0.568517
65 0.569056
66 0.569682
67 0.570262
68 0.570719
69 0.571383
70 0.571896
71 0.572462
72 0.573069
73 0.573655
74 0.574211
75 0.574765
76 0.575405
77 0.575993
78 0.576548
79 0.577089
80 0.577602
81 0.578077
82 0.578719
83 0.579314
84 0.579878
85 0.580323
86 0.580909
87 0.581481
88 0.582016
89 0.582601
90 0.583012
91 0.583548
92 0.584143
93 0.584586
94 0.585142
95 0.585672
96 0.586271
97 0.586647
98 0.58717
99 0.587718
100 0.588182
101 0.588676
102 0.589247
103 0.589635
104 0.590182
105 0.590528
106 0.591144
107 0.591652
108 0.592014
109 0.592507
110 0.592946
111 0.593538
112 0.593833
113 0.594388
114 0.594705
115 0.595145
116 0.595656
117 0.596134
118 0.596503
119 0.597021
120 0.597476
121 0.597843
122 0.598318
123 0.598703
124 0.599108
125 0.599414
126 0.599859
127 0.600301
128 0.600779
129 0.60112
130 0.601577
131 0.601962
132 0.602337
133 0.602747
134 0.603001
135 0.603421
136 0.603803
137 0.604293
138 0.604541
139 0.604903
140 0.605307
141 0.605644
142 0.605963
143 0.606274
144 0.606642
145 0.607065
146 0.607397
147 0.607726
148 0.608124
149 0.608396
150 0.608644
151 0.608981
152 0.609363
153 0.6097
154 0.609983
155 0.610263
156 0.610494
157 0.610902
158 0.611137
159 0.61142
160 0.61176
161 0.611967
162 0.612237
163 0.612585
164 0.612743
165 0.613026
166 0.613364
167 0.613606
168 0.61383
169 0.614138
170 0.614408
171 0.614621
172 0.614939
173 0.615128
174 0.615445
175 0.615701
176 0.615887
177 0.616049
178 0.616436
179 0.616684
180 0.616885
181 0.617119
182 0.61732
183 0.617616
184 0.617869
185 0.618099
186 0.618312
187 0.618476
188 0.618655
189 0.618999
190 0.619241
191 0.619386
192 0.619596
193 0.61981
194 0.620002
195 0.620131
196 0.620452
197 0.620532
198 0.620774
199 0.621021
200 0.621302
201 0.621492
202 0.621608
203 0.621806
204 0.622034
205 0.622144
206 0.622459
207 0.622683
208 0.622778
209 0.622929
210 0.623251
211 0.623339
212 0.623539
213 0.623675
214 0.62393
215 0.624081
216 0.62419
217 0.624473
218 0.624543
219 0.624796
220 0.624895
221 0.625146
222 0.625317
223 0.625464
224 0.625584
225 0.625817
226 0.626008
227 0.626134
228 0.626332
229 0.626447
230 0.626615
231 0.626806
232 0.626947
233 0.62704
234 0.627218
235 0.627305
236 0.627518
237 0.627645
238 0.627921
239 0.627956
240 0.628135
241 0.628272
242 0.628407
243 0.628499
244 0.62871
245 0.62875
246 0.628893
247 0.629047
248 0.629189
249 0.629357
250 0.629475
251 0.629606
252 0.629823
253 0.629906
254 0.63004
255 0.630159
256 0.630345
257 0.630404
258 0.630517
259 0.630736
260 0.630687
261 0.630809
262 0.63108
263 0.63114
264 0.63131
265 0.631458
266 0.63145
267 0.631672
268 0.63171
269 0.631867
270 0.632021
271 0.632043
272 0.632234
273 0.632327
274 0.632416
275 0.63267
276 0.632728
277 0.632841
278 0.633004
279 0.633052
280 0.633081
281 0.633219
282 0.633339
283 0.633434
284 0.633619
285 0.633678
286 0.633883
287 0.634007
288 0.633973
289 0.634217
290 0.634242
291 0.634312
292 0.634475
293 0.634649
294 0.634612
295 0.634819
296 0.634907
297 0.635015
298 0.635046
299 0.63524
300 0.63532
