1 0.5
2 0.5
3 0.5
4 0.5
5 0.499403
6 0.499037
7 0.498814
8 0.498553
9 0.498186
10 0.498033
11 0.497553
12 0.497196
13 0.497127
14 0.496746
15 0.496458
16 0.496174
17 0.495809
18 0.495517
19 0.49502
20 0.494688
21 0.494463
22 0.494075
23 0.493804
24 0.493408
25 0.493073
26 0.492755
27 0.49254
28 0.492127
29 0.491843
30 0.491522
31 0.491373
32 0.491134
33 0.490674
34 0.490438
35 0.490107
36 0.489857
37 0.489765
38 0.489354
39 0.489241
40 0.488793
41 0.48869
42 0.488344
43 0.488121
44 0.487782
45 0.48758
46 0.48757
47 0.48727
48 0.486922
49 0.486394
50 0.486306
51 0.48632
52 0.485848
53 0.485645
54 0.485517
55 0.485504
56 0.485183
57 0.484672
58 0.484394
59 0.484512
60 0.483848
61 0.483879
62 0.483752
63 0.483424
64 0.483028
65 0.483022
66 0.482664
67 0.482753
68 0.482362
69 0.481943
70 0.482158
71 0.482006
72 0.48173
73 0.481331
74 0.481083
75 0.481163
76 0.480765
77 0.480696
78 0.480389
79 0.480244
80 0.480086
81 0.48003
82 0.479476
83 0.479722
84 0.479535
85 0.479205
86 0.478897
87 0.478841
88 0.478469
89 0.478373
90 0.478296
91 0.478072
92 0.478071
93 0.477896
94 0.477863
95 0.477274
96 0.477346
97 0.477289
98 0.477189
99 0.47673
100 0.47682
101 0.476708
102 0.476669
103 0.476296
104 0.476144
105 0.47587
106 0.475763
107 0.476056
108 0.475664
109 0.475645
110 0.47552
111 0.475492
112 0.475649
113 0.475018
114 0.475209
115 0.47515
116 0.474938
117 0.474884
118 0.474817
119 0.474677
120 0.474279
121 0.474457
122 0.474093
123 0.473973
124 0.474268
125 0.473931
126 0.473667
127 0.473741
128 0.473672
129 0.473604
130 0.47315
131 0.473396
132 0.47357
133 0.472958
134 0.472903
135 0.472698
136 0.472776
137 0.472916
138 0.47274
139 0.472785
140 0.472769
141 0.472384
142 0.472434
143 0.472547
144 0.472244
145 0.47232
146 0.472438
147 0.472199
148 0.472133
149 0.472349
150 0.471989
151 0.47216
152 0.472161
153 0.472223
154 0.471815
155 0.471777
156 0.471377
157 0.471547
158 0.471648
159 0.471433
160 0.471294
161 0.471344
162 0.471583
163 0.471119
164 0.471371
165 0.471414
166 0.471107
167 0.471056
168 0.470603
169 0.470883
170 0.470904
171 0.47105
172 0.471058
173 0.470896
174 0.470805
175 0.470653
176 0.470507
177 0.470528
178 0.470447
179 0.470417
180 0.470536
181 0.470144
182 0.470523
183 0.470446
184 0.470383
185 0.47017
186 0.470615
187 0.470248
188 0.47015
189 0.470106
190 0.469983
191 0.470261
192 0.469747
193 0.469615
194 0.470033
195 0.469983
196 0.469943
197 0.470082
198 0.469615
199 0.46947
200 0.469938
201 0.469667
202 0.469587
203 0.469725
204 0.469629
205 0.46978
206 0.469337
207 0.469097
208 0.469271
209 0.469484
210 0.469244
211 0.469215
212 0.469112
213 0.469113
214 0.469021
215 0.469341
216 0.468994
217 0.468979
218 0.469123
219 0.469246
220 0.469075
221 0.469169
222 0.46893
223 0.469198
224 0.469053
225 0.468974
226 0.468497
227 0.469049
228 0.46866
229 0.468742
230 0.468788
231 0.468824
232 0.468872
233 0.468828
234 0.46858
235 0.468584
236 0.468632
237 0.468451
238 0.46842
239 0.468487
240 0.468391
241 0.468149
242 0.46835
243 0.46819
244 0.468037
245 0.468221
246 0.468536
247 0.467978
248 0.468348
249 0.468148
250 0.468105
251 0.468112
252 0.468118
253 0.468098
254 0.468248
255 0.467915
256 0.467785
257 0.467834
258 0.46796
259 0.468048
260 0.467683
261 0.468329
262 0.467999
263 0.467999
264 0.467863
265 0.467795
266 0.467652
267 0.467541
268 0.467581
269 0.46759
270 0.467449
271 0.467366
272 0.467538
273 0.467521
274 0.467521
275 0.467469
276 0.467858
277 0.467459
278 0.467503
279 0.467217
280 0.467393
281 0.46769
282 0.467437
283 0.467533
284 0.467091
285 0.467166
286 0.467063
287 0.467006
288 0.467333
289 0.46741
290 0.467201
291 0.467186
292 0.467251
293 0.466961
294 0.467122
295 0.466909
296 0.466981
297 0.467136
298 0.467014
299 0.466781
300 0.466905
