1 0.100339
2 0.123149
3 0.142225
4 0.159005
5 0.17403
6 0.187939
7 0.200838
8 0.212973
9 0.224359
10 0.235189
11 0.245465
12 0.255145
13 0.264265
14 0.272879
15 0.280698
16 0.287695
17 0.293522
18 0.299281
19 0.30491
20 0.310362
21 0.315695
22 0.320916
23 0.326017
24 0.331004
25 0.335895
26 0.340693
27 0.343878
28 0.345931
29 0.347563
30 0.34885
31 0.349857
32 0.350682
33 0.351422
34 0.352389
35 0.353367
36 0.354653
37 0.356076
38 0.35767
39 0.359578
40 0.361761
41 0.364069
42 0.366581
43 0.369149
44 0.371875
45 0.374726
46 0.377601
47 0.380575
48 0.383626
49 0.38674
50 0.389843
51 0.39299
52 0.396162
53 0.399337
54 0.402481
55 0.405614
56 0.408723
57 0.411824
58 0.414887
59 0.417932
60 0.420922
61 0.423872
62 0.426768
63 0.429616
64 0.432426
65 0.435194
66 0.437873
67 0.440468
68 0.442954
69 0.445335
70 0.447612
71 0.449796
72 0.451902
73 0.453934
74 0.455929
75 0.457901
76 0.459834
77 0.461731
78 0.463619
79 0.465449
80 0.467268
81 0.469016
82 0.470573
83 0.472148
84 0.473757
85 0.475346
86 0.476912
87 0.478462
88 0.47997
89 0.481471
90 0.482955
91 0.484439
92 0.485888
93 0.487336
94 0.488779
95 0.490193
96 0.491592
97 0.492972
98 0.494333
99 0.49569
100 0.49702
101 0.498317
102 0.499601
103 0.500858
104 0.5021
105 0.503323
106 0.504534
107 0.505732
108 0.506902
109 0.508074
110 0.509242
111 0.510407
112 0.511555
113 0.512699
114 0.513838
115 0.514963
116 0.51607
117 0.517164
118 0.518226
119 0.519278
120 0.520317
121 0.521335
122 0.522346
123 0.523343
124 0.52433
125 0.525299
126 0.526267
127 0.527217
128 0.52813
129 0.528975
130 0.529834
131 0.530685
132 0.531535
133 0.532383
134 0.533225
135 0.53406
136 0.534891
137 0.535709
138 0.536522
139 0.537338
140 0.538151
141 0.53894
142 0.539736
143 0.540535
144 0.541334
145 0.542126
146 0.542918
147 0.543707
148 0.544493
149 0.545271
150 0.546029
151 0.546777
152 0.547512
153 0.548231
154 0.54894
155 0.549646
156 0.550356
157 0.551059
158 0.551761
159 0.552448
160 0.553137
161 0.553815
162 0.554476
163 0.555152
164 0.555838
165 0.556525
166 0.557214
167 0.557901
168 0.558574
169 0.559237
170 0.559895
171 0.560549
172 0.561194
173 0.561835
174 0.56247
175 0.563104
176 0.563734
177 0.564358
178 0.56498
179 0.565598
180 0.566206
181 0.566797
182 0.567384
183 0.567967
184 0.568547
185 0.569125
186 0.569706
187 0.570281
188 0.570858
189 0.57143
190 0.571997
191 0.572558
192 0.573113
193 0.573661
194 0.574207
195 0.574748
196 0.575288
197 0.575821
198 0.576352
199 0.57688
200 0.577407
201 0.577932
202 0.578444
203 0.578951
204 0.579455
205 0.579956
206 0.58045
207 0.580946
208 0.58144
209 0.581929
210 0.582418
211 0.582902
212 0.583381
213 0.583862
214 0.584337
215 0.58481
216 0.585278
217 0.585742
218 0.586201
219 0.586658
220 0.587113
221 0.58756
222 0.588001
223 0.588444
224 0.588881
225 0.589318
226 0.589752
227 0.590182
228 0.590611
229 0.591042
230 0.591473
231 0.591902
232 0.59233
233 0.592758
234 0.593186
235 0.593614
236 0.594038
237 0.594461
238 0.594882
239 0.5953
240 0.595714
241 0.596122
242 0.596528
243 0.596932
244 0.597331
245 0.597728
246 0.598119
247 0.598508
248 0.598893
249 0.599276
250 0.599654
251 0.600028
252 0.600397
253 0.600764
254 0.601131
255 0.601498
256 0.60186
257 0.602225
258 0.602594
259 0.602962
260 0.603334
261 0.603707
262 0.604079
263 0.604452
264 0.604825
265 0.605195
266 0.605565
267 0.605935
268 0.606303
269 0.606671
270 0.607032
271 0.60739
272 0.607741
273 0.608083
274 0.608397
275 0.608712
276 0.609025
277 0.60934
278 0.609657
279 0.609978
280 0.610299
281 0.610626
282 0.610952
283 0.61128
284 0.611608
285 0.611937
286 0.612267
287 0.612596
288 0.612927
289 0.613254
290 0.613582
291 0.613908
292 0.61423
293 0.614546
294 0.614858
295 0.615162
296 0.615461
297 0.615751
298 0.616035
299 0.616316
300 0.616591
