1 0.408939
2 0.325361
3 0.284159
4 0.258211
5 0.23921
6 0.217805
7 0.20453
8 0.191664
9 0.182626
10 0.174039
11 0.167877
12 0.163267
13 0.159355
14 0.155499
15 0.157619
16 0.161044
17 0.172198
18 0.163067
19 0.156431
20 0.151859
21 0.146715
22 0.142283
23 0.137952
24 0.134115
25 0.130058
26 0.12602
27 0.14844
28 0.160663
29 0.160978
30 0.161421
31 0.161431
32 0.160611
33 0.159062
34 0.151905
35 0.150534
36 0.142193
37 0.138602
38 0.13412
39 0.125692
40 0.118372
41 0.116267
42 0.110849
43 0.110793
44 0.105095
45 0.100467
46 0.0997211
47 0.0940898
48 0.0891391
49 0.0845408
50 0.0837926
51 0.0791097
52 0.0752526
53 0.0720313
54 0.0713593
55 0.0683387
56 0.0662253
57 0.0637301
58 0.0615855
59 0.0595377
60 0.0589661
61 0.0569984
62 0.0557424
63 0.0546815
64 0.0534431
65 0.0522997
66 0.052238
67 0.0523464
68 0.0525333
69 0.052794
70 0.0531211
71 0.0534939
72 0.0534855
73 0.0535552
74 0.0531725
75 0.0522821
76 0.0516899
77 0.0513436
78 0.0505036
79 0.0507382
80 0.0503744
81 0.0511765
82 0.0563051
83 0.0535122
84 0.0519888
85 0.05149
86 0.0512899
87 0.0510057
88 0.0508246
89 0.0501079
90 0.0499753
91 0.0491882
92 0.0493868
93 0.0487229
94 0.0482944
95 0.0483116
96 0.0483024
97 0.0482303
98 0.0482591
99 0.0477939
100 0.0477423
101 0.0482868
102 0.0480252
103 0.0484138
104 0.0481891
105 0.0483122
106 0.0481377
107 0.0475671
108 0.0476477
109 0.0471239
110 0.0468731
111 0.0463743
112 0.0464556
113 0.0461099
114 0.0458197
115 0.0453778
116 0.0455586
117 0.045739
118 0.0461365
119 0.04586
120 0.0460024
121 0.046002
122 0.0458122
123 0.0455235
124 0.0456302
125 0.0454677
126 0.0454967
127 0.0455343
128 0.0472558
129 0.0502011
130 0.0484143
131 0.0476067
132 0.0467175
133 0.046324
134 0.0458349
135 0.0451123
136 0.0446624
137 0.0445911
138 0.044414
139 0.0438353
140 0.0434107
141 0.0437153
142 0.0431028
143 0.0426306
144 0.0423241
145 0.0424198
146 0.041912
147 0.041618
148 0.0414272
149 0.0413654
150 0.042605
151 0.0427772
152 0.0434321
153 0.043753
154 0.0435362
155 0.0433747
156 0.0428535
157 0.0427667
158 0.0425415
159 0.0426553
160 0.0424827
161 0.042791
162 0.0442421
163 0.0424527
164 0.0409782
165 0.0403653
166 0.0397673
167 0.0397133
168 0.0401946
169 0.0402467
170 0.0400907
171 0.0399666
172 0.040159
173 0.0400641
174 0.0398155
175 0.0396066
176 0.0393033
177 0.0390916
178 0.0388561
179 0.0388735
180 0.0392152
181 0.0398445
182 0.0394831
183 0.0395012
184 0.0395211
185 0.0395091
186 0.0388979
187 0.0393392
188 0.0389303
189 0.0390813
190 0.0388464
191 0.0392463
192 0.0392108
193 0.0393536
194 0.0393925
195 0.0392475
196 0.0390808
197 0.0392835
198 0.0387733
199 0.0386782
200 0.0383578
201 0.0382545
202 0.0386753
203 0.0386343
204 0.0384719
205 0.0387093
206 0.0389296
207 0.0383966
208 0.038351
209 0.0384948
210 0.0382867
211 0.038452
212 0.0383877
213 0.0381112
214 0.0382477
215 0.0380552
216 0.0382859
217 0.0383701
218 0.0383562
219 0.0384428
220 0.0382521
221 0.0384348
222 0.0384388
223 0.0380764
224 0.038299
225 0.0382288
226 0.0381142
227 0.0380211
228 0.0378909
229 0.0373915
230 0.0371582
231 0.0368805
232 0.0368821
233 0.0365139
234 0.0361812
235 0.0357753
236 0.0357337
237 0.0356146
238 0.0354261
239 0.0354469
240 0.0353982
241 0.0355726
242 0.0358113
243 0.0358492
244 0.0359639
245 0.0358466
246 0.0356081
247 0.0357838
248 0.0360707
249 0.0359121
250 0.036408
251 0.0366535
252 0.0368885
253 0.0369416
254 0.036525
255 0.0360917
256 0.0359493
257 0.0355155
258 0.0346869
259 0.0343837
260 0.0338044
261 0.0337039
262 0.0333331
263 0.0331319
264 0.0328919
265 0.0327904
266 0.0326565
267 0.0324191
268 0.0322231
269 0.0322777
270 0.032557
271 0.0329849
272 0.0336281
273 0.0348221
274 0.0390677
275 0.0380958
276 0.0377297
277 0.0369726
278 0.0362753
279 0.0353707
280 0.0346778
281 0.0338665
282 0.0331917
283 0.0327232
284 0.0324816
285 0.0320447
286 0.0317515
287 0.0316049
288 0.0312001
289 0.0313419
290 0.0313513
291 0.0311732
292 0.0311438
293 0.0315209
294 0.0325452
295 0.0334631
296 0.0342024
297 0.0351476
298 0.0356983
299 0.0360779
300 0.0364857
