1 0.501227
2 0.542603
3 0.570057
4 0.590342
5 0.606241
6 0.62037
7 0.632402
8 0.643086
9 0.652399
10 0.660699
11 0.668
12 0.674486
13 0.680239
14 0.685522
15 0.689901
16 0.693496
17 0.696077
18 0.698846
19 0.701679
20 0.704474
21 0.707244
22 0.709973
23 0.712623
24 0.715229
25 0.717793
26 0.720308
27 0.721821
28 0.722771
29 0.723634
30 0.72445
31 0.725168
32 0.725913
33 0.726638
34 0.727541
35 0.728427
36 0.72951
37 0.730609
38 0.731776
39 0.733116
40 0.734537
41 0.735958
42 0.737454
43 0.738883
44 0.740359
45 0.741873
46 0.743352
47 0.74489
48 0.746475
49 0.748076
50 0.749629
51 0.751218
52 0.752794
53 0.754387
54 0.755943
55 0.757483
56 0.759012
57 0.760523
58 0.762019
59 0.763501
60 0.764946
61 0.766377
62 0.767779
63 0.769144
64 0.770498
65 0.771829
66 0.773115
67 0.77437
68 0.77558
69 0.776757
70 0.777888
71 0.778988
72 0.780054
73 0.781087
74 0.782107
75 0.783107
76 0.784087
77 0.785045
78 0.785985
79 0.786913
80 0.787819
81 0.788686
82 0.789475
83 0.79028
84 0.791074
85 0.791857
86 0.792626
87 0.793382
88 0.794119
89 0.79485
90 0.795562
91 0.796275
92 0.796965
93 0.797647
94 0.798321
95 0.798975
96 0.799616
97 0.800246
98 0.800868
99 0.801486
100 0.802083
101 0.802672
102 0.803247
103 0.803807
104 0.804356
105 0.804896
106 0.805428
107 0.805952
108 0.806468
109 0.806975
110 0.807483
111 0.807983
112 0.808469
113 0.808952
114 0.809425
115 0.809899
116 0.810363
117 0.810815
118 0.81126
119 0.811699
120 0.812128
121 0.812552
122 0.812967
123 0.813381
124 0.813785
125 0.814183
126 0.81458
127 0.814968
128 0.815337
129 0.815679
130 0.816024
131 0.81637
132 0.816715
133 0.817062
134 0.817411
135 0.817755
136 0.818097
137 0.818436
138 0.818771
139 0.819106
140 0.819439
141 0.819765
142 0.820091
143 0.820418
144 0.820735
145 0.821053
146 0.821367
147 0.821686
148 0.821995
149 0.822307
150 0.822603
151 0.822896
152 0.823179
153 0.823454
154 0.823726
155 0.823999
156 0.824272
157 0.824537
158 0.824805
159 0.82507
160 0.825331
161 0.825584
162 0.825829
163 0.826078
164 0.826338
165 0.826596
166 0.826853
167 0.827109
168 0.82736
169 0.827604
170 0.827847
171 0.828088
172 0.828327
173 0.828565
174 0.828798
175 0.829033
176 0.829267
177 0.829496
178 0.829722
179 0.829951
180 0.830173
181 0.83039
182 0.830607
183 0.830822
184 0.831036
185 0.831244
186 0.831458
187 0.831664
188 0.83187
189 0.832074
190 0.832273
191 0.832472
192 0.832668
193 0.83286
194 0.833051
195 0.833242
196 0.83343
197 0.833616
198 0.833801
199 0.833984
200 0.834169
201 0.834352
202 0.834534
203 0.834712
204 0.83489
205 0.835063
206 0.835236
207 0.835409
208 0.835575
209 0.835745
210 0.835915
211 0.836079
212 0.836245
213 0.83641
214 0.836572
215 0.836733
216 0.83689
217 0.837042
218 0.837198
219 0.83735
220 0.837505
221 0.837656
222 0.837804
223 0.837953
224 0.838099
225 0.838245
226 0.838392
227 0.838536
228 0.838679
229 0.838823
230 0.838968
231 0.839113
232 0.839258
233 0.839402
234 0.839545
235 0.83969
236 0.839833
237 0.839976
238 0.840118
239 0.840258
240 0.840399
241 0.840537
242 0.840673
243 0.840806
244 0.84094
245 0.841072
246 0.841204
247 0.841337
248 0.841467
249 0.841594
250 0.841719
251 0.841841
252 0.841963
253 0.842082
254 0.842202
255 0.842323
256 0.842444
257 0.842566
258 0.84269
259 0.842813
260 0.842939
261 0.843064
262 0.843188
263 0.843313
264 0.843439
265 0.843563
266 0.843686
267 0.843809
268 0.843932
269 0.844055
270 0.844175
271 0.844292
272 0.844407
273 0.844518
274 0.844611
275 0.844707
276 0.844805
277 0.844904
278 0.845005
279 0.845107
280 0.84521
281 0.845318
282 0.845428
283 0.845538
284 0.845647
285 0.845757
286 0.845868
287 0.845978
288 0.846089
289 0.846198
290 0.846307
291 0.846417
292 0.846524
293 0.84663
294 0.846733
295 0.846834
296 0.846929
297 0.84702
298 0.847109
299 0.847198
300 0.847282
