1 0.408939
2 0.36715
3 0.339486
4 0.319167
5 0.303176
6 0.288947
7 0.276888
8 0.266235
9 0.256945
10 0.248654
11 0.241311
12 0.234807
13 0.229003
14 0.223753
15 0.219344
16 0.2157
17 0.213141
18 0.210359
19 0.207521
20 0.204738
21 0.201975
22 0.199262
23 0.196596
24 0.193993
25 0.191435
26 0.188919
27 0.18742
28 0.186464
29 0.185586
30 0.18478
31 0.184027
32 0.183295
33 0.182561
34 0.181659
35 0.18077
36 0.179698
37 0.178588
38 0.177417
39 0.176091
40 0.174648
41 0.173224
42 0.171739
43 0.170322
44 0.168839
45 0.16732
46 0.16585
47 0.164324
48 0.162757
49 0.161161
50 0.159614
51 0.158035
52 0.156443
53 0.15485
54 0.153304
55 0.151759
56 0.150232
57 0.148715
58 0.147212
59 0.145726
60 0.14428
61 0.142849
62 0.141444
63 0.140067
64 0.138714
65 0.137384
66 0.136094
67 0.134844
68 0.133634
69 0.132462
70 0.131329
71 0.130233
72 0.129167
73 0.128131
74 0.127118
75 0.12612
76 0.125141
77 0.124182
78 0.123238
79 0.12232
80 0.121421
81 0.120553
82 0.11977
83 0.118972
84 0.118174
85 0.11739
86 0.116621
87 0.115867
88 0.115128
89 0.114397
90 0.113681
91 0.112973
92 0.112282
93 0.111598
94 0.110925
95 0.110266
96 0.10962
97 0.108987
98 0.108368
99 0.107756
100 0.107156
101 0.106573
102 0.105999
103 0.10544
104 0.104889
105 0.10435
106 0.10382
107 0.103294
108 0.102779
109 0.102268
110 0.101765
111 0.101266
112 0.100776
113 0.100293
114 0.0998149
115 0.0993415
116 0.0988779
117 0.0984237
118 0.0979806
119 0.0975426
120 0.0971131
121 0.0966907
122 0.0962737
123 0.0958611
124 0.095456
125 0.0950561
126 0.0946627
127 0.0942759
128 0.0939085
129 0.0935697
130 0.0932224
131 0.0928742
132 0.0925245
133 0.0921771
134 0.0918313
135 0.0914852
136 0.0911409
137 0.0908012
138 0.090465
139 0.0901295
140 0.0897958
141 0.089469
142 0.0891425
143 0.0888173
144 0.0884944
145 0.0881766
146 0.0878597
147 0.0875452
148 0.0872336
149 0.0869257
150 0.0866303
151 0.0863398
152 0.0860575
153 0.085781
154 0.0855067
155 0.0852349
156 0.0849632
157 0.0846945
158 0.0844277
159 0.084165
160 0.0839044
161 0.0836491
162 0.0834058
163 0.0831546
164 0.0828974
165 0.0826396
166 0.0823814
167 0.0821259
168 0.0818763
169 0.08163
170 0.0813856
171 0.0811434
172 0.0809051
173 0.080669
174 0.0804342
175 0.0802009
176 0.0799686
177 0.0797376
178 0.079508
179 0.0792809
180 0.0790584
181 0.0788417
182 0.0786255
183 0.0784117
184 0.0782003
185 0.0779912
186 0.077781
187 0.0775754
188 0.0773698
189 0.0771673
190 0.0769656
191 0.0767681
192 0.0765725
193 0.0763796
194 0.076189
195 0.0759995
196 0.0758112
197 0.0756258
198 0.0754396
199 0.0752549
200 0.0750704
201 0.0748873
202 0.074708
203 0.0745303
204 0.0743535
205 0.0741796
206 0.0740085
207 0.0738365
208 0.0736659
209 0.0734976
210 0.0733299
211 0.0731646
212 0.0730006
213 0.0728368
214 0.0726752
215 0.0725141
216 0.0723557
217 0.0721991
218 0.0720438
219 0.0718904
220 0.0717375
221 0.0715868
222 0.0714375
223 0.0712879
224 0.0711406
225 0.0709943
226 0.0708488
227 0.0707042
228 0.0705603
229 0.0704155
230 0.0702709
231 0.0701263
232 0.069983
233 0.0698394
234 0.0696956
235 0.0695512
236 0.0694079
237 0.0692653
238 0.0691231
239 0.0689822
240 0.0688423
241 0.0687043
242 0.0685683
243 0.0684337
244 0.0683006
245 0.0681682
246 0.0680358
247 0.0679052
248 0.0677769
249 0.0676489
250 0.0675239
251 0.0674009
252 0.0672799
253 0.0671599
254 0.0670393
255 0.066918
256 0.066797
257 0.0666753
258 0.0665513
259 0.0664271
260 0.0663016
261 0.0661767
262 0.0660514
263 0.0659262
264 0.0658011
265 0.0656765
266 0.0655524
267 0.0654283
268 0.0653044
269 0.0651816
270 0.0650608
271 0.0649424
272 0.0648273
273 0.0647174
274 0.0646238
275 0.0645273
276 0.0644302
277 0.0643311
278 0.0642301
279 0.0641267
280 0.0640215
281 0.0639142
282 0.0638053
283 0.0636954
284 0.0635855
285 0.0634749
286 0.0633639
287 0.0632533
288 0.063142
289 0.063032
290 0.0629227
291 0.0628136
292 0.0627052
293 0.0625987
294 0.0624965
295 0.0623981
296 0.0623028
297 0.0622114
298 0.0621224
299 0.0620353
300 0.0619502
