1 0.500505
2 0.499889
3 0.511827
4 0.51958
5 0.518389
6 0.521683
7 0.521635
8 0.523439
9 0.526864
10 0.52759
11 0.528146
12 0.529758
13 0.53166
14 0.531883
15 0.532651
16 0.532185
17 0.533608
18 0.5343
19 0.535314
20 0.536247
21 0.537294
22 0.537584
23 0.537813
24 0.538507
25 0.538851
26 0.539121
27 0.539652
28 0.540279
29 0.540773
30 0.541358
31 0.541808
32 0.542237
33 0.542565
34 0.542834
35 0.543205
36 0.543475
37 0.543799
38 0.544168
39 0.54456
40 0.544972
41 0.545398
42 0.545731
43 0.546038
44 0.546303
45 0.546546
46 0.546859
47 0.547108
48 0.547423
49 0.547699
50 0.547978
51 0.548253
52 0.548547
53 0.548825
54 0.549087
55 0.549305
56 0.549568
57 0.549777
58 0.550048
59 0.550282
60 0.550526
61 0.550681
62 0.550905
63 0.551142
64 0.55139
65 0.551627
66 0.551844
67 0.552055
68 0.552258
69 0.55243
70 0.552633
71 0.552835
72 0.553025
73 0.553208
74 0.553352
75 0.553552
76 0.553749
77 0.553934
78 0.55411
79 0.554292
80 0.55448
81 0.554667
82 0.554847
83 0.555031
84 0.555197
85 0.55535
86 0.555534
87 0.555692
88 0.555839
89 0.555989
90 0.556161
91 0.556281
92 0.556429
93 0.556589
94 0.556723
95 0.556874
96 0.557024
97 0.557169
98 0.557296
99 0.557446
100 0.557576
101 0.557715
102 0.557844
103 0.558
104 0.558132
105 0.558269
106 0.558427
107 0.558562
108 0.55869
109 0.558823
110 0.55895
111 0.559066
112 0.559194
113 0.559321
114 0.559444
115 0.55956
116 0.559688
117 0.559791
118 0.559909
119 0.560034
120 0.560146
121 0.560261
122 0.560373
123 0.560488
124 0.560599
125 0.560718
126 0.560831
127 0.560937
128 0.561054
129 0.561153
130 0.561267
131 0.561364
132 0.561473
133 0.561577
134 0.56168
135 0.561787
136 0.561886
137 0.561982
138 0.562085
139 0.562183
140 0.562279
141 0.562373
142 0.56248
143 0.562569
144 0.562667
145 0.562771
146 0.562864
147 0.562961
148 0.563058
149 0.563143
150 0.563232
151 0.563318
152 0.56341
153 0.563507
154 0.563595
155 0.563688
156 0.563769
157 0.563857
158 0.563946
159 0.564038
160 0.564122
161 0.564205
162 0.56428
163 0.564368
164 0.56445
165 0.56454
166 0.564627
167 0.564701
168 0.56478
169 0.564862
170 0.564927
171 0.564974
172 0.565102
173 0.565178
174 0.565257
175 0.565332
176 0.565413
177 0.565489
178 0.565564
179 0.565638
180 0.565717
181 0.565791
182 0.565868
183 0.565944
184 0.566014
185 0.56609
186 0.566169
187 0.566233
188 0.566305
189 0.566379
190 0.566452
191 0.566523
192 0.566597
193 0.566669
194 0.566742
195 0.566799
196 0.566883
197 0.566946
198 0.567026
199 0.567098
200 0.567165
201 0.567227
202 0.567295
203 0.567364
204 0.567432
205 0.567487
206 0.567564
207 0.567625
208 0.567695
209 0.567764
210 0.567832
211 0.56789
212 0.567953
213 0.568018
214 0.568079
215 0.568139
216 0.568204
217 0.568264
218 0.568329
219 0.568399
220 0.568463
221 0.568526
222 0.568588
223 0.568648
224 0.568707
225 0.568768
226 0.56883
227 0.568893
228 0.568947
229 0.569005
230 0.569061
231 0.569123
232 0.569178
233 0.569232
234 0.569296
235 0.569346
236 0.569406
237 0.56946
238 0.56952
239 0.569568
240 0.569632
241 0.569698
242 0.569742
243 0.569798
244 0.569851
245 0.569908
246 0.569961
247 0.570018
248 0.570069
249 0.570125
250 0.570175
251 0.570229
252 0.570282
253 0.570328
254 0.570381
255 0.57041
256 0.570484
257 0.570555
258 0.570595
259 0.570648
260 0.570696
261 0.570747
262 0.570799
263 0.570849
264 0.5709
265 0.570951
266 0.570998
267 0.57105
268 0.571101
269 0.571154
270 0.571201
271 0.571255
272 0.571296
273 0.571331
274 0.57139
275 0.571439
276 0.571487
277 0.57153
278 0.571582
279 0.571625
280 0.571672
281 0.571715
282 0.571758
283 0.571807
284 0.571851
285 0.571901
286 0.571946
287 0.571989
288 0.572037
289 0.572078
290 0.572123
291 0.572167
292 0.572214
293 0.572254
294 0.572302
295 0.572344
296 0.572387
297 0.572429
298 0.57247
299 0.572512
300 0.572555
