1 0.108258
2 0.108165
3 0.0723637
4 0.064865
5 0.0937955
6 0.0704426
7 0.0873608
8 0.0725972
9 0.0527138
10 0.0740885
11 0.074437
12 0.060636
13 0.0537975
14 0.0729791
15 0.0644517
16 0.0834644
17 0.0510136
18 0.0622394
19 0.0540617
20 0.0546826
21 0.0495745
22 0.0652988
23 0.0646025
24 0.0539565
25 0.0609577
26 0.0619903
27 0.0544361
28 0.0516385
29 0.0527152
30 0.0499739
31 0.0537101
32 0.0519918
33 0.0545813
34 0.0562923
35 0.0525028
36 0.0555749
37 0.0525472
38 0.0492005
39 0.0480093
40 0.0477616
41 0.0445198
42 0.0488979
43 0.0488743
44 0.050527
45 0.0502239
46 0.0473754
47 0.0493854
48 0.045601
49 0.0470516
50 0.0456299
51 0.0450302
52 0.0450556
53 0.0452668
54 0.0460968
55 0.0468561
56 0.0436838
57 0.0443789
58 0.0445554
59 0.0439561
60 0.0427988
61 0.0481024
62 0.043353
63 0.0415242
64 0.0424184
65 0.0409572
66 0.0423786
67 0.0416215
68 0.0418754
69 0.0436484
70 0.0414187
71 0.040291
72 0.0413164
73 0.0438738
74 0.0409097
75 0.0395848
76 0.0399481
77 0.0399185
78 0.0406307
79 0.0393198
80 0.0390003
81 0.0395516
82 0.0385591
83 0.0390446
84 0.0386157
85 0.0385984
86 0.0381059
87 0.0388298
88 0.0393354
89 0.037933
90 0.0382929
91 0.0387532
92 0.0389967
93 0.0375408
94 0.037072
95 0.0371756
96 0.0369022
97 0.0368595
98 0.0366828
99 0.0370686
100 0.0363357
101 0.0365522
102 0.035162
103 0.0356062
104 0.0351603
105 0.0348019
106 0.0341331
107 0.0353775
108 0.0359168
109 0.0354737
110 0.0350724
111 0.0359457
112 0.035066
113 0.0351147
114 0.0345345
115 0.0351213
116 0.034166
117 0.034616
118 0.0339693
119 0.0340029
120 0.0340087
121 0.0341399
122 0.034468
123 0.0331353
124 0.0330087
125 0.0328859
126 0.0335792
127 0.0322853
128 0.0330406
129 0.0334475
130 0.0329249
131 0.0320133
132 0.0320952
133 0.0324985
134 0.0327552
135 0.0319392
136 0.0319542
137 0.0328757
138 0.0318553
139 0.0318896
140 0.0317903
141 0.0316173
142 0.031446
143 0.0320797
144 0.0319773
145 0.031053
146 0.0307564
147 0.0313483
148 0.030914
149 0.031205
150 0.0307508
151 0.0307125
152 0.0308558
153 0.0303907
154 0.0310317
155 0.0299178
156 0.0306915
157 0.0312935
158 0.0301972
159 0.030198
160 0.0301979
161 0.0306964
162 0.0303799
163 0.029163
164 0.0295824
165 0.0292451
166 0.0291673
167 0.0296761
168 0.0297161
169 0.0293055
170 0.0292005
171 0.0295397
172 0.0295806
173 0.0288352
174 0.0292345
175 0.0290035
176 0.0290907
177 0.0285824
178 0.0286074
179 0.0285844
180 0.0284925
181 0.0284244
182 0.0284395
183 0.028413
184 0.0284596
185 0.0279853
186 0.0283747
187 0.0278866
188 0.0281297
189 0.0280246
190 0.0277424
191 0.0273685
192 0.0278007
193 0.0277397
194 0.0279097
195 0.0278245
196 0.0278261
197 0.027578
198 0.0270269
199 0.0267252
200 0.0273048
201 0.0272213
202 0.0266428
203 0.0270709
204 0.0267487
205 0.0273644
206 0.0270532
207 0.0267667
208 0.0264111
209 0.0265705
210 0.0264268
211 0.0266628
212 0.0264773
213 0.026379
214 0.0264152
215 0.0265118
216 0.0265709
217 0.0265974
218 0.0260936
219 0.0257618
220 0.025717
221 0.0258936
222 0.0261434
223 0.0260419
224 0.0259162
225 0.0258433
226 0.0256088
227 0.0254303
228 0.025802
229 0.0257657
230 0.0255281
231 0.0252124
232 0.0252269
233 0.025405
234 0.0254237
235 0.025794
236 0.0251391
237 0.0250286
238 0.0248494
239 0.0248421
240 0.0250972
241 0.0241961
242 0.0247644
243 0.0251722
244 0.0251048
245 0.0243239
246 0.0245433
247 0.0245406
248 0.0246198
249 0.0247126
250 0.0244333
251 0.0244985
252 0.0246206
253 0.0246197
254 0.0244666
255 0.0241827
256 0.0240164
257 0.0242054
258 0.0241167
259 0.0243279
260 0.0242223
261 0.024471
262 0.0235866
263 0.0237345
264 0.0237586
265 0.0239166
266 0.0237432
267 0.0239802
268 0.0234221
269 0.0233317
270 0.0235263
271 0.0234239
272 0.0234312
273 0.0238674
274 0.0234849
275 0.0233663
276 0.0231796
277 0.0234589
278 0.0233101
279 0.0232257
280 0.0229781
281 0.023734
282 0.0232807
283 0.0230596
284 0.0232479
285 0.0230586
286 0.0229314
287 0.0228554
288 0.0226389
289 0.0229192
290 0.0225279
291 0.0227184
292 0.0227267
293 0.0229192
294 0.0227459
295 0.0224883
296 0.022704
297 0.0226818
298 0.0227074
299 0.0225164
300 0.0224719
