1 0.499485
2 0.5
3 0.536097
4 0.560319
5 0.556245
6 0.566182
7 0.567377
8 0.572574
9 0.583642
10 0.585115
11 0.587346
12 0.592469
13 0.598532
14 0.599973
15 0.602201
16 0.600549
17 0.605466
18 0.607743
19 0.610964
20 0.613768
21 0.617283
22 0.618633
23 0.619301
24 0.621461
25 0.622633
26 0.623712
27 0.625485
28 0.627558
29 0.629328
30 0.631228
31 0.632873
32 0.634318
33 0.635376
34 0.636254
35 0.637523
36 0.638618
37 0.639706
38 0.641031
39 0.642503
40 0.643897
41 0.645487
42 0.646546
43 0.64764
44 0.648611
45 0.649508
46 0.650559
47 0.651425
48 0.65258
49 0.653545
50 0.654544
51 0.655599
52 0.656653
53 0.657559
54 0.658454
55 0.659215
56 0.660169
57 0.660906
58 0.661904
59 0.662769
60 0.663693
61 0.664362
62 0.665211
63 0.666056
64 0.666903
65 0.667737
66 0.668511
67 0.669308
68 0.67007
69 0.670714
70 0.671458
71 0.672252
72 0.672978
73 0.673727
74 0.674267
75 0.675027
76 0.675743
77 0.676419
78 0.67705
79 0.677714
80 0.678421
81 0.679063
82 0.679694
83 0.680364
84 0.680999
85 0.681604
86 0.682266
87 0.682849
88 0.683422
89 0.68398
90 0.684633
91 0.685166
92 0.685725
93 0.686258
94 0.686868
95 0.687439
96 0.687993
97 0.688528
98 0.689088
99 0.689629
100 0.690147
101 0.690682
102 0.691251
103 0.691781
104 0.692321
105 0.692838
106 0.693443
107 0.693951
108 0.694425
109 0.694942
110 0.695442
111 0.695885
112 0.696389
113 0.696887
114 0.697342
115 0.697811
116 0.698285
117 0.698697
118 0.699211
119 0.699674
120 0.700139
121 0.700602
122 0.701003
123 0.701449
124 0.701918
125 0.702384
126 0.70279
127 0.703218
128 0.703686
129 0.704104
130 0.704529
131 0.70494
132 0.70539
133 0.705813
134 0.706196
135 0.706616
136 0.707019
137 0.707402
138 0.707802
139 0.708185
140 0.708587
141 0.70897
142 0.709371
143 0.709738
144 0.710118
145 0.710525
146 0.710906
147 0.711278
148 0.711664
149 0.712026
150 0.712399
151 0.71276
152 0.713131
153 0.7135
154 0.713861
155 0.714239
156 0.714591
157 0.714924
158 0.71526
159 0.715613
160 0.715964
161 0.716291
162 0.71663
163 0.716986
164 0.717328
165 0.717672
166 0.718028
167 0.718351
168 0.718678
169 0.718994
170 0.719375
171 0.719482
172 0.71999
173 0.72032
174 0.720629
175 0.720935
176 0.721254
177 0.721583
178 0.721886
179 0.722198
180 0.722524
181 0.722839
182 0.723137
183 0.72344
184 0.723746
185 0.72406
186 0.724345
187 0.72466
188 0.724952
189 0.72524
190 0.72553
191 0.725826
192 0.726128
193 0.72641
194 0.726696
195 0.726941
196 0.727269
197 0.727517
198 0.727848
199 0.728149
200 0.728416
201 0.728701
202 0.728986
203 0.729268
204 0.729551
205 0.72987
206 0.730087
207 0.730353
208 0.730642
209 0.730929
210 0.731186
211 0.73144
212 0.731713
213 0.731983
214 0.73224
215 0.732498
216 0.732759
217 0.733007
218 0.733269
219 0.733541
220 0.733799
221 0.734053
222 0.734312
223 0.73456
224 0.734815
225 0.735059
226 0.735321
227 0.73558
228 0.735819
229 0.736076
230 0.73632
231 0.736568
232 0.736811
233 0.737048
234 0.737294
235 0.737521
236 0.737775
237 0.738016
238 0.738254
239 0.738464
240 0.738728
241 0.739022
242 0.739211
243 0.739452
244 0.73967
245 0.739906
246 0.740141
247 0.740379
248 0.740602
249 0.740829
250 0.741054
251 0.741265
252 0.741493
253 0.74172
254 0.741949
255 0.742222
256 0.742402
257 0.742567
258 0.742841
259 0.743078
260 0.743293
261 0.7435
262 0.743722
263 0.743936
264 0.744153
265 0.744362
266 0.74458
267 0.744784
268 0.745004
269 0.745226
270 0.74543
271 0.745665
272 0.745854
273 0.746008
274 0.746265
275 0.746474
276 0.746683
277 0.746881
278 0.74709
279 0.747295
280 0.747505
281 0.747699
282 0.747902
283 0.748098
284 0.748296
285 0.748496
286 0.748694
287 0.748893
288 0.749092
289 0.749285
290 0.749486
291 0.749677
292 0.749874
293 0.75007
294 0.75025
295 0.750445
296 0.750637
297 0.750823
298 0.751012
299 0.751202
300 0.751388
