1 0.6082
2 0.608211
3 0.658209
4 0.657988
5 0.69069
6 0.69061
7 0.714698
8 0.714599
9 0.733289
10 0.733066
11 0.748258
12 0.748405
13 0.760744
14 0.761424
15 0.772343
16 0.772771
17 0.78195
18 0.782544
19 0.790415
20 0.791022
21 0.797742
22 0.798591
23 0.804476
24 0.805133
25 0.810406
26 0.811296
27 0.816284
28 0.816992
29 0.821013
30 0.821853
31 0.825561
32 0.826308
33 0.830132
34 0.830765
35 0.833936
36 0.834678
37 0.837942
38 0.838385
39 0.841092
40 0.841829
41 0.844476
42 0.845348
43 0.847963
44 0.848641
45 0.850802
46 0.851324
47 0.853465
48 0.854199
49 0.856135
50 0.856718
51 0.858579
52 0.858958
53 0.860689
54 0.861206
55 0.862983
56 0.863573
57 0.8652
58 0.86564
59 0.867217
60 0.86792
61 0.86916
62 0.869569
63 0.871132
64 0.871472
65 0.872897
66 0.873296
67 0.874548
68 0.87517
69 0.876164
70 0.876754
71 0.877718
72 0.878263
73 0.879518
74 0.880033
75 0.880941
76 0.881434
77 0.88223
78 0.882834
79 0.883781
80 0.883915
81 0.884951
82 0.885497
83 0.886327
84 0.886814
85 0.887614
86 0.887855
87 0.8887
88 0.889017
89 0.889936
90 0.890234
91 0.8911
92 0.891544
93 0.892172
94 0.892547
95 0.893326
96 0.893575
97 0.894312
98 0.894674
99 0.895414
100 0.895796
101 0.896307
102 0.896616
103 0.897227
104 0.897485
105 0.898095
106 0.898378
107 0.898957
108 0.899327
109 0.899898
110 0.900324
111 0.90107
112 0.901214
113 0.901851
114 0.902106
115 0.902545
116 0.902743
117 0.903278
118 0.903684
119 0.904109
120 0.90441
121 0.904939
122 0.905193
123 0.905731
124 0.90607
125 0.906251
126 0.906623
127 0.907012
128 0.907278
129 0.907543
130 0.907816
131 0.908176
132 0.908481
133 0.90893
134 0.909051
135 0.909534
136 0.909872
137 0.910094
138 0.910254
139 0.91065
140 0.910891
141 0.911268
142 0.911496
143 0.911735
144 0.912021
145 0.912608
146 0.91284
147 0.913252
148 0.913342
149 0.913622
150 0.913964
151 0.914137
152 0.914432
153 0.914845
154 0.915141
155 0.915398
156 0.91573
157 0.916029
158 0.91626
159 0.916424
160 0.916521
161 0.916838
162 0.916986
163 0.917497
164 0.917598
165 0.917813
166 0.918069
167 0.918309
168 0.918414
169 0.918753
170 0.91889
171 0.91939
172 0.919439
173 0.919751
174 0.919929
175 0.92025
176 0.920388
177 0.920747
178 0.921
179 0.921189
180 0.921346
181 0.921685
182 0.921817
183 0.922078
184 0.922216
185 0.922421
186 0.922644
187 0.922855
188 0.92302
189 0.923206
190 0.923271
191 0.923602
192 0.923651
193 0.923962
194 0.92405
195 0.924366
196 0.924514
197 0.924818
198 0.924888
199 0.925216
200 0.925351
201 0.925586
202 0.925796
203 0.92596
204 0.926117
205 0.926249
206 0.926262
207 0.92654
208 0.926718
209 0.92687
210 0.92697
211 0.927189
212 0.927377
213 0.927583
214 0.927693
215 0.927974
216 0.9281
217 0.928157
218 0.928406
219 0.928591
220 0.9287
221 0.929059
222 0.929034
223 0.929251
224 0.929354
225 0.929685
226 0.929738
227 0.929998
228 0.930162
229 0.930296
230 0.930341
231 0.930456
232 0.930483
233 0.930709
234 0.930851
235 0.931014
236 0.931158
237 0.931235
238 0.931386
239 0.931644
240 0.931663
241 0.931834
242 0.932078
243 0.932141
244 0.93229
245 0.932289
246 0.932508
247 0.93262
248 0.932838
249 0.932885
250 0.932944
251 0.933062
252 0.933204
253 0.93342
254 0.933594
255 0.933777
256 0.933962
257 0.933987
258 0.934089
259 0.934206
260 0.934309
261 0.934552
262 0.934579
263 0.93465
264 0.934837
265 0.935001
266 0.935125
267 0.935327
268 0.935459
269 0.93564
270 0.935628
271 0.935785
272 0.935857
273 0.936025
274 0.936042
275 0.936184
276 0.936193
277 0.936323
278 0.936438
279 0.936527
280 0.936698
281 0.936736
282 0.93692
283 0.937052
284 0.93704
285 0.937259
286 0.937385
287 0.93747
288 0.93754
289 0.93759
290 0.937691
291 0.937744
292 0.937824
293 0.937977
294 0.938137
295 0.938184
296 0.938336
297 0.938445
298 0.938522
299 0.938647
300 0.938746
