1 0.499485
2 0.500515
3 0.608342
4 0.632935
5 0.540085
6 0.615816
7 0.574234
8 0.609183
9 0.672936
10 0.597974
11 0.609252
12 0.648879
13 0.671709
14 0.61827
15 0.634298
16 0.574869
17 0.684196
18 0.646254
19 0.670863
20 0.665315
21 0.688082
22 0.645806
23 0.635205
24 0.670448
25 0.651322
26 0.650176
27 0.67472
28 0.680292
29 0.680062
30 0.686233
31 0.680964
32 0.679446
33 0.668954
34 0.666919
35 0.680052
36 0.676235
37 0.678735
38 0.690373
39 0.699163
40 0.697414
41 0.709025
42 0.689296
43 0.694602
44 0.689736
45 0.690171
46 0.696195
47 0.692448
48 0.706379
49 0.69952
50 0.704382
51 0.709638
52 0.708596
53 0.707064
54 0.703777
55 0.699171
56 0.71334
57 0.711091
58 0.710181
59 0.712601
60 0.718323
61 0.704703
62 0.715969
63 0.721104
64 0.718452
65 0.723111
66 0.716037
67 0.722264
68 0.721625
69 0.714601
70 0.722218
71 0.727589
72 0.725059
73 0.715801
74 0.725181
75 0.731208
76 0.730198
77 0.726401
78 0.726299
79 0.731142
80 0.73316
81 0.729261
82 0.732593
83 0.735116
84 0.733311
85 0.7329
86 0.736489
87 0.734855
88 0.732942
89 0.73746
90 0.73818
91 0.736658
92 0.733029
93 0.737297
94 0.74202
95 0.741067
96 0.740538
97 0.739912
98 0.743394
99 0.741498
100 0.742719
101 0.743513
102 0.749112
103 0.745474
104 0.748312
105 0.750576
106 0.753207
107 0.747397
108 0.746121
109 0.749306
110 0.750378
111 0.745707
112 0.751565
113 0.751169
114 0.750912
115 0.749959
116 0.753944
117 0.750595
118 0.754293
119 0.753884
120 0.756001
121 0.754701
122 0.751691
123 0.756635
124 0.758029
125 0.759656
126 0.754824
127 0.760509
128 0.759377
129 0.757394
130 0.758992
131 0.761424
132 0.761611
133 0.760333
134 0.758676
135 0.762086
136 0.76203
137 0.758856
138 0.763244
139 0.76267
140 0.762516
141 0.764238
142 0.765537
143 0.762816
144 0.762744
145 0.76702
146 0.768123
147 0.765432
148 0.76859
149 0.766422
150 0.767805
151 0.767401
152 0.768174
153 0.770577
154 0.767331
155 0.772244
156 0.76964
157 0.765846
158 0.769975
159 0.771433
160 0.771315
161 0.768802
162 0.770984
163 0.775445
164 0.77279
165 0.774235
166 0.775991
167 0.77309
168 0.773492
169 0.774025
170 0.77555
171 0.774199
172 0.773739
173 0.777307
174 0.775553
175 0.775928
176 0.775525
177 0.777891
178 0.777774
179 0.77829
180 0.779154
181 0.779202
182 0.778006
183 0.779117
184 0.779032
185 0.78106
186 0.778986
187 0.781563
188 0.779824
189 0.779873
190 0.780549
191 0.783136
192 0.782204
193 0.781057
194 0.781812
195 0.78282
196 0.78231
197 0.783705
198 0.785721
199 0.785476
200 0.78419
201 0.784271
202 0.787403
203 0.785164
204 0.787008
205 0.785975
206 0.785377
207 0.786263
208 0.78832
209 0.78784
210 0.78823
211 0.786253
212 0.787649
213 0.787806
214 0.787456
215 0.788055
216 0.78955
217 0.787709
218 0.789376
219 0.791243
220 0.791011
221 0.791379
222 0.79002
223 0.790846
224 0.790559
225 0.790538
226 0.792984
227 0.793222
228 0.792266
229 0.79308
230 0.792628
231 0.793676
232 0.794042
233 0.793561
234 0.79326
235 0.792032
236 0.795015
237 0.794646
238 0.79474
239 0.795741
240 0.794922
241 0.798203
242 0.796283
243 0.794959
244 0.795389
245 0.798257
246 0.796687
247 0.797208
248 0.796895
249 0.79687
250 0.798032
251 0.79765
252 0.797761
253 0.7984
254 0.797789
255 0.799068
256 0.800677
257 0.799726
258 0.799574
259 0.798674
260 0.800436
261 0.799217
262 0.801635
263 0.800781
264 0.801248
265 0.800156
266 0.801769
267 0.800479
268 0.802697
269 0.80299
270 0.802303
271 0.80301
272 0.802626
273 0.801114
274 0.8036
275 0.803317
276 0.804354
277 0.803489
278 0.803926
279 0.803879
280 0.805308
281 0.802862
282 0.803804
283 0.804119
284 0.803841
285 0.804775
286 0.805606
287 0.806097
288 0.806401
289 0.804425
290 0.807227
291 0.806114
292 0.806437
293 0.805581
294 0.806543
295 0.807125
296 0.806178
297 0.806684
298 0.806906
299 0.807103
300 0.807418
