1 0.0724242
2 0.122242
3 0.0572531
4 0.0766281
5 0.0478151
6 0.0666153
7 0.0412693
8 0.0526818
9 0.0364252
10 0.0476474
11 0.0326839
12 0.0402855
13 0.0297151
14 0.0369299
15 0.027321
16 0.032411
17 0.0250062
18 0.0304249
19 0.0231811
20 0.0265352
21 0.0217672
22 0.0251688
23 0.0202629
24 0.0228405
25 0.0190863
26 0.0218346
27 0.0180942
28 0.0199402
29 0.0171169
30 0.019134
31 0.0162794
32 0.0178387
33 0.0155896
34 0.0171586
35 0.0147947
36 0.0160297
37 0.01415
38 0.0154593
39 0.0136451
40 0.0145761
41 0.0130423
42 0.0141237
43 0.0125313
44 0.0133649
45 0.0121063
46 0.0129721
47 0.0116241
48 0.0123435
49 0.0112164
50 0.011969
51 0.0109315
52 0.0114605
53 0.0105464
54 0.0112079
55 0.0102041
56 0.0107207
57 0.00993564
58 0.0104168
59 0.00959151
60 0.0100359
61 0.00930413
62 0.00978186
63 0.00910598
64 0.00945094
65 0.00881965
66 0.0092257
67 0.00857221
68 0.00890926
69 0.00838981
70 0.00871488
71 0.00814174
72 0.00845814
73 0.00792438
74 0.00822733
75 0.00775275
76 0.00798779
77 0.00755327
78 0.00783053
79 0.00737683
80 0.00763929
81 0.00725179
82 0.0074648
83 0.00706429
84 0.00727781
85 0.00689471
86 0.00714585
87 0.00678853
88 0.00697326
89 0.00661843
90 0.00683723
91 0.00647958
92 0.00666409
93 0.00639961
94 0.00655204
95 0.00621834
96 0.006425
97 0.00611387
98 0.00629472
99 0.00601672
100 0.00615539
101 0.00589905
102 0.00605897
103 0.00581073
104 0.00594858
105 0.00571811
106 0.00585062
107 0.00559495
108 0.00573693
109 0.00549954
110 0.00563402
111 0.00541574
112 0.00553819
113 0.00531963
114 0.00544142
115 0.00523203
116 0.00535022
117 0.00515766
118 0.00526821
119 0.00505881
120 0.00517651
121 0.00499
122 0.00509846
123 0.00492972
124 0.00499884
125 0.00484393
126 0.00493864
127 0.00476105
128 0.00486632
129 0.0047136
130 0.00480211
131 0.00464054
132 0.00473611
133 0.0045792
134 0.00466917
135 0.00451647
136 0.00458608
137 0.00445516
138 0.00454831
139 0.0043965
140 0.00447788
141 0.00434528
142 0.004411
143 0.00428867
144 0.00435532
145 0.00420123
146 0.00428206
147 0.00415471
148 0.00422612
149 0.00411394
150 0.00417933
151 0.00405303
152 0.00412368
153 0.00400648
154 0.00405957
155 0.00394699
156 0.00400512
157 0.00389241
158 0.00395249
159 0.00385721
160 0.00391806
161 0.00381366
162 0.00387584
163 0.00376408
164 0.00381775
165 0.00373656
166 0.00377857
167 0.00368391
168 0.00374649
169 0.00364629
170 0.00370376
171 0.00359525
172 0.00365016
173 0.00356386
174 0.00361194
175 0.00352084
176 0.0035656
177 0.00348731
178 0.00352287
179 0.00343656
180 0.00348259
181 0.00339599
182 0.00344003
183 0.00337499
184 0.00341434
185 0.00333576
186 0.00338156
187 0.00329936
188 0.00334367
189 0.00327756
190 0.0033139
191 0.00323042
192 0.00327866
193 0.00320461
194 0.00324425
195 0.00317136
196 0.00320614
197 0.00313382
198 0.00317854
199 0.00309815
200 0.00313768
201 0.00307464
202 0.00310257
203 0.00304447
204 0.00307961
205 0.0030192
206 0.00305596
207 0.00299316
208 0.00302133
209 0.00296545
210 0.00300308
211 0.00293932
212 0.00296865
213 0.00291298
214 0.00294818
215 0.00288073
216 0.00291436
217 0.00286547
218 0.00289204
219 0.00283797
220 0.00286851
221 0.0027961
222 0.00283905
223 0.00278427
224 0.00281323
225 0.00275867
226 0.00278806
227 0.00272752
228 0.0027594
229 0.00271056
230 0.00274166
231 0.00269329
232 0.00271904
233 0.00266948
234 0.00269384
235 0.0026439
236 0.00266847
237 0.00263031
238 0.00265
239 0.0026009
240 0.00262973
241 0.0025798
242 0.00259919
243 0.00256307
244 0.00258063
245 0.00254401
246 0.00256038
247 0.00251521
248 0.00253371
249 0.00250074
250 0.00252006
251 0.00248112
252 0.00250035
253 0.00245863
254 0.00247385
255 0.00243665
256 0.00245168
257 0.00241881
258 0.00243835
259 0.00239909
260 0.00242316
261 0.00238412
262 0.00240485
263 0.00236936
264 0.00238709
265 0.00234287
266 0.002365
267 0.00232497
268 0.00234127
269 0.00230135
270 0.00232229
271 0.00228431
272 0.00230697
273 0.00227486
274 0.00229733
275 0.00226345
276 0.00228574
277 0.00225189
278 0.00227126
279 0.00223632
280 0.00225526
281 0.00222062
282 0.00223857
283 0.00220135
284 0.00222503
285 0.00218757
286 0.00220048
287 0.00217386
288 0.00219523
289 0.00216656
290 0.00218207
291 0.0021541
292 0.00217085
293 0.00213619
294 0.00215021
295 0.00212048
296 0.00213726
297 0.00211233
298 0.00212573
299 0.00209349
300 0.00211381
