1 0.499941
2 0.517912
3 0.52989
4 0.53763
5 0.544568
6 0.549271
7 0.553846
8 0.557694
9 0.56122
10 0.564174
11 0.56678
12 0.569521
13 0.571844
14 0.573929
15 0.575803
16 0.577649
17 0.579363
18 0.580897
19 0.582368
20 0.58377
21 0.585104
22 0.586379
23 0.587647
24 0.588665
25 0.589675
26 0.590661
27 0.591665
28 0.592629
29 0.593606
30 0.594489
31 0.595298
32 0.596129
33 0.596903
34 0.59769
35 0.598421
36 0.599159
37 0.599841
38 0.600508
39 0.601133
40 0.60177
41 0.602362
42 0.602949
43 0.603507
44 0.604041
45 0.604573
46 0.605079
47 0.605578
48 0.606095
49 0.606564
50 0.607018
51 0.607462
52 0.607899
53 0.608354
54 0.608792
55 0.609204
56 0.609609
57 0.610017
58 0.610424
59 0.610793
60 0.611157
61 0.611518
62 0.611883
63 0.612237
64 0.612588
65 0.612935
66 0.613261
67 0.613608
68 0.613928
69 0.614248
70 0.614549
71 0.614849
72 0.615145
73 0.615433
74 0.615725
75 0.616014
76 0.616297
77 0.616571
78 0.616838
79 0.617099
80 0.617352
81 0.617609
82 0.617862
83 0.61811
84 0.618356
85 0.618593
86 0.618838
87 0.619074
88 0.619307
89 0.619535
90 0.619761
91 0.619977
92 0.620192
93 0.6204
94 0.620606
95 0.620813
96 0.621014
97 0.621213
98 0.621406
99 0.621598
100 0.621797
101 0.621985
102 0.622175
103 0.622357
104 0.622542
105 0.622731
106 0.622909
107 0.623086
108 0.623267
109 0.623436
110 0.623599
111 0.623768
112 0.623932
113 0.624098
114 0.624269
115 0.624428
116 0.624577
117 0.624737
118 0.624892
119 0.625052
120 0.625205
121 0.625356
122 0.625505
123 0.62565
124 0.625799
125 0.625942
126 0.626087
127 0.626228
128 0.626364
129 0.626504
130 0.626634
131 0.626769
132 0.626909
133 0.627043
134 0.627168
135 0.627299
136 0.627422
137 0.627547
138 0.627677
139 0.627805
140 0.627927
141 0.628049
142 0.628173
143 0.628293
144 0.628418
145 0.628536
146 0.628657
147 0.628777
148 0.62889
149 0.62901
150 0.629121
151 0.629231
152 0.62934
153 0.62945
154 0.629567
155 0.62968
156 0.629787
157 0.6299
158 0.63001
159 0.63012
160 0.630223
161 0.630328
162 0.630428
163 0.630531
164 0.630627
165 0.630721
166 0.63082
167 0.630919
168 0.631017
169 0.631112
170 0.6312
171 0.631292
172 0.631382
173 0.631474
174 0.631562
175 0.631653
176 0.631741
177 0.631827
178 0.631913
179 0.631997
180 0.632083
181 0.632168
182 0.632248
183 0.632333
184 0.632419
185 0.6325
186 0.632579
187 0.632659
188 0.63274
189 0.632821
190 0.632902
191 0.63298
192 0.633059
193 0.63314
194 0.633219
195 0.633294
196 0.633365
197 0.633438
198 0.633512
199 0.633583
200 0.633654
201 0.633721
202 0.633792
203 0.633862
204 0.63393
205 0.634001
206 0.634073
207 0.634142
208 0.63421
209 0.63428
210 0.634349
211 0.634414
212 0.634479
213 0.634545
214 0.634615
215 0.634679
216 0.634741
217 0.634807
218 0.634872
219 0.634938
220 0.635002
221 0.635062
222 0.635122
223 0.63518
224 0.63524
225 0.635304
226 0.635364
227 0.635426
228 0.635484
229 0.63554
230 0.635602
231 0.635665
232 0.635723
233 0.635783
234 0.635837
235 0.635896
236 0.63595
237 0.636003
238 0.636057
239 0.636112
240 0.636167
241 0.636223
242 0.636279
243 0.636332
244 0.636386
245 0.63644
246 0.636493
247 0.636544
248 0.636596
249 0.636649
250 0.636704
251 0.636753
252 0.6368
253 0.636851
254 0.6369
255 0.636948
256 0.636998
257 0.637047
258 0.637095
259 0.637146
260 0.637193
261 0.637243
262 0.637288
263 0.637336
264 0.637383
265 0.637431
266 0.637476
267 0.637525
268 0.637569
269 0.637615
270 0.637661
271 0.637704
272 0.63775
273 0.637796
274 0.637838
275 0.637879
276 0.637923
277 0.637965
278 0.638007
279 0.638049
280 0.638094
281 0.638137
282 0.638178
283 0.638218
284 0.63826
285 0.638303
286 0.638344
287 0.638385
288 0.638429
289 0.638466
290 0.638507
291 0.638549
292 0.63859
293 0.638632
294 0.638673
295 0.638713
296 0.638755
297 0.638795
298 0.638834
299 0.638876
300 0.638916
