1 0.499941
2 0.535884
3 0.553846
4 0.560848
5 0.572323
6 0.572781
7 0.581301
8 0.584631
9 0.589425
10 0.590757
11 0.592844
12 0.599675
13 0.599713
14 0.60104
15 0.60203
16 0.605348
17 0.606782
18 0.606979
19 0.608842
20 0.610419
21 0.61178
22 0.613159
23 0.615536
24 0.61207
25 0.613919
26 0.615321
27 0.617752
28 0.618663
29 0.620963
30 0.620113
31 0.619552
32 0.621895
33 0.621657
34 0.623684
35 0.623257
36 0.625005
37 0.624382
38 0.625204
39 0.624881
40 0.626605
41 0.626049
42 0.627012
43 0.626933
44 0.626984
45 0.627979
46 0.627855
47 0.628532
48 0.630417
49 0.629051
50 0.6293
51 0.629649
52 0.630195
53 0.632024
54 0.631958
55 0.631463
56 0.631906
57 0.632839
58 0.633637
59 0.632218
60 0.632625
61 0.633186
62 0.634102
63 0.634179
64 0.634719
65 0.635171
66 0.634429
67 0.636503
68 0.635412
69 0.635944
70 0.635358
71 0.635855
72 0.636122
73 0.636232
74 0.636988
75 0.637426
76 0.637543
77 0.637346
78 0.637391
79 0.637446
80 0.637414
81 0.638169
82 0.638327
83 0.638412
84 0.63879
85 0.638474
86 0.639676
87 0.639395
88 0.639554
89 0.639624
90 0.639904
91 0.639339
92 0.639832
93 0.639528
94 0.639699
95 0.640276
96 0.640183
97 0.640248
98 0.640191
99 0.640413
100 0.64148
101 0.640751
102 0.641364
103 0.640913
104 0.641644
105 0.642345
106 0.641672
107 0.641767
108 0.642693
109 0.641631
110 0.641354
111 0.64241
112 0.642127
113 0.642684
114 0.643629
115 0.642501
116 0.641789
117 0.643298
118 0.642932
119 0.643955
120 0.643442
121 0.643462
122 0.643577
123 0.643288
124 0.644076
125 0.643752
126 0.644138
127 0.64411
128 0.643525
129 0.644419
130 0.643427
131 0.644334
132 0.64529
133 0.644704
134 0.643845
135 0.64477
136 0.644074
137 0.644501
138 0.645463
139 0.645538
140 0.644831
141 0.645151
142 0.645644
143 0.645358
144 0.646241
145 0.645649
146 0.646138
147 0.646355
148 0.645447
149 0.646743
150 0.645741
151 0.645693
152 0.645751
153 0.646265
154 0.647405
155 0.647065
156 0.646464
157 0.647477
158 0.647293
159 0.647421
160 0.646669
161 0.647125
162 0.646576
163 0.647213
164 0.646256
165 0.646116
166 0.647047
167 0.647386
168 0.647346
169 0.647077
170 0.646224
171 0.646784
172 0.646807
173 0.647281
174 0.646879
175 0.647452
176 0.647076
177 0.647112
178 0.646999
179 0.647013
180 0.647499
181 0.647369
182 0.646838
183 0.647684
184 0.648245
185 0.647328
186 0.647209
187 0.647667
188 0.647724
189 0.648201
190 0.648119
191 0.647815
192 0.648208
193 0.648547
194 0.648481
195 0.647861
196 0.647284
197 0.64782
198 0.647906
199 0.647758
200 0.647787
201 0.647061
202 0.64808
203 0.647929
204 0.647789
205 0.648522
206 0.64873
207 0.648473
208 0.648278
209 0.648801
210 0.648844
211 0.648124
212 0.64802
213 0.648575
214 0.649529
215 0.648485
216 0.647954
217 0.64903
218 0.649092
219 0.64919
220 0.649031
221 0.648296
222 0.648343
223 0.648123
224 0.648584
225 0.649604
226 0.648992
227 0.649406
228 0.648567
229 0.648442
230 0.649662
231 0.650189
232 0.649233
233 0.649537
234 0.648496
235 0.649756
236 0.64864
237 0.648441
238 0.648784
239 0.649294
240 0.649223
241 0.649869
242 0.649734
243 0.649003
244 0.649493
245 0.649621
246 0.649508
247 0.649234
248 0.649265
249 0.649857
250 0.650513
251 0.649011
252 0.648625
253 0.649476
254 0.649404
255 0.649025
256 0.649923
257 0.64967
258 0.649386
259 0.650151
260 0.649327
261 0.65046
262 0.648862
263 0.649844
264 0.649829
265 0.65017
266 0.649315
267 0.650568
268 0.649281
269 0.649957
270 0.650084
271 0.649459
272 0.649984
273 0.650478
274 0.649169
275 0.649117
276 0.650165
277 0.64963
278 0.649501
279 0.649592
280 0.650795
281 0.650256
282 0.649604
283 0.649549
284 0.649997
285 0.650525
286 0.650238
287 0.6501
288 0.650868
289 0.649144
290 0.650555
291 0.650636
292 0.650385
293 0.651055
294 0.650488
295 0.650468
296 0.651202
297 0.650628
298 0.65058
299 0.651429
300 0.650717
