1 0.5
2 0.498711
3 0.497093
4 0.496284
5 0.494742
6 0.494675
7 0.493346
8 0.492786
9 0.491939
10 0.491695
11 0.491305
12 0.489965
13 0.489957
14 0.489685
15 0.48948
16 0.488776
17 0.488465
18 0.488422
19 0.48801
20 0.487656
21 0.487346
22 0.487027
23 0.486469
24 0.487279
25 0.48685
26 0.48652
27 0.485937
28 0.485716
29 0.485148
30 0.485359
31 0.485498
32 0.484915
33 0.484974
34 0.484461
35 0.48457
36 0.484122
37 0.484283
38 0.484071
39 0.484154
40 0.483706
41 0.483852
42 0.4836
43 0.48362
44 0.483607
45 0.483345
46 0.483377
47 0.483198
48 0.482692
49 0.483059
50 0.482993
51 0.482899
52 0.482752
53 0.482255
54 0.482273
55 0.482409
56 0.482288
57 0.482032
58 0.481811
59 0.482202
60 0.48209
61 0.481936
62 0.481682
63 0.48166
64 0.48151
65 0.481383
66 0.481591
67 0.481007
68 0.481315
69 0.481165
70 0.48133
71 0.48119
72 0.481115
73 0.481084
74 0.480869
75 0.480744
76 0.48071
77 0.480767
78 0.480754
79 0.480738
80 0.480747
81 0.480531
82 0.480485
83 0.480461
84 0.480352
85 0.480443
86 0.480095
87 0.480177
88 0.480131
89 0.48011
90 0.480029
91 0.480193
92 0.48005
93 0.480138
94 0.480088
95 0.47992
96 0.479947
97 0.479928
98 0.479945
99 0.47988
100 0.479567
101 0.479781
102 0.479601
103 0.479733
104 0.479518
105 0.47931
106 0.47951
107 0.479482
108 0.479207
109 0.479522
110 0.479604
111 0.479291
112 0.479375
113 0.47921
114 0.478927
115 0.479264
116 0.479475
117 0.479026
118 0.479136
119 0.478829
120 0.478983
121 0.478977
122 0.478943
123 0.479029
124 0.478793
125 0.47889
126 0.478774
127 0.478783
128 0.478958
129 0.47869
130 0.478988
131 0.478715
132 0.478426
133 0.478604
134 0.478862
135 0.478584
136 0.478794
137 0.478665
138 0.478373
139 0.478351
140 0.478565
141 0.478468
142 0.478318
143 0.478405
144 0.478136
145 0.478317
146 0.478168
147 0.478101
148 0.478378
149 0.477982
150 0.478289
151 0.478303
152 0.478286
153 0.478129
154 0.477779
155 0.477883
156 0.478068
157 0.477756
158 0.477813
159 0.477774
160 0.478005
161 0.477865
162 0.478034
163 0.477838
164 0.478132
165 0.478174
166 0.477889
167 0.477784
168 0.477797
169 0.47788
170 0.478141
171 0.47797
172 0.477963
173 0.477817
174 0.477941
175 0.477764
176 0.47788
177 0.477869
178 0.477904
179 0.477899
180 0.47775
181 0.47779
182 0.477953
183 0.477692
184 0.477519
185 0.477802
186 0.477839
187 0.477698
188 0.47768
189 0.477532
190 0.477558
191 0.477652
192 0.47753
193 0.477425
194 0.477445
195 0.477638
196 0.477816
197 0.47765
198 0.477624
199 0.47767
200 0.477661
201 0.477885
202 0.47757
203 0.477617
204 0.47766
205 0.477433
206 0.477368
207 0.477448
208 0.477508
209 0.477346
210 0.477332
211 0.477556
212 0.477588
213 0.477416
214 0.477118
215 0.477444
216 0.477609
217 0.477274
218 0.477255
219 0.477224
220 0.477274
221 0.477503
222 0.477488
223 0.477557
224 0.477413
225 0.477095
226 0.477286
227 0.477157
228 0.477419
229 0.477457
230 0.477076
231 0.476911
232 0.477211
233 0.477116
234 0.477441
235 0.477047
236 0.477396
237 0.477458
238 0.477351
239 0.477192
240 0.477214
241 0.477011
242 0.477054
243 0.477283
244 0.477129
245 0.477089
246 0.477125
247 0.477211
248 0.477201
249 0.477015
250 0.476809
251 0.47728
252 0.477401
253 0.477135
254 0.477157
255 0.477276
256 0.476994
257 0.477074
258 0.477163
259 0.476923
260 0.477181
261 0.476825
262 0.477327
263 0.477019
264 0.477024
265 0.476917
266 0.477185
267 0.476791
268 0.477196
269 0.476984
270 0.476944
271 0.47714
272 0.476975
273 0.47682
274 0.477231
275 0.477247
276 0.476918
277 0.477086
278 0.477127
279 0.477098
280 0.47672
281 0.47689
282 0.477095
283 0.477112
284 0.476971
285 0.476805
286 0.476895
287 0.476939
288 0.476696
289 0.477239
290 0.476795
291 0.47677
292 0.476849
293 0.476637
294 0.476817
295 0.476823
296 0.476591
297 0.476772
298 0.476787
299 0.476519
300 0.476744
