1 0.16232
2 0.126645
3 0.108824
4 0.101186
5 0.0896487
6 0.0879691
7 0.0807761
8 0.0778073
9 0.0726322
10 0.0707536
11 0.0694929
12 0.0634399
13 0.0626776
14 0.0615961
15 0.0602015
16 0.0569365
17 0.0551375
18 0.0549899
19 0.0534903
20 0.0521057
21 0.0504219
22 0.0500229
23 0.0475708
24 0.0489438
25 0.0490317
26 0.046661
27 0.044355
28 0.0439556
29 0.0423452
30 0.042012
31 0.0426455
32 0.0406432
33 0.0402532
34 0.0390193
35 0.0389548
36 0.0377822
37 0.0386157
38 0.0373165
39 0.0370775
40 0.0358685
41 0.0362808
42 0.035122
43 0.0356453
44 0.0348622
45 0.0342269
46 0.0341925
47 0.0330284
48 0.0326934
49 0.0322016
50 0.032714
51 0.0321466
52 0.0318324
53 0.0309465
54 0.0308407
55 0.0306647
56 0.0302463
57 0.0297311
58 0.0292881
59 0.0296949
60 0.0298513
61 0.0292188
62 0.0286094
63 0.0277695
64 0.0280018
65 0.0268996
66 0.0274931
67 0.0265629
68 0.0272932
69 0.027393
70 0.0266691
71 0.0264053
72 0.026101
73 0.0257302
74 0.0256126
75 0.0254064
76 0.0250889
77 0.0250198
78 0.025184
79 0.0248226
80 0.0247317
81 0.0243106
82 0.0240163
83 0.0239304
84 0.0237949
85 0.0235312
86 0.0231298
87 0.022978
88 0.0228972
89 0.023201
90 0.0229096
91 0.0228446
92 0.0225255
93 0.022709
94 0.0225517
95 0.0220966
96 0.0218158
97 0.0214575
98 0.021673
99 0.0214251
100 0.0212292
101 0.0212189
102 0.0212221
103 0.0209105
104 0.0210556
105 0.0210485
106 0.0208014
107 0.0204332
108 0.0199856
109 0.0200587
110 0.0200193
111 0.0199875
112 0.0198084
113 0.0199147
114 0.0195776
115 0.0195296
116 0.0196507
117 0.0192976
118 0.0193374
119 0.0192348
120 0.0192562
121 0.0190368
122 0.0188755
123 0.0184764
124 0.0185619
125 0.0183708
126 0.0184449
127 0.018541
128 0.0185325
129 0.0181163
130 0.0179622
131 0.0178564
132 0.0178476
133 0.0180071
134 0.0179409
135 0.0177321
136 0.0176249
137 0.0174512
138 0.0173589
139 0.0171502
140 0.0171619
141 0.0170639
142 0.0169956
143 0.0168791
144 0.0168232
145 0.0168398
146 0.0168732
147 0.0166276
148 0.016595
149 0.016408
150 0.0164011
151 0.0164768
152 0.0164847
153 0.0162864
154 0.0163085
155 0.0160363
156 0.0161116
157 0.0160879
158 0.0159051
159 0.0157792
160 0.0156344
161 0.0156287
162 0.0154976
163 0.0153698
164 0.0156058
165 0.0155741
166 0.0154362
167 0.0154479
168 0.0154299
169 0.0152733
170 0.0153637
171 0.0151932
172 0.0151779
173 0.0152467
174 0.0151074
175 0.0151592
176 0.0149817
177 0.0150029
178 0.0150409
179 0.0150253
180 0.0149904
181 0.0150236
182 0.0149721
183 0.0148689
184 0.0148174
185 0.0147136
186 0.0145647
187 0.0147686
188 0.0148109
189 0.0145438
190 0.0146547
191 0.0145814
192 0.0144944
193 0.0145513
194 0.0145547
195 0.0144376
196 0.0144349
197 0.0144607
198 0.0142845
199 0.0142794
200 0.0141333
201 0.0141697
202 0.014345
203 0.014288
204 0.0141823
205 0.0141231
206 0.0139698
207 0.0139011
208 0.0138546
209 0.0139355
210 0.0137819
211 0.0139833
212 0.013966
213 0.01366
214 0.0136986
215 0.0137394
216 0.013878
217 0.0137499
218 0.0137206
219 0.0136865
220 0.0137593
221 0.0137126
222 0.0135941
223 0.0135427
224 0.013586
225 0.0133858
226 0.0135187
227 0.0134854
228 0.0134304
229 0.0134654
230 0.0135381
231 0.0134264
232 0.0133189
233 0.0132444
234 0.0132066
235 0.0132532
236 0.013358
237 0.0132638
238 0.0131988
239 0.0131793
240 0.0131497
241 0.0132437
242 0.0131732
243 0.0132083
244 0.0130372
245 0.0130345
246 0.0131092
247 0.0129017
248 0.0128879
249 0.0128556
250 0.0128437
251 0.0128972
252 0.0128844
253 0.0128518
254 0.0128087
255 0.0129363
256 0.0128363
257 0.012756
258 0.0126572
259 0.0126264
260 0.0127009
261 0.0126226
262 0.0127194
263 0.0126206
264 0.0126553
265 0.0125832
266 0.0125774
267 0.0124672
268 0.0123729
269 0.0123616
270 0.0123558
271 0.01239
272 0.0124413
273 0.0123274
274 0.012443
275 0.0122774
276 0.0122702
277 0.012223
278 0.0121432
279 0.0121237
280 0.0121951
281 0.0121881
282 0.0123116
283 0.0122516
284 0.0121486
285 0.0120394
286 0.0119974
287 0.0120322
288 0.0120726
289 0.0118502
290 0.0119731
291 0.0119692
292 0.0120566
293 0.0119058
294 0.0118594
295 0.0117026
296 0.0117829
297 0.0118565
298 0.0117232
299 0.0117324
300 0.0117281
