1 0.16232
2 0.144482
3 0.132596
4 0.124744
5 0.117725
6 0.112765
7 0.108196
8 0.104397
9 0.100868
10 0.0978562
11 0.0952777
12 0.0926245
13 0.0903209
14 0.0882691
15 0.086398
16 0.0845566
17 0.0828261
18 0.0812796
19 0.079817
20 0.0784315
21 0.0770977
22 0.075867
23 0.0746367
24 0.0735662
25 0.0725848
26 0.0715877
27 0.0705791
28 0.0696283
29 0.0686875
30 0.0677983
31 0.0669869
32 0.0661637
33 0.0653785
34 0.0646033
35 0.0638704
36 0.0631458
37 0.0624828
38 0.0618205
39 0.0611861
40 0.0605531
41 0.0599611
42 0.0593697
43 0.058818
44 0.0582735
45 0.0577392
46 0.0572273
47 0.0567124
48 0.056212
49 0.055722
50 0.0552619
51 0.0548086
52 0.0543668
53 0.0539249
54 0.0534974
55 0.0530823
56 0.0526745
57 0.052272
58 0.0518757
59 0.0514997
60 0.0511389
61 0.0507796
62 0.050422
63 0.0500624
64 0.0497177
65 0.0493667
66 0.0490353
67 0.0486999
68 0.0483851
69 0.0480808
70 0.0477749
71 0.047474
72 0.0471771
73 0.0468833
74 0.0465959
75 0.0463134
76 0.0460341
77 0.0457612
78 0.0454974
79 0.0452357
80 0.0449794
81 0.0447242
82 0.0444717
83 0.0442242
84 0.043981
85 0.0437404
86 0.0435007
87 0.0432648
88 0.0430334
89 0.0428105
90 0.0425894
91 0.0423724
92 0.0421567
93 0.0419476
94 0.0417413
95 0.0415345
96 0.0413291
97 0.0411242
98 0.0409257
99 0.0407288
100 0.0405338
101 0.0403425
102 0.0401551
103 0.0399682
104 0.0397864
105 0.0396079
106 0.0394305
107 0.039253
108 0.0390745
109 0.0389001
110 0.0387284
111 0.0385596
112 0.0383922
113 0.0382287
114 0.0380651
115 0.0379039
116 0.0377465
117 0.0375888
118 0.0374342
119 0.0372812
120 0.037131
121 0.0369815
122 0.0368331
123 0.0366838
124 0.0365377
125 0.0363924
126 0.0362499
127 0.0361105
128 0.0359732
129 0.0358347
130 0.0356972
131 0.0355611
132 0.0354269
133 0.0352959
134 0.0351664
135 0.0350372
136 0.0349092
137 0.0347818
138 0.0346555
139 0.0345296
140 0.0344055
141 0.0342825
142 0.0341608
143 0.0340399
144 0.0339204
145 0.0338026
146 0.0336866
147 0.0335706
148 0.0334559
149 0.0333415
150 0.0332285
151 0.0331176
152 0.0330082
153 0.0328989
154 0.0327911
155 0.032683
156 0.0325768
157 0.0324718
158 0.0323669
159 0.0322626
160 0.0321587
161 0.032056
162 0.0319538
163 0.0318521
164 0.031753
165 0.0316549
166 0.0315572
167 0.0314608
168 0.0313654
169 0.0312701
170 0.0311766
171 0.0310831
172 0.0309906
173 0.0308996
174 0.0308089
175 0.0307194
176 0.03063
177 0.0305417
178 0.0304547
179 0.0303685
180 0.030283
181 0.0301987
182 0.0301151
183 0.0300317
184 0.0299491
185 0.0298667
186 0.0297844
187 0.0297041
188 0.0296249
189 0.0295451
190 0.0294667
191 0.0293888
192 0.0293112
193 0.0292348
194 0.0291591
195 0.0290836
196 0.0290089
197 0.028935
198 0.028861
199 0.0287877
200 0.0287145
201 0.0286421
202 0.0285713
203 0.028501
204 0.0284308
205 0.028361
206 0.0282911
207 0.0282216
208 0.0281525
209 0.0280845
210 0.0280164
211 0.0279499
212 0.0278839
213 0.0278172
214 0.0277512
215 0.027686
216 0.0276221
217 0.0275582
218 0.0274947
219 0.0274316
220 0.0273695
221 0.0273077
222 0.0272459
223 0.0271845
224 0.0271238
225 0.0270627
226 0.0270028
227 0.0269432
228 0.026884
229 0.0268254
230 0.0267676
231 0.0267098
232 0.0266521
233 0.0265946
234 0.0265374
235 0.0264808
236 0.0264252
237 0.0263697
238 0.0263144
239 0.0262594
240 0.0262048
241 0.026151
242 0.0260974
243 0.0260443
244 0.025991
245 0.0259381
246 0.025886
247 0.0258334
248 0.0257812
249 0.0257293
250 0.0256778
251 0.0256268
252 0.0255763
253 0.025526
254 0.0254759
255 0.0254267
256 0.0253776
257 0.0253284
258 0.0252793
259 0.0252305
260 0.0251823
261 0.0251342
262 0.0250868
263 0.0250394
264 0.0249925
265 0.0249456
266 0.0248991
267 0.0248526
268 0.024806
269 0.0247598
270 0.0247138
271 0.0246683
272 0.0246234
273 0.0245784
274 0.0245341
275 0.0244895
276 0.0244452
277 0.0244011
278 0.024357
279 0.0243132
280 0.0242699
281 0.0242269
282 0.0241846
283 0.0241425
284 0.0241002
285 0.0240579
286 0.0240157
287 0.023974
288 0.0239327
289 0.0238909
290 0.0238498
291 0.0238089
292 0.0237687
293 0.0237282
294 0.0236878
295 0.0236472
296 0.0236071
297 0.0235676
298 0.0235278
299 0.0234884
300 0.0234492
