1 0
2 0.333333
3 0.222222
4 0.263158
5 0.210526
6 0.212121
7 0.181818
8 0.188235
9 0.176471
10 0.180822
11 0.168297
12 0.17316
13 0.164502
14 0.157807
15 0.155685
16 0.154908
17 0.152556
18 0.149917
19 0.145726
20 0.144557
21 0.141788
22 0.141082
23 0.138674
24 0.13558
25 0.134202
26 0.133378
27 0.131007
28 0.130567
29 0.128215
30 0.126462
31 0.125043
32 0.123895
33 0.122388
34 0.121273
35 0.119779
36 0.118366
37 0.116969
38 0.115849
39 0.114553
40 0.113736
41 0.112603
42 0.111844
43 0.11077
44 0.10972
45 0.108583
46 0.107809
47 0.106765
48 0.105899
49 0.105014
50 0.104083
51 0.103171
52 0.102517
53 0.101499
54 0.100671
55 0.0999303
56 0.0992554
57 0.0983629
58 0.0976316
59 0.0969318
60 0.0961971
61 0.0954312
62 0.0947964
63 0.0940453
64 0.0933732
65 0.0926417
66 0.0920766
67 0.0914451
68 0.090927
69 0.0901712
70 0.0895543
71 0.0890235
72 0.0884751
73 0.087885
74 0.0873781
75 0.0868028
76 0.0863214
77 0.0857871
78 0.085251
79 0.0847441
80 0.0843193
81 0.0837781
82 0.0833403
83 0.0827976
84 0.082346
85 0.0818729
86 0.0814633
87 0.0810068
88 0.0805577
89 0.0801398
90 0.0796838
91 0.0792747
92 0.0788752
93 0.0784361
94 0.0780071
95 0.0775905
96 0.0772285
97 0.0768408
98 0.0764531
99 0.0760549
100 0.0756808
