1 0.178383
2 0.0975238
3 0.189749
4 0.105934
5 0.0838069
6 0.11344
7 0.0813287
8 0.0801676
9 0.0799671
10 0.0742868
11 0.0650589
12 0.0696066
13 0.0638887
14 0.0596251
15 0.0598864
16 0.0576533
17 0.0527692
18 0.0531821
19 0.0522264
20 0.0480724
21 0.0476419
22 0.0462969
23 0.0441269
24 0.0437693
25 0.04291
26 0.0410118
27 0.0406228
28 0.0398396
29 0.0375563
30 0.0374943
31 0.0362671
32 0.035048
33 0.0354022
34 0.0343852
35 0.033176
36 0.0329405
37 0.0321245
38 0.0312377
39 0.0308316
40 0.0304353
41 0.0291599
42 0.0294679
43 0.0286776
44 0.028061
45 0.0278774
46 0.0270413
47 0.0266379
48 0.0261874
49 0.0260594
50 0.0252305
51 0.0252107
52 0.0247848
53 0.0239787
54 0.0240526
55 0.0235306
56 0.0231037
57 0.0228803
58 0.0226295
59 0.0221127
60 0.0219992
61 0.0216985
62 0.0211813
63 0.0212332
64 0.0207433
65 0.0204452
66 0.0203213
67 0.0200246
68 0.019682
69 0.0194307
70 0.019326
71 0.0188095
72 0.0189025
73 0.018517
74 0.0183019
75 0.0181443
76 0.0179074
77 0.0176501
78 0.0175395
79 0.0174329
80 0.0170378
81 0.0169727
82 0.0168099
83 0.0165049
84 0.0164507
85 0.0162648
86 0.0160523
87 0.0159477
88 0.015793
89 0.0155292
90 0.0155095
91 0.0152868
92 0.0151163
93 0.0150516
94 0.0148667
95 0.0146555
96 0.0145476
97 0.0144745
98 0.0142243
99 0.0142195
100 0.0140272
101 0.0138549
102 0.0138442
103 0.0136738
104 0.0135119
105 0.0134376
106 0.0133745
107 0.013177
108 0.013136
109 0.0130173
110 0.0128881
111 0.0128322
112 0.0126893
113 0.0125761
114 0.0125004
115 0.0124077
116 0.0122484
117 0.0122257
118 0.0121234
119 0.0119499
120 0.0119272
121 0.0118278
122 0.0116884
123 0.0116515
124 0.0115593
125 0.0114301
126 0.0114004
127 0.011288
128 0.0111753
129 0.0111408
130 0.0110784
131 0.0109381
132 0.0109045
133 0.0108332
134 0.0107313
135 0.0107225
136 0.0106008
137 0.0105165
138 0.0104751
139 0.0104109
140 0.0103059
141 0.0102634
142 0.010207
143 0.0101028
144 0.0100868
145 0.0100006
146 0.00990721
147 0.00988688
148 0.00980768
149 0.00970318
150 0.00967864
151 0.00961187
152 0.00954458
153 0.00951869
154 0.00945185
155 0.00937363
156 0.00933792
157 0.0092477
158 0.00916899
159 0.00915023
160 0.00910168
161 0.00902202
162 0.00899633
163 0.00895924
164 0.00887011
165 0.00884251
166 0.0087876
167 0.00873083
168 0.00871018
169 0.00865098
170 0.00859063
171 0.00855765
172 0.00851378
173 0.00843267
174 0.00840998
175 0.00834382
176 0.00828914
177 0.0082596
178 0.00820984
179 0.00815472
180 0.00813309
181 0.00808381
182 0.00801998
183 0.00799265
184 0.00793988
185 0.00789216
186 0.00787199
187 0.00782436
188 0.00779209
189 0.00776316
190 0.00773574
191 0.00768298
192 0.00765899
193 0.00762351
194 0.00757577
195 0.00753962
196 0.00749755
197 0.00745421
198 0.00743578
199 0.00738115
200 0.00733623
201 0.00732431
202 0.00727865
203 0.00724526
204 0.00721101
205 0.00719655
206 0.00714313
207 0.0071116
208 0.00709238
209 0.007055
210 0.00704407
211 0.00700447
212 0.00695588
213 0.00694671
214 0.00692004
215 0.00686126
216 0.00685087
217 0.00681948
218 0.00678838
219 0.00676425
220 0.00673762
221 0.00668605
222 0.00667377
223 0.006638
224 0.00659749
225 0.00658191
226 0.00655776
227 0.00651878
228 0.0064973
229 0.00646464
230 0.00643007
231 0.00641574
232 0.00636615
233 0.00634314
234 0.00632537
235 0.00629569
236 0.00627036
237 0.00624644
238 0.00620916
239 0.00617801
240 0.00615881
241 0.00612713
242 0.00608629
243 0.00607335
244 0.00604329
245 0.00601026
246 0.00599307
247 0.00597344
248 0.00594779
249 0.00592946
250 0.00590749
251 0.00588546
252 0.00585877
253 0.00583498
254 0.00580175
255 0.00578529
256 0.0057518
257 0.00573168
258 0.00571885
259 0.00570163
260 0.00567746
261 0.00566182
262 0.00563275
263 0.00560424
264 0.00559626
265 0.00556338
266 0.0055509
267 0.00553483
268 0.00551327
269 0.00548773
270 0.00547479
271 0.0054557
272 0.00543062
273 0.00541826
274 0.00539535
275 0.00536166
276 0.00534934
277 0.00532403
278 0.00530827
279 0.00528212
280 0.00527233
281 0.00525191
282 0.0052499
283 0.0052163
284 0.00519681
285 0.00518876
286 0.00516924
287 0.00514833
288 0.00513738
289 0.00510948
290 0.00509429
291 0.00508577
292 0.00506692
293 0.00504401
294 0.00503225
295 0.00501781
296 0.00499677
297 0.00498327
298 0.00496726
299 0.00494256
300 0.00493785
