1 0.45835
2 0.458343
3 0.458086
4 0.471094
5 0.473071
6 0.460229
7 0.459408
8 0.469348
9 0.470532
10 0.472667
11 0.470112
12 0.466726
13 0.468158
14 0.465734
15 0.468242
16 0.471768
17 0.471993
18 0.469464
19 0.471002
20 0.470778
21 0.471183
22 0.47187
23 0.472056
24 0.471898
25 0.472532
26 0.471315
27 0.471393
28 0.473035
29 0.472604
30 0.473262
31 0.473177
32 0.473777
33 0.474049
34 0.47406
35 0.474648
36 0.473002
37 0.473862
38 0.473519
39 0.474973
40 0.474289
41 0.474614
42 0.475249
43 0.474365
44 0.47576
45 0.4751
46 0.474967
47 0.475523
48 0.47408
49 0.476245
50 0.475425
51 0.475861
52 0.476087
53 0.47535
54 0.4767
55 0.475887
56 0.476172
57 0.475932
58 0.476083
59 0.476574
60 0.476115
61 0.477274
62 0.476732
63 0.477218
64 0.477014
65 0.477021
66 0.477114
67 0.476984
68 0.477359
69 0.47678
70 0.477587
71 0.477085
72 0.477271
73 0.477395
74 0.477382
75 0.478237
76 0.477249
77 0.47882
78 0.477937
79 0.478406
80 0.477894
81 0.478609
82 0.47806
83 0.478022
84 0.478803
85 0.477701
86 0.478889
87 0.478031
88 0.478945
89 0.478095
90 0.4789
91 0.478606
92 0.478657
93 0.479512
94 0.478509
95 0.479621
96 0.478632
97 0.479385
98 0.478857
99 0.479555
100 0.47909
101 0.479316
102 0.47974
103 0.479051
104 0.479866
105 0.479444
106 0.479874
107 0.479826
108 0.479976
109 0.47963
110 0.479781
111 0.480097
112 0.479708
113 0.480338
114 0.479598
115 0.480254
116 0.479767
117 0.48039
118 0.480228
119 0.480205
120 0.480345
121 0.480189
122 0.480325
123 0.480268
124 0.48044
125 0.480513
126 0.480619
127 0.480218
128 0.48081
129 0.480751
130 0.480745
131 0.48083
132 0.480855
133 0.480976
134 0.480692
135 0.481109
136 0.480758
137 0.480994
138 0.480918
139 0.480876
140 0.481007
141 0.481249
142 0.481212
143 0.481432
144 0.481433
145 0.480891
146 0.481495
147 0.481061
148 0.481756
149 0.481333
150 0.481404
151 0.481373
152 0.481497
153 0.481597
154 0.481779
155 0.481578
156 0.481471
157 0.481777
158 0.481377
159 0.48172
160 0.481706
161 0.481779
162 0.481644
163 0.481823
164 0.481572
165 0.481872
166 0.482071
167 0.482169
168 0.482163
169 0.481878
170 0.481986
171 0.481869
172 0.482218
173 0.482278
174 0.482169
175 0.482153
176 0.482175
177 0.482243
178 0.482144
179 0.482277
180 0.482216
181 0.482589
182 0.482471
183 0.482645
184 0.482494
185 0.482393
186 0.48255
187 0.482393
188 0.48246
189 0.482572
190 0.482631
191 0.482707
192 0.482761
193 0.482428
194 0.482831
195 0.482593
196 0.482804
197 0.482776
198 0.482862
199 0.483001
200 0.482756
201 0.482901
202 0.482975
203 0.482968
204 0.482953
205 0.483155
206 0.482981
207 0.483155
208 0.483189
209 0.483162
210 0.483245
211 0.483047
212 0.483102
213 0.483007
214 0.483278
215 0.483273
216 0.483265
217 0.483271
218 0.483375
219 0.483308
220 0.483172
221 0.483059
222 0.483458
223 0.483086
224 0.483502
225 0.483348
226 0.483513
227 0.483089
228 0.483405
229 0.483641
230 0.483515
231 0.483871
232 0.483561
233 0.483792
234 0.483825
235 0.483755
236 0.483754
237 0.483806
238 0.483656
239 0.48362
240 0.483898
241 0.483708
242 0.484092
243 0.483796
244 0.483769
245 0.483866
246 0.484035
247 0.483831
248 0.484049
249 0.483909
250 0.483935
251 0.484014
252 0.483962
253 0.484237
254 0.484211
255 0.484399
256 0.483909
257 0.484348
258 0.484077
259 0.484247
260 0.483951
261 0.48426
262 0.484128
263 0.4842
264 0.484278
265 0.484178
266 0.484295
267 0.484408
268 0.484404
269 0.484424
270 0.484483
271 0.484262
272 0.484502
273 0.484288
274 0.48435
275 0.484243
276 0.484296
277 0.484482
278 0.484475
279 0.484519
280 0.484627
281 0.484513
282 0.484625
283 0.484615
284 0.48451
285 0.484585
286 0.484754
287 0.484621
288 0.48442
289 0.484563
290 0.484857
291 0.484554
292 0.484577
293 0.484877
294 0.48457
295 0.484738
296 0.484788
297 0.484758
298 0.484824
299 0.484787
300 0.484874
