1 0.300211
2 0.300195
3 0.299607
4 0.332458
5 0.338124
6 0.304578
7 0.302657
8 0.327627
9 0.330884
10 0.336946
11 0.32972
12 0.320647
13 0.324421
14 0.318087
15 0.324645
16 0.334365
17 0.335007
18 0.327943
19 0.332198
20 0.331571
21 0.332708
22 0.334654
23 0.335186
24 0.334734
25 0.336556
26 0.333079
27 0.333301
28 0.338017
29 0.336766
30 0.338682
31 0.338434
32 0.3402
33 0.341009
34 0.341043
35 0.342808
36 0.337921
37 0.340454
38 0.339438
39 0.343792
40 0.341727
41 0.342703
42 0.344633
43 0.341956
44 0.346205
45 0.344179
46 0.343773
47 0.345473
48 0.341103
49 0.347715
50 0.345174
51 0.346517
52 0.347222
53 0.344943
54 0.349143
55 0.346598
56 0.347485
57 0.346737
58 0.347209
59 0.348747
60 0.347309
61 0.350971
62 0.349245
63 0.350792
64 0.350139
65 0.350161
66 0.35046
67 0.350046
68 0.351243
69 0.349398
70 0.351977
71 0.350366
72 0.35096
73 0.351359
74 0.351315
75 0.354089
76 0.350891
77 0.356014
78 0.353112
79 0.354645
80 0.352969
81 0.355315
82 0.35351
83 0.353386
84 0.355959
85 0.352343
86 0.356246
87 0.353417
88 0.356432
89 0.353624
90 0.35628
91 0.355304
92 0.355474
93 0.358337
94 0.354984
95 0.358707
96 0.355391
97 0.357908
98 0.356139
99 0.358482
100 0.356916
101 0.357675
102 0.359109
103 0.356786
104 0.359539
105 0.358107
106 0.359566
107 0.359403
108 0.359916
109 0.358736
110 0.359249
111 0.360332
112 0.359003
113 0.361164
114 0.358626
115 0.360873
116 0.359201
117 0.361343
118 0.360783
119 0.360702
120 0.361186
121 0.36065
122 0.361119
123 0.360921
124 0.361515
125 0.361771
126 0.362137
127 0.360748
128 0.362807
129 0.362601
130 0.362578
131 0.362878
132 0.362964
133 0.363388
134 0.362393
135 0.363858
136 0.362624
137 0.363453
138 0.363187
139 0.363039
140 0.363497
141 0.364353
142 0.364223
143 0.365006
144 0.36501
145 0.363089
146 0.36523
147 0.36369
148 0.366166
149 0.364653
150 0.364905
151 0.364794
152 0.365238
153 0.365594
154 0.366248
155 0.365527
156 0.365146
157 0.366242
158 0.364811
159 0.366036
160 0.365986
161 0.366249
162 0.365765
163 0.366406
164 0.365504
165 0.366585
166 0.367306
167 0.367661
168 0.367641
169 0.366606
170 0.366998
171 0.366574
172 0.367842
173 0.368058
174 0.36766
175 0.367604
176 0.367682
177 0.367931
178 0.367571
179 0.368055
180 0.367834
181 0.369202
182 0.368768
183 0.36941
184 0.36885
185 0.36848
186 0.369058
187 0.36848
188 0.368728
189 0.369137
190 0.369357
191 0.369636
192 0.369839
193 0.36861
194 0.370096
195 0.369216
196 0.369999
197 0.369892
198 0.370213
199 0.370733
200 0.369821
201 0.370357
202 0.370634
203 0.370608
204 0.370551
205 0.371308
206 0.370655
207 0.371309
208 0.371437
209 0.371333
210 0.371646
211 0.370905
212 0.37111
213 0.370752
214 0.371772
215 0.371751
216 0.371721
217 0.371746
218 0.372138
219 0.371884
220 0.371372
221 0.370948
222 0.372453
223 0.371051
224 0.372617
225 0.372034
226 0.37266
227 0.371061
228 0.372251
229 0.373148
230 0.372668
231 0.374028
232 0.372842
233 0.373723
234 0.37385
235 0.373584
236 0.373577
237 0.373777
238 0.373205
239 0.373067
240 0.374129
241 0.373402
242 0.374879
243 0.37374
244 0.373637
245 0.374008
246 0.374659
247 0.373872
248 0.374714
249 0.374171
250 0.374273
251 0.374578
252 0.374376
253 0.375441
254 0.375341
255 0.376071
256 0.374172
257 0.375872
258 0.374821
259 0.375481
260 0.374334
261 0.37553
262 0.37502
263 0.375296
264 0.3756
265 0.375214
266 0.375666
267 0.376106
268 0.376093
269 0.376171
270 0.376403
271 0.37554
272 0.376475
273 0.375639
274 0.37588
275 0.375465
276 0.375672
277 0.376398
278 0.376372
279 0.376544
280 0.376967
281 0.376521
282 0.376959
283 0.376922
284 0.376507
285 0.376802
286 0.377469
287 0.376943
288 0.376155
289 0.376714
290 0.377878
291 0.376681
292 0.37677
293 0.377958
294 0.376743
295 0.377406
296 0.377602
297 0.377484
298 0.377747
299 0.377599
300 0.377943
