1 0
2 0
3 0
4 0
5 0
6 0
7 0
8 0
9 0
10 0.0038188
11 0.00804936
12 0.0127624
13 0.0201444
14 0.0157556
15 0.00566273
16 0.00495194
17 0.00415288
18 0.0147803
19 0.015753
20 0.0187719
21 0.0187217
22 0.0208336
23 0.0218604
24 0.015609
25 0.0151398
26 0.00781588
27 0.00858767
28 0.00807286
29 0.00844483
30 0.010841
31 0.0125907
32 0.0140136
33 0.0149918
34 0.0147747
35 0.0142097
36 0.0160948
37 0.0164048
38 0.0153488
39 0.0144069
40 0.0142672
41 0.0137166
42 0.0141851
43 0.0146013
44 0.0135618
45 0.0132035
46 0.0135085
47 0.0127697
48 0.013558
49 0.0126437
50 0.0128408
51 0.013767
52 0.0146591
53 0.0136924
54 0.013993
55 0.0136714
56 0.0146048
57 0.0146971
58 0.0142488
59 0.0150547
60 0.0150049
61 0.0145135
62 0.0148236
63 0.0143386
64 0.014232
65 0.0148853
66 0.0144601
67 0.0142492
68 0.0144018
69 0.0150754
70 0.0147553
71 0.0151009
72 0.0153838
73 0.0157221
74 0.0162304
75 0.0162302
76 0.0163153
77 0.0164878
78 0.0163834
79 0.0165207
80 0.0167019
81 0.0164231
82 0.0169554
83 0.0169812
84 0.0169234
85 0.0176738
86 0.0176948
87 0.0176986
88 0.0177668
89 0.0178518
90 0.017839
91 0.0178564
92 0.017677
93 0.0178774
94 0.0180879
95 0.0182451
96 0.0181662
97 0.0182469
98 0.0182664
99 0.0181155
100 0.0174811
