1 0.5
2 0.379538
3 0.326053
4 0.302039
5 0.284974
6 0.273403
7 0.265209
8 0.259312
9 0.25403
10 0.249692
11 0.246584
12 0.243392
13 0.24092
14 0.23838
15 0.236771
16 0.235272
17 0.233408
18 0.232307
19 0.231158
20 0.229753
21 0.228631
22 0.227798
23 0.226995
24 0.225927
25 0.22494
26 0.22452
27 0.224184
28 0.223045
29 0.222739
30 0.221955
31 0.22143
32 0.220541
33 0.220408
34 0.219701
35 0.219387
36 0.218745
37 0.218528
38 0.218128
39 0.217708
40 0.217303
41 0.216887
42 0.216625
43 0.216359
44 0.216187
45 0.215872
46 0.215498
47 0.21534
48 0.214951
49 0.214474
50 0.214226
51 0.214024
52 0.213886
53 0.213754
54 0.213609
55 0.213111
56 0.212967
57 0.213075
58 0.212677
59 0.212335
60 0.212297
61 0.212066
62 0.21198
63 0.211642
64 0.211178
65 0.211536
66 0.211452
67 0.211105
68 0.210953
69 0.210774
70 0.2106
71 0.21035
72 0.210419
73 0.209867
74 0.209999
75 0.209904
76 0.209745
77 0.209754
78 0.209537
79 0.209257
80 0.209181
81 0.209262
82 0.208878
83 0.208937
84 0.208661
85 0.208415
86 0.208595
87 0.208558
88 0.208456
89 0.208586
90 0.208331
91 0.208336
92 0.207908
93 0.208015
94 0.207815
95 0.20771
96 0.207511
97 0.207608
98 0.207318
99 0.207424
100 0.207259
101 0.206965
102 0.206808
103 0.207108
104 0.206891
105 0.206963
106 0.206824
107 0.206625
108 0.20666
109 0.206517
110 0.20647
111 0.206446
112 0.206375
113 0.206325
114 0.206086
115 0.206219
116 0.206119
117 0.206213
118 0.205806
119 0.205857
120 0.205833
121 0.205776
122 0.205752
123 0.205554
124 0.205605
125 0.205463
126 0.205354
127 0.205365
128 0.205423
129 0.205399
130 0.205264
131 0.205228
132 0.205205
133 0.205053
134 0.205034
135 0.205087
136 0.204934
137 0.204833
138 0.204784
139 0.204728
140 0.204791
141 0.204751
142 0.204715
143 0.20456
144 0.204641
145 0.204477
146 0.204711
147 0.204332
148 0.204279
149 0.204301
150 0.204162
151 0.204253
152 0.204198
153 0.204122
154 0.204065
155 0.20406
156 0.203946
157 0.203956
158 0.203761
159 0.203965
160 0.203834
161 0.203963
162 0.203828
163 0.203699
164 0.203568
165 0.20362
166 0.203692
167 0.203692
168 0.203459
169 0.203395
170 0.203182
171 0.203774
172 0.203442
173 0.203386
174 0.203347
175 0.203304
176 0.203326
177 0.203234
178 0.203228
179 0.203252
180 0.20317
181 0.202951
182 0.203131
183 0.203088
184 0.202983
185 0.202866
186 0.203075
187 0.202797
188 0.202901
189 0.202813
190 0.20273
191 0.202766
192 0.202608
193 0.202712
194 0.202692
195 0.202835
196 0.202528
197 0.202701
198 0.202657
199 0.202512
200 0.202494
201 0.202472
202 0.202384
203 0.202388
204 0.202386
205 0.202058
206 0.2023
207 0.202252
208 0.202213
209 0.202237
210 0.202188
211 0.202165
212 0.202133
213 0.202213
214 0.202099
215 0.202092
216 0.202061
217 0.202058
218 0.201964
219 0.201917
220 0.201954
221 0.201976
222 0.201899
223 0.201924
224 0.201915
225 0.201929
226 0.201889
227 0.201908
228 0.201775
229 0.201822
230 0.201824
231 0.201694
232 0.201741
233 0.201776
234 0.201611
235 0.201656
236 0.201684
237 0.201499
238 0.201535
239 0.201706
240 0.201502
241 0.201363
242 0.201487
243 0.201511
244 0.201388
245 0.2014
246 0.20133
247 0.20129
248 0.201466
249 0.201377
250 0.20134
251 0.201348
252 0.201261
253 0.201204
254 0.201179
255 0.20101
256 0.201305
257 0.201403
258 0.201319
259 0.201175
260 0.201163
261 0.201192
262 0.201073
263 0.20112
264 0.201142
265 0.201009
266 0.201056
267 0.201111
268 0.201081
269 0.200939
270 0.201013
271 0.200868
272 0.200937
273 0.201076
274 0.200871
275 0.200888
276 0.200839
277 0.200886
278 0.200793
279 0.200759
280 0.200816
281 0.200852
282 0.200846
283 0.200769
284 0.200737
285 0.200705
286 0.200756
287 0.200664
288 0.200681
289 0.200617
290 0.200597
291 0.200655
292 0.200717
293 0.200538
294 0.200539
295 0.200593
296 0.200471
297 0.200546
298 0.200523
299 0.200423
300 0.20047
