1 0.499857
2 0.541224
3 0.568971
4 0.586503
5 0.60112
6 0.612517
7 0.621423
8 0.628734
9 0.634998
10 0.640792
11 0.645451
12 0.650118
13 0.653619
14 0.657172
15 0.660393
16 0.663252
17 0.666299
18 0.668475
19 0.670926
20 0.673176
21 0.674963
22 0.676784
23 0.67845
24 0.680136
25 0.681704
26 0.683215
27 0.684499
28 0.685856
29 0.687042
30 0.688228
31 0.689279
32 0.690553
33 0.691497
34 0.69256
35 0.693501
36 0.694356
37 0.695128
38 0.695852
39 0.696854
40 0.697712
41 0.698552
42 0.699027
43 0.699637
44 0.700369
45 0.701103
46 0.701624
47 0.702243
48 0.702947
49 0.703415
50 0.704038
51 0.704586
52 0.705049
53 0.705503
54 0.706138
55 0.706568
56 0.70703
57 0.707331
58 0.707888
59 0.70828
60 0.708854
61 0.709064
62 0.70957
63 0.709933
64 0.710382
65 0.710628
66 0.710972
67 0.711333
68 0.711722
69 0.71193
70 0.712442
71 0.712783
72 0.71297
73 0.713524
74 0.713732
75 0.713978
76 0.714209
77 0.714454
78 0.714806
79 0.715024
80 0.715302
81 0.71559
82 0.715919
83 0.716104
84 0.716416
85 0.716574
86 0.716874
87 0.717013
88 0.717255
89 0.717397
90 0.717719
91 0.717921
92 0.718259
93 0.718333
94 0.718609
95 0.7188
96 0.718954
97 0.719203
98 0.719448
99 0.719603
100 0.719808
101 0.720077
102 0.720321
103 0.720283
104 0.720502
105 0.72069
106 0.720871
107 0.721085
108 0.721159
109 0.721431
110 0.721596
111 0.721728
112 0.721863
113 0.722048
114 0.722167
115 0.722364
116 0.722446
117 0.722561
118 0.722823
119 0.722932
120 0.723086
121 0.723136
122 0.723379
123 0.723504
124 0.723701
125 0.723744
126 0.723894
127 0.724077
128 0.724118
129 0.724181
130 0.724405
131 0.72454
132 0.724567
133 0.724721
134 0.724884
135 0.724982
136 0.725185
137 0.725256
138 0.725401
139 0.725471
140 0.725476
141 0.725621
142 0.725734
143 0.72592
144 0.725935
145 0.726107
146 0.726124
147 0.726335
148 0.726412
149 0.726493
150 0.726585
151 0.726623
152 0.726802
153 0.72691
154 0.72706
155 0.727116
156 0.727104
157 0.727236
158 0.727361
159 0.727389
160 0.727553
161 0.727644
162 0.727701
163 0.727787
164 0.727897
165 0.728066
166 0.728066
167 0.728202
168 0.728281
169 0.728314
170 0.728444
171 0.728418
172 0.728489
173 0.728584
174 0.72872
175 0.72876
176 0.728834
177 0.728947
178 0.729026
179 0.729061
180 0.729112
181 0.729249
182 0.729195
183 0.729318
184 0.729476
185 0.729569
186 0.729566
187 0.729687
188 0.729773
189 0.729832
190 0.729908
191 0.729924
192 0.730015
193 0.730108
194 0.730155
195 0.730144
196 0.730333
197 0.730357
198 0.730408
199 0.730522
200 0.730592
201 0.730585
202 0.73075
203 0.730722
204 0.730786
205 0.730994
206 0.73092
207 0.730999
208 0.73101
209 0.731126
210 0.731173
211 0.731202
212 0.731309
213 0.731324
214 0.731305
215 0.731484
216 0.731514
217 0.731565
218 0.731627
219 0.731707
220 0.731761
221 0.731755
222 0.731833
223 0.73187
224 0.731931
225 0.731991
226 0.731998
227 0.732051
228 0.73214
229 0.732183
230 0.732199
231 0.732286
232 0.732318
233 0.732365
234 0.732458
235 0.732447
236 0.732487
237 0.732571
238 0.732659
239 0.732605
240 0.732789
241 0.732772
242 0.732815
243 0.732927
244 0.732915
245 0.732978
246 0.733037
247 0.733091
248 0.733105
249 0.73315
250 0.73318
251 0.733225
252 0.733309
253 0.733341
254 0.733415
255 0.733437
256 0.733412
257 0.733445
258 0.733523
259 0.73357
260 0.733638
261 0.733644
262 0.733665
263 0.733741
264 0.73378
265 0.733841
266 0.733827
267 0.733853
268 0.733922
269 0.733979
270 0.734031
271 0.734056
272 0.7341
273 0.734059
274 0.734194
275 0.734218
276 0.734237
277 0.734245
278 0.73433
279 0.734406
280 0.734368
281 0.734423
282 0.734459
283 0.734501
284 0.734559
285 0.734589
286 0.734633
287 0.734638
288 0.734664
289 0.734749
290 0.734742
291 0.734761
292 0.734819
293 0.73487
294 0.734934
295 0.734895
296 0.734905
297 0.73499
298 0.735065
299 0.735073
300 0.735081
