1 0.250242
2 0.208481
3 0.180691
4 0.163348
5 0.148681
6 0.137288
7 0.128437
8 0.121119
9 0.114596
10 0.109014
11 0.104217
12 0.0998983
13 0.0961103
14 0.0926613
15 0.0893793
16 0.0864331
17 0.0835469
18 0.0813429
19 0.0788246
20 0.0767392
21 0.0748241
22 0.0730331
23 0.071317
24 0.0695405
25 0.0681268
26 0.066639
27 0.0652672
28 0.0639489
29 0.0626772
30 0.0615434
31 0.0604191
32 0.0592208
33 0.0582586
34 0.0573163
35 0.0563383
36 0.0554919
37 0.0546024
38 0.0538924
39 0.0529357
40 0.0520923
41 0.0513858
42 0.0508085
43 0.0501338
44 0.0494002
45 0.0487034
46 0.0481587
47 0.0475177
48 0.0468908
49 0.0463655
50 0.0457884
51 0.0452828
52 0.0447812
53 0.0443175
54 0.0437118
55 0.0432336
56 0.0427871
57 0.0423427
58 0.0418985
59 0.0415612
60 0.0409277
61 0.0406703
62 0.0401696
63 0.0398232
64 0.0393902
65 0.0391006
66 0.0388099
67 0.0384405
68 0.038088
69 0.0378063
70 0.0373664
71 0.0370792
72 0.0368182
73 0.0364349
74 0.0361045
75 0.035881
76 0.0356149
77 0.0353485
78 0.0350123
79 0.0347758
80 0.0345182
81 0.0342571
82 0.0339494
83 0.0336936
84 0.0334513
85 0.0332526
86 0.0328748
87 0.0327567
88 0.0325411
89 0.0323633
90 0.0320906
91 0.0318706
92 0.0315858
93 0.0313967
94 0.031206
95 0.0310313
96 0.0308024
97 0.0305762
98 0.0304392
99 0.0302125
100 0.0300266
101 0.0297905
102 0.0296314
103 0.0294797
104 0.029319
105 0.0290837
106 0.0289691
107 0.0287552
108 0.0286768
109 0.0284424
110 0.0282446
111 0.0280601
112 0.0279387
113 0.0277788
114 0.0276519
115 0.0274618
116 0.0273325
117 0.0272297
118 0.0270234
119 0.0268673
120 0.0267398
121 0.0266643
122 0.0264662
123 0.0263108
124 0.0261357
125 0.0260967
126 0.0259226
127 0.0257599
128 0.0257093
129 0.0255896
130 0.0254058
131 0.0252735
132 0.0252339
133 0.0251134
134 0.0249733
135 0.0248049
136 0.0246665
137 0.0245963
138 0.024456
139 0.0243389
140 0.024313
141 0.0241544
142 0.024066
143 0.0238563
144 0.0238747
145 0.023702
146 0.0236255
147 0.0234536
148 0.0234327
149 0.0233179
150 0.0232186
151 0.0231761
152 0.0229948
153 0.0229338
154 0.0227268
155 0.0227037
156 0.0226795
157 0.0225713
158 0.0224764
159 0.0224017
160 0.022222
161 0.0221513
162 0.0221003
163 0.0220304
164 0.0219086
165 0.0217621
166 0.0217447
167 0.0216344
168 0.0215357
169 0.0215301
170 0.0213912
171 0.0213059
172 0.0212796
173 0.0211963
174 0.0210415
175 0.0210257
176 0.0209614
177 0.0208414
178 0.0207598
179 0.0206817
180 0.0206494
181 0.0205626
182 0.0205419
183 0.0204616
184 0.0203178
185 0.0202488
186 0.0202033
187 0.0201139
188 0.0200073
189 0.0199493
190 0.0198639
191 0.0198704
192 0.0197638
193 0.0197127
194 0.0196506
195 0.0196176
196 0.0194803
197 0.0194451
198 0.0193934
199 0.0193371
200 0.0191971
201 0.0192355
202 0.0190741
203 0.0190612
204 0.0190129
205 0.0189064
206 0.018886
207 0.0188092
208 0.018788
209 0.0187004
210 0.0186515
211 0.0185884
212 0.0184903
213 0.018476
214 0.0184775
215 0.0183442
216 0.0183021
217 0.018247
218 0.0181887
219 0.0181193
220 0.0180531
221 0.0180349
222 0.0179812
223 0.0179234
224 0.0178543
225 0.0178135
226 0.0177886
227 0.0177301
228 0.0176716
229 0.0176095
230 0.017581
231 0.0175034
232 0.0174855
233 0.0174093
234 0.0173377
235 0.0173186
236 0.017295
237 0.0172549
238 0.0171476
239 0.0171865
240 0.0170285
241 0.0170732
242 0.0169742
243 0.0168994
244 0.0168911
245 0.0168575
246 0.0167859
247 0.0167041
248 0.0166834
249 0.0166947
250 0.0166457
251 0.0165986
252 0.0165181
253 0.0164938
254 0.0164318
255 0.016411
256 0.0164045
257 0.0163003
258 0.0162527
259 0.0162148
260 0.016159
261 0.0161555
262 0.0161009
263 0.0160508
264 0.016001
265 0.0159856
266 0.0159681
267 0.0159197
268 0.0158766
269 0.0158118
270 0.0157739
271 0.0157495
272 0.015705
273 0.0156853
274 0.0156377
275 0.0155802
276 0.0155857
277 0.0155501
278 0.0154821
279 0.0154194
280 0.0154357
281 0.015379
282 0.0153462
283 0.0153063
284 0.0152557
285 0.0151931
286 0.0151775
287 0.015157
288 0.015166
289 0.0150689
290 0.0150565
291 0.0150211
292 0.0149721
293 0.0149603
294 0.0148637
295 0.0148799
296 0.0148973
297 0.0148208
298 0.0147732
299 0.0147448
300 0.0147337
