1 0.332797
2 0.39522
3 0.441183
4 0.473142
5 0.500766
6 0.52272
7 0.539604
8 0.553957
9 0.567419
10 0.578973
11 0.589211
12 0.598528
13 0.606291
14 0.614319
15 0.622331
16 0.630718
17 0.637675
18 0.642634
19 0.648961
20 0.653834
21 0.658455
22 0.66273
23 0.666753
24 0.671554
25 0.675139
26 0.679556
27 0.683322
28 0.686883
29 0.690375
30 0.693189
31 0.696724
32 0.699699
33 0.702696
34 0.704889
35 0.707689
36 0.710401
37 0.712494
38 0.714468
39 0.717458
40 0.720557
41 0.722541
42 0.723848
43 0.726156
44 0.728297
45 0.730205
46 0.732024
47 0.734492
48 0.736588
49 0.738284
50 0.740292
51 0.742156
52 0.74303
53 0.744406
54 0.746881
55 0.747867
56 0.749706
57 0.751214
58 0.752622
59 0.75379
60 0.756229
61 0.756923
62 0.758714
63 0.759266
64 0.760807
65 0.761777
66 0.762809
67 0.764126
68 0.765487
69 0.766133
70 0.767911
71 0.768622
72 0.769678
73 0.771209
74 0.772175
75 0.773067
76 0.773986
77 0.774571
78 0.775988
79 0.776735
80 0.777821
81 0.778849
82 0.780409
83 0.780963
84 0.781792
85 0.782331
86 0.783587
87 0.784015
88 0.785017
89 0.785652
90 0.786637
91 0.787593
92 0.788727
93 0.789427
94 0.790025
95 0.79062
96 0.791222
97 0.792658
98 0.793042
99 0.793779
100 0.794638
101 0.79568
102 0.796496
103 0.796834
104 0.797112
105 0.798156
106 0.798772
107 0.79967
108 0.799672
109 0.800983
110 0.801521
111 0.802553
112 0.802885
113 0.803661
114 0.803895
115 0.804806
116 0.80533
117 0.806314
118 0.806959
119 0.807445
120 0.807852
121 0.80815
122 0.809035
123 0.809567
124 0.810497
125 0.810275
126 0.811732
127 0.812339
128 0.812063
129 0.812562
130 0.813441
131 0.813871
132 0.813984
133 0.81438
134 0.815151
135 0.815866
136 0.816492
137 0.816596
138 0.817674
139 0.817782
140 0.817995
141 0.818524
142 0.81922
143 0.819978
144 0.819771
145 0.820805
146 0.820844
147 0.821868
148 0.821606
149 0.822431
150 0.822792
151 0.82264
152 0.823502
153 0.824112
154 0.825135
155 0.82501
156 0.824802
157 0.82534
158 0.825902
159 0.826298
160 0.827308
161 0.827548
162 0.827684
163 0.827846
164 0.828638
165 0.829154
166 0.82921
167 0.829823
168 0.830375
169 0.830122
170 0.830597
171 0.831272
172 0.831024
173 0.831839
174 0.832289
175 0.832243
176 0.833078
177 0.833179
178 0.833762
179 0.833942
180 0.834159
181 0.834313
182 0.834615
183 0.834755
184 0.8357
185 0.835688
186 0.836093
187 0.836651
188 0.837435
189 0.837664
190 0.837936
191 0.837941
192 0.838431
193 0.83849
194 0.838933
195 0.838911
196 0.839763
197 0.839551
198 0.839942
199 0.840324
200 0.841155
201 0.840879
202 0.841629
203 0.841463
204 0.841685
205 0.842504
206 0.842348
207 0.842785
208 0.842843
209 0.843367
210 0.843585
211 0.843863
212 0.844439
213 0.84452
214 0.844329
215 0.845206
216 0.84545
217 0.845676
218 0.845777
219 0.846243
220 0.846316
221 0.846695
222 0.846784
223 0.847088
224 0.847224
225 0.847854
226 0.847679
227 0.848185
228 0.848221
229 0.848976
230 0.849081
231 0.849188
232 0.849419
233 0.849549
234 0.849938
235 0.850436
236 0.850054
237 0.850639
238 0.850973
239 0.850806
240 0.851796
241 0.851515
242 0.852072
243 0.852729
244 0.85253
245 0.852783
246 0.853146
247 0.853448
248 0.853665
249 0.853249
250 0.853987
251 0.85382
252 0.854714
253 0.854341
254 0.854854
255 0.854858
256 0.854819
257 0.85542
258 0.855429
259 0.855839
260 0.856103
261 0.855974
262 0.856306
263 0.856624
264 0.856896
265 0.857041
266 0.857001
267 0.857275
268 0.857827
269 0.857898
270 0.858122
271 0.858142
272 0.858433
273 0.858518
274 0.859101
275 0.8592
276 0.858992
277 0.859168
278 0.859504
279 0.86023
280 0.859809
281 0.860116
282 0.860241
283 0.860612
284 0.861142
285 0.861289
286 0.861305
287 0.861407
288 0.861279
289 0.862003
290 0.861754
291 0.861974
292 0.862415
293 0.862488
294 0.863031
295 0.862759
296 0.862679
297 0.863155
298 0.863397
299 0.863288
300 0.863739
