1 0.266433
2 0.203039
3 0.20142
4 0.137579
5 0.0963719
6 0.122036
7 0.0906291
8 0.0719338
9 0.079624
10 0.072001
11 0.0587824
12 0.0613403
13 0.0538136
14 0.0539158
15 0.0518678
16 0.0449887
17 0.0419709
18 0.0449533
19 0.0422729
20 0.0377506
21 0.0376117
22 0.0374328
23 0.0350467
24 0.0350425
25 0.0333278
26 0.0321838
27 0.0312864
28 0.0299772
29 0.0295473
30 0.0293577
31 0.028285
32 0.0270898
33 0.0268871
34 0.0266836
35 0.0260671
36 0.025414
37 0.0249778
38 0.0245937
39 0.0241277
40 0.0234709
41 0.0229375
42 0.022831
43 0.0224862
44 0.0220494
45 0.0216652
46 0.0213541
47 0.0209409
48 0.0205762
49 0.0203983
50 0.0200617
51 0.0197645
52 0.0195344
53 0.0192555
54 0.0190157
55 0.0187043
56 0.0184033
57 0.018175
58 0.0180172
59 0.0178734
60 0.0174185
61 0.017344
62 0.017082
63 0.0169645
64 0.0167099
65 0.0165505
66 0.0165085
67 0.0162879
68 0.0161049
69 0.0159981
70 0.0156922
71 0.0155754
72 0.0154638
73 0.0152274
74 0.0150738
75 0.0150121
76 0.0149251
77 0.0147491
78 0.0146103
79 0.0145019
80 0.0143581
81 0.0142203
82 0.0140135
83 0.0138997
84 0.0138325
85 0.0137706
86 0.013503
87 0.0135161
88 0.0134064
89 0.0133448
90 0.0132186
91 0.0131198
92 0.0129411
93 0.0128583
94 0.0127688
95 0.012669
96 0.0125854
97 0.0124293
98 0.0124104
99 0.012302
100 0.012179
101 0.012049
102 0.0119921
103 0.0119246
104 0.011854
105 0.0117473
106 0.0116817
107 0.0116298
108 0.0115768
109 0.0114918
110 0.0113546
111 0.011247
112 0.0112282
113 0.0111669
114 0.0110911
115 0.0110147
116 0.010949
117 0.0108642
118 0.0107668
119 0.0106698
120 0.010632
121 0.0106553
122 0.0105182
123 0.0104358
124 0.0103393
125 0.0103375
126 0.0102261
127 0.0101832
128 0.0101939
129 0.010111
130 0.0100513
131 0.0099815
132 0.00998698
133 0.0099637
134 0.00988162
135 0.00976528
136 0.00970159
137 0.00968909
138 0.00957808
139 0.00955097
140 0.00958513
141 0.00951336
142 0.0094716
143 0.00927336
144 0.00940397
145 0.00924014
146 0.00925704
147 0.00914118
148 0.00916041
149 0.00911098
150 0.00905373
151 0.00906833
152 0.00893822
153 0.00893303
154 0.00879217
155 0.00882928
156 0.00884817
157 0.00876965
158 0.0087568
159 0.00872697
160 0.00858487
161 0.00857153
162 0.00856783
163 0.00855318
164 0.00848407
165 0.0083703
166 0.0084171
167 0.00836247
168 0.00831716
169 0.00833332
170 0.00825933
171 0.00820865
172 0.00820553
173 0.008151
174 0.0080677
175 0.00810318
176 0.00807955
177 0.0080183
178 0.00797186
179 0.00795435
180 0.00792023
181 0.00789215
182 0.00792022
183 0.00786549
184 0.0077443
185 0.0077451
186 0.00774192
187 0.00770386
188 0.00761683
189 0.00758859
190 0.00756331
191 0.00758224
192 0.00752036
193 0.00751871
194 0.00747852
195 0.00748754
196 0.00740719
197 0.00741557
198 0.0073927
199 0.0073617
200 0.00726176
201 0.00732238
202 0.00720601
203 0.00723138
204 0.00722954
205 0.00715055
206 0.00715723
207 0.00713761
208 0.00713731
209 0.00708969
210 0.007054
211 0.00704054
212 0.0069688
213 0.00697322
214 0.00702493
215 0.00692589
216 0.0069154
217 0.00688158
218 0.00684
219 0.00680586
220 0.00679977
221 0.00677746
222 0.00678737
223 0.00674844
224 0.00670643
225 0.00669464
226 0.00670475
227 0.00666329
228 0.00666444
229 0.00659296
230 0.00660677
231 0.00654705
232 0.0065746
233 0.00653999
234 0.00646602
235 0.00648336
236 0.00648172
237 0.00646016
238 0.00639358
239 0.00644541
240 0.00633648
241 0.00640946
242 0.00633693
243 0.00630474
244 0.00630013
245 0.00629548
246 0.00627429
247 0.00619875
248 0.00618798
249 0.00623965
250 0.0062007
251 0.00619113
252 0.00615169
253 0.00614049
254 0.0060831
255 0.00611371
256 0.00611069
257 0.00606553
258 0.00602591
259 0.00602314
260 0.00599381
261 0.00600225
262 0.00594866
263 0.00595331
264 0.00592003
265 0.00590077
266 0.00591498
267 0.00589698
268 0.00586819
269 0.00583232
270 0.00581243
271 0.00581279
272 0.00578213
273 0.00579106
274 0.00576705
275 0.00573729
276 0.00576475
277 0.00573686
278 0.00571578
279 0.00565123
280 0.00569493
281 0.0056709
282 0.00565285
283 0.00563437
284 0.0056186
285 0.00556502
286 0.00557646
287 0.00557427
288 0.00559999
289 0.00552291
290 0.00552419
291 0.00550293
292 0.00548386
293 0.00548124
294 0.00543309
295 0.00547105
296 0.00548027
297 0.00543233
298 0.00543287
299 0.00539514
300 0.00539791
