1 0.457981
2 0.538626
3 0.55113
4 0.594034
5 0.621762
6 0.636088
7 0.649475
8 0.664501
9 0.67269
10 0.683518
11 0.692431
12 0.699172
13 0.704973
14 0.711572
15 0.717765
16 0.726433
17 0.732874
18 0.735749
19 0.740832
20 0.745251
21 0.748209
22 0.751507
23 0.75445
24 0.757995
25 0.761181
26 0.765094
27 0.768522
28 0.771359
29 0.774049
30 0.776159
31 0.779442
32 0.781401
33 0.78364
34 0.784849
35 0.786766
36 0.789421
37 0.791138
38 0.792075
39 0.794581
40 0.797405
41 0.798831
42 0.799838
43 0.801534
44 0.803174
45 0.804604
46 0.806145
47 0.808383
48 0.809691
49 0.811003
50 0.812447
51 0.814054
52 0.814238
53 0.815551
54 0.817414
55 0.81829
56 0.819769
57 0.821041
58 0.821889
59 0.822786
60 0.824852
61 0.825473
62 0.826956
63 0.826931
64 0.828071
65 0.828955
66 0.829428
67 0.830571
68 0.831626
69 0.832056
70 0.833777
71 0.833987
72 0.834684
73 0.835958
74 0.836939
75 0.837345
76 0.837653
77 0.838331
78 0.839541
79 0.839947
80 0.840981
81 0.841699
82 0.843136
83 0.843315
84 0.843899
85 0.844064
86 0.84527
87 0.845464
88 0.846237
89 0.84685
90 0.847298
91 0.847906
92 0.848968
93 0.849637
94 0.84995
95 0.850549
96 0.850835
97 0.852088
98 0.852132
99 0.852595
100 0.853518
101 0.854406
102 0.854989
103 0.855314
104 0.855428
105 0.856254
106 0.85667
107 0.85706
108 0.856965
109 0.858074
110 0.858588
111 0.859488
112 0.859504
113 0.860178
114 0.860148
115 0.860847
116 0.861112
117 0.862527
118 0.862737
119 0.863111
120 0.863399
121 0.863211
122 0.864255
123 0.864504
124 0.865323
125 0.865101
126 0.866538
127 0.866584
128 0.866335
129 0.866894
130 0.867548
131 0.86773
132 0.867977
133 0.867807
134 0.868664
135 0.869231
136 0.869765
137 0.869654
138 0.870921
139 0.870611
140 0.870834
141 0.871029
142 0.871641
143 0.87263
144 0.871785
145 0.873124
146 0.872808
147 0.873756
148 0.873538
149 0.874183
150 0.874406
151 0.874138
152 0.874831
153 0.875533
154 0.876425
155 0.875928
156 0.875744
157 0.876346
158 0.876427
159 0.87675
160 0.877923
161 0.877783
162 0.877864
163 0.877999
164 0.87856
165 0.879102
166 0.879011
167 0.879434
168 0.879816
169 0.879574
170 0.879959
171 0.880677
172 0.88032
173 0.881271
174 0.881496
175 0.881221
176 0.882042
177 0.881803
178 0.882599
179 0.882324
180 0.882824
181 0.882636
182 0.882999
183 0.882989
184 0.884135
185 0.883843
186 0.884277
187 0.884255
188 0.885225
189 0.885516
190 0.88547
191 0.885652
192 0.885878
193 0.885917
194 0.886352
195 0.886232
196 0.886763
197 0.886444
198 0.886834
199 0.887155
200 0.887914
201 0.887635
202 0.888219
203 0.887941
204 0.888263
205 0.888622
206 0.888575
207 0.888937
208 0.888934
209 0.889326
210 0.889682
211 0.889674
212 0.890314
213 0.890332
214 0.890078
215 0.890823
216 0.890943
217 0.891216
218 0.891312
219 0.891623
220 0.89146
221 0.892044
222 0.891858
223 0.892095
224 0.892221
225 0.89282
226 0.892562
227 0.893183
228 0.892765
229 0.893686
230 0.89371
231 0.893721
232 0.893777
233 0.893884
234 0.894432
235 0.894737
236 0.894206
237 0.894796
238 0.895016
239 0.894832
240 0.895699
241 0.895128
242 0.895774
243 0.896254
244 0.8961
245 0.89639
246 0.89643
247 0.896902
248 0.897043
249 0.896336
250 0.89719
251 0.896864
252 0.897596
253 0.897333
254 0.89787
255 0.8976
256 0.897856
257 0.898251
258 0.898224
259 0.898737
260 0.898778
261 0.898731
262 0.898956
263 0.899113
264 0.899413
265 0.899589
266 0.899373
267 0.89958
268 0.900218
269 0.900218
270 0.900446
271 0.90024
272 0.900585
273 0.900705
274 0.901037
275 0.901124
276 0.900688
277 0.900976
278 0.901159
279 0.902074
280 0.901472
281 0.901631
282 0.901677
283 0.902085
284 0.902409
285 0.902581
286 0.902613
287 0.902665
288 0.902424
289 0.903104
290 0.902937
291 0.903069
292 0.903547
293 0.903402
294 0.903678
295 0.903503
296 0.903431
297 0.903839
298 0.903806
299 0.903898
300 0.904244
