1 0.499857
2 0.582963
3 0.624565
4 0.639358
5 0.660275
6 0.668526
7 0.674682
8 0.680093
9 0.687508
10 0.689978
11 0.693203
12 0.697488
13 0.699244
14 0.7018
15 0.703974
16 0.706855
17 0.70898
18 0.71031
19 0.711165
20 0.712551
21 0.713652
22 0.71544
23 0.714659
24 0.716759
25 0.716531
26 0.717867
27 0.719264
28 0.720232
29 0.72084
30 0.721953
31 0.721514
32 0.722956
33 0.722984
34 0.723815
35 0.723825
36 0.724507
37 0.725342
38 0.724476
39 0.726938
40 0.726642
41 0.727195
42 0.727736
43 0.728267
44 0.727606
45 0.728937
46 0.728678
47 0.729233
48 0.729463
49 0.729604
50 0.729764
51 0.729938
52 0.729991
53 0.73024
54 0.731393
55 0.731121
56 0.73097
57 0.732413
58 0.732073
59 0.73238
60 0.732116
61 0.73343
62 0.732546
63 0.73304
64 0.733663
65 0.73374
66 0.733492
67 0.73414
68 0.73368
69 0.733617
70 0.734152
71 0.734563
72 0.734312
73 0.734246
74 0.734462
75 0.733991
76 0.73503
77 0.735072
78 0.735211
79 0.735696
80 0.735788
81 0.736137
82 0.735945
83 0.735875
84 0.735773
85 0.735912
86 0.73669
87 0.736111
88 0.736629
89 0.736808
90 0.737043
91 0.736675
92 0.736651
93 0.736946
94 0.737104
95 0.737717
96 0.736862
97 0.737757
98 0.737017
99 0.737108
100 0.73814
101 0.738147
102 0.738568
103 0.737466
104 0.737996
105 0.738012
106 0.738401
107 0.738153
108 0.739045
109 0.738397
110 0.738251
111 0.73805
112 0.739337
113 0.738544
114 0.738609
115 0.73856
116 0.739375
117 0.739196
118 0.739227
119 0.738893
120 0.739895
121 0.739382
122 0.739552
123 0.739668
124 0.73931
125 0.739515
126 0.740334
127 0.740236
128 0.739713
129 0.73975
130 0.739716
131 0.739624
132 0.739402
133 0.739667
134 0.740458
135 0.739399
136 0.739857
137 0.740188
138 0.740105
139 0.740095
140 0.740565
141 0.739924
142 0.740091
143 0.73992
144 0.740298
145 0.740144
146 0.740769
147 0.740688
148 0.740659
149 0.741014
150 0.740266
151 0.741067
152 0.741523
153 0.740444
154 0.740831
155 0.741184
156 0.74137
157 0.741292
158 0.740901
159 0.741626
160 0.741033
161 0.740503
162 0.74173
163 0.740864
164 0.740911
165 0.741542
166 0.741476
167 0.741583
168 0.74166
169 0.740945
170 0.741256
171 0.741586
172 0.741456
173 0.741433
174 0.742554
175 0.741073
176 0.741603
177 0.741104
178 0.741758
179 0.742307
180 0.741912
181 0.742372
182 0.742038
183 0.74199
184 0.74225
185 0.741203
186 0.741989
187 0.742033
188 0.742587
189 0.742025
190 0.742826
191 0.742214
192 0.742383
193 0.742678
194 0.742391
195 0.742317
196 0.742224
197 0.742023
198 0.742478
199 0.743098
200 0.742664
201 0.742936
202 0.742047
203 0.741999
204 0.7426
205 0.743223
206 0.74305
207 0.742605
208 0.741928
209 0.742759
210 0.742892
211 0.74307
212 0.743245
213 0.742427
214 0.742337
215 0.742247
216 0.742628
217 0.743725
218 0.743327
219 0.742241
220 0.742933
221 0.743141
222 0.743605
223 0.743345
224 0.743002
225 0.743091
226 0.74322
227 0.742749
228 0.743392
229 0.743446
230 0.742864
231 0.742991
232 0.743461
233 0.742831
234 0.743002
235 0.743488
236 0.743103
237 0.743135
238 0.743325
239 0.74303
240 0.74296
241 0.743599
242 0.7439
243 0.743182
244 0.743277
245 0.743472
246 0.743953
247 0.743342
248 0.74408
249 0.742951
250 0.743429
251 0.742852
252 0.744207
253 0.743311
254 0.744091
255 0.743678
256 0.744277
257 0.743656
258 0.743757
259 0.744008
260 0.744401
261 0.743763
262 0.74397
263 0.743948
264 0.743931
265 0.744171
266 0.744116
267 0.743679
268 0.743995
269 0.744046
270 0.743808
271 0.74427
272 0.743663
273 0.743404
274 0.743554
275 0.744332
276 0.743807
277 0.744326
278 0.744088
279 0.744777
280 0.744746
281 0.743423
282 0.744312
283 0.743704
284 0.74404
285 0.744825
286 0.744486
287 0.744869
288 0.744497
289 0.745178
290 0.743903
291 0.744161
292 0.744345
293 0.743789
294 0.743928
295 0.74483
296 0.744103
297 0.744661
298 0.744323
299 0.744377
300 0.74363
