1 0.332797
2 0.457644
3 0.532514
4 0.560658
5 0.605235
6 0.626592
7 0.639014
8 0.653165
9 0.670904
10 0.677026
11 0.687074
12 0.696177
13 0.702203
14 0.708744
15 0.715861
16 0.723649
17 0.731262
18 0.734443
19 0.739749
20 0.74331
21 0.747486
22 0.75052
23 0.75326
24 0.757124
25 0.760489
26 0.764327
27 0.767983
28 0.770491
29 0.773547
30 0.775647
31 0.778895
32 0.780817
33 0.78324
34 0.784411
35 0.786314
36 0.788996
37 0.790881
38 0.791514
39 0.794287
40 0.797119
41 0.79846
42 0.799449
43 0.801362
44 0.802984
45 0.804316
46 0.805968
47 0.808116
48 0.809541
49 0.810794
50 0.812155
51 0.813991
52 0.814184
53 0.815359
54 0.817284
55 0.818052
56 0.819566
57 0.820868
58 0.821698
59 0.822689
60 0.82474
61 0.825368
62 0.826767
63 0.826737
64 0.828006
65 0.828761
66 0.829274
67 0.830498
68 0.831501
69 0.831957
70 0.833647
71 0.833894
72 0.834611
73 0.835843
74 0.836907
75 0.837224
76 0.837599
77 0.838242
78 0.839502
79 0.839851
80 0.840984
81 0.841506
82 0.842998
83 0.843224
84 0.843803
85 0.844032
86 0.845232
87 0.84535
88 0.846212
89 0.846765
90 0.847201
91 0.847803
92 0.848921
93 0.849524
94 0.849851
95 0.850515
96 0.850783
97 0.852036
98 0.852094
99 0.852539
100 0.853454
101 0.854352
102 0.854919
103 0.855254
104 0.855413
105 0.856218
106 0.856678
107 0.857098
108 0.85695
109 0.857983
110 0.858564
111 0.859354
112 0.859478
113 0.860129
114 0.8601
115 0.860799
116 0.861047
117 0.86249
118 0.862684
119 0.863081
120 0.863246
121 0.863136
122 0.864149
123 0.864479
124 0.865294
125 0.865038
126 0.866459
127 0.866566
128 0.866289
129 0.866935
130 0.867509
131 0.867697
132 0.867911
133 0.867764
134 0.86861
135 0.869219
136 0.86974
137 0.869599
138 0.870809
139 0.870589
140 0.87081
141 0.870951
142 0.871608
143 0.872558
144 0.871753
145 0.873068
146 0.872799
147 0.873722
148 0.87346
149 0.874135
150 0.874364
151 0.874133
152 0.874838
153 0.875473
154 0.876356
155 0.87591
156 0.87572
157 0.876322
158 0.876419
159 0.876761
160 0.877904
161 0.877746
162 0.877871
163 0.878005
164 0.878542
165 0.879099
166 0.878948
167 0.879407
168 0.879783
169 0.879543
170 0.879944
171 0.880623
172 0.880305
173 0.881221
174 0.881503
175 0.881145
176 0.882035
177 0.881763
178 0.882564
179 0.882318
180 0.882824
181 0.882602
182 0.882976
183 0.882942
184 0.884125
185 0.883794
186 0.884234
187 0.884212
188 0.885228
189 0.885492
190 0.885406
191 0.885614
192 0.885922
193 0.88589
194 0.886334
195 0.886201
196 0.886804
197 0.88644
198 0.886773
199 0.887129
200 0.887913
201 0.887615
202 0.888227
203 0.887906
204 0.888243
205 0.888595
206 0.888551
207 0.888913
208 0.888921
209 0.889294
210 0.88964
211 0.889648
212 0.890244
213 0.890327
214 0.890063
215 0.890822
216 0.890969
217 0.891166
218 0.891279
219 0.891645
220 0.891429
221 0.892039
222 0.891831
223 0.892048
224 0.892193
225 0.892809
226 0.892557
227 0.893147
228 0.892756
229 0.893635
230 0.893685
231 0.893698
232 0.893773
233 0.893845
234 0.894407
235 0.894732
236 0.894227
237 0.894752
238 0.894977
239 0.8948
240 0.895627
241 0.895098
242 0.895758
243 0.896239
244 0.896122
245 0.896371
246 0.896429
247 0.896892
248 0.897001
249 0.896334
250 0.89721
251 0.896875
252 0.897598
253 0.897281
254 0.897814
255 0.897614
256 0.897818
257 0.898257
258 0.898219
259 0.898708
260 0.898755
261 0.898716
262 0.898968
263 0.899101
264 0.899367
265 0.899561
266 0.899383
267 0.899564
268 0.900174
269 0.900169
270 0.900448
271 0.900224
272 0.900581
273 0.900668
274 0.901019
275 0.901086
276 0.900663
277 0.900942
278 0.901177
279 0.90205
280 0.901449
281 0.901588
282 0.901699
283 0.902001
284 0.902375
285 0.902576
286 0.902635
287 0.902624
288 0.902384
289 0.903121
290 0.902941
291 0.903034
292 0.903535
293 0.903366
294 0.903691
295 0.903542
296 0.903403
297 0.903853
298 0.903804
299 0.903879
300 0.904205
