1 0.250242
2 0.166719
3 0.125289
4 0.111386
5 0.0904481
6 0.0806422
7 0.0756097
8 0.0691636
9 0.0621516
10 0.059863
11 0.0559648
12 0.0525751
13 0.0504192
14 0.0482042
15 0.0458186
16 0.043655
17 0.0411253
18 0.0401996
19 0.0385218
20 0.0374192
21 0.0361952
22 0.0352223
23 0.034371
24 0.0332981
25 0.0323138
26 0.0313891
27 0.0303721
28 0.0296984
29 0.0288931
30 0.0283027
31 0.0276417
32 0.0269383
33 0.0264893
34 0.0260868
35 0.0256687
36 0.0251017
37 0.0245781
38 0.0244093
39 0.0237048
40 0.0231897
41 0.0228529
42 0.0225562
43 0.0221957
44 0.0218394
45 0.0214632
46 0.0211824
47 0.0207884
48 0.0204516
49 0.0201849
50 0.0199231
51 0.0195939
52 0.0194201
53 0.0191749
54 0.0188458
55 0.0185519
56 0.0183385
57 0.0180883
58 0.0179109
59 0.0177618
60 0.0173218
61 0.0172723
62 0.0170045
63 0.0168809
64 0.0166224
65 0.016496
66 0.0164292
67 0.0162064
68 0.0160494
69 0.0159229
70 0.0156353
71 0.0155155
72 0.0154156
73 0.0151909
74 0.0150135
75 0.0149612
76 0.0148816
77 0.0147155
78 0.0145699
79 0.0144409
80 0.0143096
81 0.0141986
82 0.0139784
83 0.0138739
84 0.0137859
85 0.0137281
86 0.013472
87 0.0134918
88 0.0133784
89 0.0133169
90 0.013187
91 0.0130996
92 0.0129077
93 0.0128413
94 0.0127406
95 0.0126455
96 0.012561
97 0.0124108
98 0.0123847
99 0.0122829
100 0.0121538
101 0.0120295
102 0.0119761
103 0.0119085
104 0.0118323
105 0.0117284
106 0.0116594
107 0.0116031
108 0.0115613
109 0.0114738
110 0.0113376
111 0.0112393
112 0.0112139
113 0.0111536
114 0.0110708
115 0.0109993
116 0.0109404
117 0.0108525
118 0.010755
119 0.0106593
120 0.0106283
121 0.0106423
122 0.0105141
123 0.0104196
124 0.0103287
125 0.0103297
126 0.0102163
127 0.0101755
128 0.0101892
129 0.0100977
130 0.0100406
131 0.00997544
132 0.00998282
133 0.00995807
134 0.00987274
135 0.00975683
136 0.00969545
137 0.0096836
138 0.00957138
139 0.00954564
140 0.0095783
141 0.00950721
142 0.00946162
143 0.00927157
144 0.00939309
145 0.00923507
146 0.00925231
147 0.00913304
148 0.00915984
149 0.00910949
150 0.00904778
151 0.00905722
152 0.00893466
153 0.00893016
154 0.0087894
155 0.00882179
156 0.00884128
157 0.00876561
158 0.00874927
159 0.00871907
160 0.00857912
161 0.00857154
162 0.0085614
163 0.00854606
164 0.00848023
165 0.00836027
166 0.00841216
167 0.00835927
168 0.00831835
169 0.00833083
170 0.00825602
171 0.00820714
172 0.00820063
173 0.00815295
174 0.00806199
175 0.00810532
176 0.00807397
177 0.00801716
178 0.00796831
179 0.00795009
180 0.00791393
181 0.0078889
182 0.00791527
183 0.00786418
184 0.00774002
185 0.00774365
186 0.00773932
187 0.00770403
188 0.00761361
189 0.00758542
190 0.00755948
191 0.00758059
192 0.00751574
193 0.00751574
194 0.00747587
195 0.00748709
196 0.00740067
197 0.00741184
198 0.00739157
199 0.00735872
200 0.00725934
201 0.00731964
202 0.00720192
203 0.00722989
204 0.0072253
205 0.00714903
206 0.00715681
207 0.00713361
208 0.00713415
209 0.00708816
210 0.00705219
211 0.00704055
212 0.00697043
213 0.00697272
214 0.00702178
215 0.00692322
216 0.00691193
217 0.00688204
218 0.00683953
219 0.00680364
220 0.00679896
221 0.00677408
222 0.00678528
223 0.00674561
224 0.00670612
225 0.00668994
226 0.00670018
227 0.00666216
228 0.00666347
229 0.00659265
230 0.00660564
231 0.00654671
232 0.00656983
233 0.00653923
234 0.00646695
235 0.00648307
236 0.00647841
237 0.00646084
238 0.00639452
239 0.0064447
240 0.00633721
241 0.00640799
242 0.0063348
243 0.00630316
244 0.00629689
245 0.00629518
246 0.00627154
247 0.00619567
248 0.00618896
249 0.00623807
250 0.00619657
251 0.00618834
252 0.00615022
253 0.00613892
254 0.00608219
255 0.0061099
256 0.00611008
257 0.00606364
258 0.00602305
259 0.00602119
260 0.00599185
261 0.00600148
262 0.00594707
263 0.00595244
264 0.00591882
265 0.00590074
266 0.00591097
267 0.00589725
268 0.00586801
269 0.005832
270 0.00580995
271 0.00581216
272 0.00578243
273 0.00579217
274 0.00576531
275 0.00573737
276 0.00576473
277 0.00573675
278 0.00571349
279 0.00565033
280 0.00569429
281 0.00566995
282 0.00565101
283 0.00563637
284 0.00562003
285 0.00556429
286 0.00557363
287 0.00557431
288 0.00560032
289 0.00551958
290 0.00552326
291 0.00550506
292 0.00548375
293 0.00548387
294 0.00543201
295 0.00546805
296 0.00548007
297 0.00542995
298 0.00543162
299 0.00539321
300 0.00539623
