1 0.5
2 0.49307
3 0.484236
4 0.480187
5 0.473616
6 0.470744
7 0.468494
8 0.466441
9 0.46351
10 0.462503
11 0.461165
12 0.459346
13 0.458587
14 0.457469
15 0.456503
16 0.455205
17 0.454233
18 0.453619
19 0.453222
20 0.452574
21 0.452055
22 0.451205
23 0.451577
24 0.450573
25 0.450683
26 0.450039
27 0.44936
28 0.448886
29 0.448587
30 0.448038
31 0.448255
32 0.447539
33 0.447525
34 0.44711
35 0.447105
36 0.446763
37 0.446343
38 0.446779
39 0.445533
40 0.445684
41 0.445402
42 0.445126
43 0.444854
44 0.445192
45 0.444509
46 0.444643
47 0.444357
48 0.444238
49 0.444165
50 0.444083
51 0.443992
52 0.443965
53 0.443836
54 0.443236
55 0.443378
56 0.443456
57 0.442702
58 0.44288
59 0.442719
60 0.442858
61 0.442166
62 0.442632
63 0.442372
64 0.442043
65 0.442003
66 0.442134
67 0.441791
68 0.442034
69 0.442068
70 0.441785
71 0.441566
72 0.4417
73 0.441735
74 0.44162
75 0.44187
76 0.441318
77 0.441296
78 0.441222
79 0.440963
80 0.440914
81 0.440727
82 0.44083
83 0.440867
84 0.440922
85 0.440847
86 0.44043
87 0.440741
88 0.440463
89 0.440367
90 0.44024
91 0.440438
92 0.440451
93 0.440292
94 0.440207
95 0.439877
96 0.440338
97 0.439855
98 0.440254
99 0.440205
100 0.439648
101 0.439644
102 0.439416
103 0.440012
104 0.439726
105 0.439717
106 0.439506
107 0.439641
108 0.439156
109 0.439508
110 0.439588
111 0.439696
112 0.438997
113 0.439429
114 0.439393
115 0.43942
116 0.438976
117 0.439074
118 0.439057
119 0.439239
120 0.438693
121 0.438973
122 0.43888
123 0.438817
124 0.439012
125 0.4389
126 0.438452
127 0.438506
128 0.438792
129 0.438772
130 0.43879
131 0.438841
132 0.438962
133 0.438817
134 0.438384
135 0.438963
136 0.438713
137 0.438532
138 0.438578
139 0.438583
140 0.438325
141 0.438677
142 0.438585
143 0.438679
144 0.438472
145 0.438556
146 0.438213
147 0.438258
148 0.438274
149 0.438079
150 0.438489
151 0.43805
152 0.437798
153 0.438392
154 0.438179
155 0.437985
156 0.437883
157 0.437926
158 0.438141
159 0.437741
160 0.438068
161 0.438359
162 0.437684
163 0.438161
164 0.438135
165 0.437788
166 0.437824
167 0.437765
168 0.437723
169 0.438117
170 0.437945
171 0.437764
172 0.437835
173 0.437848
174 0.437228
175 0.438046
176 0.437754
177 0.438029
178 0.437669
179 0.437365
180 0.437584
181 0.437329
182 0.437514
183 0.43754
184 0.437396
185 0.437975
186 0.437541
187 0.437517
188 0.43721
189 0.437521
190 0.437077
191 0.437416
192 0.437323
193 0.437159
194 0.437318
195 0.437359
196 0.437411
197 0.437522
198 0.43727
199 0.436926
200 0.437167
201 0.437016
202 0.437509
203 0.437535
204 0.437202
205 0.436856
206 0.436953
207 0.4372
208 0.437575
209 0.437114
210 0.43704
211 0.436941
212 0.436844
213 0.437298
214 0.437348
215 0.437398
216 0.437187
217 0.436576
218 0.436798
219 0.437401
220 0.437018
221 0.436902
222 0.436643
223 0.436788
224 0.436979
225 0.43693
226 0.436858
227 0.43712
228 0.436762
229 0.436732
230 0.437056
231 0.436985
232 0.436724
233 0.437074
234 0.436979
235 0.436708
236 0.436923
237 0.436905
238 0.436799
239 0.436963
240 0.437003
241 0.436647
242 0.436479
243 0.436879
244 0.436826
245 0.436717
246 0.436449
247 0.43679
248 0.436378
249 0.437008
250 0.436741
251 0.437063
252 0.436307
253 0.436807
254 0.436372
255 0.436603
256 0.436268
257 0.436615
258 0.436558
259 0.436418
260 0.436198
261 0.436555
262 0.436439
263 0.436452
264 0.436461
265 0.436327
266 0.436358
267 0.436602
268 0.436425
269 0.436397
270 0.43653
271 0.436272
272 0.436611
273 0.436755
274 0.436672
275 0.436237
276 0.43653
277 0.43624
278 0.436373
279 0.435987
280 0.436005
281 0.436745
282 0.436248
283 0.436588
284 0.4364
285 0.43596
286 0.436151
287 0.435936
288 0.436144
289 0.435762
290 0.436477
291 0.436333
292 0.43623
293 0.436541
294 0.436463
295 0.435958
296 0.436365
297 0.436053
298 0.436242
299 0.436212
300 0.436629
