1 0
2 0.333333
3 0.222222
4 0.315789
5 0.315789
6 0.348485
7 0.345455
8 0.364706
9 0.360784
10 0.367123
11 0.362035
12 0.365079
13 0.362554
14 0.361296
15 0.357881
16 0.358896
17 0.357055
18 0.355224
19 0.351425
20 0.351066
21 0.348298
22 0.347122
23 0.345089
24 0.342977
25 0.340659
26 0.339401
27 0.337913
28 0.336902
29 0.334479
30 0.333285
31 0.331312
32 0.330616
33 0.328423
34 0.3272
35 0.325764
36 0.324452
37 0.322691
38 0.321841
39 0.32035
40 0.319382
41 0.317939
42 0.316795
43 0.315349
44 0.314481
45 0.313165
46 0.312182
47 0.311162
48 0.310128
49 0.308984
50 0.307911
51 0.306871
52 0.305947
53 0.304916
54 0.30402
55 0.303106
56 0.302205
57 0.301182
58 0.300297
59 0.299353
60 0.298532
61 0.297547
62 0.296814
63 0.295846
64 0.295043
65 0.294142
66 0.293385
67 0.292548
68 0.291859
69 0.290995
70 0.290232
71 0.28947
72 0.288741
73 0.287906
74 0.287262
75 0.286505
76 0.285808
77 0.285092
78 0.284368
79 0.283675
80 0.283045
81 0.282325
82 0.281717
83 0.281027
84 0.28037
85 0.279694
86 0.27912
87 0.278478
88 0.277843
89 0.277219
90 0.276564
91 0.275963
92 0.275409
93 0.274772
94 0.274195
95 0.273596
96 0.273056
97 0.272459
98 0.271911
99 0.271334
100 0.270784
