1 0.066537
2 0.0664935
3 0.066583
4 0.066525
5 0.066512
6 0.0665515
7 0.0665247
8 0.0664985
9 0.0664604
10 0.066506
11 0.0665695
12 0.0666332
13 0.0666405
14 0.0666476
15 0.0666667
16 0.0686843
17 0.0704524
18 0.0720437
19 0.0734701
20 0.0748128
21 0.0761183
22 0.0773987
23 0.0786744
24 0.0798248
25 0.0806466
26 0.0810787
27 0.081074
28 0.0806496
29 0.0799251
30 0.0789571
31 0.0778794
32 0.0769478
33 0.0764266
34 0.0765057
35 0.07703
36 0.0777041
37 0.0782423
38 0.0785049
39 0.0785216
40 0.0784136
41 0.0783231
42 0.0783785
43 0.0786336
44 0.0791273
45 0.079772
46 0.0805104
47 0.0812627
48 0.0819961
49 0.0826971
50 0.0833262
51 0.0839306
52 0.0845348
53 0.0850999
54 0.0856141
55 0.0860915
56 0.0864594
57 0.0867611
58 0.0869884
59 0.0871435
60 0.0872439
61 0.0873153
62 0.0873605
63 0.0873934
64 0.0874042
65 0.0874018
66 0.0873727
67 0.0873659
68 0.0873875
69 0.0874278
70 0.087501
71 0.0876176
72 0.087759
73 0.0879422
74 0.0879612
75 0.0880443
76 0.0880325
77 0.0881156
78 0.0883121
79 0.0886137
80 0.0890163
81 0.089471
82 0.0899587
83 0.0903319
84 0.0907143
85 0.0911034
86 0.0914923
87 0.0918665
88 0.0922196
89 0.0925473
90 0.092721
91 0.0928667
92 0.0929866
93 0.0930892
94 0.0931342
95 0.0931654
96 0.093195
97 0.0932195
98 0.0931973
99 0.0931773
100 0.0931729
101 0.0931744
102 0.0931931
103 0.0932013
104 0.0932292
105 0.0932671
106 0.0933323
107 0.0933787
108 0.0934575
109 0.0935876
110 0.0937593
111 0.0939424
112 0.0941642
113 0.0944175
114 0.0946894
115 0.0949715
116 0.0952611
117 0.0955456
118 0.0958337
119 0.0961222
120 0.0964056
121 0.096686
122 0.0969542
123 0.0972103
124 0.0974148
125 0.0976169
126 0.0978006
127 0.097959
128 0.0980675
129 0.0981684
130 0.0982715
131 0.0983723
132 0.0984492
133 0.0985307
134 0.0986204
135 0.098717
136 0.0988091
137 0.0989012
138 0.098999
139 0.0990878
140 0.099179
141 0.0992753
142 0.0993815
143 0.0994536
144 0.0995534
145 0.099673
146 0.0997519
147 0.099866
148 0.099993
149 0.100137
150 0.100298
151 0.100468
152 0.100647
153 0.10082
154 0.100982
155 0.101133
156 0.101271
157 0.101428
158 0.101592
159 0.101752
160 0.101917
161 0.102083
162 0.102246
163 0.102392
164 0.102543
165 0.102695
166 0.102843
167 0.102996
168 0.103143
169 0.10329
170 0.103435
171 0.103579
172 0.103716
173 0.103847
174 0.103957
175 0.104065
176 0.104178
177 0.104299
178 0.104423
179 0.104545
180 0.104661
181 0.104777
182 0.104893
183 0.105005
184 0.10513
185 0.105265
186 0.105408
187 0.105536
188 0.10566
189 0.105784
190 0.105913
191 0.106036
192 0.106169
193 0.106304
194 0.106433
195 0.106572
196 0.106717
197 0.106863
198 0.107009
199 0.107145
200 0.107275
201 0.10739
202 0.107501
203 0.107622
204 0.10776
205 0.107891
206 0.108014
207 0.108133
208 0.108253
209 0.108363
210 0.10848
211 0.108598
212 0.108705
213 0.10882
214 0.108935
215 0.109051
216 0.109164
217 0.109273
218 0.109371
219 0.109478
220 0.109588
221 0.10971
222 0.109832
223 0.109956
224 0.11008
225 0.110202
226 0.110322
227 0.110445
228 0.110569
229 0.110702
230 0.110834
231 0.110967
232 0.111084
233 0.111193
234 0.111308
235 0.111435
236 0.111561
237 0.11169
238 0.111816
239 0.111947
240 0.112074
241 0.112206
242 0.11233
243 0.112445
244 0.112553
245 0.112661
246 0.112772
247 0.112885
248 0.113005
249 0.113122
250 0.113237
251 0.113349
252 0.113463
253 0.113579
254 0.113694
255 0.11381
256 0.113925
257 0.114036
258 0.114145
259 0.114253
260 0.114354
261 0.114455
262 0.114556
263 0.114663
264 0.114777
265 0.114895
266 0.115012
267 0.115128
268 0.115239
269 0.11535
270 0.115456
271 0.115563
272 0.115666
273 0.115774
274 0.115881
275 0.115993
276 0.116107
277 0.116208
278 0.116317
279 0.116423
280 0.116528
281 0.116636
282 0.116744
283 0.11685
284 0.116959
285 0.117067
286 0.117174
287 0.117281
288 0.117388
289 0.117495
290 0.117603
291 0.117712
292 0.117819
293 0.117927
294 0.118039
295 0.118144
296 0.118244
297 0.118347
298 0.118456
299 0.118562
300 0.118672
