1 0.49974
2 0.499247
3 0.500086
4 0.499593
5 0.499016
6 0.500767
7 0.500505
8 0.500163
9 0.499831
10 0.499708
11 0.501498
12 0.500828
13 0.4994
14 0.499783
15 0.500301
16 0.533702
17 0.534138
18 0.533958
19 0.533788
20 0.534948
21 0.535291
22 0.536485
23 0.537848
24 0.537274
25 0.531399
26 0.523087
27 0.51382
28 0.502031
29 0.492335
30 0.483441
31 0.478034
32 0.477212
33 0.486583
34 0.501669
35 0.518735
36 0.527965
37 0.530901
38 0.524805
39 0.518638
40 0.513549
41 0.514081
42 0.516499
43 0.523534
44 0.531006
45 0.537342
46 0.543521
47 0.54663
48 0.54613
49 0.546511
50 0.543629
51 0.543102
52 0.542516
53 0.540415
54 0.539063
55 0.537081
56 0.531472
57 0.527725
58 0.525066
59 0.520588
60 0.517884
61 0.515504
62 0.51429
63 0.51376
64 0.514092
65 0.513939
66 0.514552
67 0.515981
68 0.517781
69 0.518778
70 0.522331
71 0.523813
72 0.526812
73 0.529547
74 0.523615
75 0.526452
76 0.524316
77 0.52942
78 0.535002
79 0.542107
80 0.547559
81 0.549935
82 0.552482
83 0.5489
84 0.549696
85 0.548993
86 0.54955
87 0.546956
88 0.545561
89 0.543737
90 0.533813
91 0.532136
92 0.530552
93 0.528806
94 0.526853
95 0.523836
96 0.52264
97 0.521683
98 0.518808
99 0.518779
100 0.519746
101 0.520615
102 0.521509
103 0.521905
104 0.524113
105 0.525038
106 0.527628
107 0.523699
108 0.529038
109 0.533485
110 0.537758
111 0.535312
112 0.5416
113 0.545475
114 0.546917
115 0.550046
116 0.552055
117 0.552089
118 0.553474
119 0.552955
120 0.553593
121 0.554027
122 0.553122
123 0.551392
124 0.548546
125 0.548775
126 0.546561
127 0.543811
128 0.539463
129 0.53974
130 0.538607
131 0.538955
132 0.53033
133 0.531637
134 0.533027
135 0.534633
136 0.535035
137 0.535891
138 0.535682
139 0.535988
140 0.535677
141 0.537072
142 0.537741
143 0.534962
144 0.538307
145 0.540155
146 0.530356
147 0.536691
148 0.539003
149 0.542095
150 0.544895
151 0.546748
152 0.547524
153 0.548473
154 0.547169
155 0.547286
156 0.5434
157 0.547365
158 0.54851
159 0.547662
160 0.549059
161 0.548747
162 0.549333
163 0.548145
164 0.548968
165 0.548713
166 0.548307
167 0.548971
168 0.547502
169 0.548607
170 0.547716
171 0.547508
172 0.546235
173 0.54666
174 0.546085
175 0.543004
176 0.543713
177 0.544613
178 0.545677
179 0.546227
180 0.545037
181 0.545107
182 0.54488
183 0.54244
184 0.544888
185 0.545837
186 0.548831
187 0.546622
188 0.547114
189 0.546808
190 0.548205
191 0.547964
192 0.549033
193 0.550326
194 0.550614
195 0.550404
196 0.551761
197 0.552543
198 0.552253
199 0.551101
200 0.550272
201 0.547997
202 0.548705
203 0.550066
204 0.551402
205 0.550499
206 0.549397
207 0.547688
208 0.549036
209 0.54871
210 0.549949
211 0.550854
212 0.548676
213 0.550174
214 0.548039
215 0.550167
216 0.548993
217 0.549552
218 0.545467
219 0.545746
220 0.547865
221 0.549878
222 0.548394
223 0.551634
224 0.55148
225 0.550595
226 0.548451
227 0.549653
228 0.552347
229 0.553197
230 0.553956
231 0.553629
232 0.552227
233 0.550793
234 0.551413
235 0.554122
236 0.5546
237 0.554063
238 0.555215
239 0.555295
240 0.553935
241 0.555079
242 0.553054
243 0.553393
244 0.554002
245 0.554092
246 0.554667
247 0.554567
248 0.555604
249 0.555088
250 0.55378
251 0.553836
252 0.555153
253 0.555387
254 0.554795
255 0.555055
256 0.555189
257 0.554459
258 0.554959
259 0.554634
260 0.554066
261 0.552722
262 0.553496
263 0.554229
264 0.555756
265 0.556254
266 0.55559
267 0.55558
268 0.55635
269 0.555595
270 0.555036
271 0.555135
272 0.554981
273 0.556386
274 0.557168
275 0.556621
276 0.557092
277 0.556068
278 0.556599
279 0.555974
280 0.554243
281 0.555631
282 0.555145
283 0.555208
284 0.556127
285 0.556281
286 0.5554
287 0.556154
288 0.556097
289 0.557022
290 0.558414
291 0.558103
292 0.557615
293 0.557825
294 0.558438
295 0.558058
296 0.557098
297 0.559094
298 0.558135
299 0.55895
300 0.559081
