1 0.219883
2 0.220061
3 0.220121
4 0.220077
5 0.220104
6 0.220039
7 0.220029
8 0.220029
9 0.220014
10 0.219984
11 0.219943
12 0.219933
13 0.219921
14 0.219915
15 0.21992
16 0.217834
17 0.216001
18 0.214367
19 0.212896
20 0.211553
21 0.210289
22 0.209076
23 0.207914
24 0.206903
25 0.206165
26 0.205784
27 0.205815
28 0.206229
29 0.206968
30 0.207937
31 0.209039
32 0.210071
33 0.210797
34 0.210999
35 0.210721
36 0.210179
37 0.209635
38 0.20924
39 0.20903
40 0.208943
41 0.208878
42 0.208744
43 0.208473
44 0.208032
45 0.207451
46 0.206778
47 0.206077
48 0.205386
49 0.204724
50 0.204144
51 0.203607
52 0.203106
53 0.202654
54 0.202261
55 0.201928
56 0.20169
57 0.201518
58 0.201413
59 0.201368
60 0.201373
61 0.201412
62 0.201466
63 0.201534
64 0.201606
65 0.201674
66 0.201741
67 0.201782
68 0.201791
69 0.20177
70 0.201716
71 0.201624
72 0.2015
73 0.201339
74 0.201282
75 0.201179
76 0.201101
77 0.200959
78 0.200742
79 0.200451
80 0.200098
81 0.199727
82 0.199336
83 0.198993
84 0.198655
85 0.198326
86 0.198009
87 0.197713
88 0.197446
89 0.197209
90 0.197085
91 0.19699
92 0.196914
93 0.196855
94 0.196829
95 0.196817
96 0.196816
97 0.196823
98 0.196859
99 0.196897
100 0.196928
101 0.196952
102 0.196963
103 0.19697
104 0.196962
105 0.196941
106 0.196898
107 0.196879
108 0.196829
109 0.196739
110 0.196612
111 0.196493
112 0.196336
113 0.196146
114 0.195943
115 0.19572
116 0.195484
117 0.195245
118 0.195003
119 0.194762
120 0.194525
121 0.194294
122 0.194072
123 0.19386
124 0.193679
125 0.193505
126 0.193347
127 0.193209
128 0.193107
129 0.19301
130 0.192919
131 0.192832
132 0.192807
133 0.19277
134 0.192723
135 0.192668
136 0.192613
137 0.192555
138 0.19249
139 0.192428
140 0.192364
141 0.192296
142 0.192227
143 0.192172
144 0.192102
145 0.192019
146 0.192
147 0.191946
148 0.191869
149 0.191775
150 0.191667
151 0.19155
152 0.191426
153 0.191303
154 0.191182
155 0.191064
156 0.190968
157 0.190855
158 0.190735
159 0.190623
160 0.190503
161 0.190382
162 0.190259
163 0.190147
164 0.190034
165 0.18992
166 0.189808
167 0.189696
168 0.189593
169 0.189487
170 0.189384
171 0.189281
172 0.189186
173 0.18909
174 0.189003
175 0.188936
176 0.188863
177 0.188781
178 0.188698
179 0.188613
180 0.188542
181 0.188466
182 0.188389
183 0.188331
184 0.18826
185 0.18818
186 0.188092
187 0.188015
188 0.187934
189 0.187855
190 0.187769
191 0.187689
192 0.187602
193 0.187511
194 0.187422
195 0.187328
196 0.18723
197 0.18713
198 0.187031
199 0.186938
200 0.186849
201 0.186775
202 0.186701
203 0.186616
204 0.186524
205 0.186438
206 0.186358
207 0.186286
208 0.186211
209 0.186139
210 0.186062
211 0.185982
212 0.185913
213 0.185838
214 0.185768
215 0.185696
216 0.185625
217 0.185556
218 0.185504
219 0.185448
220 0.185385
221 0.185313
222 0.185248
223 0.185176
224 0.185101
225 0.185031
226 0.184969
227 0.184904
228 0.184831
229 0.184752
230 0.184671
231 0.184589
232 0.184517
233 0.18445
234 0.184377
235 0.1843
236 0.184222
237 0.184143
238 0.184063
239 0.183981
240 0.183905
241 0.183825
242 0.183751
243 0.183678
244 0.183608
245 0.183537
246 0.183465
247 0.18339
248 0.183312
249 0.183238
250 0.183167
251 0.183096
252 0.183022
253 0.182948
254 0.182875
255 0.182802
256 0.182731
257 0.182662
258 0.182596
259 0.182528
260 0.182466
261 0.182405
262 0.182345
263 0.182281
264 0.182213
265 0.182143
266 0.182073
267 0.182005
268 0.181938
269 0.181872
270 0.181807
271 0.181744
272 0.181681
273 0.181616
274 0.181552
275 0.181484
276 0.181416
277 0.181354
278 0.181288
279 0.181227
280 0.181169
281 0.181108
282 0.181047
283 0.180989
284 0.180927
285 0.180866
286 0.180806
287 0.180748
288 0.180689
289 0.180627
290 0.180563
291 0.180498
292 0.180435
293 0.180371
294 0.180305
295 0.180244
296 0.180185
297 0.180122
298 0.180057
299 0.179994
300 0.179928
