1 0.719896
2 0.719896
3 0.719896
4 0.719896
5 0.719896
6 0.719896
7 0.719896
8 0.719896
9 0.719896
10 0.719896
11 0.719896
12 0.719896
13 0.719896
14 0.719896
15 0.719896
16 0.719896
17 0.719896
18 0.719896
19 0.719896
20 0.719896
21 0.719896
22 0.719896
23 0.719896
24 0.719896
25 0.719896
26 0.719896
27 0.719896
28 0.719896
29 0.719896
30 0.719896
31 0.719896
32 0.719896
33 0.719896
34 0.719896
35 0.719896
36 0.719896
37 0.719896
38 0.719896
39 0.719896
40 0.719896
41 0.719896
42 0.719896
43 0.719896
44 0.719896
45 0.719896
46 0.719896
47 0.719896
48 0.719896
49 0.719896
50 0.719896
51 0.719896
52 0.719896
53 0.719896
54 0.719896
55 0.719896
56 0.719896
57 0.719896
58 0.719896
59 0.719896
60 0.719896
61 0.719896
62 0.719896
63 0.719896
64 0.719896
65 0.719896
66 0.719896
67 0.719896
68 0.719896
69 0.719896
70 0.719896
71 0.719896
72 0.719896
73 0.719896
74 0.719896
75 0.719896
76 0.719896
77 0.719896
78 0.719896
79 0.719896
80 0.719896
81 0.719896
82 0.719896
83 0.719896
84 0.719896
85 0.719896
86 0.719896
87 0.719896
88 0.719896
89 0.719896
90 0.719896
91 0.719896
92 0.719896
93 0.719896
94 0.719896
95 0.719896
96 0.719896
97 0.719896
98 0.719896
99 0.719896
100 0.719896
101 0.719896
102 0.719896
103 0.719896
104 0.719896
105 0.719896
106 0.719896
107 0.719896
108 0.719896
109 0.719896
110 0.719896
111 0.719896
112 0.719896
113 0.719896
114 0.719896
115 0.719896
116 0.719896
117 0.719896
118 0.719896
119 0.719896
120 0.719896
121 0.719896
122 0.719896
123 0.719896
124 0.719896
125 0.719896
126 0.719896
127 0.719896
128 0.719896
129 0.719896
130 0.719896
131 0.719896
132 0.719896
133 0.719896
134 0.719896
135 0.719896
136 0.719896
137 0.719896
138 0.719896
139 0.719896
140 0.719896
141 0.719896
142 0.719896
143 0.719896
144 0.719896
145 0.719896
146 0.719896
147 0.719896
148 0.719896
149 0.719896
150 0.719896
151 0.719896
152 0.719896
153 0.719896
154 0.719896
155 0.719896
156 0.719896
157 0.719896
158 0.719896
159 0.719896
160 0.719896
161 0.719896
162 0.719896
163 0.719896
164 0.719896
165 0.719896
166 0.719896
167 0.719896
168 0.719896
169 0.719896
170 0.719896
171 0.719896
172 0.719896
173 0.719896
174 0.719896
175 0.719896
176 0.719896
177 0.719896
178 0.719896
179 0.719896
180 0.719896
181 0.719896
182 0.719896
183 0.719896
184 0.719896
185 0.719896
186 0.719896
187 0.719896
188 0.719896
189 0.719896
190 0.719896
191 0.719896
192 0.719896
193 0.719896
194 0.719896
195 0.719896
196 0.719896
197 0.719896
198 0.719896
199 0.719896
200 0.719896
201 0.719896
202 0.719896
203 0.719896
204 0.719896
205 0.719896
206 0.719896
207 0.719896
208 0.719896
209 0.719896
210 0.719896
211 0.719896
212 0.719896
213 0.719896
214 0.719896
215 0.719896
216 0.719896
217 0.719896
218 0.719896
219 0.719896
220 0.719896
221 0.719896
222 0.719896
223 0.719896
224 0.719896
225 0.719896
226 0.719896
227 0.719896
228 0.719896
229 0.719896
230 0.719896
231 0.719896
232 0.719896
233 0.719896
234 0.719896
235 0.719896
236 0.719896
237 0.719896
238 0.719896
239 0.719896
240 0.719896
241 0.719896
242 0.719896
243 0.719896
244 0.719896
245 0.719896
246 0.719896
247 0.719896
248 0.719896
249 0.719896
250 0.719896
251 0.719896
252 0.719896
253 0.719896
254 0.719896
255 0.719896
256 0.719896
257 0.719896
258 0.719896
259 0.719896
260 0.719896
261 0.719896
262 0.719896
263 0.719896
264 0.719896
265 0.719896
266 0.719896
267 0.719896
268 0.719896
269 0.719896
270 0.719896
271 0.719896
272 0.719896
273 0.719896
274 0.719896
275 0.719896
276 0.719896
277 0.719896
278 0.719896
279 0.719896
280 0.719896
281 0.719896
282 0.719896
283 0.719896
284 0.719896
285 0.719896
286 0.719896
287 0.719896
288 0.719896
289 0.719896
290 0.719896
291 0.719896
292 0.719896
293 0.719896
294 0.719896
295 0.719896
296 0.719896
297 0.719896
298 0.719896
299 0.719896
300 0.719896
