1 0.066537
2 0.06645
3 0.066762
4 0.066351
5 0.06646
6 0.066749
7 0.066364
8 0.066315
9 0.066156
10 0.066916
11 0.067204
12 0.067335
13 0.066727
14 0.06674
15 0.066934
16 0.098949
17 0.098741
18 0.099096
19 0.099145
20 0.100324
21 0.102229
22 0.104287
23 0.10674
24 0.106285
25 0.100368
26 0.091883
27 0.08095
28 0.069191
29 0.05964
30 0.050885
31 0.045547
32 0.048071
33 0.059748
34 0.079116
35 0.094856
36 0.101296
37 0.097617
38 0.088223
39 0.079156
40 0.074202
41 0.074704
42 0.080647
43 0.089348
44 0.100356
45 0.108139
46 0.113739
47 0.115868
48 0.116465
49 0.116348
50 0.114149
51 0.114155
52 0.115349
53 0.114482
54 0.112866
55 0.111872
56 0.106694
57 0.103659
58 0.099943
59 0.096136
60 0.093171
61 0.0916
62 0.090119
63 0.089432
64 0.088082
65 0.087248
66 0.085483
67 0.086918
68 0.08883
69 0.090168
70 0.092557
71 0.095777
72 0.097796
73 0.101139
74 0.089343
75 0.094193
76 0.087151
77 0.094432
78 0.103443
79 0.112136
80 0.120824
81 0.125845
82 0.129459
83 0.12094
84 0.122452
85 0.123788
86 0.124548
87 0.124051
88 0.122939
89 0.12138
90 0.108185
91 0.105978
92 0.103895
93 0.102525
94 0.097323
95 0.096096
96 0.096014
97 0.095572
98 0.091035
99 0.091223
100 0.092737
101 0.093327
102 0.095081
103 0.094035
104 0.096104
105 0.09721
106 0.100179
107 0.098295
108 0.101884
109 0.107643
110 0.112474
111 0.114082
112 0.11879
113 0.122788
114 0.125411
115 0.127128
116 0.128569
117 0.128549
118 0.129538
119 0.130167
120 0.13013
121 0.13033
122 0.129407
123 0.12846
124 0.122567
125 0.122676
126 0.120763
127 0.117909
128 0.111847
129 0.111091
130 0.111565
131 0.111479
132 0.108529
133 0.109282
134 0.110557
135 0.111659
136 0.111236
137 0.111433
138 0.112398
139 0.111342
140 0.111857
141 0.112752
142 0.114357
143 0.109697
144 0.113817
145 0.116897
146 0.111197
147 0.116517
148 0.118669
149 0.121515
150 0.124286
151 0.125869
152 0.127706
153 0.127055
154 0.1258
155 0.124369
156 0.122668
157 0.12602
158 0.127334
159 0.127054
160 0.12809
161 0.128571
162 0.128559
163 0.126088
164 0.127153
165 0.127621
166 0.127182
167 0.128441
168 0.127744
169 0.127935
170 0.127959
171 0.128011
172 0.127126
173 0.126337
174 0.123125
175 0.122826
176 0.123847
177 0.125701
178 0.126371
179 0.126304
180 0.125303
181 0.125774
182 0.125808
183 0.125457
184 0.127946
185 0.130097
186 0.131946
187 0.129304
188 0.128789
189 0.129093
190 0.130403
191 0.129298
192 0.131596
193 0.132226
194 0.131392
195 0.133488
196 0.134941
197 0.135453
198 0.135907
199 0.134033
200 0.133176
201 0.13033
202 0.129765
203 0.132121
204 0.135716
205 0.134604
206 0.133329
207 0.13258
208 0.133034
209 0.131224
210 0.133052
211 0.13332
212 0.131333
213 0.133136
214 0.133411
215 0.133923
216 0.133452
217 0.132834
218 0.130671
219 0.132853
220 0.133571
221 0.136656
222 0.136621
223 0.137484
224 0.137843
225 0.137538
226 0.137268
227 0.138279
228 0.138808
229 0.141034
230 0.140896
231 0.141654
232 0.13799
233 0.1366
234 0.138159
235 0.14097
236 0.141331
237 0.142034
238 0.141736
239 0.143088
240 0.142358
241 0.143996
242 0.142172
243 0.140279
244 0.138898
245 0.138999
246 0.139809
247 0.140861
248 0.142671
249 0.141919
250 0.142035
251 0.141222
252 0.142269
253 0.142646
254 0.142793
255 0.143356
256 0.143331
257 0.142313
258 0.142089
259 0.142091
260 0.140582
261 0.140765
262 0.140925
263 0.14275
264 0.144559
265 0.146108
266 0.146174
267 0.145921
268 0.14496
269 0.144888
270 0.144175
271 0.144478
272 0.143458
273 0.145223
274 0.145057
275 0.146638
276 0.147352
277 0.144208
278 0.14647
279 0.145831
280 0.145974
281 0.146826
282 0.147192
283 0.14651
284 0.147835
285 0.147838
286 0.14765
287 0.147819
288 0.14813
289 0.148227
290 0.148935
291 0.149375
292 0.149032
293 0.149438
294 0.15086
295 0.148947
296 0.147721
297 0.14886
298 0.150644
299 0.150154
300 0.151814
