1 0.5
2 0.353958
3 0.288934
4 0.250005
5 0.223623
6 0.204064
7 0.188935
8 0.176767
9 0.166552
10 0.158061
11 0.150676
12 0.144274
13 0.138596
14 0.133608
15 0.129092
16 0.124937
17 0.121186
18 0.117766
19 0.114597
20 0.111678
21 0.108971
22 0.106543
23 0.104545
24 0.102966
25 0.101808
26 0.100949
27 0.100174
28 0.0993943
29 0.0984872
30 0.0973706
31 0.0961024
32 0.0944949
33 0.0925947
34 0.0905714
35 0.0888264
36 0.0875502
37 0.0866546
38 0.0859178
39 0.085127
40 0.084216
41 0.0831246
42 0.0818617
43 0.0805634
44 0.0793015
45 0.0782003
46 0.0772582
47 0.0764508
48 0.0757377
49 0.0750601
50 0.0745121
51 0.0740385
52 0.0736433
53 0.073346
54 0.0731607
55 0.0730576
56 0.0729943
57 0.0729377
58 0.0728532
59 0.0727412
60 0.0725902
61 0.0723661
62 0.0720816
63 0.0717489
64 0.0713562
65 0.0709244
66 0.0704388
67 0.0699239
68 0.0693732
69 0.0688251
70 0.0682582
71 0.0676901
72 0.0671183
73 0.0665364
74 0.0658965
75 0.0652493
76 0.0646221
77 0.0640165
78 0.0634495
79 0.0629343
80 0.0624895
81 0.0621203
82 0.0618378
83 0.0616311
84 0.0614855
85 0.0613991
86 0.061364
87 0.0613703
88 0.0613963
89 0.0614568
90 0.061544
91 0.0616295
92 0.0616976
93 0.0617556
94 0.0617548
95 0.0617327
96 0.0616875
97 0.0616047
98 0.0614712
99 0.0612947
100 0.061078
101 0.0608264
102 0.0605541
103 0.060236
104 0.0598898
105 0.059527
106 0.0591496
107 0.0587197
108 0.0582831
109 0.0578623
110 0.0574757
111 0.0570725
112 0.0567141
113 0.0563966
114 0.0561003
115 0.0558384
116 0.0556232
117 0.0554393
118 0.0552921
119 0.0551814
120 0.055092
121 0.0550319
122 0.0549859
123 0.0549673
124 0.0549541
125 0.0549441
126 0.0549419
127 0.0549664
128 0.0549878
129 0.0549976
130 0.0549958
131 0.0549829
132 0.0549793
133 0.0549489
134 0.0548962
135 0.0548238
136 0.0547303
137 0.0546204
138 0.0544997
139 0.0543518
140 0.0542048
141 0.0540433
142 0.0538683
143 0.0536756
144 0.0534848
145 0.0532997
146 0.0531391
147 0.0529748
148 0.0528126
149 0.0526526
150 0.0524937
151 0.0523392
152 0.0521987
153 0.0520633
154 0.0519413
155 0.0518179
156 0.0517058
157 0.0516056
158 0.0515086
159 0.0514371
160 0.0513738
161 0.0513172
162 0.0512693
163 0.0512282
164 0.0511926
165 0.0511532
166 0.0511196
167 0.0510854
168 0.0510359
169 0.0509942
170 0.0509482
171 0.0509056
172 0.0508544
173 0.0508058
174 0.0507455
175 0.0506793
176 0.0506123
177 0.0505473
178 0.0504872
179 0.0504213
180 0.0503554
181 0.0502857
182 0.050217
183 0.0501386
184 0.0500637
185 0.0499865
186 0.0499093
187 0.0498268
188 0.049746
189 0.0496688
190 0.0495888
191 0.0495106
192 0.0494343
193 0.0493599
194 0.0492877
195 0.0492211
196 0.0491552
197 0.0490932
198 0.0490321
199 0.0489785
200 0.0489273
201 0.0488624
202 0.0488034
203 0.0487537
204 0.0487075
205 0.0486765
206 0.0486478
207 0.0486192
208 0.0485929
209 0.048557
210 0.0485235
211 0.0484912
212 0.0484667
213 0.0484401
214 0.0484087
215 0.0483671
216 0.048331
217 0.0482922
218 0.0482551
219 0.0482117
220 0.0481759
221 0.0481401
222 0.0481052
223 0.0480665
224 0.0480259
225 0.0479878
226 0.0479478
227 0.0479025
228 0.0478596
229 0.0478164
230 0.0477739
231 0.0477356
232 0.0476892
233 0.0476443
234 0.0476031
235 0.0475604
236 0.0475207
237 0.0474807
238 0.0474423
239 0.0474053
240 0.0473583
241 0.0473158
242 0.0472676
243 0.0472204
244 0.0471777
245 0.0471432
246 0.047109
247 0.0470754
248 0.0470428
249 0.0470111
250 0.0469779
251 0.0469526
252 0.0469288
253 0.0469065
254 0.0468866
255 0.0468664
256 0.0468401
257 0.0468134
258 0.04679
259 0.0467675
260 0.0467484
261 0.0467241
262 0.0467021
263 0.0466824
264 0.0466593
265 0.0466369
266 0.0466174
267 0.0465889
268 0.0465657
269 0.0465389
270 0.0465095
271 0.0464798
272 0.0464495
273 0.0464193
274 0.0463908
275 0.0463664
276 0.0463394
277 0.0463164
278 0.046293
279 0.0462708
280 0.0462527
281 0.0462332
282 0.0462097
283 0.046187
284 0.0461626
285 0.04614
286 0.0461147
287 0.0460867
288 0.0460606
289 0.0460329
290 0.0460065
291 0.0459832
292 0.0459576
293 0.0459363
294 0.0459163
295 0.0458948
296 0.0458731
297 0.045853
298 0.0458293
299 0.0458078
300 0.0457881
