1 0.409594
2 0.402539
3 0.395611
4 0.388979
5 0.382431
6 0.375873
7 0.36948
8 0.363142
9 0.356964
10 0.350897
11 0.344973
12 0.339209
13 0.3335
14 0.327983
15 0.322597
16 0.317357
17 0.312214
18 0.307234
19 0.302393
20 0.297687
21 0.293103
22 0.288642
23 0.284301
24 0.280072
25 0.275977
26 0.272005
27 0.26814
28 0.264382
29 0.26073
30 0.257191
31 0.253746
32 0.250403
33 0.247168
34 0.24401
35 0.240929
36 0.237941
37 0.235036
38 0.232204
39 0.229443
40 0.226763
41 0.224148
42 0.221598
43 0.219113
44 0.216695
45 0.214336
46 0.212036
47 0.209794
48 0.207602
49 0.20546
50 0.203372
51 0.201334
52 0.199343
53 0.197396
54 0.195491
55 0.193631
56 0.191812
57 0.19003
58 0.188291
59 0.186588
60 0.184918
61 0.183283
62 0.181682
63 0.180115
64 0.178576
65 0.177071
66 0.175597
67 0.17415
68 0.172727
69 0.171331
70 0.169962
71 0.168616
72 0.167297
73 0.166003
74 0.164731
75 0.163484
76 0.162259
77 0.161053
78 0.159868
79 0.158709
80 0.157568
81 0.156441
82 0.155334
83 0.154248
84 0.153178
85 0.152125
86 0.151091
87 0.150073
88 0.14907
89 0.148081
90 0.14711
91 0.146155
92 0.145213
93 0.144285
94 0.143371
95 0.142468
96 0.141579
97 0.140705
98 0.139842
99 0.138991
100 0.138153
101 0.137327
102 0.136514
103 0.13571
104 0.134919
105 0.134136
106 0.133364
107 0.132603
108 0.13185
109 0.13111
110 0.130379
111 0.129659
112 0.128946
113 0.128243
114 0.127548
115 0.126865
116 0.126189
117 0.12552
118 0.12486
119 0.124208
120 0.123566
121 0.12293
122 0.1223
123 0.121679
124 0.121065
125 0.120459
126 0.119859
127 0.119266
128 0.11868
129 0.118102
130 0.11753
131 0.116966
132 0.116406
133 0.115854
134 0.115306
135 0.114767
136 0.114231
137 0.113701
138 0.113178
139 0.112661
140 0.112148
141 0.111641
142 0.111139
143 0.110642
144 0.110151
145 0.109665
146 0.109184
147 0.108708
148 0.108235
149 0.107768
150 0.107306
151 0.10685
152 0.106398
153 0.105948
154 0.105504
155 0.105064
156 0.104629
157 0.104197
158 0.103771
159 0.103349
160 0.10293
161 0.102514
162 0.102102
163 0.101696
164 0.101293
165 0.100894
166 0.100498
167 0.100106
168 0.0997172
169 0.0993317
170 0.0989507
171 0.0985733
172 0.0981977
173 0.097826
174 0.0974573
175 0.0970923
176 0.0967304
177 0.0963711
178 0.0960151
179 0.0956622
180 0.0953119
181 0.0949651
182 0.0946214
183 0.0942802
184 0.0939424
185 0.0936069
186 0.0932745
187 0.0929445
188 0.0926175
189 0.0922939
190 0.0919721
191 0.0916529
192 0.0913367
193 0.0910223
194 0.0907103
195 0.0904014
196 0.0900942
197 0.0897892
198 0.089487
199 0.0891875
200 0.0888901
201 0.0885946
202 0.0883026
203 0.0880119
204 0.0877236
205 0.0874379
206 0.087154
207 0.0868726
208 0.0865931
209 0.0863154
210 0.0860396
211 0.0857662
212 0.0854954
213 0.085226
214 0.0849582
215 0.0846929
216 0.0844301
217 0.0841686
218 0.0839092
219 0.0836512
220 0.0833954
221 0.0831404
222 0.0828879
223 0.082637
224 0.0823885
225 0.0821415
226 0.0818967
227 0.081653
228 0.0814112
229 0.0811711
230 0.0809325
231 0.0806953
232 0.0804597
233 0.080226
234 0.0799935
235 0.0797628
236 0.0795337
237 0.0793058
238 0.0790796
239 0.0788544
240 0.0786304
241 0.0784088
242 0.0781886
243 0.0779701
244 0.0777523
245 0.0775367
246 0.0773221
247 0.0771094
248 0.0768973
249 0.0766866
250 0.0764774
251 0.0762697
252 0.076063
253 0.0758577
254 0.0756534
255 0.0754498
256 0.0752481
257 0.0750473
258 0.0748484
259 0.0746504
260 0.0744536
261 0.0742578
262 0.0740632
263 0.0738701
264 0.0736786
265 0.0734881
266 0.0732987
267 0.0731104
268 0.0729228
269 0.0727366
270 0.0725511
271 0.0723672
272 0.0721844
273 0.0720027
274 0.0718218
275 0.0716424
276 0.0714637
277 0.0712861
278 0.0711098
279 0.0709339
280 0.0707592
281 0.0705851
282 0.0704127
283 0.0702406
284 0.0700691
285 0.0698991
286 0.0697302
287 0.0695625
288 0.0693959
289 0.06923
290 0.0690651
291 0.0689002
292 0.0687365
293 0.0685737
294 0.0684118
295 0.0682511
296 0.0680907
297 0.0679314
298 0.067773
299 0.0676158
300 0.0674593
