1 0.909042
2 0.909042
3 0.909042
4 0.909042
5 0.909042
6 0.909042
7 0.909042
8 0.909042
9 0.909042
10 0.909042
11 0.909042
12 0.909042
13 0.909042
14 0.909042
15 0.909042
16 0.909042
17 0.909042
18 0.909042
19 0.909042
20 0.909042
21 0.909042
22 0.909042
23 0.909042
24 0.909042
25 0.909042
26 0.909042
27 0.909042
28 0.909042
29 0.909042
30 0.909042
31 0.909042
32 0.909042
33 0.909042
34 0.909042
35 0.909042
36 0.909042
37 0.909042
38 0.909042
39 0.909042
40 0.909042
41 0.909042
42 0.909042
43 0.909042
44 0.909042
45 0.909042
46 0.909042
47 0.909042
48 0.909042
49 0.909042
50 0.909042
51 0.909042
52 0.909042
53 0.909042
54 0.909042
55 0.909042
56 0.909042
57 0.909042
58 0.909042
59 0.909042
60 0.909042
61 0.909042
62 0.909042
63 0.909042
64 0.909042
65 0.909042
66 0.909042
67 0.909042
68 0.909042
69 0.909042
70 0.909042
71 0.909042
72 0.909042
73 0.909042
74 0.909042
75 0.909042
76 0.909042
77 0.909042
78 0.909042
79 0.909042
80 0.909042
81 0.909042
82 0.909042
83 0.909042
84 0.909042
85 0.909042
86 0.909042
87 0.909042
88 0.909042
89 0.909042
90 0.909042
91 0.909042
92 0.909042
93 0.909042
94 0.909042
95 0.909042
96 0.909042
97 0.909042
98 0.909042
99 0.909042
100 0.909042
101 0.909042
102 0.909042
103 0.909042
104 0.909042
105 0.909042
106 0.909042
107 0.909042
108 0.909042
109 0.909042
110 0.909042
111 0.909042
112 0.909042
113 0.909042
114 0.909042
115 0.909042
116 0.909042
117 0.909042
118 0.909042
119 0.909042
120 0.909042
121 0.909042
122 0.909042
123 0.909042
124 0.909042
125 0.909042
126 0.909042
127 0.909042
128 0.909042
129 0.909042
130 0.909042
131 0.909042
132 0.909042
133 0.909042
134 0.909042
135 0.909042
136 0.909042
137 0.909042
138 0.909042
139 0.909042
140 0.909042
141 0.909042
142 0.909042
143 0.909042
144 0.909042
145 0.909042
146 0.909042
147 0.909042
148 0.909042
149 0.909042
150 0.909042
151 0.909042
152 0.909042
153 0.909042
154 0.909042
155 0.909042
156 0.909042
157 0.909042
158 0.909042
159 0.909042
160 0.909042
161 0.909042
162 0.909042
163 0.909042
164 0.909042
165 0.909042
166 0.909042
167 0.909042
168 0.909042
169 0.909042
170 0.909042
171 0.909042
172 0.909042
173 0.909042
174 0.909042
175 0.909042
176 0.909042
177 0.909042
178 0.909042
179 0.909042
180 0.909042
181 0.909042
182 0.909042
183 0.909042
184 0.909042
185 0.909042
186 0.909042
187 0.909042
188 0.909042
189 0.909042
190 0.909042
191 0.909042
192 0.909042
193 0.909042
194 0.909042
195 0.909042
196 0.909042
197 0.909042
198 0.909042
199 0.909042
200 0.909042
201 0.909042
202 0.909042
203 0.909042
204 0.909042
205 0.909042
206 0.909042
207 0.909042
208 0.909042
209 0.909042
210 0.909042
211 0.909042
212 0.909042
213 0.909042
214 0.909042
215 0.909042
216 0.909042
217 0.909042
218 0.909042
219 0.909042
220 0.909042
221 0.909042
222 0.909042
223 0.909042
224 0.909042
225 0.909042
226 0.909042
227 0.909042
228 0.909042
229 0.909042
230 0.909042
231 0.909042
232 0.909042
233 0.909042
234 0.909042
235 0.909042
236 0.909042
237 0.909042
238 0.909042
239 0.909042
240 0.909042
241 0.909042
242 0.909042
243 0.909042
244 0.909042
245 0.909042
246 0.909042
247 0.909042
248 0.909042
249 0.909042
250 0.909042
251 0.909042
252 0.909042
253 0.909042
254 0.909042
255 0.909042
256 0.909042
257 0.909042
258 0.909042
259 0.909042
260 0.909042
261 0.909042
262 0.909042
263 0.909042
264 0.909042
265 0.909042
266 0.909042
267 0.909042
268 0.909042
269 0.909042
270 0.909042
271 0.909042
272 0.909042
273 0.909042
274 0.909042
275 0.909042
276 0.909042
277 0.909042
278 0.909042
279 0.909042
280 0.909042
281 0.909042
282 0.909042
283 0.909042
284 0.909042
285 0.909042
286 0.909042
287 0.909042
288 0.909042
289 0.909042
290 0.909042
291 0.909042
292 0.909042
293 0.909042
294 0.909042
295 0.909042
296 0.909042
297 0.909042
298 0.909042
299 0.909042
300 0.909042
