1 0.09969
2 0.107419
3 0.115043
4 0.123244
5 0.132318
6 0.141233
7 0.150102
8 0.160311
9 0.169402
10 0.179674
11 0.189841
12 0.199576
13 0.210479
14 0.220767
15 0.230328
16 0.240736
17 0.251656
18 0.261679
19 0.271673
20 0.281114
21 0.291328
22 0.301187
23 0.310145
24 0.319271
25 0.328178
26 0.336719
27 0.344711
28 0.353526
29 0.361804
30 0.369237
31 0.376377
32 0.383576
33 0.390177
34 0.397252
35 0.404374
36 0.411135
37 0.416895
38 0.422851
39 0.428875
40 0.434356
41 0.44069
42 0.445979
43 0.451632
44 0.455451
45 0.46127
46 0.465713
47 0.470845
48 0.475257
49 0.48016
50 0.484104
51 0.488253
52 0.492108
53 0.497713
54 0.501244
55 0.50476
56 0.508734
57 0.512851
58 0.515386
59 0.51969
60 0.523308
61 0.526226
62 0.52958
63 0.533085
64 0.536061
65 0.53887
66 0.541776
67 0.545023
68 0.548506
69 0.551477
70 0.554287
71 0.557939
72 0.55934
73 0.562142
74 0.565276
75 0.567561
76 0.569774
77 0.572322
78 0.57497
79 0.576724
80 0.579352
81 0.582105
82 0.584408
83 0.586194
84 0.588886
85 0.591394
86 0.59276
87 0.595382
88 0.597713
89 0.59953
90 0.601612
91 0.603439
92 0.605413
93 0.606783
94 0.609023
95 0.611414
96 0.613781
97 0.614813
98 0.616783
99 0.618443
100 0.62018
101 0.622297
102 0.622767
103 0.626017
104 0.62657
105 0.628653
106 0.630366
107 0.632109
108 0.633933
109 0.634474
110 0.636409
111 0.637641
112 0.639393
113 0.640982
114 0.642251
115 0.643555
116 0.645039
117 0.646856
118 0.647173
119 0.649525
120 0.649879
121 0.652226
122 0.653442
123 0.65496
124 0.656298
125 0.65712
126 0.658133
127 0.659561
128 0.660899
129 0.661829
130 0.66323
131 0.663953
132 0.665919
133 0.667043
134 0.667533
135 0.668172
136 0.670509
137 0.67176
138 0.672495
139 0.673019
140 0.674725
141 0.675728
142 0.677109
143 0.67812
144 0.679162
145 0.680352
146 0.680876
147 0.681988
148 0.683648
149 0.684197
150 0.684987
151 0.685369
152 0.686622
153 0.688297
154 0.688965
155 0.690286
156 0.690657
157 0.691651
158 0.692603
159 0.692868
160 0.694489
161 0.695318
162 0.696149
163 0.69646
164 0.697705
165 0.697978
166 0.698827
167 0.699979
168 0.700745
169 0.701803
170 0.70199
171 0.703327
172 0.704674
173 0.705097
174 0.705948
175 0.706748
176 0.707523
177 0.708429
178 0.709156
179 0.709302
180 0.711091
181 0.711017
182 0.711249
183 0.712789
184 0.713113
185 0.714387
186 0.715421
187 0.715808
188 0.716428
189 0.71602
190 0.717617
191 0.718749
192 0.718518
193 0.719898
194 0.720831
195 0.721228
196 0.722325
197 0.722777
198 0.722984
199 0.723982
200 0.724554
201 0.725189
202 0.726076
203 0.726485
204 0.726923
205 0.727671
206 0.728652
207 0.728465
208 0.729387
209 0.730376
210 0.731044
211 0.731109
212 0.731322
213 0.732318
214 0.733302
215 0.733049
216 0.733841
217 0.734999
218 0.73517
219 0.736129
220 0.73618
221 0.737795
222 0.737287
223 0.738185
224 0.738858
225 0.73942
226 0.739314
227 0.74083
228 0.74107
229 0.741821
230 0.742007
231 0.742562
232 0.743023
233 0.743409
234 0.744573
235 0.74481
236 0.745432
237 0.746081
238 0.746107
239 0.74733
240 0.747652
241 0.748059
242 0.747578
243 0.748103
244 0.749011
245 0.749035
246 0.75035
247 0.7502
248 0.750829
249 0.75187
250 0.752316
251 0.752715
252 0.752744
253 0.753104
254 0.754184
255 0.754236
256 0.754937
257 0.755184
258 0.755597
259 0.756158
260 0.756726
261 0.757174
262 0.757833
263 0.75798
264 0.758232
265 0.758562
266 0.759241
267 0.760114
268 0.76024
269 0.760623
270 0.76105
271 0.761075
272 0.762518
273 0.762203
274 0.762474
275 0.762774
276 0.763612
277 0.763598
278 0.763884
279 0.76474
280 0.764353
281 0.765146
282 0.765551
283 0.766189
284 0.76683
285 0.767073
286 0.767336
287 0.767791
288 0.767761
289 0.768528
290 0.768772
291 0.769928
292 0.769861
293 0.770822
294 0.770655
295 0.770747
296 0.77165
297 0.771829
298 0.772071
299 0.771815
300 0.772431
