1 0.09969
2 0.103555
3 0.107384
4 0.111349
5 0.115543
6 0.119824
7 0.12415
8 0.12867
9 0.133196
10 0.137844
11 0.142571
12 0.147321
13 0.152179
14 0.157079
15 0.161962
16 0.166885
17 0.171872
18 0.176861
19 0.181851
20 0.186814
21 0.191791
22 0.196764
23 0.201693
24 0.206592
25 0.211456
26 0.216274
27 0.221031
28 0.225762
29 0.230454
30 0.23508
31 0.239638
32 0.244136
33 0.248561
34 0.252934
35 0.257261
36 0.261536
37 0.265735
38 0.269869
39 0.273946
40 0.277956
41 0.281926
42 0.285832
43 0.289687
44 0.293455
45 0.297184
46 0.300848
47 0.304465
48 0.308023
49 0.311536
50 0.314987
51 0.318385
52 0.321725
53 0.325046
54 0.328309
55 0.331517
56 0.334682
57 0.337807
58 0.340869
59 0.3439
60 0.34689
61 0.34983
62 0.352729
63 0.355592
64 0.358412
65 0.361188
66 0.363924
67 0.366627
68 0.369302
69 0.371942
70 0.374547
71 0.37713
72 0.379661
73 0.382161
74 0.384635
75 0.387074
76 0.389478
77 0.391853
78 0.3942
79 0.396511
80 0.398796
81 0.401059
82 0.403295
83 0.405499
84 0.407682
85 0.409843
86 0.41197
87 0.414078
88 0.416165
89 0.418226
90 0.420263
91 0.422276
92 0.424267
93 0.426229
94 0.428174
95 0.430103
96 0.432016
97 0.4339
98 0.435767
99 0.437612
100 0.439438
101 0.441248
102 0.443028
103 0.444804
104 0.446552
105 0.448286
106 0.450004
107 0.451706
108 0.453393
109 0.455054
110 0.456703
111 0.458333
112 0.45995
113 0.461552
114 0.463137
115 0.464706
116 0.46626
117 0.467804
118 0.469324
119 0.470838
120 0.47233
121 0.473817
122 0.475289
123 0.47675
124 0.478198
125 0.47963
126 0.481046
127 0.482452
128 0.483846
129 0.485226
130 0.486595
131 0.487949
132 0.489297
133 0.490634
134 0.491954
135 0.493259
136 0.494562
137 0.495856
138 0.497136
139 0.498401
140 0.49966
141 0.500909
142 0.50215
143 0.503381
144 0.504601
145 0.505813
146 0.507012
147 0.508203
148 0.509388
149 0.510561
150 0.511724
151 0.512874
152 0.514017
153 0.515156
154 0.516285
155 0.517408
156 0.518518
157 0.519621
158 0.520716
159 0.521798
160 0.522878
161 0.523949
162 0.525012
163 0.526064
164 0.52711
165 0.528146
166 0.529174
167 0.530197
168 0.531212
169 0.532221
170 0.53322
171 0.534215
172 0.535206
173 0.536188
174 0.537163
175 0.538133
176 0.539095
177 0.540052
178 0.541002
179 0.541942
180 0.542882
181 0.543811
182 0.544731
183 0.545649
184 0.546559
185 0.547466
186 0.548369
187 0.549265
188 0.550154
189 0.551031
190 0.551908
191 0.552782
192 0.553645
193 0.554506
194 0.555364
195 0.556214
196 0.557062
197 0.557903
198 0.558737
199 0.559567
200 0.560392
201 0.561212
202 0.562028
203 0.562838
204 0.563642
205 0.564443
206 0.56524
207 0.566028
208 0.566814
209 0.567596
210 0.568375
211 0.569146
212 0.569911
213 0.570673
214 0.571433
215 0.572185
216 0.572933
217 0.57368
218 0.574421
219 0.575159
220 0.575891
221 0.576624
222 0.577348
223 0.578069
224 0.578787
225 0.579501
226 0.580208
227 0.580915
228 0.581618
229 0.582317
230 0.583012
231 0.583702
232 0.584389
233 0.585071
234 0.585753
235 0.58643
236 0.587104
237 0.587774
238 0.58844
239 0.589105
240 0.589765
241 0.590422
242 0.591071
243 0.591718
244 0.592362
245 0.593002
246 0.593641
247 0.594275
248 0.594906
249 0.595537
250 0.596164
251 0.596788
252 0.597407
253 0.598022
254 0.598637
255 0.599247
256 0.599855
257 0.60046
258 0.601061
259 0.60166
260 0.602256
261 0.60285
262 0.603441
263 0.604029
264 0.604613
265 0.605194
266 0.605773
267 0.606351
268 0.606925
269 0.607497
270 0.608065
271 0.60863
272 0.609196
273 0.609756
274 0.610313
275 0.610868
276 0.611421
277 0.611971
278 0.612517
279 0.613063
280 0.613603
281 0.614142
282 0.614679
283 0.615215
284 0.615748
285 0.616279
286 0.616808
287 0.617334
288 0.617856
289 0.618377
290 0.618896
291 0.619415
292 0.61993
293 0.620445
294 0.620956
295 0.621464
296 0.621971
297 0.622476
298 0.622978
299 0.623476
300 0.623972
