1 0.409594
2 0.395485
3 0.381755
4 0.369081
5 0.35624
6 0.343083
7 0.33112
8 0.318779
9 0.30754
10 0.296297
11 0.285731
12 0.27581
13 0.264987
14 0.25626
15 0.247198
16 0.238752
17 0.229936
18 0.222565
19 0.215257
20 0.208267
21 0.201421
22 0.194971
23 0.188789
24 0.182804
25 0.17771
26 0.172697
27 0.167662
28 0.162908
29 0.15847
30 0.154576
31 0.15039
32 0.146773
33 0.143641
34 0.139791
35 0.136165
36 0.133381
37 0.13045
38 0.127408
39 0.124552
40 0.122223
41 0.119542
42 0.117071
43 0.114727
44 0.11274
45 0.110528
46 0.10854
47 0.106657
48 0.104596
49 0.102627
50 0.101048
51 0.099434
52 0.0978155
53 0.0961388
54 0.0945071
55 0.0932259
56 0.0917745
57 0.0901969
58 0.0891838
59 0.0878345
60 0.0863836
61 0.085159
62 0.0840348
63 0.0829333
64 0.0816694
65 0.0807206
66 0.0797987
67 0.0786457
68 0.0774101
69 0.0763892
70 0.0754777
71 0.0743939
72 0.0736675
73 0.0728466
74 0.0718905
75 0.0711738
76 0.0704115
77 0.0693903
78 0.0686259
79 0.0683031
80 0.0674283
81 0.0662432
82 0.0656893
83 0.0651671
84 0.0643968
85 0.0636965
86 0.0631459
87 0.0625929
88 0.0617415
89 0.0610566
90 0.0607492
91 0.0601746
92 0.0594901
93 0.0588968
94 0.0583525
95 0.0576477
96 0.0571152
97 0.0567457
98 0.0561243
99 0.0556432
100 0.0552118
101 0.0546973
102 0.0543532
103 0.0537455
104 0.0534756
105 0.0527012
106 0.052312
107 0.0519469
108 0.0512337
109 0.0512283
110 0.0507031
111 0.0503948
112 0.0498394
113 0.0494632
114 0.0490929
115 0.0489279
116 0.0484926
117 0.047939
118 0.047636
119 0.0472348
120 0.0471484
121 0.0465808
122 0.046126
123 0.0459168
124 0.0455374
125 0.0452907
126 0.0448825
127 0.0445909
128 0.044157
129 0.0441433
130 0.0437905
131 0.0436279
132 0.043059
133 0.0429119
134 0.0425295
135 0.0424479
136 0.0418739
137 0.041662
138 0.0414744
139 0.0413485
140 0.0408974
141 0.0406868
142 0.0402577
143 0.0401102
144 0.0398777
145 0.0397708
146 0.0393543
147 0.0392103
148 0.0387946
149 0.0386218
150 0.0384703
151 0.0384061
152 0.0381226
153 0.0376618
154 0.0375855
155 0.0372297
156 0.0371897
157 0.0368957
158 0.0368815
159 0.0365998
160 0.036243
161 0.0359744
162 0.0358823
163 0.0359165
164 0.0356336
165 0.0353415
166 0.0352104
167 0.0349856
168 0.0348277
169 0.0345641
170 0.0345541
171 0.0344173
172 0.0339701
173 0.0338938
174 0.0336721
175 0.0335856
176 0.0334013
177 0.0331272
178 0.0330004
179 0.0328588
180 0.0325969
181 0.0325471
182 0.0324113
183 0.032176
184 0.0321373
185 0.0318591
186 0.031789
187 0.0315639
188 0.0314651
189 0.0314589
190 0.0311555
191 0.031001
192 0.0309387
193 0.030669
194 0.030488
195 0.0304813
196 0.0301909
197 0.0300002
198 0.0299515
199 0.0298878
200 0.0297087
201 0.0295002
202 0.0296041
203 0.0292899
204 0.0292094
205 0.0291391
206 0.0289628
207 0.0289069
208 0.0287304
209 0.0285622
210 0.0283998
211 0.0283489
212 0.0283524
213 0.0281084
214 0.0279318
215 0.0279185
216 0.0279252
217 0.0276814
218 0.0276226
219 0.027411
220 0.0273709
221 0.0270422
222 0.0270691
223 0.0269509
224 0.0269662
225 0.0268126
226 0.0268115
227 0.0265838
228 0.0265234
229 0.0264283
230 0.0262869
231 0.0261524
232 0.0260337
233 0.0260149
234 0.0258052
235 0.0257765
236 0.0257113
237 0.0255162
238 0.0254614
239 0.0252633
240 0.0250996
241 0.0252202
242 0.0251257
243 0.0250859
244 0.0248255
245 0.0249432
246 0.0247289
247 0.0247972
248 0.0244986
249 0.0244428
250 0.0243803
251 0.0243528
252 0.0241631
253 0.0241248
254 0.0239699
255 0.0237476
256 0.0238054
257 0.0236401
258 0.0237449
259 0.0235502
260 0.023493
261 0.0233465
262 0.0232716
263 0.0232684
264 0.023325
265 0.0231927
266 0.0231201
267 0.0230037
268 0.0228454
269 0.0228282
270 0.0226408
271 0.0227186
272 0.022654
273 0.0225887
274 0.0224347
275 0.0224751
276 0.0223269
277 0.0222774
278 0.0222534
279 0.0220348
280 0.0220348
281 0.0218397
282 0.0219567
283 0.0217084
284 0.0215303
285 0.0216286
286 0.0216006
287 0.0215878
288 0.0215923
289 0.0214291
290 0.0214127
291 0.0210788
292 0.0211062
293 0.0210289
294 0.0209854
295 0.0210112
296 0.0207581
297 0.0207802
298 0.0207212
299 0.0207778
300 0.0206797
