1 0.26207
2 0.243136
3 0.229673
4 0.220495
5 0.212602
6 0.2054
7 0.199408
8 0.193581
9 0.188308
10 0.183545
11 0.179187
12 0.174896
13 0.170893
14 0.167289
15 0.163744
16 0.160443
17 0.157521
18 0.154578
19 0.151822
20 0.149244
21 0.146697
22 0.14447
23 0.142057
24 0.13997
25 0.138079
26 0.136001
27 0.134132
28 0.132562
29 0.130579
30 0.128803
31 0.127365
32 0.125934
33 0.124219
34 0.123078
35 0.121717
36 0.120172
37 0.118741
38 0.117639
39 0.116456
40 0.115074
41 0.11415
42 0.112972
43 0.111797
44 0.111031
45 0.109592
46 0.108874
47 0.107532
48 0.106753
49 0.105776
50 0.104826
51 0.103875
52 0.102941
53 0.102092
54 0.101143
55 0.100312
56 0.0994635
57 0.0985731
58 0.0980278
59 0.0971902
60 0.0964298
61 0.0957967
62 0.0950436
63 0.0943603
64 0.0935717
65 0.0929964
66 0.0921033
67 0.091484
68 0.0910201
69 0.0902978
70 0.0895973
71 0.0889748
72 0.0882196
73 0.0878548
74 0.0872763
75 0.0866177
76 0.0861463
77 0.085584
78 0.0852778
79 0.0844529
80 0.0840362
81 0.0836766
82 0.0829372
83 0.0824959
84 0.082145
85 0.0815443
86 0.0811323
87 0.080561
88 0.0800645
89 0.0796314
90 0.0792306
91 0.0787782
92 0.0783534
93 0.0778215
94 0.0773274
95 0.0771688
96 0.0767706
97 0.0763923
98 0.075973
99 0.0754564
100 0.0750954
101 0.0745949
102 0.0742951
103 0.0740319
104 0.0735023
105 0.0730929
106 0.0728345
107 0.0724842
108 0.0720167
109 0.0716517
110 0.0712353
111 0.0710413
112 0.0707898
113 0.0703559
114 0.0700315
115 0.0695611
116 0.0693218
117 0.0688546
118 0.0687941
119 0.0686068
120 0.0682202
121 0.0677588
122 0.0676377
123 0.0672605
124 0.0670653
125 0.066762
126 0.0663124
127 0.0660548
128 0.0658334
129 0.0654304
130 0.0651121
131 0.0649485
132 0.0645285
133 0.0642835
134 0.0642336
135 0.0638297
136 0.0636743
137 0.0633723
138 0.0631671
139 0.0629133
140 0.0625991
141 0.0623985
142 0.0621739
143 0.0617338
144 0.061563
145 0.0613913
146 0.0611548
147 0.0608699
148 0.060658
149 0.0605529
150 0.0601258
151 0.0600035
152 0.0596701
153 0.0595206
154 0.0592748
155 0.0590388
156 0.0588611
157 0.0586553
158 0.0585691
159 0.0580667
160 0.0580178
161 0.0578361
162 0.0575857
163 0.0574325
164 0.0571474
165 0.0568756
166 0.0568614
167 0.056587
168 0.0564042
169 0.0561425
170 0.0558998
171 0.0558182
172 0.0556146
173 0.0553945
174 0.0552895
175 0.0549241
176 0.0548558
177 0.05469
178 0.0544184
179 0.0541965
180 0.0541795
181 0.053957
182 0.0537542
183 0.0536159
184 0.0534033
185 0.0532565
186 0.0531874
187 0.0529296
188 0.0527135
189 0.0526367
190 0.0523749
191 0.0521383
192 0.0520458
193 0.0518872
194 0.0517223
195 0.0514988
196 0.0514842
197 0.0514315
198 0.0512266
199 0.0509864
200 0.0507937
201 0.0506111
202 0.0505615
203 0.0504073
204 0.0501064
205 0.0501137
206 0.0498618
207 0.049667
208 0.049641
209 0.0495052
210 0.0494519
211 0.0492028
212 0.0491606
213 0.0488016
214 0.0488309
215 0.0485952
216 0.0485386
217 0.0483745
218 0.0483495
219 0.0479983
220 0.047934
221 0.0477653
222 0.0477399
223 0.0475516
224 0.0473931
225 0.0472382
226 0.0472946
227 0.0470128
228 0.0467732
229 0.0467801
230 0.0466851
231 0.046575
232 0.0463366
233 0.0462541
234 0.0461459
235 0.0459707
236 0.0458662
237 0.0457706
238 0.0455818
239 0.0456105
240 0.0453491
241 0.0453442
242 0.0452076
243 0.0450481
244 0.0449901
245 0.0448555
246 0.0448165
247 0.0446609
248 0.044515
249 0.0444318
250 0.0443372
251 0.0441239
252 0.0442285
253 0.0439985
254 0.0438124
255 0.0438894
256 0.0435376
257 0.0435531
258 0.0432816
259 0.0432934
260 0.043165
261 0.0430235
262 0.0429414
263 0.0428336
264 0.0428813
265 0.0426708
266 0.0425153
267 0.0424414
268 0.0423927
269 0.0423364
270 0.042134
271 0.0420547
272 0.0419908
273 0.0417482
274 0.0417539
275 0.0416054
276 0.0415461
277 0.0414789
278 0.0414547
279 0.0412593
280 0.0411664
281 0.0411276
282 0.0410041
283 0.0409035
284 0.0407768
285 0.0406931
286 0.0406309
287 0.0405845
288 0.0405266
289 0.0404168
290 0.0403032
291 0.0401959
292 0.0399951
293 0.0400769
294 0.0398403
295 0.0397914
296 0.0397562
297 0.0397249
298 0.0396817
299 0.0395336
300 0.0394146
