1 0.458123
2 0.336853
3 0.283814
4 0.252642
5 0.232018
6 0.216795
7 0.205364
8 0.195946
9 0.188573
10 0.182215
11 0.176657
12 0.172281
13 0.168111
14 0.164686
15 0.161669
16 0.158677
17 0.156197
18 0.15379
19 0.151887
20 0.149682
21 0.147986
22 0.146402
23 0.144713
24 0.143212
25 0.142023
26 0.140758
27 0.139559
28 0.138517
29 0.13757
30 0.136517
31 0.135687
32 0.134813
33 0.134096
34 0.133204
35 0.132434
36 0.131805
37 0.130993
38 0.130499
39 0.12981
40 0.129455
41 0.12871
42 0.128207
43 0.127687
44 0.12722
45 0.126801
46 0.126334
47 0.125868
48 0.12538
49 0.125099
50 0.124745
51 0.124385
52 0.124003
53 0.123549
54 0.123265
55 0.122912
56 0.122705
57 0.122359
58 0.122028
59 0.121795
60 0.121354
61 0.121172
62 0.120927
63 0.12072
64 0.120427
65 0.120199
66 0.119893
67 0.119709
68 0.119437
69 0.119229
70 0.119016
71 0.118829
72 0.118659
73 0.118321
74 0.118089
75 0.118038
76 0.117654
77 0.117597
78 0.117417
79 0.117203
80 0.117062
81 0.116723
82 0.1167
83 0.116662
84 0.116356
85 0.116229
86 0.116002
87 0.115845
88 0.115777
89 0.115554
90 0.115529
91 0.115255
92 0.115178
93 0.114946
94 0.114855
95 0.114675
96 0.114487
97 0.114364
98 0.114192
99 0.114276
100 0.114002
101 0.113959
102 0.11374
103 0.113683
104 0.11351
105 0.113442
106 0.113295
107 0.113301
108 0.113161
109 0.112969
110 0.112799
111 0.112676
112 0.112782
113 0.112585
114 0.112538
115 0.112429
116 0.112319
117 0.112175
118 0.112024
119 0.111984
120 0.111755
121 0.111777
122 0.111647
123 0.111593
124 0.111481
125 0.111407
126 0.111186
127 0.111155
128 0.111121
129 0.111081
130 0.110886
131 0.110922
132 0.110741
133 0.110625
134 0.110578
135 0.110533
136 0.11041
137 0.110338
138 0.110264
139 0.11024
140 0.110047
141 0.110046
142 0.11005
143 0.109997
144 0.109809
145 0.109769
146 0.109644
147 0.109665
148 0.109604
149 0.109395
150 0.109449
151 0.109371
152 0.109211
153 0.10924
154 0.108988
155 0.109096
156 0.10906
157 0.108974
158 0.108913
159 0.10884
160 0.108841
161 0.108657
162 0.108529
163 0.108628
164 0.108508
165 0.10841
166 0.108423
167 0.108305
168 0.108328
169 0.108191
170 0.108171
171 0.108122
172 0.108047
173 0.107925
174 0.107993
175 0.1079
176 0.10785
177 0.107789
178 0.10782
179 0.107847
180 0.107625
181 0.107568
182 0.107547
183 0.107297
184 0.107355
185 0.107417
186 0.107295
187 0.107258
188 0.107135
189 0.107258
190 0.107196
191 0.107086
192 0.106996
193 0.106989
194 0.106969
195 0.106846
196 0.106848
197 0.106844
198 0.10673
199 0.106647
200 0.106725
201 0.106686
202 0.106517
203 0.106607
204 0.106562
205 0.106332
206 0.106435
207 0.106346
208 0.106263
209 0.106303
210 0.106263
211 0.106099
212 0.106187
213 0.106109
214 0.10611
215 0.106036
216 0.105933
217 0.105906
218 0.105953
219 0.105872
220 0.105852
221 0.105719
222 0.105796
223 0.10567
224 0.105572
225 0.105632
226 0.105544
227 0.105554
228 0.105575
229 0.105423
230 0.10544
231 0.105348
232 0.1053
233 0.105261
234 0.105282
235 0.105209
236 0.105185
237 0.105192
238 0.105052
239 0.104954
240 0.104994
241 0.104984
242 0.104951
243 0.104983
244 0.104856
245 0.104809
246 0.104849
247 0.104807
248 0.104763
249 0.104714
250 0.104641
251 0.104652
252 0.104595
253 0.104535
254 0.104524
255 0.104485
256 0.104503
257 0.104418
258 0.1044
259 0.104345
260 0.104301
261 0.104208
262 0.104349
263 0.104287
264 0.104245
265 0.104185
266 0.104182
267 0.104162
268 0.104121
269 0.104083
270 0.104041
271 0.104018
272 0.104067
273 0.103971
274 0.103945
275 0.103907
276 0.103949
277 0.103871
278 0.103866
279 0.103853
280 0.103762
281 0.10377
282 0.103734
283 0.103696
284 0.103669
285 0.103654
286 0.103582
287 0.103537
288 0.103445
289 0.103523
290 0.103481
291 0.10344
292 0.103463
293 0.1034
294 0.10334
295 0.103384
296 0.103317
297 0.103348
298 0.103245
299 0.103325
300 0.103227
