1 0.299691
2 0.319074
3 0.332886
4 0.341111
5 0.349519
6 0.357062
7 0.362682
8 0.368783
9 0.374508
10 0.378596
11 0.382717
12 0.387207
13 0.390787
14 0.395451
15 0.398441
16 0.401762
17 0.404732
18 0.407638
19 0.410931
20 0.413324
21 0.415414
22 0.417737
23 0.420451
24 0.422148
25 0.42386
26 0.426441
27 0.428554
28 0.429712
29 0.431783
30 0.433129
31 0.434814
32 0.435401
33 0.437937
34 0.438838
35 0.439956
36 0.441882
37 0.442708
38 0.443342
39 0.446556
40 0.446767
41 0.447453
42 0.448599
43 0.450832
44 0.450253
45 0.452943
46 0.454
47 0.454604
48 0.455004
49 0.456691
50 0.456922
51 0.458359
52 0.458722
53 0.460512
54 0.46108
55 0.46255
56 0.46342
57 0.464265
58 0.463884
59 0.46512
60 0.466005
61 0.466716
62 0.467604
63 0.468035
64 0.468697
65 0.469549
66 0.470141
67 0.47062
68 0.471392
69 0.471603
70 0.47219
71 0.473049
72 0.47363
73 0.474129
74 0.475195
75 0.476117
76 0.474513
77 0.475827
78 0.477974
79 0.477663
80 0.478719
81 0.478652
82 0.479588
83 0.480359
84 0.47918
85 0.48077
86 0.480605
87 0.481355
88 0.483142
89 0.482514
90 0.483078
91 0.484146
92 0.483468
93 0.483827
94 0.484321
95 0.485048
96 0.485392
97 0.486409
98 0.48668
99 0.485841
100 0.486594
101 0.486864
102 0.48808
103 0.487414
104 0.488278
105 0.488662
106 0.489358
107 0.490429
108 0.49007
109 0.490148
110 0.491031
111 0.49119
112 0.491415
113 0.491668
114 0.492627
115 0.492272
116 0.492338
117 0.49385
118 0.493111
119 0.493719
120 0.49288
121 0.493632
122 0.494155
123 0.494933
124 0.49476
125 0.495395
126 0.495753
127 0.496195
128 0.496061
129 0.497183
130 0.497506
131 0.497214
132 0.496648
133 0.497584
134 0.497369
135 0.498997
136 0.498605
137 0.498285
138 0.498822
139 0.498427
140 0.499383
141 0.501633
142 0.499746
143 0.500002
144 0.501546
145 0.500607
146 0.500137
147 0.500405
148 0.502033
149 0.500702
150 0.502244
151 0.502527
152 0.502104
153 0.502546
154 0.501993
155 0.502981
156 0.504247
157 0.502925
158 0.503606
159 0.503194
160 0.50399
161 0.504273
162 0.504386
163 0.505294
164 0.506271
165 0.505132
166 0.505611
167 0.505598
168 0.504658
169 0.505948
170 0.507342
171 0.507224
172 0.506988
173 0.506864
174 0.506761
175 0.506549
176 0.507225
177 0.507726
178 0.507692
179 0.507363
180 0.507333
181 0.507796
182 0.508269
183 0.508696
184 0.508292
185 0.508843
186 0.509679
187 0.509554
188 0.509522
189 0.510487
190 0.509722
191 0.50955
192 0.510243
193 0.509723
194 0.510414
195 0.511265
196 0.510678
197 0.510452
198 0.510274
199 0.511059
200 0.512289
201 0.512241
202 0.511437
203 0.511194
204 0.512557
205 0.511467
206 0.511747
207 0.512086
208 0.512865
209 0.512014
210 0.512208
211 0.513526
212 0.512989
213 0.513941
214 0.513121
215 0.513855
216 0.513452
217 0.514395
218 0.514226
219 0.514144
220 0.514013
221 0.515299
222 0.514226
223 0.514312
224 0.514346
225 0.515418
226 0.514896
227 0.516036
228 0.516755
229 0.51462
230 0.514725
231 0.515202
232 0.515401
233 0.516148
234 0.515444
235 0.516737
236 0.516926
237 0.516216
238 0.516565
239 0.516435
240 0.516696
241 0.516872
242 0.516947
243 0.516727
244 0.516886
245 0.517651
246 0.51692
247 0.517395
248 0.516817
249 0.517768
250 0.517561
251 0.518446
252 0.518423
253 0.519114
254 0.518622
255 0.517715
256 0.518702
257 0.519636
258 0.519193
259 0.518527
260 0.519427
261 0.518644
262 0.518894
263 0.519265
264 0.520014
265 0.519145
266 0.519587
267 0.518989
268 0.519809
269 0.519704
270 0.519874
271 0.520322
272 0.520626
273 0.520831
274 0.520364
275 0.520381
276 0.521077
277 0.520792
278 0.520914
279 0.520739
280 0.52159
281 0.521779
282 0.522099
283 0.521301
284 0.522028
285 0.521684
286 0.521492
287 0.521689
288 0.520884
289 0.521946
290 0.522231
291 0.521747
292 0.521867
293 0.522778
294 0.521649
295 0.521641
296 0.522594
297 0.522133
298 0.521677
299 0.523296
300 0.522839
