1 0.299691
2 0.309599
3 0.31726
4 0.323137
5 0.328671
6 0.333154
7 0.337425
8 0.341423
9 0.345051
10 0.348377
11 0.35164
12 0.354681
13 0.357401
14 0.360379
15 0.362733
16 0.365111
17 0.36738
18 0.369686
19 0.371817
20 0.373838
21 0.375905
22 0.377792
23 0.379686
24 0.381497
25 0.383151
26 0.384799
27 0.386334
28 0.387853
29 0.389495
30 0.390964
31 0.392339
32 0.393762
33 0.395191
34 0.396299
35 0.39761
36 0.398864
37 0.400247
38 0.401469
39 0.402519
40 0.403757
41 0.4048
42 0.405872
43 0.407008
44 0.407898
45 0.409215
46 0.409824
47 0.411126
48 0.411899
49 0.412896
50 0.413826
51 0.414657
52 0.415661
53 0.416423
54 0.417529
55 0.418256
56 0.419209
57 0.420121
58 0.420698
59 0.421428
60 0.422124
61 0.422889
62 0.423684
63 0.424356
64 0.425208
65 0.425743
66 0.426676
67 0.427299
68 0.427913
69 0.428484
70 0.429336
71 0.429958
72 0.430684
73 0.431144
74 0.431802
75 0.432397
76 0.433009
77 0.433604
78 0.434039
79 0.434794
80 0.435293
81 0.435705
82 0.436386
83 0.436991
84 0.437441
85 0.438018
86 0.438454
87 0.43905
88 0.439604
89 0.440005
90 0.440584
91 0.441081
92 0.44157
93 0.441991
94 0.442602
95 0.442947
96 0.443457
97 0.443777
98 0.444245
99 0.444905
100 0.44529
101 0.445753
102 0.446127
103 0.446586
104 0.446987
105 0.447454
106 0.447825
107 0.448297
108 0.448815
109 0.4491
110 0.449606
111 0.449864
112 0.450239
113 0.450708
114 0.451138
115 0.451512
116 0.451888
117 0.452421
118 0.452594
119 0.45283
120 0.453176
121 0.453674
122 0.453989
123 0.454281
124 0.454512
125 0.454878
126 0.455452
127 0.455738
128 0.456031
129 0.456471
130 0.456765
131 0.457097
132 0.457564
133 0.457812
134 0.458059
135 0.458426
136 0.45862
137 0.458997
138 0.45917
139 0.459558
140 0.459933
141 0.460072
142 0.460442
143 0.460888
144 0.461128
145 0.46134
146 0.461652
147 0.461958
148 0.462282
149 0.462424
150 0.462891
151 0.463085
152 0.463366
153 0.463641
154 0.463906
155 0.464138
156 0.464522
157 0.464736
158 0.464857
159 0.465305
160 0.465538
161 0.465767
162 0.466051
163 0.466229
164 0.466539
165 0.466873
166 0.466884
167 0.467278
168 0.467472
169 0.467798
170 0.468024
171 0.468177
172 0.468513
173 0.468664
174 0.468946
175 0.46927
176 0.469419
177 0.469671
178 0.469953
179 0.470188
180 0.470248
181 0.470562
182 0.470745
183 0.470963
184 0.471207
185 0.471431
186 0.471552
187 0.471841
188 0.472101
189 0.472272
190 0.472554
191 0.472798
192 0.472973
193 0.473139
194 0.473362
195 0.473594
196 0.473739
197 0.473808
198 0.474084
199 0.474337
200 0.474569
201 0.474828
202 0.474875
203 0.475124
204 0.475444
205 0.475403
206 0.475707
207 0.475966
208 0.476002
209 0.476274
210 0.476347
211 0.476635
212 0.476814
213 0.477146
214 0.477182
215 0.477464
216 0.477574
217 0.47768
218 0.477849
219 0.478165
220 0.478304
221 0.478473
222 0.478639
223 0.478756
224 0.478979
225 0.47923
226 0.479205
227 0.479524
228 0.47979
229 0.479823
230 0.479996
231 0.480151
232 0.480316
233 0.480476
234 0.480651
235 0.480831
236 0.481013
237 0.481122
238 0.481329
239 0.481392
240 0.481677
241 0.481685
242 0.481913
243 0.482116
244 0.482221
245 0.482305
246 0.482471
247 0.482644
248 0.482857
249 0.48293
250 0.483088
251 0.483303
252 0.483305
253 0.483562
254 0.483727
255 0.483765
256 0.484114
257 0.484123
258 0.484437
259 0.48448
260 0.484543
261 0.48481
262 0.484907
263 0.485037
264 0.485118
265 0.485323
266 0.485487
267 0.485602
268 0.4857
269 0.485817
270 0.486036
271 0.486142
272 0.486249
273 0.48655
274 0.486577
275 0.486699
276 0.486821
277 0.486979
278 0.486961
279 0.487202
280 0.487326
281 0.487438
282 0.487618
283 0.48776
284 0.487906
285 0.487988
286 0.488054
287 0.488186
288 0.48834
289 0.488323
290 0.48859
291 0.488762
292 0.48897
293 0.48893
294 0.489161
295 0.489242
296 0.48933
297 0.489406
298 0.48951
299 0.48964
300 0.489839
