1 0.067056
2 0.085785
3 0.099075
4 0.108687
5 0.118405
6 0.126962
7 0.134252
8 0.141869
9 0.149406
10 0.15526
11 0.161839
12 0.168009
13 0.17335
14 0.17862
15 0.184746
16 0.190006
17 0.194724
18 0.199807
19 0.204209
20 0.208665
21 0.213362
22 0.216715
23 0.22153
24 0.224996
25 0.228313
26 0.232983
27 0.235323
28 0.238676
29 0.243015
30 0.245739
31 0.249123
32 0.251751
33 0.256166
34 0.258144
35 0.260518
36 0.263795
37 0.267076
38 0.269439
39 0.271
40 0.274939
41 0.276128
42 0.279458
43 0.281972
44 0.283259
45 0.286572
46 0.288083
47 0.291627
48 0.293366
49 0.296103
50 0.297726
51 0.299986
52 0.302544
53 0.304458
54 0.307583
55 0.308893
56 0.311733
57 0.313604
58 0.314992
59 0.316918
60 0.319698
61 0.32063
62 0.322578
63 0.324015
64 0.326164
65 0.328321
66 0.330403
67 0.33207
68 0.333135
69 0.335257
70 0.33726
71 0.338457
72 0.341926
73 0.341762
74 0.343792
75 0.345398
76 0.346902
77 0.348797
78 0.349648
79 0.35225
80 0.353088
81 0.354109
82 0.35578
83 0.357541
84 0.358863
85 0.360667
86 0.361757
87 0.363294
88 0.365468
89 0.366032
90 0.368117
91 0.368838
92 0.370559
93 0.372227
94 0.374108
95 0.374068
96 0.374795
97 0.376066
98 0.378042
99 0.380056
100 0.380265
101 0.382156
102 0.383102
103 0.383723
104 0.386393
105 0.387378
106 0.387974
107 0.389013
108 0.390214
109 0.392312
110 0.393321
111 0.394182
112 0.394861
113 0.395977
114 0.397572
115 0.398675
116 0.39999
117 0.401872
118 0.402233
119 0.402686
120 0.403307
121 0.405236
122 0.405974
123 0.406372
124 0.407277
125 0.409174
126 0.410753
127 0.411342
128 0.412532
129 0.413855
130 0.414972
131 0.415084
132 0.417178
133 0.418431
134 0.417829
135 0.419539
136 0.42049
137 0.422079
138 0.422615
139 0.423526
140 0.42505
141 0.424417
142 0.425872
143 0.427688
144 0.42813
145 0.429315
146 0.430066
147 0.431408
148 0.432034
149 0.432855
150 0.434504
151 0.434623
152 0.435906
153 0.436387
154 0.437716
155 0.438563
156 0.439104
157 0.439146
158 0.439821
159 0.44239
160 0.441963
161 0.443041
162 0.444367
163 0.444978
164 0.446024
165 0.447634
166 0.446641
167 0.448297
168 0.448825
169 0.44999
170 0.450434
171 0.450929
172 0.452584
173 0.452963
174 0.454156
175 0.455362
176 0.455663
177 0.456324
178 0.457395
179 0.458649
180 0.45839
181 0.459918
182 0.46043
183 0.460267
184 0.461476
185 0.462369
186 0.462808
187 0.463101
188 0.464394
189 0.465182
190 0.465823
191 0.467364
192 0.467734
193 0.468084
194 0.468285
195 0.470148
196 0.469706
197 0.470347
198 0.470956
199 0.472255
200 0.47291
201 0.474615
202 0.474463
203 0.475261
204 0.476793
205 0.476369
206 0.4778
207 0.478558
208 0.478737
209 0.479142
210 0.478697
211 0.480186
212 0.480912
213 0.481884
214 0.482429
215 0.483093
216 0.483525
217 0.484399
218 0.484531
219 0.486478
220 0.486708
221 0.487488
222 0.487129
223 0.487965
224 0.489479
225 0.490324
226 0.489603
227 0.490508
228 0.491956
229 0.49202
230 0.491979
231 0.493092
232 0.494275
233 0.494474
234 0.495746
235 0.49599
236 0.496847
237 0.496564
238 0.497095
239 0.497739
240 0.499179
241 0.499034
242 0.499611
243 0.500839
244 0.500927
245 0.501388
246 0.502007
247 0.502913
248 0.503155
249 0.502856
250 0.503049
251 0.505395
252 0.504367
253 0.506077
254 0.506609
255 0.506071
256 0.508107
257 0.508671
258 0.509867
259 0.509503
260 0.509916
261 0.510504
262 0.510755
263 0.511652
264 0.51128
265 0.51198
266 0.513106
267 0.513892
268 0.514205
269 0.514371
270 0.514938
271 0.515681
272 0.516317
273 0.517288
274 0.517436
275 0.518948
276 0.517638
277 0.519459
278 0.518702
279 0.520497
280 0.520732
281 0.520328
282 0.520971
283 0.522443
284 0.522263
285 0.522868
286 0.522608
287 0.523612
288 0.524063
289 0.523926
290 0.525289
291 0.52548
292 0.526837
293 0.526088
294 0.527843
295 0.52822
296 0.528278
297 0.528365
298 0.528849
299 0.528904
300 0.530047
