1 0.26207
2 0.252603
3 0.244925
4 0.238897
5 0.233574
6 0.228873
7 0.224786
8 0.220727
9 0.217093
10 0.213791
11 0.210711
12 0.207547
13 0.204733
14 0.202046
15 0.199536
16 0.197074
17 0.194709
18 0.192529
19 0.190343
20 0.188341
21 0.186309
22 0.184494
23 0.182453
24 0.180732
25 0.179028
26 0.177366
27 0.175824
28 0.174363
29 0.172619
30 0.171155
31 0.169788
32 0.16838
33 0.166941
34 0.165793
35 0.164477
36 0.163257
37 0.161872
38 0.160691
39 0.159607
40 0.158384
41 0.157365
42 0.156308
43 0.155172
44 0.15428
45 0.152959
46 0.152251
47 0.151025
48 0.150248
49 0.149295
50 0.148281
51 0.147467
52 0.146447
53 0.145684
54 0.144684
55 0.143928
56 0.143005
57 0.142118
58 0.141478
59 0.140744
60 0.139995
61 0.139279
62 0.138492
63 0.137856
64 0.137005
65 0.13641
66 0.135492
67 0.134873
68 0.134299
69 0.133667
70 0.132883
71 0.132237
72 0.131495
73 0.131028
74 0.130355
75 0.129766
76 0.129175
77 0.128534
78 0.128157
79 0.127367
80 0.126865
81 0.126454
82 0.125721
83 0.125195
84 0.124727
85 0.124108
86 0.123672
87 0.123085
88 0.122503
89 0.122123
90 0.12156
91 0.121053
92 0.120587
93 0.120134
94 0.119506
95 0.119222
96 0.118724
97 0.118387
98 0.117899
99 0.117246
100 0.1169
101 0.116366
102 0.116021
103 0.11557
104 0.115183
105 0.11471
106 0.114332
107 0.113859
108 0.113367
109 0.113015
110 0.112572
111 0.112269
112 0.111943
113 0.111476
114 0.111048
115 0.11066
116 0.110296
117 0.109797
118 0.10963
119 0.109337
120 0.109005
121 0.108465
122 0.108195
123 0.107887
124 0.107656
125 0.107291
126 0.106761
127 0.10643
128 0.106142
129 0.105711
130 0.10538
131 0.10505
132 0.104614
133 0.104366
134 0.104133
135 0.103765
136 0.103577
137 0.103184
138 0.102944
139 0.102644
140 0.102233
141 0.102084
142 0.101733
143 0.101288
144 0.101044
145 0.100801
146 0.100532
147 0.100213
148 0.0999142
149 0.0997368
150 0.0993003
151 0.0990896
152 0.09876
153 0.0985483
154 0.0982842
155 0.0980347
156 0.0976728
157 0.0974566
158 0.0973149
159 0.0968459
160 0.0966701
161 0.096416
162 0.0961487
163 0.0959542
164 0.0956676
165 0.0953122
166 0.0952895
167 0.0949054
168 0.0946979
169 0.0944003
170 0.0941637
171 0.0939851
172 0.0936768
173 0.0935012
174 0.0932267
175 0.0929134
176 0.0927745
177 0.0925038
178 0.0922399
179 0.0919862
180 0.0919481
181 0.0916142
182 0.0914278
183 0.0912205
184 0.090965
185 0.0907612
186 0.0906145
187 0.0903566
188 0.0900685
189 0.0899118
190 0.089645
191 0.0893816
192 0.0892179
193 0.0890258
194 0.0887941
195 0.088566
196 0.0884546
197 0.0883707
198 0.0881057
199 0.0878633
200 0.0876077
201 0.0873577
202 0.0872972
203 0.0870605
204 0.0867234
205 0.0867469
206 0.0864575
207 0.0861966
208 0.0861518
209 0.0859069
210 0.0858375
211 0.085572
212 0.0853841
213 0.0850515
214 0.0849876
215 0.0847083
216 0.0846138
217 0.084497
218 0.0843405
219 0.084027
220 0.0839075
221 0.0837345
222 0.0835409
223 0.0834138
224 0.0831965
225 0.0829664
226 0.0829715
227 0.082675
228 0.0823962
229 0.0823731
230 0.0822104
231 0.082048
232 0.0818563
233 0.0816885
234 0.0815245
235 0.081348
236 0.08115
237 0.0810726
238 0.0808453
239 0.0807998
240 0.0804789
241 0.0804931
242 0.080266
243 0.080064
244 0.0799555
245 0.0798586
246 0.0796935
247 0.0795246
248 0.0793054
249 0.0792308
250 0.0790706
251 0.0788533
252 0.078894
253 0.0786294
254 0.0784262
255 0.0784
256 0.0780678
257 0.0780267
258 0.0777328
259 0.0776973
260 0.0775973
261 0.0773768
262 0.0772635
263 0.0771196
264 0.0770762
265 0.0768632
266 0.0766642
267 0.0765631
268 0.0764517
269 0.0763608
270 0.0761534
271 0.0760356
272 0.0759254
273 0.0756309
274 0.0756133
275 0.075484
276 0.0753156
277 0.0751986
278 0.0752221
279 0.0749632
280 0.0748534
281 0.0747381
282 0.0745479
283 0.0744189
284 0.0742504
285 0.0741725
286 0.0741004
287 0.0739839
288 0.0738526
289 0.0738097
290 0.0735709
291 0.0734201
292 0.0731968
293 0.0732443
294 0.0730001
295 0.0729444
296 0.0728105
297 0.0727506
298 0.0726649
299 0.07252
300 0.0723339
