1 0.067056
2 0.0764205
3 0.084035
4 0.0902215
5 0.0958032
6 0.10098
7 0.105682
8 0.110597
9 0.115463
10 0.119298
11 0.12378
12 0.128283
13 0.131696
14 0.135382
15 0.139452
16 0.143164
17 0.146649
18 0.150053
19 0.153181
20 0.156282
21 0.159827
22 0.162288
23 0.16578
24 0.168258
25 0.171152
26 0.174305
27 0.176266
28 0.178958
29 0.18248
30 0.184175
31 0.18707
32 0.189258
33 0.192366
34 0.194415
35 0.19621
36 0.198617
37 0.201431
38 0.203662
39 0.205108
40 0.208047
41 0.20935
42 0.211847
43 0.214024
44 0.215374
45 0.218197
46 0.219566
47 0.222205
48 0.22382
49 0.226019
50 0.227751
51 0.229539
52 0.231789
53 0.233483
54 0.235916
55 0.237143
56 0.23952
57 0.241204
58 0.242653
59 0.244009
60 0.246111
61 0.247174
62 0.248992
63 0.250343
64 0.252292
65 0.253981
66 0.255971
67 0.257393
68 0.258388
69 0.259871
70 0.261876
71 0.263034
72 0.265589
73 0.265804
74 0.267797
75 0.268886
76 0.270329
77 0.272123
78 0.272783
79 0.275159
80 0.275883
81 0.276609
82 0.278295
83 0.27977
84 0.280957
85 0.282649
86 0.283683
87 0.285042
88 0.286805
89 0.287315
90 0.289432
91 0.289935
92 0.291601
93 0.292775
94 0.294604
95 0.294706
96 0.295583
97 0.296659
98 0.298463
99 0.300226
100 0.300487
101 0.302158
102 0.302863
103 0.303983
104 0.305804
105 0.306783
106 0.307415
107 0.308725
108 0.309811
109 0.311276
110 0.312402
111 0.313163
112 0.313991
113 0.31502
114 0.316386
115 0.3172
116 0.318336
117 0.320134
118 0.320573
119 0.321017
120 0.321576
121 0.323284
122 0.323961
123 0.324623
124 0.325448
125 0.326859
126 0.328138
127 0.329014
128 0.330052
129 0.33108
130 0.332049
131 0.332783
132 0.334333
133 0.335435
134 0.335196
135 0.336671
136 0.33741
137 0.338852
138 0.33939
139 0.340295
140 0.341596
141 0.341228
142 0.342408
143 0.344008
144 0.344507
145 0.345752
146 0.346283
147 0.347401
148 0.348201
149 0.348938
150 0.350367
151 0.350619
152 0.351801
153 0.352277
154 0.353312
155 0.353946
156 0.354867
157 0.355058
158 0.355628
159 0.35769
160 0.357679
161 0.358629
162 0.359689
163 0.360277
164 0.36142
165 0.362581
166 0.362011
167 0.363342
168 0.364029
169 0.364907
170 0.365448
171 0.36599
172 0.367543
173 0.367752
174 0.369162
175 0.369897
176 0.370373
177 0.371314
178 0.372059
179 0.373188
180 0.372934
181 0.374236
182 0.374888
183 0.374835
184 0.375853
185 0.376797
186 0.377268
187 0.377566
188 0.378689
189 0.379609
190 0.380132
191 0.381541
192 0.381877
193 0.382207
194 0.382497
195 0.384025
196 0.384026
197 0.384432
198 0.385174
199 0.386256
200 0.386905
201 0.388347
202 0.3884
203 0.389133
204 0.390494
205 0.389965
206 0.391255
207 0.392055
208 0.392196
209 0.392913
210 0.392387
211 0.393667
212 0.394713
213 0.39562
214 0.395996
215 0.396734
216 0.39716
217 0.397642
218 0.398279
219 0.399607
220 0.40007
221 0.400609
222 0.400767
223 0.401242
224 0.402568
225 0.403326
226 0.403026
227 0.403776
228 0.405278
229 0.405181
230 0.405256
231 0.406272
232 0.407169
233 0.407463
234 0.408564
235 0.408808
236 0.409797
237 0.409605
238 0.410125
239 0.410646
240 0.412036
241 0.411822
242 0.412637
243 0.413753
244 0.413797
245 0.413981
246 0.414894
247 0.415639
248 0.416195
249 0.415808
250 0.416018
251 0.417982
252 0.41709
253 0.418708
254 0.419397
255 0.419001
256 0.420604
257 0.421419
258 0.422288
259 0.422048
260 0.422237
261 0.423022
262 0.423396
263 0.424167
264 0.424074
265 0.424644
266 0.425679
267 0.426454
268 0.426744
269 0.426973
270 0.427449
271 0.428121
272 0.42874
273 0.429636
274 0.429889
275 0.430897
276 0.430362
277 0.431792
278 0.430995
279 0.43264
280 0.432819
281 0.432816
282 0.43361
283 0.434784
284 0.4347
285 0.435164
286 0.435016
287 0.436038
288 0.436593
289 0.436126
290 0.437621
291 0.438007
292 0.439171
293 0.438553
294 0.439838
295 0.440262
296 0.440503
297 0.44066
298 0.44132
299 0.441232
300 0.442322
