1 0.458123
2 0.466118
3 0.471246
4 0.474083
5 0.476818
6 0.479134
7 0.480775
8 0.482475
9 0.483996
10 0.485038
11 0.48605
12 0.487112
13 0.487927
14 0.488948
15 0.489578
16 0.490255
17 0.490841
18 0.491396
19 0.492003
20 0.49243
21 0.492794
22 0.493187
23 0.493632
24 0.493902
25 0.494169
26 0.49456
27 0.49487
28 0.495035
29 0.495325
30 0.495509
31 0.495733
32 0.49581
33 0.496134
34 0.496246
35 0.496382
36 0.496611
37 0.496707
38 0.49678
39 0.497136
40 0.497159
41 0.497232
42 0.497351
43 0.497577
44 0.49752
45 0.497781
46 0.49788
47 0.497935
48 0.497972
49 0.498121
50 0.498141
51 0.498263
52 0.498294
53 0.498439
54 0.498483
55 0.498596
56 0.498661
57 0.498722
58 0.498694
59 0.498782
60 0.498843
61 0.498891
62 0.49895
63 0.498978
64 0.49902
65 0.499072
66 0.499108
67 0.499137
68 0.499181
69 0.499193
70 0.499226
71 0.499274
72 0.499305
73 0.499331
74 0.499385
75 0.49943
76 0.49935
77 0.499416
78 0.499515
79 0.499501
80 0.499547
81 0.499545
82 0.499584
83 0.499615
84 0.499567
85 0.499631
86 0.499624
87 0.499653
88 0.499716
89 0.499695
90 0.499714
91 0.499749
92 0.499727
93 0.499739
94 0.499755
95 0.499777
96 0.499787
97 0.499816
98 0.499823
99 0.4998
100 0.499821
101 0.499828
102 0.499858
103 0.499842
104 0.499863
105 0.499872
106 0.499887
107 0.499909
108 0.499902
109 0.499903
110 0.49992
111 0.499923
112 0.499927
113 0.499931
114 0.499946
115 0.499941
116 0.499942
117 0.499963
118 0.499953
119 0.499961
120 0.49995
121 0.49996
122 0.499966
123 0.499975
124 0.499973
125 0.499979
126 0.499982
127 0.499986
128 0.499985
129 0.499993
130 0.499994
131 0.499993
132 0.499989
133 0.499995
134 0.499994
135 0.499999
136 0.499999
137 0.499998
138 0.499999
139 0.499998
140 0.5
141 0.499998
142 0.5
143 0.5
144 0.499998
145 0.5
146 0.5
147 0.5
148 0.499996
149 0.5
150 0.499995
151 0.499994
152 0.499996
153 0.499994
154 0.499997
155 0.499992
156 0.499982
157 0.499992
158 0.499988
159 0.49999
160 0.499985
161 0.499982
162 0.499981
163 0.499972
164 0.499961
165 0.499974
166 0.499969
167 0.499969
168 0.499979
169 0.499965
170 0.499947
171 0.499948
172 0.499952
173 0.499953
174 0.499955
175 0.499958
176 0.499948
177 0.499941
178 0.499941
179 0.499946
180 0.499947
181 0.49994
182 0.499932
183 0.499925
184 0.499932
185 0.499922
186 0.499907
187 0.499909
188 0.49991
189 0.499891
190 0.499906
191 0.499909
192 0.499896
193 0.499906
194 0.499892
195 0.499874
196 0.499886
197 0.499891
198 0.499895
199 0.499878
200 0.499849
201 0.499851
202 0.49987
203 0.499875
204 0.499843
205 0.499869
206 0.499863
207 0.499854
208 0.499835
209 0.499856
210 0.499851
211 0.499818
212 0.499832
213 0.499806
214 0.499828
215 0.499809
216 0.49982
217 0.499793
218 0.499798
219 0.4998
220 0.499804
221 0.499766
222 0.499798
223 0.499796
224 0.499795
225 0.499763
226 0.499779
227 0.499743
228 0.49972
229 0.499787
230 0.499784
231 0.499769
232 0.499763
233 0.49974
234 0.499762
235 0.49972
236 0.499714
237 0.499737
238 0.499726
239 0.49973
240 0.499722
241 0.499716
242 0.499713
243 0.499721
244 0.499715
245 0.499689
246 0.499714
247 0.499698
248 0.499718
249 0.499685
250 0.499692
251 0.49966
252 0.499661
253 0.499635
254 0.499654
255 0.499687
256 0.499651
257 0.499615
258 0.499632
259 0.499657
260 0.499623
261 0.499653
262 0.499643
263 0.499629
264 0.4996
265 0.499634
266 0.499617
267 0.49964
268 0.499608
269 0.499612
270 0.499605
271 0.499587
272 0.499575
273 0.499566
274 0.499586
275 0.499585
276 0.499556
277 0.499568
278 0.499563
279 0.49957
280 0.499534
281 0.499526
282 0.499512
283 0.499547
284 0.499515
285 0.49953
286 0.499538
287 0.49953
288 0.499564
289 0.499519
290 0.499506
291 0.499527
292 0.499522
293 0.499481
294 0.499532
295 0.499532
296 0.49949
297 0.49951
298 0.49953
299 0.499458
300 0.499479
