1 0.500524
2 0.536978
3 0.54906
4 0.563928
5 0.572398
6 0.582533
7 0.589072
8 0.596408
9 0.601873
10 0.607436
11 0.612056
12 0.617268
13 0.62156
14 0.625745
15 0.629226
16 0.633079
17 0.63646
18 0.639989
19 0.642945
20 0.64591
21 0.648629
22 0.651398
23 0.653823
24 0.656488
25 0.658893
26 0.66105
27 0.663371
28 0.665598
29 0.667863
30 0.669921
31 0.671881
32 0.673906
33 0.675749
34 0.677612
35 0.679391
36 0.681054
37 0.682714
38 0.68442
39 0.686009
40 0.687521
41 0.689053
42 0.690626
43 0.692097
44 0.69356
45 0.694949
46 0.696287
47 0.697635
48 0.698996
49 0.700258
50 0.701503
51 0.702783
52 0.703953
53 0.705146
54 0.706289
55 0.707457
56 0.708558
57 0.709694
58 0.710755
59 0.711848
60 0.712925
61 0.713919
62 0.714965
63 0.715987
64 0.716986
65 0.717948
66 0.718951
67 0.719907
68 0.720876
69 0.721764
70 0.722686
71 0.72359
72 0.724488
73 0.725353
74 0.726218
75 0.727089
76 0.727906
77 0.728738
78 0.729552
79 0.730355
80 0.731169
81 0.731964
82 0.732739
83 0.733522
84 0.734279
85 0.735024
86 0.735781
87 0.736511
88 0.737235
89 0.737954
90 0.738678
91 0.739387
92 0.740093
93 0.740756
94 0.741459
95 0.742129
96 0.742775
97 0.743439
98 0.744089
99 0.74472
100 0.74535
101 0.745995
102 0.746607
103 0.747232
104 0.747842
105 0.74845
106 0.749046
107 0.749636
108 0.750227
109 0.750815
110 0.751389
111 0.751958
112 0.752529
113 0.753079
114 0.753638
115 0.754187
116 0.754724
117 0.755255
118 0.7558
119 0.756332
120 0.756858
121 0.757373
122 0.757898
123 0.758404
124 0.758912
125 0.75941
126 0.759909
127 0.760398
128 0.760893
129 0.761385
130 0.761858
131 0.762344
132 0.762823
133 0.763306
134 0.763763
135 0.76423
136 0.764696
137 0.76516
138 0.765611
139 0.766059
140 0.766509
141 0.766941
142 0.767389
143 0.767825
144 0.768257
145 0.76869
146 0.769121
147 0.76954
148 0.769961
149 0.770379
150 0.770787
151 0.771202
152 0.771612
153 0.77202
154 0.772418
155 0.772819
156 0.773223
157 0.773615
158 0.773998
159 0.774384
160 0.774773
161 0.775152
162 0.775533
163 0.775915
164 0.776283
165 0.776657
166 0.777023
167 0.777386
168 0.777745
169 0.778104
170 0.778456
171 0.778807
172 0.779158
173 0.779503
174 0.779847
175 0.780177
176 0.780524
177 0.780858
178 0.781193
179 0.781524
180 0.781855
181 0.782178
182 0.782499
183 0.782825
184 0.783142
185 0.78346
186 0.783773
187 0.784085
188 0.784402
189 0.784709
190 0.785017
191 0.78532
192 0.785618
193 0.785919
194 0.786217
195 0.786511
196 0.786804
197 0.787097
198 0.787387
199 0.787673
200 0.787954
201 0.788237
202 0.78852
203 0.788801
204 0.789078
205 0.789354
206 0.789629
207 0.789905
208 0.790179
209 0.790449
210 0.790718
211 0.790988
212 0.791249
213 0.791512
214 0.791772
215 0.792031
216 0.792287
217 0.792542
218 0.792792
219 0.793046
220 0.793296
221 0.793545
222 0.793791
223 0.79404
224 0.794282
225 0.794522
226 0.794762
227 0.795004
228 0.795241
229 0.795477
230 0.795711
231 0.79595
232 0.796181
233 0.796412
234 0.796645
235 0.796873
236 0.797105
237 0.797334
238 0.797562
239 0.797792
240 0.798017
241 0.798242
242 0.798466
243 0.79869
244 0.798909
245 0.799131
246 0.79935
247 0.799567
248 0.799782
249 0.799999
250 0.800214
251 0.800427
252 0.800637
253 0.80085
254 0.801061
255 0.801267
256 0.801472
257 0.80168
258 0.801881
259 0.802083
260 0.802287
261 0.802488
262 0.802685
263 0.802884
264 0.803081
265 0.803276
266 0.803469
267 0.803664
268 0.803858
269 0.804051
270 0.804243
271 0.804434
272 0.804622
273 0.804813
274 0.804998
275 0.805188
276 0.805376
277 0.805563
278 0.805747
279 0.805933
280 0.806117
281 0.806299
282 0.80648
283 0.80666
284 0.80684
285 0.807019
286 0.807197
287 0.807376
288 0.807552
289 0.807729
290 0.807904
291 0.808078
292 0.808248
293 0.808424
294 0.808596
295 0.808767
296 0.808936
297 0.809106
298 0.809277
299 0.809444
300 0.809614
