1 0.500405
2 0.508381
3 0.511136
4 0.514461
5 0.516307
6 0.518645
7 0.520074
8 0.521568
9 0.522723
10 0.523868
11 0.524872
12 0.525951
13 0.526864
14 0.527795
15 0.528531
16 0.529313
17 0.530021
18 0.530694
19 0.531281
20 0.531819
21 0.532401
22 0.532943
23 0.53343
24 0.53396
25 0.534442
26 0.534855
27 0.535335
28 0.535783
29 0.536212
30 0.53663
31 0.536998
32 0.53739
33 0.537735
34 0.538103
35 0.538427
36 0.538751
37 0.539055
38 0.539363
39 0.539673
40 0.539926
41 0.540212
42 0.540485
43 0.54074
44 0.541006
45 0.54126
46 0.541548
47 0.541791
48 0.542035
49 0.542277
50 0.542497
51 0.542715
52 0.542925
53 0.543139
54 0.543323
55 0.543529
56 0.543726
57 0.54393
58 0.544118
59 0.544289
60 0.544471
61 0.544649
62 0.544838
63 0.545006
64 0.545185
65 0.545351
66 0.545524
67 0.545685
68 0.545841
69 0.545994
70 0.546146
71 0.546297
72 0.546446
73 0.546593
74 0.546735
75 0.546881
76 0.547022
77 0.54715
78 0.54729
79 0.54742
80 0.547552
81 0.547684
82 0.54782
83 0.547951
84 0.548071
85 0.54819
86 0.548312
87 0.548425
88 0.548542
89 0.548656
90 0.548774
91 0.548887
92 0.549004
93 0.549109
94 0.549226
95 0.549342
96 0.54944
97 0.549547
98 0.549654
99 0.549756
100 0.549856
101 0.549961
102 0.550054
103 0.550149
104 0.550244
105 0.550332
106 0.550419
107 0.550508
108 0.550604
109 0.550691
110 0.550783
111 0.550873
112 0.550964
113 0.551046
114 0.551132
115 0.551205
116 0.551287
117 0.551358
118 0.55144
119 0.551519
120 0.551603
121 0.551683
122 0.55176
123 0.551837
124 0.551914
125 0.551989
126 0.552059
127 0.552132
128 0.552205
129 0.552282
130 0.552354
131 0.552424
132 0.552496
133 0.552572
134 0.552643
135 0.552712
136 0.552783
137 0.552849
138 0.552917
139 0.552982
140 0.553049
141 0.553111
142 0.553176
143 0.553238
144 0.553298
145 0.553356
146 0.55342
147 0.553485
148 0.553548
149 0.553614
150 0.553671
151 0.553725
152 0.553784
153 0.553841
154 0.553895
155 0.553956
156 0.554013
157 0.554072
158 0.554131
159 0.554188
160 0.554241
161 0.554289
162 0.554345
163 0.554402
164 0.55445
165 0.554505
166 0.554556
167 0.554605
168 0.554654
169 0.554705
170 0.554757
171 0.554801
172 0.55485
173 0.554897
174 0.554945
175 0.554994
176 0.555043
177 0.555093
178 0.555139
179 0.555189
180 0.555232
181 0.555278
182 0.555319
183 0.555367
184 0.55541
185 0.555455
186 0.555498
187 0.555536
188 0.555582
189 0.555629
190 0.555672
191 0.555711
192 0.555755
193 0.555792
194 0.555832
195 0.555871
196 0.555912
197 0.555948
198 0.555986
199 0.556024
200 0.556062
201 0.556102
202 0.556143
203 0.556179
204 0.55622
205 0.556257
206 0.556293
207 0.556331
208 0.556371
209 0.556407
210 0.55644
211 0.556473
212 0.556508
213 0.556544
214 0.556583
215 0.556616
216 0.556651
217 0.556685
218 0.556721
219 0.556756
220 0.556789
221 0.556822
222 0.556855
223 0.556888
224 0.556921
225 0.556955
226 0.556988
227 0.55702
228 0.557057
229 0.557088
230 0.55712
231 0.55715
232 0.557181
233 0.557212
234 0.557243
235 0.557273
236 0.557306
237 0.557336
238 0.557367
239 0.557397
240 0.557422
241 0.557449
242 0.557475
243 0.557504
244 0.557533
245 0.557561
246 0.557589
247 0.55762
248 0.557648
249 0.557674
250 0.557704
251 0.557735
252 0.557764
253 0.557791
254 0.557815
255 0.557842
256 0.557867
257 0.557898
258 0.557927
259 0.557958
260 0.557984
261 0.55801
262 0.558034
263 0.558058
264 0.558082
265 0.558109
266 0.558133
267 0.558158
268 0.558189
269 0.558213
270 0.558243
271 0.558268
272 0.558292
273 0.558316
274 0.558338
275 0.558362
276 0.558385
277 0.55841
278 0.558435
279 0.558456
280 0.558479
281 0.558505
282 0.558525
283 0.558547
284 0.558567
285 0.558589
286 0.558611
287 0.558636
288 0.558658
289 0.558682
290 0.558706
291 0.558728
292 0.55875
293 0.558773
294 0.558795
295 0.558815
296 0.558837
297 0.558862
298 0.558885
299 0.558906
300 0.558929
