1 0.500405
2 0.516357
3 0.516646
4 0.524435
5 0.52369
6 0.530338
7 0.528647
8 0.532025
9 0.531965
10 0.534176
11 0.534907
12 0.537821
13 0.537814
14 0.539902
15 0.538841
16 0.541044
17 0.541341
18 0.542147
19 0.54183
20 0.542041
21 0.544049
22 0.544319
23 0.544142
24 0.546165
25 0.546003
26 0.545186
27 0.547811
28 0.547869
29 0.548236
30 0.548757
31 0.548016
32 0.549562
33 0.54878
34 0.550224
35 0.549467
36 0.550084
37 0.55001
38 0.550757
39 0.55142
40 0.549797
41 0.551657
42 0.55167
43 0.551455
44 0.552468
45 0.552425
46 0.55449
47 0.552989
48 0.553477
49 0.553903
50 0.553281
51 0.553645
52 0.55363
53 0.55423
54 0.553094
55 0.554679
56 0.554563
57 0.555354
58 0.554793
59 0.554204
60 0.555198
61 0.555367
62 0.556382
63 0.555408
64 0.55642
65 0.556021
66 0.556767
67 0.556314
68 0.556271
69 0.556399
70 0.556649
71 0.556863
72 0.557029
73 0.557162
74 0.557122
75 0.557688
76 0.557553
77 0.556867
78 0.558073
79 0.557594
80 0.557962
81 0.558261
82 0.558819
83 0.558736
84 0.557978
85 0.558225
86 0.558693
87 0.558162
88 0.558659
89 0.558741
90 0.559223
91 0.55904
92 0.559682
93 0.558783
94 0.560116
95 0.560233
96 0.558754
97 0.559796
98 0.560022
99 0.559792
100 0.55972
101 0.560502
102 0.559429
103 0.559889
104 0.559988
105 0.559474
106 0.559596
107 0.559857
108 0.560896
109 0.560129
110 0.560768
111 0.560753
112 0.561101
113 0.560184
114 0.560873
115 0.55954
116 0.560766
117 0.559595
118 0.561053
119 0.560844
120 0.561571
121 0.561266
122 0.561013
123 0.561344
124 0.561276
125 0.561324
126 0.560836
127 0.561333
128 0.561415
129 0.562245
130 0.561591
131 0.561537
132 0.561898
133 0.562656
134 0.561981
135 0.562008
136 0.5624
137 0.561865
138 0.562156
139 0.561931
140 0.562418
141 0.561755
142 0.562359
143 0.562091
144 0.561885
145 0.561718
146 0.562576
147 0.563057
148 0.562774
149 0.563327
150 0.562271
151 0.561756
152 0.562762
153 0.562437
154 0.562122
155 0.563336
156 0.562919
157 0.563242
158 0.563447
159 0.56323
160 0.56262
161 0.561909
162 0.563497
163 0.563543
164 0.562319
165 0.563452
166 0.56301
167 0.562701
168 0.562953
169 0.563187
170 0.563629
171 0.56221
172 0.563209
173 0.563068
174 0.563229
175 0.563426
176 0.563691
177 0.563833
178 0.5633
179 0.56416
180 0.562868
181 0.56356
182 0.562669
183 0.564122
184 0.563309
185 0.56379
186 0.563375
187 0.562743
188 0.564036
189 0.564517
190 0.56379
191 0.563171
192 0.564061
193 0.563004
194 0.5635
195 0.563523
196 0.563897
197 0.563018
198 0.563375
199 0.563593
200 0.563643
201 0.564104
202 0.564248
203 0.563447
204 0.564705
205 0.563829
206 0.563639
207 0.563998
208 0.564827
209 0.563796
210 0.563434
211 0.563384
212 0.563912
213 0.564025
214 0.564859
215 0.563799
216 0.564102
217 0.564144
218 0.564447
219 0.564416
220 0.564034
221 0.564129
222 0.564021
223 0.564207
224 0.564281
225 0.564621
226 0.5644
227 0.564292
228 0.565427
229 0.564147
230 0.564398
231 0.564028
232 0.564538
233 0.56419
234 0.564518
235 0.564246
236 0.565267
237 0.564249
238 0.564828
239 0.56441
240 0.563475
241 0.563857
242 0.563709
243 0.564579
244 0.564571
245 0.564448
246 0.564463
247 0.565332
248 0.564399
249 0.564195
250 0.565215
251 0.565533
252 0.564977
253 0.564468
254 0.564016
255 0.564734
256 0.564268
257 0.565749
258 0.565397
259 0.565953
260 0.564617
261 0.564798
262 0.564415
263 0.564343
264 0.564463
265 0.565189
266 0.564416
267 0.564735
268 0.566562
269 0.564693
270 0.566345
271 0.564991
272 0.56482
273 0.564706
274 0.56433
275 0.564942
276 0.564851
277 0.565187
278 0.565327
279 0.564397
280 0.564883
281 0.565637
282 0.56417
283 0.5648
284 0.564281
285 0.56492
286 0.564736
287 0.565959
288 0.564857
289 0.565521
290 0.565595
291 0.565344
292 0.56497
293 0.565656
294 0.565108
295 0.564825
296 0.565282
297 0.566139
298 0.565726
299 0.565321
300 0.565631
