1 0.5
2 0.499733
3 0.499723
4 0.499403
5 0.499439
6 0.499079
7 0.499179
8 0.498974
9 0.498978
10 0.498831
11 0.498781
12 0.498568
13 0.498569
14 0.498406
15 0.49849
16 0.498313
17 0.498289
18 0.498221
19 0.498248
20 0.49823
21 0.498056
22 0.498032
23 0.498048
24 0.497865
25 0.49788
26 0.497955
27 0.497709
28 0.497704
29 0.497668
30 0.497618
31 0.49769
32 0.497538
33 0.497615
34 0.497472
35 0.497548
36 0.497486
37 0.497493
38 0.497418
39 0.49735
40 0.497515
41 0.497325
42 0.497324
43 0.497346
44 0.49724
45 0.497245
46 0.497023
47 0.497185
48 0.497133
49 0.497087
50 0.497154
51 0.497114
52 0.497116
53 0.497051
54 0.497174
55 0.497002
56 0.497015
57 0.496927
58 0.496989
59 0.497054
60 0.496944
61 0.496926
62 0.496811
63 0.496921
64 0.496807
65 0.496852
66 0.496768
67 0.496819
68 0.496824
69 0.49681
70 0.496781
71 0.496757
72 0.496738
73 0.496722
74 0.496727
75 0.496662
76 0.496677
77 0.496756
78 0.496617
79 0.496672
80 0.49663
81 0.496595
82 0.496529
83 0.496539
84 0.496628
85 0.496599
86 0.496544
87 0.496606
88 0.496548
89 0.496538
90 0.496481
91 0.496503
92 0.496426
93 0.496533
94 0.496373
95 0.496359
96 0.496537
97 0.496412
98 0.496385
99 0.496413
100 0.496421
101 0.496327
102 0.496456
103 0.496401
104 0.496389
105 0.496451
106 0.496436
107 0.496405
108 0.496278
109 0.496372
110 0.496294
111 0.496296
112 0.496253
113 0.496365
114 0.496281
115 0.496443
116 0.496294
117 0.496436
118 0.496259
119 0.496285
120 0.496195
121 0.496233
122 0.496264
123 0.496223
124 0.496232
125 0.496226
126 0.496286
127 0.496225
128 0.496214
129 0.496111
130 0.496193
131 0.496199
132 0.496154
133 0.496059
134 0.496144
135 0.496141
136 0.496092
137 0.496159
138 0.496122
139 0.49615
140 0.496089
141 0.496172
142 0.496097
143 0.49613
144 0.496156
145 0.496177
146 0.496069
147 0.496008
148 0.496044
149 0.495974
150 0.496108
151 0.496172
152 0.496046
153 0.496087
154 0.496126
155 0.495973
156 0.496026
157 0.495985
158 0.495959
159 0.495986
160 0.496064
161 0.496153
162 0.495952
163 0.495946
164 0.496102
165 0.495958
166 0.496014
167 0.496054
168 0.496022
169 0.495992
170 0.495935
171 0.496115
172 0.495989
173 0.496007
174 0.495987
175 0.495961
176 0.495927
177 0.495909
178 0.495977
179 0.495867
180 0.496032
181 0.495944
182 0.496058
183 0.495872
184 0.495976
185 0.495915
186 0.495968
187 0.496048
188 0.495883
189 0.495821
190 0.495915
191 0.495994
192 0.49588
193 0.496015
194 0.495952
195 0.495949
196 0.495901
197 0.496013
198 0.495968
199 0.49594
200 0.495934
201 0.495874
202 0.495856
203 0.495959
204 0.495796
205 0.49591
206 0.495934
207 0.495888
208 0.49578
209 0.495914
210 0.49596
211 0.495967
212 0.495899
213 0.495884
214 0.495776
215 0.495914
216 0.495874
217 0.495869
218 0.49583
219 0.495834
220 0.495883
221 0.495871
222 0.495885
223 0.495861
224 0.495851
225 0.495807
226 0.495836
227 0.49585
228 0.495701
229 0.495869
230 0.495836
231 0.495884
232 0.495818
233 0.495863
234 0.495821
235 0.495856
236 0.495722
237 0.495855
238 0.49578
239 0.495835
240 0.495955
241 0.495906
242 0.495925
243 0.495813
244 0.495814
245 0.49583
246 0.495828
247 0.495714
248 0.495836
249 0.495862
250 0.495729
251 0.495687
252 0.495761
253 0.495827
254 0.495886
255 0.495792
256 0.495853
257 0.495659
258 0.495705
259 0.495632
260 0.495808
261 0.495784
262 0.495834
263 0.495843
264 0.495828
265 0.495733
266 0.495834
267 0.495792
268 0.49555
269 0.495798
270 0.495579
271 0.495759
272 0.495781
273 0.495796
274 0.495845
275 0.495765
276 0.495777
277 0.495733
278 0.495715
279 0.495836
280 0.495773
281 0.495674
282 0.495866
283 0.495784
284 0.495851
285 0.495768
286 0.495792
287 0.495631
288 0.495776
289 0.495689
290 0.495679
291 0.495712
292 0.495761
293 0.495671
294 0.495743
295 0.49578
296 0.495721
297 0.495607
298 0.495662
299 0.495715
300 0.495674
