1 0.500524
2 0.573431
3 0.573224
4 0.608535
5 0.606276
6 0.633209
7 0.628308
8 0.647754
9 0.645598
10 0.657505
11 0.658253
12 0.674604
13 0.673054
14 0.680156
15 0.67796
16 0.690865
17 0.690565
18 0.699984
19 0.696152
20 0.702246
21 0.703002
22 0.709543
23 0.707186
24 0.71778
25 0.716603
26 0.714977
27 0.723734
28 0.725725
29 0.73127
30 0.729594
31 0.730688
32 0.736678
33 0.734734
34 0.739091
35 0.739873
36 0.739281
37 0.742445
38 0.747556
39 0.746384
40 0.746513
41 0.750321
42 0.755118
43 0.75389
44 0.756449
45 0.756045
46 0.756517
47 0.759647
48 0.762938
49 0.760853
50 0.762511
51 0.766775
52 0.763656
53 0.767141
54 0.766906
55 0.77049
56 0.769122
57 0.773292
58 0.771241
59 0.775261
60 0.776467
61 0.773578
62 0.778724
63 0.779348
64 0.77998
65 0.779482
66 0.784183
67 0.782945
68 0.785818
69 0.782184
70 0.78627
71 0.786865
72 0.788287
73 0.787619
74 0.789362
75 0.791567
76 0.789123
77 0.791966
78 0.792293
79 0.792976
80 0.795461
81 0.795575
82 0.795517
83 0.797743
84 0.797049
85 0.797652
86 0.800092
87 0.799278
88 0.800253
89 0.801239
90 0.803077
91 0.803221
92 0.804313
93 0.801737
94 0.806832
95 0.805176
96 0.8041
97 0.807169
98 0.807181
99 0.806541
100 0.807681
101 0.8105
102 0.808426
103 0.811004
104 0.810634
105 0.81172
106 0.811601
107 0.812226
108 0.813501
109 0.814254
110 0.814013
111 0.814549
112 0.815815
113 0.814678
114 0.816802
115 0.816834
116 0.816496
117 0.816791
118 0.819621
119 0.819072
120 0.819463
121 0.819219
122 0.821344
123 0.820182
124 0.821359
125 0.8212
126 0.822307
127 0.82203
128 0.823744
129 0.824362
130 0.822817
131 0.825485
132 0.825594
133 0.827112
134 0.824501
135 0.826811
136 0.827664
137 0.828171
138 0.827494
139 0.82782
140 0.829114
141 0.827438
142 0.830542
143 0.829726
144 0.830005
145 0.831008
146 0.831712
147 0.830649
148 0.831845
149 0.832256
150 0.831616
151 0.833364
152 0.833507
153 0.834064
154 0.833352
155 0.834629
156 0.83579
157 0.834715
158 0.834256
159 0.835354
160 0.836574
161 0.835833
162 0.836825
163 0.837797
164 0.836236
165 0.837968
166 0.837545
167 0.837603
168 0.837588
169 0.838506
170 0.838013
171 0.838458
172 0.839106
173 0.838872
174 0.83938
175 0.837599
176 0.84129
177 0.839508
178 0.84056
179 0.840473
180 0.841003
181 0.840307
182 0.840699
183 0.842117
184 0.841164
185 0.8419
186 0.84183
187 0.842031
188 0.843622
189 0.84249
190 0.843164
191 0.842888
192 0.842552
193 0.843772
194 0.843679
195 0.8436
196 0.843968
197 0.844508
198 0.844499
199 0.844237
200 0.843979
201 0.844742
202 0.845453
203 0.845631
204 0.845179
205 0.84563
206 0.846159
207 0.846689
208 0.846942
209 0.84657
210 0.847017
211 0.847539
212 0.846291
213 0.847426
214 0.84714
215 0.847292
216 0.847502
217 0.847536
218 0.847141
219 0.848285
220 0.848095
221 0.848346
222 0.848161
223 0.849224
224 0.848267
225 0.848282
226 0.84883
227 0.849661
228 0.849174
229 0.849201
230 0.849242
231 0.850888
232 0.849664
233 0.849943
234 0.850833
235 0.8504
236 0.851581
237 0.851283
238 0.851597
239 0.852602
240 0.851697
241 0.852253
242 0.852456
243 0.852887
244 0.852204
245 0.853227
246 0.853029
247 0.85297
248 0.852919
249 0.853826
250 0.85378
251 0.853709
252 0.85333
253 0.854433
254 0.854378
255 0.853712
256 0.853737
257 0.854921
258 0.853656
259 0.85405
260 0.855257
261 0.854536
262 0.854322
263 0.854953
264 0.85477
265 0.854702
266 0.854659
267 0.855593
268 0.855766
269 0.85566
270 0.855815
271 0.856072
272 0.855626
273 0.856677
274 0.855702
275 0.857213
276 0.857068
277 0.857067
278 0.856758
279 0.857499
280 0.857639
281 0.85726
282 0.857173
283 0.857392
284 0.85787
285 0.858007
286 0.857771
287 0.858493
288 0.85822
289 0.858657
290 0.858567
291 0.858504
292 0.857664
293 0.859943
294 0.858841
295 0.858947
296 0.858942
297 0.859542
298 0.859804
299 0.859412
300 0.860289
