1 0
2 0.150127
3 0.333473
4 0.433405
5 0.391417
6 0.348101
7 0.349981
8 0.371316
9 0.33098
10 0.325951
11 0.316929
12 0.311712
13 0.318212
14 0.314899
15 0.308395
16 0.309096
17 0.321428
18 0.313484
19 0.304643
20 0.306062
21 0.307124
22 0.30667
23 0.307674
24 0.308777
25 0.311936
26 0.312362
27 0.288119
28 0.274526
29 0.270112
30 0.264728
31 0.263201
32 0.265074
33 0.26317
34 0.262238
35 0.256238
36 0.256222
37 0.255992
38 0.257383
39 0.259564
40 0.260315
41 0.261798
42 0.261524
43 0.26281
44 0.263439
45 0.265706
46 0.268117
47 0.270019
48 0.273002
49 0.27499
50 0.275456
51 0.277044
52 0.278396
53 0.27776
54 0.278543
55 0.279811
56 0.280962
57 0.282627
58 0.283327
59 0.284268
60 0.285469
61 0.285983
62 0.285979
63 0.286818
64 0.288014
65 0.290089
66 0.290982
67 0.291885
68 0.292875
69 0.293746
70 0.294685
71 0.295183
72 0.295649
73 0.297044
74 0.296906
75 0.297547
76 0.297891
77 0.298479
78 0.30044
79 0.301205
80 0.302055
81 0.302988
82 0.304137
83 0.305017
84 0.304377
85 0.305286
86 0.304289
87 0.304342
88 0.304786
89 0.305447
90 0.306363
91 0.306844
92 0.307458
93 0.308739
94 0.309095
95 0.31
96 0.31104
97 0.312048
98 0.312407
99 0.313041
100 0.31327
