1 0
2 0.300253
3 0.700044
4 0.733252
5 0.224948
6 0.130802
7 0.360983
8 0.308653
9 0.286064
10 0.219341
11 0.188325
12 0.199009
13 0.262462
14 0.227714
15 0.2082
16 0.189266
17 0.259428
18 0.223814
19 0.194315
20 0.213764
21 0.237241
22 0.20965
23 0.19509
24 0.191875
25 0.227466
26 0.206371
27 0.155406
28 0.146704
29 0.139565
30 0.133372
31 0.121781
32 0.134588
33 0.135543
34 0.132579
35 0.125721
36 0.12371
37 0.135464
38 0.131348
39 0.125123
40 0.124622
41 0.123896
42 0.133603
43 0.126576
44 0.126839
45 0.12815
46 0.128522
47 0.129108
48 0.128303
49 0.132074
50 0.129771
51 0.128265
52 0.128748
53 0.133703
54 0.129274
55 0.12672
56 0.130322
57 0.136335
58 0.132267
59 0.128036
60 0.129815
61 0.130724
62 0.131761
63 0.131264
64 0.130714
65 0.133085
66 0.128059
67 0.129723
68 0.129809
69 0.128803
70 0.126101
71 0.126995
72 0.126375
73 0.125883
74 0.123413
75 0.125364
76 0.123344
77 0.12425
78 0.127091
79 0.124779
80 0.122701
81 0.122547
82 0.125501
83 0.12316
84 0.120736
85 0.120746
86 0.118126
87 0.116759
88 0.113548
89 0.115018
90 0.114012
91 0.113421
92 0.111437
93 0.113136
94 0.112975
95 0.111582
96 0.110619
97 0.110519
98 0.112368
99 0.110092
100 0.109075
