1 0.500991
2 0.500227
3 0.500019
4 0.49986
5 0.504962
6 0.508948
7 0.511628
8 0.513963
9 0.516044
10 0.517783
11 0.519082
12 0.520343
13 0.521377
14 0.522418
15 0.523918
16 0.52522
17 0.526146
18 0.526783
19 0.526951
20 0.52735
21 0.527576
22 0.528128
23 0.528734
24 0.529188
25 0.529571
26 0.530084
27 0.530459
28 0.530947
29 0.531404
30 0.531879
31 0.532244
32 0.532597
33 0.533005
34 0.533283
35 0.53369
36 0.534064
37 0.53427
38 0.53468
39 0.534882
40 0.535373
41 0.535657
42 0.535876
43 0.536025
44 0.53626
45 0.536471
46 0.536842
47 0.536876
48 0.53719
49 0.537302
50 0.53742
51 0.537628
52 0.537934
53 0.538279
54 0.538586
55 0.53873
56 0.53904
57 0.539212
58 0.539396
59 0.539622
60 0.539861
61 0.539911
62 0.540148
63 0.540403
64 0.540519
65 0.540638
66 0.540856
67 0.541031
68 0.541291
69 0.541478
70 0.541661
71 0.541814
72 0.542044
73 0.542094
74 0.542142
75 0.54244
76 0.542488
77 0.542616
78 0.54293
79 0.542938
80 0.543118
81 0.54329
82 0.543454
83 0.543667
84 0.543786
85 0.543855
86 0.543965
87 0.54417
88 0.544324
89 0.544373
90 0.544588
91 0.544659
92 0.544787
93 0.544845
94 0.54506
95 0.545146
96 0.545232
97 0.545356
98 0.545518
99 0.545562
100 0.545691
101 0.545788
102 0.545957
103 0.546085
104 0.546244
105 0.546169
106 0.546407
107 0.54648
108 0.546609
109 0.546709
110 0.546812
111 0.546902
112 0.547028
113 0.547084
114 0.547183
115 0.547242
116 0.547457
117 0.547529
118 0.547565
119 0.547704
120 0.547771
121 0.547755
122 0.548014
123 0.548064
124 0.548152
125 0.548196
126 0.548368
127 0.54842
128 0.548452
129 0.548551
130 0.548679
131 0.548687
132 0.548857
133 0.548893
134 0.548957
135 0.549129
136 0.549048
137 0.549213
138 0.549339
139 0.549364
140 0.5495
141 0.549503
142 0.54956
143 0.549698
144 0.549716
145 0.549812
146 0.549855
147 0.549938
148 0.550076
149 0.550184
150 0.550113
151 0.550228
152 0.550341
153 0.550407
154 0.550434
155 0.550469
156 0.550517
157 0.550734
158 0.55073
159 0.550831
160 0.550837
161 0.550912
162 0.550962
163 0.551016
164 0.551072
165 0.551149
166 0.551155
167 0.551287
168 0.551261
169 0.55137
170 0.55144
171 0.55142
172 0.551512
173 0.55165
174 0.551687
175 0.551754
176 0.551774
177 0.551894
178 0.551887
179 0.551968
180 0.552025
181 0.552046
182 0.552222
183 0.55223
184 0.552196
185 0.552281
186 0.552309
187 0.552411
188 0.55244
189 0.552491
190 0.552524
191 0.552656
192 0.552666
193 0.552711
194 0.552761
195 0.552836
196 0.552865
197 0.552837
198 0.552933
199 0.553041
200 0.553023
201 0.55309
202 0.553149
203 0.553181
204 0.553232
205 0.553234
206 0.553273
207 0.55337
208 0.553333
209 0.553502
210 0.553483
211 0.553534
212 0.553612
213 0.553685
214 0.55371
215 0.553729
216 0.553805
217 0.553769
218 0.553843
219 0.553808
220 0.553955
221 0.554021
222 0.554029
223 0.554049
224 0.554086
225 0.554103
226 0.55421
227 0.554251
228 0.554255
229 0.554341
230 0.554349
231 0.554371
232 0.55445
233 0.55443
234 0.554558
235 0.554506
236 0.554542
237 0.55461
238 0.554696
239 0.554695
240 0.55473
241 0.554743
242 0.554796
243 0.554891
244 0.554931
245 0.5549
246 0.554896
247 0.555004
248 0.555028
249 0.555058
250 0.555065
251 0.555185
252 0.555194
253 0.555188
254 0.555232
255 0.555267
256 0.555313
257 0.555385
258 0.555349
259 0.555409
260 0.555457
261 0.555484
262 0.555458
263 0.555522
264 0.555601
265 0.55561
266 0.555706
267 0.555707
268 0.555718
269 0.555764
270 0.555794
271 0.555815
272 0.555816
273 0.555894
274 0.555952
275 0.555915
276 0.555892
277 0.556004
278 0.556117
279 0.556062
280 0.556088
281 0.556169
282 0.556177
283 0.556204
284 0.556226
285 0.556315
286 0.556235
287 0.556359
288 0.5564
289 0.556351
290 0.556369
291 0.556423
292 0.556447
293 0.556496
294 0.55653
295 0.556525
296 0.556588
297 0.556633
298 0.556587
299 0.556633
300 0.55667
