1 0.5003
2 0.499676
3 0.499656
4 0.500344
5 0.608367
6 0.62919
7 0.62919
8 0.640632
9 0.641622
10 0.647473
11 0.65055
12 0.654017
13 0.656129
14 0.661897
15 0.668618
16 0.676836
17 0.683358
18 0.684177
19 0.686424
20 0.689439
21 0.690087
22 0.693561
23 0.697403
24 0.697653
25 0.700807
26 0.704371
27 0.704842
28 0.705721
29 0.708059
30 0.70837
31 0.709093
32 0.710909
33 0.711657
34 0.712459
35 0.714338
36 0.71393
37 0.715876
38 0.720762
39 0.722234
40 0.724938
41 0.727175
42 0.726617
43 0.728713
44 0.729879
45 0.730096
46 0.731104
47 0.732144
48 0.732308
49 0.733002
50 0.734093
51 0.734416
52 0.73525
53 0.740747
54 0.742376
55 0.743121
56 0.74488
57 0.744943
58 0.746331
59 0.747224
60 0.748657
61 0.748937
62 0.750877
63 0.751774
64 0.752287
65 0.752464
66 0.754839
67 0.755482
68 0.75704
69 0.758099
70 0.759841
71 0.760745
72 0.7618
73 0.762131
74 0.762936
75 0.763152
76 0.765148
77 0.764776
78 0.766784
79 0.767654
80 0.768295
81 0.76913
82 0.771522
83 0.771853
84 0.772512
85 0.773416
86 0.773278
87 0.775221
88 0.775802
89 0.776801
90 0.776829
91 0.77812
92 0.7785
93 0.778691
94 0.7805
95 0.781577
96 0.781843
97 0.782829
98 0.783034
99 0.784218
100 0.784781
101 0.784636
102 0.786054
103 0.786392
104 0.787215
105 0.787219
106 0.788706
107 0.788771
108 0.790334
109 0.790457
110 0.791659
111 0.792026
112 0.792364
113 0.792968
114 0.793547
115 0.793769
116 0.795583
117 0.795639
118 0.796257
119 0.796748
120 0.796948
121 0.797353
122 0.799159
123 0.798841
124 0.799586
125 0.800156
126 0.800678
127 0.800981
128 0.801418
129 0.802057
130 0.8029
131 0.802854
132 0.804369
133 0.804426
134 0.80498
135 0.805614
136 0.804838
137 0.806216
138 0.806518
139 0.807169
140 0.807962
141 0.808167
142 0.808543
143 0.809648
144 0.809794
145 0.809801
146 0.810488
147 0.811164
148 0.811861
149 0.812387
150 0.811938
151 0.812677
152 0.813372
153 0.813204
154 0.814278
155 0.814369
156 0.814838
157 0.815661
158 0.816114
159 0.816744
160 0.81663
161 0.816656
162 0.817016
163 0.818044
164 0.81807
165 0.818781
166 0.818636
167 0.818848
168 0.819393
169 0.8199
170 0.820639
171 0.8205
172 0.820737
173 0.822037
174 0.82182
175 0.822515
176 0.822278
177 0.823928
178 0.823457
179 0.82339
180 0.82437
181 0.823815
182 0.825176
183 0.825652
184 0.825681
185 0.825657
186 0.825724
187 0.826445
188 0.826962
189 0.827067
190 0.827068
191 0.828398
192 0.828062
193 0.828451
194 0.828504
195 0.82959
196 0.829458
197 0.829224
198 0.829853
199 0.83059
200 0.830621
201 0.830431
202 0.830678
203 0.83111
204 0.832123
205 0.83204
206 0.831838
207 0.832942
208 0.832486
209 0.833101
210 0.833147
211 0.833712
212 0.834847
213 0.833533
214 0.834709
215 0.834781
216 0.835225
217 0.83566
218 0.836441
219 0.835467
220 0.836668
221 0.837148
222 0.837014
223 0.836812
224 0.837228
225 0.83794
226 0.837944
227 0.8378
228 0.838498
229 0.838938
230 0.839078
231 0.839422
232 0.839034
233 0.839126
234 0.840464
235 0.839363
236 0.839876
237 0.840773
238 0.840847
239 0.841096
240 0.841259
241 0.841281
242 0.841492
243 0.842374
244 0.842326
245 0.84254
246 0.842326
247 0.842735
248 0.842934
249 0.843906
250 0.843606
251 0.844194
252 0.844258
253 0.843724
254 0.844475
255 0.844542
256 0.845117
257 0.844802
258 0.845176
259 0.845315
260 0.846279
261 0.846025
262 0.845904
263 0.846053
264 0.846559
265 0.84686
266 0.847421
267 0.847207
268 0.847731
269 0.847706
270 0.848242
271 0.848166
272 0.848132
273 0.848323
274 0.849332
275 0.848747
276 0.848218
277 0.84929
278 0.84977
279 0.849683
280 0.849583
281 0.850762
282 0.850618
283 0.850758
284 0.850766
285 0.851216
286 0.85057
287 0.851689
288 0.851538
289 0.851427
290 0.851647
291 0.851865
292 0.852528
293 0.8521
294 0.853188
295 0.852631
296 0.853089
297 0.853753
298 0.853057
299 0.853519
300 0.853977
