1 0.0733497
2 0.0734515
3 0.0736213
4 0.0731915
5 0.0492056
6 0.0446347
7 0.0446517
8 0.0422787
9 0.0422396
10 0.0408538
11 0.0403365
12 0.0395556
13 0.0390887
14 0.0380776
15 0.0366629
16 0.034994
17 0.0338211
18 0.0335571
19 0.0331577
20 0.0326009
21 0.0324238
22 0.0317621
23 0.0310803
24 0.0309884
25 0.0304151
26 0.0297742
27 0.0297158
28 0.0294987
29 0.0291557
30 0.0290421
31 0.0288818
32 0.0286027
33 0.0284499
34 0.0282998
35 0.0280509
36 0.0280377
37 0.0277611
38 0.026848
39 0.0265914
40 0.0261453
41 0.0257923
42 0.025799
43 0.0255448
44 0.0252995
45 0.0252822
46 0.0250296
47 0.0249755
48 0.024916
49 0.0247699
50 0.0246619
51 0.024557
52 0.0244688
53 0.0235127
54 0.0232177
55 0.0231002
56 0.0228532
57 0.0227939
58 0.0225604
59 0.0223818
60 0.022165
61 0.0221649
62 0.0218783
63 0.0217233
64 0.0216354
65 0.0215978
66 0.0212273
67 0.0210822
68 0.0207742
69 0.0206927
70 0.0204215
71 0.0201763
72 0.0200912
73 0.0200789
74 0.0199352
75 0.0198286
76 0.0196546
77 0.0195743
78 0.0193299
79 0.0192255
80 0.0190895
81 0.0189962
82 0.0187037
83 0.0185108
84 0.0184628
85 0.018325
86 0.0183136
87 0.0181167
88 0.0179495
89 0.0178171
90 0.017786
91 0.0176687
92 0.0175595
93 0.0175425
94 0.0172591
95 0.0171431
96 0.0170787
97 0.0169565
98 0.0168487
99 0.0167394
100 0.0166735
101 0.016596
102 0.0164749
103 0.016404
104 0.0162335
105 0.0162648
106 0.0160792
107 0.0160335
108 0.015806
109 0.0158113
110 0.015687
111 0.0155792
112 0.0155516
113 0.0154608
114 0.0154035
115 0.0153188
116 0.0151785
117 0.0150806
118 0.0150504
119 0.0149248
120 0.0149014
121 0.0148652
122 0.0146499
123 0.0146723
124 0.0145198
125 0.0144921
126 0.0143791
127 0.0143668
128 0.014294
129 0.0141968
130 0.0141112
131 0.014117
132 0.0139452
133 0.0139323
134 0.0139017
135 0.0137451
136 0.0138705
137 0.0136617
138 0.0136147
139 0.0135866
140 0.0134414
141 0.0134339
142 0.0133756
143 0.0132808
144 0.0132368
145 0.0131635
146 0.0131068
147 0.0130263
148 0.0129382
149 0.012878
150 0.0129093
151 0.0128633
152 0.0127349
153 0.0127314
154 0.0126639
155 0.0126199
156 0.0126058
157 0.012442
158 0.0124165
159 0.0123301
160 0.0123274
161 0.0123018
162 0.0122539
163 0.0121694
164 0.0121381
165 0.0121249
166 0.0121158
167 0.0120032
168 0.0120115
169 0.0119186
170 0.0118303
171 0.0118452
172 0.0118328
173 0.0117147
174 0.011668
175 0.0115961
176 0.0116054
177 0.011483
178 0.0115211
179 0.0114859
180 0.0114359
181 0.0114442
182 0.0113173
183 0.0112678
184 0.0112568
185 0.0112185
186 0.0112498
187 0.0111427
188 0.0111153
189 0.0110648
190 0.0110775
191 0.0109275
192 0.0109349
193 0.0109049
194 0.0108848
195 0.0108028
196 0.0107805
197 0.0108025
198 0.0107323
199 0.0106515
200 0.0106516
201 0.0106536
202 0.0106151
203 0.0105967
204 0.010516
205 0.0105178
206 0.0105031
207 0.0104101
208 0.0104282
209 0.01035
210 0.0103453
211 0.0103014
212 0.0101989
213 0.0102539
214 0.010216
215 0.0101728
216 0.010123
217 0.0101143
218 0.0100355
219 0.0101125
220 0.0100019
221 0.00991523
222 0.00993661
223 0.00994809
224 0.00988015
225 0.00986674
226 0.00983281
227 0.00980413
228 0.00977263
229 0.00969204
230 0.00972845
231 0.0096696
232 0.00970238
233 0.00965779
234 0.00958232
235 0.00963474
236 0.00958559
237 0.00953686
238 0.00948653
239 0.00948383
240 0.00945536
241 0.00947114
242 0.00944919
243 0.0093378
244 0.00930896
245 0.00935206
246 0.00932398
247 0.00929182
248 0.0092887
249 0.00919766
250 0.00922631
251 0.00913167
252 0.00911797
253 0.00915393
254 0.00910964
255 0.0090776
256 0.00906243
257 0.00906467
258 0.00906377
259 0.00900227
260 0.00893318
261 0.00897152
262 0.00897179
263 0.00890017
264 0.00887504
265 0.00887599
266 0.00879544
267 0.00882525
268 0.00878353
269 0.00875538
270 0.00872834
271 0.00876035
272 0.00872994
273 0.00868961
274 0.00863566
275 0.00867184
276 0.0086887
277 0.00860181
278 0.0085377
279 0.0085648
280 0.00856296
281 0.00846561
282 0.0084755
283 0.0084263
284 0.00846082
285 0.00838165
286 0.00846525
287 0.00834746
288 0.008368
289 0.00837737
290 0.00838286
291 0.00834794
292 0.00829111
293 0.00831769
294 0.00823989
295 0.00825793
296 0.00820935
297 0.00817802
298 0.00821892
299 0.00820322
300 0.00814109
