1 0.573085
2 0.57315
3 0.609134
4 0.608827
5 0.633265
6 0.634612
7 0.651247
8 0.653731
9 0.665079
10 0.667807
11 0.67487
12 0.679235
13 0.684093
14 0.688856
15 0.693374
16 0.69707
17 0.701855
18 0.704861
19 0.708363
20 0.712074
21 0.713717
22 0.716605
23 0.719156
24 0.72252
25 0.724561
26 0.726551
27 0.72891
28 0.730789
29 0.732679
30 0.734887
31 0.735337
32 0.736894
33 0.739522
34 0.739621
35 0.741865
36 0.742717
37 0.744618
38 0.747707
39 0.749636
40 0.75174
41 0.75351
42 0.753246
43 0.756225
44 0.75604
45 0.758117
46 0.759112
47 0.759847
48 0.761293
49 0.762088
50 0.763115
51 0.763997
52 0.764736
53 0.766425
54 0.768049
55 0.768385
56 0.769674
57 0.770241
58 0.771207
59 0.772483
60 0.773519
61 0.774543
62 0.775922
63 0.776722
64 0.777529
65 0.777239
66 0.778772
67 0.77926
68 0.780609
69 0.781121
70 0.78236
71 0.783102
72 0.784021
73 0.784543
74 0.784979
75 0.785676
76 0.786999
77 0.786796
78 0.78889
79 0.789375
80 0.789996
81 0.790043
82 0.791385
83 0.791775
84 0.79248
85 0.793439
86 0.793172
87 0.794268
88 0.795078
89 0.796149
90 0.796051
91 0.797216
92 0.797396
93 0.797948
94 0.798711
95 0.799547
96 0.799801
97 0.800614
98 0.800661
99 0.801489
100 0.802182
101 0.802099
102 0.803032
103 0.803287
104 0.804098
105 0.803944
106 0.805513
107 0.80521
108 0.806354
109 0.806909
110 0.807926
111 0.807516
112 0.807855
113 0.808534
114 0.808899
115 0.809066
116 0.811185
117 0.810896
118 0.810821
119 0.811864
120 0.811858
121 0.812087
122 0.813463
123 0.813253
124 0.814002
125 0.814318
126 0.814622
127 0.815279
128 0.815511
129 0.815794
130 0.816087
131 0.816263
132 0.817363
133 0.81762
134 0.817974
135 0.818771
136 0.818358
137 0.818771
138 0.819367
139 0.820136
140 0.820167
141 0.820662
142 0.821345
143 0.821667
144 0.821908
145 0.821824
146 0.82205
147 0.823384
148 0.823804
149 0.823734
150 0.823527
151 0.824459
152 0.824907
153 0.824871
154 0.825469
155 0.825465
156 0.82602
157 0.826474
158 0.826699
159 0.827366
160 0.827742
161 0.82737
162 0.827988
163 0.829021
164 0.82875
165 0.829546
166 0.829458
167 0.829329
168 0.82988
169 0.830179
170 0.830872
171 0.83091
172 0.831021
173 0.832011
174 0.83198
175 0.832318
176 0.832286
177 0.833448
178 0.832946
179 0.833105
180 0.833778
181 0.833575
182 0.834276
183 0.835084
184 0.834875
185 0.834812
186 0.835119
187 0.835886
188 0.836159
189 0.835819
190 0.836195
191 0.837081
192 0.836715
193 0.837139
194 0.837479
195 0.837794
196 0.838201
197 0.837997
198 0.837955
199 0.839127
200 0.839086
201 0.839049
202 0.83942
203 0.839751
204 0.840096
205 0.840757
206 0.840286
207 0.840852
208 0.840809
209 0.840812
210 0.841595
211 0.841806
212 0.842102
213 0.84163
214 0.842615
215 0.842665
216 0.842647
217 0.843512
218 0.843848
219 0.84309
220 0.844195
221 0.844456
222 0.844204
223 0.844371
224 0.844305
225 0.845484
226 0.845466
227 0.845315
228 0.845792
229 0.84631
230 0.846075
231 0.846743
232 0.846125
233 0.846564
234 0.847649
235 0.846946
236 0.847126
237 0.847982
238 0.848159
239 0.847726
240 0.848123
241 0.848366
242 0.848473
243 0.849277
244 0.849262
245 0.849123
246 0.849222
247 0.849604
248 0.849662
249 0.850305
250 0.850551
251 0.850784
252 0.850649
253 0.850478
254 0.850778
255 0.851138
256 0.851619
257 0.851221
258 0.851745
259 0.851794
260 0.852645
261 0.852777
262 0.852453
263 0.852511
264 0.852868
265 0.853203
266 0.853454
267 0.853588
268 0.854178
269 0.853827
270 0.8545
271 0.854259
272 0.854175
273 0.854522
274 0.855368
275 0.85489
276 0.854484
277 0.855161
278 0.855432
279 0.855717
280 0.855355
281 0.856691
282 0.8565
283 0.857077
284 0.856143
285 0.856981
286 0.856125
287 0.857015
288 0.857373
289 0.857082
290 0.857528
291 0.857715
292 0.858122
293 0.857511
294 0.858356
295 0.858203
296 0.858436
297 0.859248
298 0.858423
299 0.85892
300 0.859519
