1 0.5003
2 0.5
3 0.499885
4 0.5
5 0.521626
6 0.539679
7 0.552411
8 0.563397
9 0.57232
10 0.579455
11 0.58594
12 0.591739
13 0.596619
14 0.601701
15 0.608666
16 0.614903
17 0.619766
18 0.621773
19 0.622755
20 0.624704
21 0.625665
22 0.6285
23 0.63148
24 0.633544
25 0.636301
26 0.638671
27 0.640691
28 0.642995
29 0.645149
30 0.647024
31 0.648548
32 0.650821
33 0.65272
34 0.654011
35 0.656528
36 0.657718
37 0.659249
38 0.661091
39 0.66223
40 0.664578
41 0.666611
42 0.666795
43 0.668569
44 0.669362
45 0.670425
46 0.671756
47 0.672789
48 0.67378
49 0.674305
50 0.6758
51 0.676762
52 0.678294
53 0.68054
54 0.681934
55 0.68269
56 0.684574
57 0.684923
58 0.686088
59 0.687167
60 0.688443
61 0.689028
62 0.690372
63 0.691432
64 0.692161
65 0.692632
66 0.694178
67 0.694663
68 0.696013
69 0.697514
70 0.698551
71 0.699155
72 0.700655
73 0.700985
74 0.701562
75 0.702329
76 0.703703
77 0.703764
78 0.70565
79 0.705671
80 0.70668
81 0.707553
82 0.709103
83 0.709457
84 0.710419
85 0.711308
86 0.711183
87 0.71289
88 0.713357
89 0.713955
90 0.71457
91 0.71554
92 0.716211
93 0.716302
94 0.717654
95 0.718461
96 0.719104
97 0.719883
98 0.720352
99 0.721087
100 0.721737
101 0.721857
102 0.723365
103 0.723368
104 0.724424
105 0.724257
106 0.72571
107 0.725836
108 0.72697
109 0.727115
110 0.728146
111 0.728831
112 0.729166
113 0.729675
114 0.730338
115 0.730761
116 0.732137
117 0.732162
118 0.732884
119 0.733136
120 0.733922
121 0.733959
122 0.735422
123 0.735516
124 0.735871
125 0.736561
126 0.737146
127 0.737807
128 0.737712
129 0.738393
130 0.739356
131 0.73936
132 0.740454
133 0.740835
134 0.7412
135 0.741788
136 0.741453
137 0.742584
138 0.74298
139 0.743593
140 0.744364
141 0.744653
142 0.745038
143 0.746028
144 0.746014
145 0.746312
146 0.746691
147 0.747507
148 0.748063
149 0.748711
150 0.748179
151 0.749259
152 0.749796
153 0.749796
154 0.750511
155 0.750557
156 0.751246
157 0.752183
158 0.752535
159 0.752944
160 0.753038
161 0.753097
162 0.753583
163 0.754254
164 0.754453
165 0.755252
166 0.755009
167 0.75547
168 0.755971
169 0.756573
170 0.757105
171 0.756985
172 0.757264
173 0.75858
174 0.758327
175 0.758849
176 0.758768
177 0.760409
178 0.759979
179 0.760211
180 0.760894
181 0.760723
182 0.76188
183 0.7622
184 0.762118
185 0.762253
186 0.762452
187 0.763201
188 0.763482
189 0.763578
190 0.763915
191 0.76522
192 0.764716
193 0.765219
194 0.765238
195 0.766162
196 0.766465
197 0.76625
198 0.766816
199 0.76773
200 0.767368
201 0.767658
202 0.767864
203 0.768283
204 0.768863
205 0.769158
206 0.768842
207 0.769953
208 0.769528
209 0.770424
210 0.770178
211 0.770728
212 0.77179
213 0.770994
214 0.772035
215 0.772045
216 0.772779
217 0.77271
218 0.773329
219 0.772964
220 0.773973
221 0.774429
222 0.774494
223 0.774399
224 0.774499
225 0.775194
226 0.77541
227 0.775637
228 0.775997
229 0.776253
230 0.776448
231 0.776673
232 0.776789
233 0.776716
234 0.777896
235 0.777167
236 0.777386
237 0.778325
238 0.778561
239 0.778807
240 0.778979
241 0.778986
242 0.779191
243 0.780048
244 0.780108
245 0.780346
246 0.780141
247 0.780973
248 0.781019
249 0.781572
250 0.781699
251 0.782159
252 0.7824
253 0.781963
254 0.782904
255 0.782834
256 0.783209
257 0.783099
258 0.783196
259 0.783424
260 0.784192
261 0.784157
262 0.784071
263 0.784336
264 0.784983
265 0.78512
266 0.785677
267 0.785809
268 0.786019
269 0.786164
270 0.786768
271 0.786671
272 0.786551
273 0.787017
274 0.787841
275 0.787511
276 0.787014
277 0.787846
278 0.788513
279 0.788516
280 0.788346
281 0.789516
282 0.78915
283 0.789234
284 0.789552
285 0.789975
286 0.789561
287 0.790443
288 0.790518
289 0.790304
290 0.79058
291 0.790587
292 0.79107
293 0.791243
294 0.792014
295 0.791635
296 0.791936
297 0.792618
298 0.792174
299 0.792424
300 0.792923
