1 0.0733497
2 0.0734064
3 0.0734781
4 0.0734064
5 0.0685663
6 0.0645426
7 0.0617185
8 0.0593035
9 0.0573989
10 0.0557671
11 0.0543913
12 0.0530839
13 0.0520051
14 0.0509794
15 0.049487
16 0.0481904
17 0.0472437
18 0.046688
19 0.046542
20 0.0461463
21 0.0459277
22 0.0453178
23 0.0447557
24 0.0443149
25 0.0437955
26 0.0433322
27 0.0429085
28 0.0424468
29 0.0420597
30 0.0416246
31 0.0412739
32 0.0408586
33 0.0404634
34 0.0402058
35 0.0397556
36 0.0394411
37 0.0391993
38 0.0388274
39 0.0385778
40 0.0381481
41 0.0377952
42 0.0376333
43 0.0374025
44 0.0372238
45 0.0369886
46 0.0366868
47 0.0365773
48 0.0363387
49 0.0362124
50 0.0359921
51 0.0357955
52 0.0355339
53 0.0351024
54 0.0348458
55 0.0346817
56 0.034408
57 0.0342579
58 0.0340676
59 0.0338293
60 0.0335968
61 0.0335136
62 0.0332845
63 0.0330468
64 0.0329491
65 0.0328081
66 0.0325887
67 0.0324407
68 0.0321517
69 0.0319733
70 0.0317979
71 0.0316038
72 0.0314204
73 0.0313665
74 0.0312408
75 0.0310394
76 0.030935
77 0.0307913
78 0.0304991
79 0.0305166
80 0.0303178
81 0.0301767
82 0.0299669
83 0.0297971
84 0.0296822
85 0.0295484
86 0.0294905
87 0.0292877
88 0.0291572
89 0.0290445
90 0.028919
91 0.0287966
92 0.0286453
93 0.0286366
94 0.0283963
95 0.0282963
96 0.028193
97 0.0280445
98 0.0279203
99 0.0278433
100 0.0277438
101 0.0276289
102 0.0274585
103 0.0274015
104 0.0271808
105 0.0272288
106 0.0270601
107 0.0269763
108 0.0267986
109 0.0267742
110 0.0266443
111 0.0265012
112 0.0264453
113 0.0263492
114 0.0262674
115 0.0261483
116 0.0260133
117 0.0259253
118 0.025868
119 0.0257653
120 0.0256654
121 0.0256559
122 0.0254401
123 0.0253932
124 0.0252906
125 0.0252332
126 0.025116
127 0.0250469
128 0.0250002
129 0.0248819
130 0.0247677
131 0.0247359
132 0.0246002
133 0.0245539
134 0.0245212
135 0.0243551
136 0.0244263
137 0.0242058
138 0.0241271
139 0.0240895
140 0.0239571
141 0.0239312
142 0.0238484
143 0.0237462
144 0.0237049
145 0.0236279
146 0.0235689
147 0.0234732
148 0.0233712
149 0.0233099
150 0.0233293
151 0.023217
152 0.0231003
153 0.0230491
154 0.0229977
155 0.0229701
156 0.0229093
157 0.0227068
158 0.022685
159 0.0226285
160 0.0225845
161 0.0225415
162 0.0224759
163 0.0224066
164 0.0223527
165 0.0222866
166 0.0222804
167 0.0221507
168 0.0221489
169 0.02203
170 0.0219688
171 0.021963
172 0.0219302
173 0.0217756
174 0.0217592
175 0.0216868
176 0.0216692
177 0.0215151
178 0.0215375
179 0.0214694
180 0.0214064
181 0.0213993
182 0.0212557
183 0.0212119
184 0.021216
185 0.0211516
186 0.021141
187 0.0210408
188 0.0210113
189 0.0209473
190 0.0208941
191 0.0207657
192 0.0207711
193 0.0207144
194 0.0206872
195 0.020597
196 0.0205563
197 0.020548
198 0.0204714
199 0.020361
200 0.0203882
201 0.0203317
202 0.0202928
203 0.020254
204 0.0201902
205 0.020166
206 0.0201604
207 0.0200332
208 0.0200635
209 0.0199317
210 0.0199484
211 0.0198933
212 0.0197735
213 0.0197639
214 0.0197223
215 0.0196919
216 0.0196105
217 0.0196266
218 0.0195622
219 0.0195914
220 0.0194614
221 0.019381
222 0.0193671
223 0.0193658
224 0.0193126
225 0.0192931
226 0.019218
227 0.019161
228 0.0191369
229 0.0190664
230 0.0190751
231 0.0190339
232 0.0189907
233 0.0189753
234 0.0188858
235 0.0188897
236 0.0188738
237 0.0187984
238 0.0187238
239 0.0187384
240 0.0186899
241 0.0186963
242 0.018648
243 0.0185506
244 0.0184894
245 0.0185266
246 0.0184997
247 0.0184008
248 0.0184099
249 0.0183541
250 0.0183298
251 0.0182541
252 0.0182005
253 0.018234
254 0.0181627
255 0.0181076
256 0.0181119
257 0.0180708
258 0.0180787
259 0.0180083
260 0.0179523
261 0.0179557
262 0.0179464
263 0.0178798
264 0.0178238
265 0.0178142
266 0.0177243
267 0.0177164
268 0.0176989
269 0.0176611
270 0.0176136
271 0.0176083
272 0.0176108
273 0.0175137
274 0.0174758
275 0.0174885
276 0.0175046
277 0.0174225
278 0.0173081
279 0.0173517
280 0.0173507
281 0.0172398
282 0.0172509
283 0.0172083
284 0.0171958
285 0.0171104
286 0.0171876
287 0.0170706
288 0.0170531
289 0.0170774
290 0.0170644
291 0.0170226
292 0.0169804
293 0.0169512
294 0.0168944
295 0.0168956
296 0.0168299
297 0.0168106
298 0.0168201
299 0.0168071
300 0.0167405
