1 0.5
2 0.5
3 0.5
4 0.5
5 0.499381
6 0.49916
7 0.499218
8 0.499033
9 0.499044
10 0.498943
11 0.498843
12 0.498886
13 0.498859
14 0.498765
15 0.498687
16 0.498517
17 0.498425
18 0.498432
19 0.49843
20 0.498326
21 0.498332
22 0.498168
23 0.498222
24 0.498139
25 0.498144
26 0.498105
27 0.498072
28 0.498055
29 0.498018
30 0.498065
31 0.498016
32 0.497969
33 0.497948
34 0.49793
35 0.497913
36 0.497924
37 0.497893
38 0.49779
39 0.497814
40 0.497813
41 0.497698
42 0.497794
43 0.497765
44 0.497663
45 0.497711
46 0.497634
47 0.497705
48 0.497657
49 0.497653
50 0.497607
51 0.497621
52 0.497602
53 0.497557
54 0.497432
55 0.4974
56 0.497495
57 0.497394
58 0.497395
59 0.497374
60 0.497331
61 0.497337
62 0.497293
63 0.497359
64 0.497277
65 0.497391
66 0.497299
67 0.497396
68 0.497223
69 0.497109
70 0.497294
71 0.497203
72 0.497151
73 0.497123
74 0.497162
75 0.497099
76 0.49713
77 0.497162
78 0.496958
79 0.497048
80 0.497032
81 0.497051
82 0.497009
83 0.496891
84 0.496875
85 0.496853
86 0.497051
87 0.497007
88 0.496929
89 0.496911
90 0.496922
91 0.496846
92 0.496906
93 0.49684
94 0.496838
95 0.496716
96 0.496854
97 0.496758
98 0.49681
99 0.496712
100 0.496673
101 0.496693
102 0.496693
103 0.496677
104 0.496631
105 0.496736
106 0.49674
107 0.496641
108 0.496652
109 0.496684
110 0.496738
111 0.49665
112 0.496712
113 0.496614
114 0.496653
115 0.496644
116 0.496511
117 0.496461
118 0.496564
119 0.496644
120 0.496592
121 0.496513
122 0.496515
123 0.496476
124 0.496512
125 0.496467
126 0.496484
127 0.496497
128 0.496461
129 0.496408
130 0.496406
131 0.496491
132 0.496565
133 0.496477
134 0.496463
135 0.496358
136 0.496367
137 0.496513
138 0.496447
139 0.496359
140 0.49637
141 0.496413
142 0.496371
143 0.496386
144 0.496436
145 0.496442
146 0.49634
147 0.496284
148 0.496295
149 0.496336
150 0.496278
151 0.496477
152 0.496343
153 0.496292
154 0.496301
155 0.496265
156 0.496281
157 0.496249
158 0.496193
159 0.496281
160 0.496351
161 0.496223
162 0.496277
163 0.496223
164 0.496108
165 0.49617
166 0.496253
167 0.496177
168 0.496242
169 0.496156
170 0.496244
171 0.496159
172 0.495947
173 0.496184
174 0.496167
175 0.496174
176 0.496184
177 0.496126
178 0.496135
179 0.496129
180 0.496241
181 0.496148
182 0.496143
183 0.496071
184 0.496139
185 0.496031
186 0.496135
187 0.496018
188 0.496057
189 0.496117
190 0.496148
191 0.496172
192 0.495988
193 0.495996
194 0.496021
195 0.496046
196 0.49612
197 0.495979
198 0.495948
199 0.496011
200 0.496058
201 0.496088
202 0.496058
203 0.495976
204 0.496071
205 0.495957
206 0.495974
207 0.496158
208 0.496092
209 0.496045
210 0.495947
211 0.495952
212 0.496058
213 0.496064
214 0.495965
215 0.495955
216 0.496089
217 0.495957
218 0.495945
219 0.496076
220 0.496089
221 0.495916
222 0.495922
223 0.49595
224 0.495868
225 0.496006
226 0.496011
227 0.495965
228 0.495952
229 0.495962
230 0.496019
231 0.495877
232 0.495957
233 0.496011
234 0.495901
235 0.495938
236 0.495921
237 0.495993
238 0.49586
239 0.495875
240 0.495834
241 0.496063
242 0.495812
243 0.495793
244 0.495892
245 0.495818
246 0.495842
247 0.495789
248 0.495903
249 0.495753
250 0.495883
251 0.495801
252 0.495837
253 0.495886
254 0.49598
255 0.49589
256 0.495808
257 0.496011
258 0.495993
259 0.495876
260 0.495744
261 0.495918
262 0.495822
263 0.495908
264 0.49592
265 0.495812
266 0.495849
267 0.495812
268 0.495804
269 0.495796
270 0.495753
271 0.495876
272 0.495708
273 0.495764
274 0.495811
275 0.495671
276 0.495741
277 0.49577
278 0.495848
279 0.495822
280 0.495948
281 0.495688
282 0.495728
283 0.495846
284 0.495675
285 0.495769
286 0.495753
287 0.495803
288 0.495724
289 0.495746
290 0.495723
291 0.495683
292 0.495546
293 0.495809
294 0.495742
295 0.495792
296 0.495688
297 0.495688
298 0.495788
299 0.495725
300 0.495708
