1 0.5
2 0.353613
3 0.294798
4 0.258091
5 0.235509
6 0.219177
7 0.207205
8 0.198257
9 0.191025
10 0.185188
11 0.179934
12 0.175754
13 0.172214
14 0.168847
15 0.165191
16 0.162293
17 0.159725
18 0.157499
19 0.155172
20 0.15323
21 0.15093
22 0.149527
23 0.148125
24 0.146338
25 0.145156
26 0.144012
27 0.142927
28 0.141786
29 0.141182
30 0.140273
31 0.139399
32 0.138623
33 0.138086
34 0.137578
35 0.136838
36 0.13612
37 0.135587
38 0.134981
39 0.134559
40 0.134227
41 0.133719
42 0.133141
43 0.132714
44 0.132349
45 0.131832
46 0.13162
47 0.131035
48 0.13068
49 0.130531
50 0.130212
51 0.129817
52 0.129614
53 0.129038
54 0.128673
55 0.128538
56 0.128172
57 0.128011
58 0.127726
59 0.127354
60 0.127148
61 0.127048
62 0.126745
63 0.126284
64 0.126035
65 0.126304
66 0.125835
67 0.125645
68 0.125331
69 0.125124
70 0.125014
71 0.124755
72 0.124477
73 0.124274
74 0.124212
75 0.124052
76 0.124045
77 0.123884
78 0.123677
79 0.123628
80 0.123328
81 0.123176
82 0.123167
83 0.122811
84 0.122572
85 0.122718
86 0.122414
87 0.122383
88 0.122149
89 0.122097
90 0.122043
91 0.121898
92 0.12175
93 0.121618
94 0.121436
95 0.121284
96 0.121186
97 0.121024
98 0.121019
99 0.12093
100 0.120817
101 0.120681
102 0.120735
103 0.120374
104 0.120353
105 0.120387
106 0.120237
107 0.120216
108 0.119992
109 0.119954
110 0.119979
111 0.119619
112 0.119694
113 0.119487
114 0.11956
115 0.119463
116 0.119448
117 0.119354
118 0.119233
119 0.119143
120 0.119037
121 0.119034
122 0.118869
123 0.118792
124 0.118689
125 0.118628
126 0.118534
127 0.118486
128 0.118365
129 0.118389
130 0.118249
131 0.118181
132 0.118258
133 0.118097
134 0.118075
135 0.117995
136 0.117917
137 0.118026
138 0.117807
139 0.117613
140 0.117718
141 0.1176
142 0.11763
143 0.117575
144 0.117381
145 0.11748
146 0.117493
147 0.117255
148 0.117249
149 0.117025
150 0.117093
151 0.117077
152 0.116907
153 0.116961
154 0.116972
155 0.116844
156 0.116793
157 0.116774
158 0.11679
159 0.116735
160 0.116708
161 0.116578
162 0.116566
163 0.116521
164 0.116525
165 0.116457
166 0.116374
167 0.11636
168 0.116255
169 0.116246
170 0.116429
171 0.11629
172 0.116083
173 0.11603
174 0.116068
175 0.116008
176 0.11598
177 0.115944
178 0.115899
179 0.115881
180 0.115785
181 0.115719
182 0.115692
183 0.115769
184 0.115719
185 0.115486
186 0.11554
187 0.115673
188 0.115477
189 0.115444
190 0.115409
191 0.115366
192 0.115249
193 0.115444
194 0.115327
195 0.115394
196 0.115348
197 0.115193
198 0.115274
199 0.115089
200 0.115147
201 0.115123
202 0.115051
203 0.115152
204 0.115041
205 0.115162
206 0.114917
207 0.114971
208 0.115
209 0.114785
210 0.114893
211 0.114808
212 0.114788
213 0.114702
214 0.114804
215 0.114679
216 0.114646
217 0.11468
218 0.114582
219 0.114662
220 0.11466
221 0.114501
222 0.114492
223 0.114544
224 0.11443
225 0.114431
226 0.114396
227 0.114447
228 0.114349
229 0.114265
230 0.114256
231 0.114324
232 0.114362
233 0.114336
234 0.11428
235 0.114245
236 0.114246
237 0.114168
238 0.114101
239 0.114146
240 0.114124
241 0.114115
242 0.114087
243 0.114086
244 0.11406
245 0.114109
246 0.11407
247 0.114
248 0.114003
249 0.113963
250 0.113965
251 0.113828
252 0.113809
253 0.113848
254 0.113864
255 0.11401
256 0.113893
257 0.113524
258 0.11374
259 0.113771
260 0.113677
261 0.113661
262 0.113638
263 0.113767
264 0.113718
265 0.113626
266 0.113587
267 0.113658
268 0.113639
269 0.113492
270 0.113494
271 0.113514
272 0.113496
273 0.113433
274 0.11354
275 0.113536
276 0.113424
277 0.113437
278 0.1132
279 0.113458
280 0.113439
281 0.113405
282 0.113338
283 0.113223
284 0.113296
285 0.11324
286 0.113282
287 0.113162
288 0.113174
289 0.113225
290 0.113329
291 0.113069
292 0.113197
293 0.113162
294 0.113061
295 0.113044
296 0.113046
297 0.113038
298 0.113077
299 0.113213
300 0.113097
