1 0.0568406
2 0.092305
3 0.0489366
4 0.0737852
5 0.0438522
6 0.0549014
7 0.0400216
8 0.0449035
9 0.037326
10 0.0404984
11 0.0352996
12 0.0367915
13 0.0334992
14 0.0345582
15 0.0317156
16 0.032395
17 0.0309304
18 0.0307188
19 0.0289049
20 0.0291569
21 0.028101
22 0.0280915
23 0.0298278
24 0.0267795
25 0.0259884
26 0.0264997
27 0.0253897
28 0.025247
29 0.0249379
30 0.0244659
31 0.0240458
32 0.0241862
33 0.0234037
34 0.0234949
35 0.0236989
36 0.0229805
37 0.0226323
38 0.0223279
39 0.0216936
40 0.0218465
41 0.0212163
42 0.0213858
43 0.0206905
44 0.0220452
45 0.0203532
46 0.0203366
47 0.0202355
48 0.0204021
49 0.0198801
50 0.0197459
51 0.019458
52 0.0195577
53 0.0196352
54 0.0189404
55 0.018782
56 0.0188489
57 0.0185777
58 0.0183999
59 0.0180681
60 0.0181141
61 0.0178167
62 0.0179554
63 0.0175632
64 0.0175391
65 0.0173735
66 0.0172278
67 0.0176
68 0.0170472
69 0.0168673
70 0.0168183
71 0.0166452
72 0.0166245
73 0.0163356
74 0.0163278
75 0.0161523
76 0.0161502
77 0.0164219
78 0.0158465
79 0.0156802
80 0.0157552
81 0.015569
82 0.0157775
83 0.0153645
84 0.0154369
85 0.0151364
86 0.015381
87 0.0152809
88 0.0149287
89 0.014833
90 0.0148034
91 0.0146851
92 0.0148828
93 0.0145519
94 0.0144098
95 0.0143477
96 0.0143135
97 0.0143732
98 0.0142684
99 0.0140337
100 0.0140099
101 0.0139177
102 0.0140621
103 0.0137757
104 0.0138013
105 0.0137542
106 0.013554
107 0.0137079
108 0.0134339
109 0.013339
110 0.0132879
111 0.0132441
112 0.0134387
113 0.0131417
114 0.0130983
115 0.0130719
116 0.0129526
117 0.01295
118 0.012847
119 0.0127634
120 0.0127077
121 0.0126689
122 0.012696
123 0.0125422
124 0.0124932
125 0.0124477
126 0.0123733
127 0.0123834
128 0.0123357
129 0.0121764
130 0.0121876
131 0.0121359
132 0.0121771
133 0.012018
134 0.0120875
135 0.0118758
136 0.0119313
137 0.0118972
138 0.0117596
139 0.0117344
140 0.0118766
141 0.0116319
142 0.011638
143 0.0115578
144 0.0114837
145 0.011422
146 0.0115226
147 0.0113769
148 0.0113194
149 0.0112566
150 0.0112788
151 0.0111919
152 0.0112721
153 0.0111153
154 0.0111206
155 0.011046
156 0.0110606
157 0.01097
158 0.0109778
159 0.0108506
160 0.0108116
161 0.0108558
162 0.0108178
163 0.010667
164 0.0107092
165 0.0106374
166 0.0106138
167 0.0106107
168 0.0105722
169 0.0104958
170 0.0104767
171 0.0104007
172 0.0104854
173 0.01034
174 0.0102917
175 0.0102643
176 0.010276
177 0.0101972
178 0.0102057
179 0.0101965
180 0.0101699
181 0.0101836
182 0.010155
183 0.00999971
184 0.00999258
185 0.00998347
186 0.00997096
187 0.00989684
188 0.00992663
189 0.00986349
190 0.0098569
191 0.00976579
192 0.00981942
193 0.00977359
194 0.00973612
195 0.00966062
196 0.00967141
197 0.00966168
198 0.009608
199 0.00950611
200 0.00955846
201 0.00950265
202 0.00951051
203 0.00953932
204 0.00941818
205 0.00937268
206 0.00944922
207 0.00936159
208 0.00930995
209 0.00930231
210 0.00927295
211 0.00924314
212 0.00926349
213 0.00919848
214 0.00920925
215 0.00916729
216 0.00913268
217 0.00909798
218 0.00906079
219 0.00911961
220 0.00900364
221 0.00897306
222 0.00900372
223 0.00895951
224 0.00898825
225 0.00889268
226 0.0088558
227 0.00885106
228 0.00882528
229 0.00874138
230 0.0088049
231 0.00873613
232 0.00882486
233 0.00873268
234 0.00866417
235 0.00867486
236 0.00869032
237 0.00862044
238 0.0086005
239 0.00860869
240 0.0085794
241 0.00856594
242 0.00858816
243 0.00845333
244 0.00846187
245 0.00852924
246 0.00843106
247 0.00846391
248 0.00845778
249 0.00835178
250 0.00833766
251 0.00829889
252 0.00833814
253 0.00830557
254 0.00831379
255 0.00825369
256 0.00824025
257 0.00828418
258 0.00825161
259 0.00819249
260 0.00816048
261 0.00811329
262 0.00815538
263 0.00808588
264 0.00808004
265 0.0080733
266 0.00806958
267 0.00804664
268 0.0079884
269 0.00803602
270 0.00796135
271 0.00799519
272 0.00799162
273 0.00795048
274 0.00788223
275 0.00790581
276 0.0079367
277 0.00787047
278 0.00784442
279 0.00780406
280 0.00786871
281 0.00773688
282 0.00775821
283 0.00767137
284 0.00779846
285 0.00766516
286 0.0077621
287 0.00771784
288 0.00766938
289 0.00766867
290 0.00768202
291 0.00764599
292 0.00760519
293 0.00763215
294 0.00758988
295 0.00756781
296 0.00756855
297 0.00751112
298 0.00753359
299 0.00751499
300 0.00745625
