1 0.500991
2 0.50026
3 0.499995
4 0.499539
5 0.52488
6 0.528978
7 0.527967
8 0.531088
9 0.530918
10 0.532499
11 0.534008
12 0.533363
13 0.533764
14 0.535125
15 0.536225
16 0.538487
17 0.539664
18 0.539573
19 0.539602
20 0.540882
21 0.540816
22 0.542773
23 0.542136
24 0.543109
25 0.54305
26 0.543491
27 0.543875
28 0.544069
29 0.54448
30 0.543954
31 0.544503
32 0.545027
33 0.545259
34 0.545458
35 0.545638
36 0.545519
37 0.545864
38 0.546967
39 0.546713
40 0.546723
41 0.54793
42 0.546925
43 0.547231
44 0.54829
45 0.547796
46 0.548592
47 0.547856
48 0.548349
49 0.548394
50 0.548867
51 0.548719
52 0.548918
53 0.549375
54 0.550618
55 0.550928
56 0.549991
57 0.55099
58 0.550974
59 0.551187
60 0.551595
61 0.551539
62 0.551961
63 0.551328
64 0.552118
65 0.551021
66 0.551903
67 0.550964
68 0.552629
69 0.553697
70 0.551955
71 0.552819
72 0.553308
73 0.55357
74 0.553207
75 0.553787
76 0.553502
77 0.553203
78 0.555077
79 0.554256
80 0.554407
81 0.554233
82 0.554613
83 0.555672
84 0.555819
85 0.556018
86 0.554228
87 0.554627
88 0.555339
89 0.555499
90 0.555395
91 0.556074
92 0.555545
93 0.556129
94 0.556147
95 0.557215
96 0.556005
97 0.556854
98 0.556396
99 0.557249
100 0.557585
101 0.557413
102 0.557412
103 0.557553
104 0.557947
105 0.557042
106 0.557009
107 0.557863
108 0.557773
109 0.557498
110 0.557028
111 0.557783
112 0.557251
113 0.558093
114 0.557759
115 0.557836
116 0.558973
117 0.559392
118 0.558521
119 0.557841
120 0.55828
121 0.558952
122 0.558935
123 0.55926
124 0.558958
125 0.559337
126 0.559197
127 0.55909
128 0.559392
129 0.559834
130 0.559844
131 0.559134
132 0.558513
133 0.559257
134 0.559369
135 0.560243
136 0.56017
137 0.558951
138 0.559505
139 0.560233
140 0.560143
141 0.559791
142 0.560135
143 0.560012
144 0.559595
145 0.559549
146 0.560392
147 0.560848
148 0.56076
149 0.560424
150 0.560902
151 0.559252
152 0.560363
153 0.560785
154 0.560713
155 0.561008
156 0.560871
157 0.561133
158 0.561591
159 0.560875
160 0.560303
161 0.561348
162 0.560906
163 0.561348
164 0.562266
165 0.561774
166 0.561107
167 0.561714
168 0.561195
169 0.561881
170 0.561172
171 0.561858
172 0.563535
173 0.561663
174 0.561793
175 0.561744
176 0.561661
177 0.562126
178 0.562057
179 0.562101
180 0.561196
181 0.561952
182 0.56199
183 0.562567
184 0.562023
185 0.562877
186 0.562053
187 0.562981
188 0.562674
189 0.5622
190 0.561948
191 0.561758
192 0.563217
193 0.563156
194 0.562961
195 0.562757
196 0.562172
197 0.563286
198 0.563534
199 0.563036
200 0.562664
201 0.562426
202 0.562665
203 0.563313
204 0.562564
205 0.563461
206 0.563328
207 0.561868
208 0.562395
209 0.562766
210 0.56354
211 0.5635
212 0.562668
213 0.562621
214 0.563395
215 0.563479
216 0.562416
217 0.563458
218 0.563557
219 0.562524
220 0.562417
221 0.563781
222 0.563737
223 0.563513
224 0.564154
225 0.563075
226 0.563036
227 0.563401
228 0.563498
229 0.563422
230 0.562975
231 0.564081
232 0.56346
233 0.563034
234 0.563897
235 0.563609
236 0.563739
237 0.563175
238 0.564211
239 0.564095
240 0.564415
241 0.562623
242 0.564586
243 0.564729
244 0.563964
245 0.564535
246 0.564356
247 0.564757
248 0.563879
249 0.565032
250 0.564037
251 0.564666
252 0.564391
253 0.564016
254 0.563279
255 0.563978
256 0.564611
257 0.563041
258 0.563176
259 0.564093
260 0.565103
261 0.563765
262 0.564504
263 0.563838
264 0.563746
265 0.56458
266 0.564303
267 0.564587
268 0.564645
269 0.564706
270 0.565034
271 0.564092
272 0.565379
273 0.564949
274 0.564593
275 0.565653
276 0.565123
277 0.564902
278 0.564307
279 0.564504
280 0.563534
281 0.56553
282 0.565229
283 0.564325
284 0.565627
285 0.564915
286 0.565034
287 0.564651
288 0.565253
289 0.565085
290 0.565263
291 0.565569
292 0.566595
293 0.564607
294 0.565122
295 0.564733
296 0.56553
297 0.565525
298 0.564769
299 0.565248
300 0.565376
