1 0
2 0.249725
3 0.166529
4 0.166532
5 0.199956
6 0.207194
7 0.222889
8 0.23327
9 0.225228
10 0.235184
11 0.234695
12 0.234887
13 0.231517
14 0.237895
15 0.238951
16 0.249316
17 0.241904
18 0.237182
19 0.234967
20 0.235855
21 0.233095
22 0.23431
23 0.235514
24 0.235233
25 0.236073
26 0.237551
27 0.236709
28 0.236859
29 0.237307
30 0.23718
31 0.236955
32 0.237049
33 0.236577
34 0.237059
35 0.236362
36 0.236509
37 0.236276
38 0.236007
39 0.235279
40 0.235212
41 0.234146
42 0.234033
43 0.233795
44 0.233551
45 0.233372
46 0.233013
47 0.232685
48 0.232283
49 0.231658
50 0.231304
51 0.230725
52 0.230398
53 0.229851
54 0.229765
55 0.229599
56 0.229068
57 0.22871
58 0.228326
59 0.22779
60 0.227406
61 0.227268
62 0.226986
63 0.226521
64 0.226475
65 0.225191
66 0.225069
67 0.224469
68 0.224337
69 0.223876
70 0.223787
71 0.223277
72 0.222891
73 0.222718
74 0.22246
75 0.221981
76 0.221568
77 0.221252
78 0.220822
79 0.220448
80 0.220209
81 0.219729
82 0.219547
83 0.219073
84 0.218816
85 0.218447
86 0.218069
87 0.217809
88 0.217397
89 0.217115
90 0.216621
91 0.216363
92 0.21607
93 0.215683
94 0.215342
95 0.215001
96 0.214849
97 0.214433
98 0.214143
99 0.213741
100 0.213524
