1 0
2 0.499451
3 0
4 0.166667
5 0.334179
6 0.243776
7 0.317067
8 0.306294
9 0.158036
10 0.326387
11 0.228594
12 0.238195
13 0.190017
14 0.322008
15 0.252709
16 0.404048
17 0.164227
18 0.279969
19 0.212321
20 0.249844
21 0.180774
22 0.269853
23 0.263287
24 0.230111
25 0.2547
26 0.283999
27 0.218354
28 0.24228
29 0.248551
30 0.238338
31 0.23354
32 0.240345
33 0.225928
34 0.255058
35 0.21356
36 0.244152
37 0.229645
38 0.225858
39 0.209307
40 0.233351
41 0.192494
42 0.236053
43 0.221912
44 0.244314
45 0.223662
46 0.230462
47 0.227704
48 0.217675
49 0.212354
50 0.222592
51 0.199989
52 0.217074
53 0.200499
54 0.229512
55 0.224148
56 0.208009
57 0.201975
58 0.214586
59 0.195364
60 0.214235
61 0.219725
62 0.216325
63 0.195727
64 0.220596
65 0.182567
66 0.215613
67 0.194948
68 0.210265
69 0.201633
70 0.21002
71 0.187283
72 0.200038
73 0.211315
74 0.199613
75 0.193647
76 0.192866
77 0.199642
78 0.196157
79 0.196238
80 0.198499
81 0.186557
82 0.199856
83 0.196774
84 0.196719
85 0.195432
86 0.184598
87 0.197536
88 0.192123
89 0.1873
90 0.196723
91 0.186471
92 0.195094
93 0.182511
94 0.187204
95 0.189797
96 0.188134
97 0.180679
98 0.189323
99 0.18511
100 0.186922
