1 0
2 0
3 0
4 0
5 0.0263158
6 0.030303
7 0.0363636
8 0.0470588
9 0.0509804
10 0.0493151
11 0.0528376
12 0.0533911
13 0.0541126
14 0.0523256
15 0.0516796
16 0.0501022
17 0.0503067
18 0.0497512
19 0.0477612
20 0.0480359
21 0.0473251
22 0.0476565
23 0.046979
24 0.0460631
25 0.0446368
26 0.0446271
27 0.0444929
28 0.0441558
29 0.0430155
30 0.0429337
31 0.0419247
32 0.0422127
33 0.0412476
34 0.0406961
35 0.0402238
36 0.0397709
37 0.0389823
38 0.0388527
39 0.0383271
40 0.0381653
41 0.0376226
42 0.0373259
43 0.0368335
44 0.0366928
45 0.0362421
46 0.0359648
47 0.0356895
48 0.0353957
49 0.0349899
50 0.0345966
51 0.0343081
52 0.0340357
53 0.0337043
54 0.0334153
55 0.0331829
56 0.0329066
57 0.0325404
58 0.0322541
59 0.0319428
60 0.0316978
61 0.0313365
62 0.0311836
63 0.0308022
64 0.0305003
65 0.0301885
66 0.0299539
67 0.0296723
68 0.0295074
69 0.0291718
70 0.0289204
71 0.0286999
72 0.0284463
73 0.0281192
74 0.0279458
75 0.0276912
76 0.0274779
77 0.0272327
78 0.0269723
79 0.0267493
80 0.0265704
81 0.0263039
82 0.0261349
83 0.025905
84 0.0256754
85 0.0254343
86 0.0252848
87 0.0250734
88 0.0248596
89 0.0246574
90 0.0244134
91 0.0242229
92 0.0240581
93 0.0238242
94 0.023639
95 0.0234352
96 0.0232821
97 0.0230662
98 0.0229017
99 0.022698
100 0.022516
