1 0.30033
2 0.300054
3 0.300651
4 0.300494
5 0.30698
6 0.312761
7 0.316735
8 0.318571
9 0.320461
10 0.323117
11 0.324704
12 0.327766
13 0.329935
14 0.331269
15 0.332985
16 0.334894
17 0.336045
18 0.337586
19 0.339471
20 0.340927
21 0.342498
22 0.344285
23 0.345909
24 0.347811
25 0.34908
26 0.350892
27 0.352412
28 0.354139
29 0.355926
30 0.357329
31 0.359103
32 0.360408
33 0.362103
34 0.363532
35 0.364723
36 0.365955
37 0.36714
38 0.368113
39 0.369236
40 0.370328
41 0.37128
42 0.372522
43 0.37336
44 0.374358
45 0.375314
46 0.376318
47 0.377492
48 0.378518
49 0.379212
50 0.380184
51 0.381044
52 0.381948
53 0.382784
54 0.383443
55 0.384252
56 0.385188
57 0.38599
58 0.386669
59 0.387461
60 0.388222
61 0.389008
62 0.390159
63 0.390747
64 0.391646
65 0.392473
66 0.393197
67 0.394041
68 0.394844
69 0.395397
70 0.396257
71 0.396934
72 0.397639
73 0.398271
74 0.398964
75 0.39963
76 0.400268
77 0.400858
78 0.40135
79 0.401926
80 0.402604
81 0.403147
82 0.403731
83 0.404272
84 0.404853
85 0.405481
86 0.40603
87 0.406454
88 0.407154
89 0.407696
90 0.408186
91 0.408816
92 0.40929
93 0.409741
94 0.410209
95 0.410766
96 0.411252
97 0.41177
98 0.412225
99 0.412756
100 0.413293
101 0.413743
102 0.414113
103 0.414727
104 0.415145
105 0.415505
106 0.416009
107 0.416352
108 0.41689
109 0.417251
110 0.417554
111 0.417945
112 0.418432
113 0.418711
114 0.419027
115 0.419329
116 0.419698
117 0.420026
118 0.420306
119 0.42072
120 0.421126
121 0.42138
122 0.421789
123 0.421909
124 0.422219
125 0.422578
126 0.422973
127 0.423357
128 0.423528
129 0.423828
130 0.42407
131 0.424328
132 0.424773
133 0.42503
134 0.425157
135 0.425587
136 0.425898
137 0.426216
138 0.426473
139 0.426708
140 0.427077
141 0.427312
142 0.427636
143 0.42789
144 0.428075
145 0.428309
146 0.428576
147 0.428935
148 0.429052
149 0.42928
150 0.429363
151 0.429608
152 0.429837
153 0.429836
154 0.430028
155 0.430183
156 0.430247
157 0.430396
158 0.430511
159 0.430582
160 0.430769
161 0.430718
162 0.430875
163 0.430915
164 0.431031
165 0.431195
166 0.431288
167 0.431435
168 0.431579
169 0.43168
170 0.431773
171 0.431937
172 0.431981
173 0.432232
174 0.432222
175 0.432504
176 0.432583
177 0.432577
178 0.432851
179 0.433
180 0.433137
181 0.433231
182 0.433606
183 0.433657
184 0.433732
185 0.433966
186 0.434177
187 0.434307
188 0.434379
189 0.434713
190 0.434908
191 0.434965
192 0.4352
193 0.4354
194 0.435544
195 0.435777
196 0.43588
197 0.436
198 0.436242
199 0.436426
200 0.436632
201 0.436716
202 0.436983
203 0.437112
204 0.437319
205 0.437392
206 0.43759
207 0.437697
208 0.437817
209 0.437972
210 0.438189
211 0.438308
212 0.438458
213 0.438558
214 0.4387
215 0.438862
216 0.43904
217 0.439152
218 0.439327
219 0.439319
220 0.439495
221 0.439702
222 0.43977
223 0.439947
224 0.440103
225 0.440173
226 0.440366
227 0.44043
228 0.440578
229 0.44068
230 0.440816
231 0.440971
232 0.441178
233 0.441238
234 0.441428
235 0.441612
236 0.441742
237 0.441865
238 0.441975
239 0.442032
240 0.442328
241 0.442409
242 0.442587
243 0.442585
244 0.442827
245 0.4429
246 0.443121
247 0.443246
248 0.443368
249 0.443589
250 0.443645
251 0.443737
252 0.443944
253 0.444023
254 0.444147
255 0.444351
256 0.444327
257 0.444614
258 0.444748
259 0.444857
260 0.444999
261 0.445098
262 0.445221
263 0.44544
264 0.445466
265 0.445739
266 0.445757
267 0.44596
268 0.44605
269 0.44618
270 0.446239
271 0.44641
272 0.446577
273 0.446814
274 0.446814
275 0.446961
276 0.447046
277 0.447069
278 0.447327
279 0.447397
280 0.447545
281 0.447667
282 0.447825
283 0.448011
284 0.448014
285 0.448131
286 0.448226
287 0.448475
288 0.448645
289 0.448676
290 0.448767
291 0.448839
292 0.449053
293 0.44912
294 0.449114
295 0.449334
296 0.449516
297 0.4496
298 0.449633
299 0.449747
300 0.449913
