1 0.099246
2 0.100163
3 0.10017
4 0.100163
5 0.109185
6 0.116819
7 0.122112
8 0.125463
9 0.128508
10 0.131835
11 0.134898
12 0.139276
13 0.143195
14 0.145456
15 0.148403
16 0.151481
17 0.153215
18 0.156024
19 0.159462
20 0.162483
21 0.165636
22 0.168907
23 0.172376
24 0.175953
25 0.178622
26 0.182026
27 0.184897
28 0.188749
29 0.192179
30 0.195007
31 0.198431
32 0.201434
33 0.204425
34 0.207072
35 0.209618
36 0.211562
37 0.21442
38 0.216631
39 0.218681
40 0.220651
41 0.22301
42 0.225489
43 0.227084
44 0.229196
45 0.231422
46 0.233491
47 0.236256
48 0.238852
49 0.239743
50 0.242337
51 0.244333
52 0.246822
53 0.248461
54 0.249921
55 0.251804
56 0.254422
57 0.255981
58 0.25762
59 0.25936
60 0.261449
61 0.263139
62 0.265869
63 0.267341
64 0.269761
65 0.271343
66 0.273475
67 0.275429
68 0.277248
69 0.278709
70 0.280909
71 0.282872
72 0.284997
73 0.286055
74 0.287984
75 0.289848
76 0.291766
77 0.292821
78 0.294227
79 0.295658
80 0.297665
81 0.298853
82 0.300586
83 0.302248
84 0.303461
85 0.305055
86 0.306309
87 0.307393
88 0.309716
89 0.310436
90 0.311794
91 0.313712
92 0.314669
93 0.315946
94 0.317259
95 0.31855
96 0.319921
97 0.321243
98 0.322766
99 0.324021
100 0.325517
101 0.326076
102 0.327605
103 0.329098
104 0.330171
105 0.330733
106 0.332395
107 0.333049
108 0.334196
109 0.335618
110 0.336104
111 0.336968
112 0.338328
113 0.339253
114 0.339854
115 0.340638
116 0.341183
117 0.342782
118 0.343109
119 0.344297
120 0.345008
121 0.346395
122 0.3467
123 0.347403
124 0.348173
125 0.349172
126 0.350057
127 0.351353
128 0.35144
129 0.352095
130 0.35318
131 0.354285
132 0.355097
133 0.355638
134 0.356092
135 0.357293
136 0.357785
137 0.359192
138 0.359774
139 0.360082
140 0.361341
141 0.362113
142 0.362982
143 0.363906
144 0.364405
145 0.364527
146 0.365316
147 0.366762
148 0.366517
149 0.368205
150 0.367529
151 0.368377
152 0.369192
153 0.369152
154 0.369471
155 0.370187
156 0.370806
157 0.370623
158 0.371276
159 0.37155
160 0.372114
161 0.372386
162 0.372503
163 0.373012
164 0.373268
165 0.374038
166 0.374683
167 0.374895
168 0.375642
169 0.375485
170 0.376339
171 0.3768
172 0.377623
173 0.378153
174 0.378649
175 0.379315
176 0.379637
177 0.37965
178 0.380387
179 0.381242
180 0.381663
181 0.382199
182 0.383863
183 0.383648
184 0.383587
185 0.384633
186 0.385642
187 0.386271
188 0.386328
189 0.387577
190 0.388057
191 0.388598
192 0.389403
193 0.389982
194 0.390687
195 0.391033
196 0.391435
197 0.391847
198 0.393292
199 0.393468
200 0.39446
201 0.394188
202 0.39598
203 0.396113
204 0.396892
205 0.397218
206 0.39761
207 0.397844
208 0.39875
209 0.399607
210 0.400424
211 0.400709
212 0.401171
213 0.401682
214 0.401827
215 0.402053
216 0.402994
217 0.403908
218 0.40471
219 0.40396
220 0.405176
221 0.405996
222 0.406066
223 0.407173
224 0.407255
225 0.408068
226 0.408598
227 0.408715
228 0.409272
229 0.410122
230 0.410469
231 0.410791
232 0.411482
233 0.411885
234 0.412685
235 0.41329
236 0.413774
237 0.41449
238 0.414717
239 0.415202
240 0.41657
241 0.416218
242 0.416989
243 0.416891
244 0.418299
245 0.418241
246 0.419096
247 0.419975
248 0.420237
249 0.421092
250 0.42139
251 0.421308
252 0.421965
253 0.422544
254 0.423186
255 0.423917
256 0.423579
257 0.424846
258 0.425891
259 0.425945
260 0.426358
261 0.426782
262 0.426981
263 0.428238
264 0.427961
265 0.429191
266 0.429236
267 0.430442
268 0.430834
269 0.431261
270 0.431263
271 0.432325
272 0.432641
273 0.433352
274 0.433537
275 0.433946
276 0.434253
277 0.434636
278 0.435696
279 0.435645
280 0.436554
281 0.436923
282 0.437287
283 0.438328
284 0.43837
285 0.438769
286 0.438883
287 0.439421
288 0.441045
289 0.440839
290 0.441003
291 0.44129
292 0.442267
293 0.442411
294 0.442425
295 0.443097
296 0.444051
297 0.44466
298 0.444499
299 0.445027
300 0.445789
