1 0.458402
2 0.45828
3 0.458403
4 0.458472
5 0.47184
6 0.4738
7 0.474135
8 0.474746
9 0.476626
10 0.477399
11 0.477686
12 0.479313
13 0.480212
14 0.481407
15 0.48236
16 0.483396
17 0.484314
18 0.485357
19 0.486149
20 0.486753
21 0.487249
22 0.488433
23 0.488954
24 0.489761
25 0.490215
26 0.490818
27 0.491296
28 0.491795
29 0.492308
30 0.49275
31 0.492997
32 0.493381
33 0.493408
34 0.493561
35 0.493949
36 0.494138
37 0.494382
38 0.494628
39 0.49468
40 0.494714
41 0.494846
42 0.4951
43 0.495202
44 0.495342
45 0.4954
46 0.495557
47 0.495637
48 0.495786
49 0.495936
50 0.496079
51 0.496192
52 0.496186
53 0.496439
54 0.496484
55 0.496436
56 0.496654
57 0.496601
58 0.49678
59 0.496913
60 0.496964
61 0.497061
62 0.497218
63 0.497286
64 0.497393
65 0.497425
66 0.497477
67 0.49751
68 0.497603
69 0.497718
70 0.497763
71 0.497841
72 0.497873
73 0.497991
74 0.498073
75 0.49821
76 0.498255
77 0.498271
78 0.498326
79 0.498329
80 0.49837
81 0.4985
82 0.498448
83 0.498499
84 0.498608
85 0.498568
86 0.498639
87 0.498731
88 0.498752
89 0.498793
90 0.49882
91 0.498821
92 0.498797
93 0.498856
94 0.498939
95 0.498888
96 0.498927
97 0.498986
98 0.498957
99 0.498938
100 0.499016
101 0.49903
102 0.499015
103 0.499025
104 0.499011
105 0.499
106 0.499054
107 0.499078
108 0.499105
109 0.499107
110 0.499163
111 0.499076
112 0.499143
113 0.499139
114 0.499183
115 0.499157
116 0.499192
117 0.499228
118 0.499171
119 0.499168
120 0.499203
121 0.499247
122 0.499241
123 0.499215
124 0.499202
125 0.499283
126 0.499279
127 0.499313
128 0.499288
129 0.499277
130 0.499294
131 0.499232
132 0.499285
133 0.499361
134 0.499301
135 0.499313
136 0.499349
137 0.499323
138 0.499348
139 0.499381
140 0.499346
141 0.499373
142 0.499393
143 0.499404
144 0.499399
145 0.499406
146 0.499395
147 0.49941
148 0.499453
149 0.499435
150 0.499405
151 0.499445
152 0.49942
153 0.499447
154 0.499449
155 0.499457
156 0.499483
157 0.499486
158 0.499477
159 0.499496
160 0.499529
161 0.499528
162 0.49952
163 0.499541
164 0.499559
165 0.499578
166 0.499552
167 0.499583
168 0.499577
169 0.499582
170 0.499582
171 0.499612
172 0.499585
173 0.499648
174 0.499631
175 0.499654
176 0.499626
177 0.499636
178 0.499694
179 0.499689
180 0.49963
181 0.499689
182 0.499714
183 0.499718
184 0.499673
185 0.499707
186 0.49971
187 0.499721
188 0.499694
189 0.499734
190 0.499737
191 0.49974
192 0.499771
193 0.499747
194 0.499784
195 0.499778
196 0.499774
197 0.499773
198 0.499771
199 0.499789
200 0.499781
201 0.499793
202 0.499789
203 0.499805
204 0.499823
205 0.499828
206 0.499811
207 0.499806
208 0.499843
209 0.499845
210 0.499838
211 0.49984
212 0.499841
213 0.499846
214 0.499853
215 0.499851
216 0.499866
217 0.499855
218 0.499878
219 0.499875
220 0.499885
221 0.49988
222 0.499884
223 0.499881
224 0.499901
225 0.499901
226 0.499922
227 0.499888
228 0.499879
229 0.49991
230 0.499912
231 0.499914
232 0.49991
233 0.499922
234 0.49994
235 0.499921
236 0.499922
237 0.499931
238 0.499926
239 0.499938
240 0.499933
241 0.499922
242 0.499923
243 0.499933
244 0.499957
245 0.499943
246 0.499962
247 0.499949
248 0.499944
249 0.499967
250 0.499959
251 0.499956
252 0.499951
253 0.499964
254 0.499958
255 0.499966
256 0.499963
257 0.49996
258 0.499962
259 0.499976
260 0.499985
261 0.499969
262 0.499973
263 0.499974
264 0.49997
265 0.499981
266 0.499974
267 0.499983
268 0.499983
269 0.499983
270 0.499986
271 0.499986
272 0.499986
273 0.499987
274 0.499979
275 0.499984
276 0.499984
277 0.499992
278 0.499985
279 0.499991
280 0.499989
281 0.499994
282 0.499994
283 0.499993
284 0.499997
285 0.499991
286 0.499995
287 0.499994
288 0.499995
289 0.499996
290 0.499998
291 0.499997
292 0.499997
293 0.499998
294 0.499999
295 0.499998
296 0.499997
297 0.499998
298 0.499998
299 0.5
300 0.499999
