1 0.458402
2 0.324152
3 0.272575
4 0.239467
5 0.218849
6 0.206514
7 0.197188
8 0.189993
9 0.180522
10 0.175477
11 0.171668
12 0.167391
13 0.163537
14 0.160106
15 0.156332
16 0.152972
17 0.149504
18 0.146536
19 0.144259
20 0.141914
21 0.13995
22 0.137701
23 0.135798
24 0.134348
25 0.132549
26 0.130998
27 0.12971
28 0.128168
29 0.126785
30 0.125811
31 0.124738
32 0.12377
33 0.122929
34 0.121997
35 0.121274
36 0.120513
37 0.120033
38 0.119477
39 0.118803
40 0.118393
41 0.118079
42 0.117671
43 0.117407
44 0.117153
45 0.116718
46 0.11654
47 0.116146
48 0.115862
49 0.115676
50 0.115375
51 0.115289
52 0.114966
53 0.114944
54 0.114836
55 0.114593
56 0.114506
57 0.11426
58 0.114196
59 0.11398
60 0.113765
61 0.113686
62 0.113278
63 0.113175
64 0.112993
65 0.112915
66 0.112694
67 0.112577
68 0.112295
69 0.112108
70 0.111899
71 0.111886
72 0.11178
73 0.111643
74 0.111573
75 0.111427
76 0.111226
77 0.111072
78 0.111073
79 0.110883
80 0.110794
81 0.110592
82 0.110515
83 0.110409
84 0.11021
85 0.109984
86 0.109908
87 0.10972
88 0.109596
89 0.109531
90 0.109487
91 0.109242
92 0.109168
93 0.109087
94 0.108928
95 0.108915
96 0.108842
97 0.108834
98 0.108674
99 0.108525
100 0.108558
101 0.108484
102 0.108511
103 0.108406
104 0.108448
105 0.108304
106 0.108208
107 0.10827
108 0.10809
109 0.108031
110 0.107991
111 0.107846
112 0.107802
113 0.107759
114 0.107667
115 0.107609
116 0.107628
117 0.107429
118 0.107426
119 0.10732
120 0.107327
121 0.107225
122 0.107241
123 0.107192
124 0.107115
125 0.107124
126 0.107071
127 0.106937
128 0.107144
129 0.107069
130 0.107033
131 0.107153
132 0.106944
133 0.106951
134 0.106853
135 0.106914
136 0.106902
137 0.106864
138 0.106954
139 0.106885
140 0.106898
141 0.106989
142 0.106999
143 0.10698
144 0.106863
145 0.106887
146 0.106985
147 0.106912
148 0.106781
149 0.106797
150 0.106733
151 0.106589
152 0.106527
153 0.106477
154 0.106338
155 0.106253
156 0.106164
157 0.106074
158 0.105913
159 0.105953
160 0.105725
161 0.105767
162 0.105557
163 0.105513
164 0.105456
165 0.105408
166 0.105375
167 0.105281
168 0.105097
169 0.105078
170 0.105117
171 0.104965
172 0.104899
173 0.104869
174 0.104907
175 0.104792
176 0.104799
177 0.104754
178 0.104622
179 0.10464
180 0.104613
181 0.104539
182 0.104584
183 0.10437
184 0.104497
185 0.104439
186 0.104378
187 0.104317
188 0.104406
189 0.10424
190 0.104299
191 0.104252
192 0.104342
193 0.104226
194 0.104195
195 0.104145
196 0.104073
197 0.104145
198 0.104218
199 0.104132
200 0.10405
201 0.103918
202 0.104006
203 0.104022
204 0.103845
205 0.103843
206 0.103751
207 0.103849
208 0.103659
209 0.103694
210 0.10352
211 0.103473
212 0.103552
213 0.103359
214 0.103378
215 0.103334
216 0.103169
217 0.103137
218 0.103037
219 0.103121
220 0.103071
221 0.10304
222 0.102961
223 0.102887
224 0.10282
225 0.102806
226 0.102751
227 0.102683
228 0.102708
229 0.102674
230 0.102595
231 0.102549
232 0.102482
233 0.102426
234 0.102516
235 0.102443
236 0.102267
237 0.102277
238 0.102322
239 0.102344
240 0.102215
241 0.102078
242 0.102176
243 0.102105
244 0.102073
245 0.102101
246 0.101986
247 0.102004
248 0.101822
249 0.101787
250 0.101852
251 0.101757
252 0.1017
253 0.101636
254 0.101556
255 0.101552
256 0.101581
257 0.10146
258 0.101578
259 0.101424
260 0.101348
261 0.101407
262 0.101415
263 0.101376
264 0.101299
265 0.101247
266 0.101263
267 0.101162
268 0.101237
269 0.101078
270 0.101196
271 0.101171
272 0.101109
273 0.100892
274 0.101031
275 0.100853
276 0.100902
277 0.100876
278 0.100833
279 0.100837
280 0.100793
281 0.100756
282 0.100706
283 0.100699
284 0.100767
285 0.100685
286 0.100652
287 0.100525
288 0.100504
289 0.100558
290 0.100391
291 0.100484
292 0.100474
293 0.100382
294 0.100379
295 0.100304
296 0.100304
297 0.100193
298 0.100287
299 0.100314
300 0.100181
