1 0.099246
2 0.100368
3 0.100186
4 0.100139
5 0.145274
6 0.153896
7 0.154873
8 0.159683
9 0.168911
10 0.17254
11 0.177993
12 0.185741
13 0.192219
14 0.199082
15 0.204819
16 0.212203
17 0.218413
18 0.225605
19 0.23309
20 0.239529
21 0.246003
22 0.254473
23 0.261576
24 0.269111
25 0.2748
26 0.281728
27 0.287112
28 0.294343
29 0.300631
30 0.304624
31 0.30996
32 0.313812
33 0.317371
34 0.320353
35 0.324
36 0.326188
37 0.329824
38 0.332602
39 0.334721
40 0.337266
41 0.340391
42 0.343034
43 0.345257
44 0.347926
45 0.350311
46 0.353279
47 0.356682
48 0.359966
49 0.360853
50 0.364914
51 0.367232
52 0.370715
53 0.372354
54 0.373877
55 0.376982
56 0.380301
57 0.382203
58 0.383919
59 0.385796
60 0.388025
61 0.389967
62 0.39418
63 0.396121
64 0.399128
65 0.400012
66 0.402871
67 0.405289
68 0.407654
69 0.409596
70 0.412469
71 0.414692
72 0.418034
73 0.419432
74 0.42231
75 0.424747
76 0.427511
77 0.428729
78 0.430663
79 0.432827
80 0.435344
81 0.437227
82 0.439451
83 0.44123
84 0.442679
85 0.445268
86 0.446188
87 0.447176
88 0.45027
89 0.450932
90 0.4519
91 0.4539
92 0.454822
93 0.4561
94 0.457433
95 0.458289
96 0.459169
97 0.460517
98 0.461809
99 0.462814
100 0.464027
101 0.464194
102 0.464827
103 0.466525
104 0.467361
105 0.467155
106 0.468701
107 0.468742
108 0.469451
109 0.471001
110 0.470832
111 0.471567
112 0.472809
113 0.473393
114 0.474156
115 0.474401
116 0.474866
117 0.476807
118 0.476477
119 0.477901
120 0.478097
121 0.479971
122 0.479335
123 0.480158
124 0.48096
125 0.482032
126 0.482533
127 0.483655
128 0.483636
129 0.483496
130 0.484821
131 0.486034
132 0.48655
133 0.486862
134 0.486989
135 0.488216
136 0.488294
137 0.489876
138 0.490183
139 0.489978
140 0.491254
141 0.491879
142 0.492497
143 0.493534
144 0.493844
145 0.493816
146 0.494213
147 0.496219
148 0.49532
149 0.497797
150 0.496558
151 0.497845
152 0.498831
153 0.499212
154 0.499567
155 0.501123
156 0.502366
157 0.501992
158 0.503682
159 0.504731
160 0.505921
161 0.506591
162 0.507373
163 0.508602
164 0.509613
165 0.511455
166 0.512858
167 0.513515
168 0.51489
169 0.515238
170 0.517074
171 0.518028
172 0.519596
173 0.520819
174 0.521603
175 0.522944
176 0.5233
177 0.523629
178 0.524998
179 0.526339
180 0.526938
181 0.528173
182 0.530495
183 0.530448
184 0.530426
185 0.531713
186 0.53346
187 0.534371
188 0.534398
189 0.536475
190 0.536952
191 0.537756
192 0.538852
193 0.539552
194 0.539997
195 0.541139
196 0.541487
197 0.541782
198 0.54388
199 0.544144
200 0.54595
201 0.545515
202 0.547776
203 0.54831
204 0.549579
205 0.549524
206 0.550429
207 0.550731
208 0.55253
209 0.553383
210 0.55474
211 0.555528
212 0.55594
213 0.556944
214 0.557474
215 0.557487
216 0.559198
217 0.560578
218 0.561728
219 0.560725
220 0.562781
221 0.563952
222 0.564382
223 0.566072
224 0.566116
225 0.567484
226 0.568577
227 0.568875
228 0.569778
229 0.570857
230 0.571511
231 0.572033
232 0.573268
233 0.573581
234 0.574678
235 0.575587
236 0.575976
237 0.577436
238 0.577792
239 0.578456
240 0.580282
241 0.580119
242 0.581119
243 0.58049
244 0.582854
245 0.582626
246 0.584253
247 0.585299
248 0.585885
249 0.586687
250 0.587157
251 0.587143
252 0.587958
253 0.589062
254 0.589544
255 0.590633
256 0.59023
257 0.591538
258 0.593573
259 0.593445
260 0.593781
261 0.594087
262 0.594576
263 0.596194
264 0.595888
265 0.597336
266 0.597381
267 0.599138
268 0.599554
269 0.600188
270 0.600057
271 0.601766
272 0.60161
273 0.602891
274 0.603184
275 0.603601
276 0.603624
277 0.604486
278 0.605765
279 0.605602
280 0.606805
281 0.607016
282 0.607853
283 0.609116
284 0.608855
285 0.609429
286 0.609422
287 0.610307
288 0.612793
289 0.612266
290 0.612783
291 0.613219
292 0.614531
293 0.614001
294 0.614431
295 0.615092
296 0.616142
297 0.617114
298 0.617029
299 0.617684
300 0.6189
