1 0.230579
2 0.230479
3 0.230429
4 0.230479
5 0.223695
6 0.21802
7 0.21395
8 0.212087
9 0.210024
10 0.207526
11 0.206001
12 0.203053
13 0.200668
14 0.199534
15 0.197666
16 0.195632
17 0.194659
18 0.193168
19 0.191292
20 0.189835
21 0.188176
22 0.186463
23 0.184675
24 0.182953
25 0.181541
26 0.17982
27 0.178299
28 0.176548
29 0.174795
30 0.173361
31 0.171674
32 0.170203
33 0.168666
34 0.167264
35 0.166051
36 0.164802
37 0.163629
38 0.162616
39 0.16149
40 0.160439
41 0.159401
42 0.158244
43 0.157372
44 0.156341
45 0.155383
46 0.154453
47 0.153274
48 0.152204
49 0.151534
50 0.15051
51 0.149688
52 0.148726
53 0.147957
54 0.147259
55 0.146462
56 0.145537
57 0.144755
58 0.144072
59 0.143238
60 0.142481
61 0.141729
62 0.140567
63 0.139984
64 0.13901
65 0.138276
66 0.137488
67 0.136676
68 0.135855
69 0.135265
70 0.134386
71 0.133713
72 0.13303
73 0.132401
74 0.131715
75 0.131066
76 0.130358
77 0.129792
78 0.129233
79 0.128721
80 0.128051
81 0.127532
82 0.126915
83 0.126389
84 0.125776
85 0.125197
86 0.124592
87 0.124156
88 0.123494
89 0.122982
90 0.12248
91 0.12189
92 0.1214
93 0.120963
94 0.120447
95 0.119905
96 0.119409
97 0.11891
98 0.11843
99 0.117893
100 0.11737
101 0.116932
102 0.116534
103 0.115956
104 0.115519
105 0.115157
106 0.114652
107 0.114314
108 0.113786
109 0.113435
110 0.113089
111 0.112766
112 0.112258
113 0.111957
114 0.111627
115 0.111333
116 0.110988
117 0.110648
118 0.11034
119 0.109958
120 0.109554
121 0.109271
122 0.108881
123 0.108731
124 0.108433
125 0.108086
126 0.107715
127 0.107296
128 0.107128
129 0.106852
130 0.106576
131 0.106315
132 0.105943
133 0.105656
134 0.105468
135 0.105094
136 0.104798
137 0.104478
138 0.104206
139 0.103995
140 0.103602
141 0.103396
142 0.103053
143 0.102768
144 0.102581
145 0.102371
146 0.102089
147 0.101765
148 0.101645
149 0.101397
150 0.101319
151 0.101048
152 0.100873
153 0.100853
154 0.100686
155 0.10048
156 0.10043
157 0.100306
158 0.100174
159 0.100133
160 0.0999232
161 0.0999504
162 0.0998008
163 0.0997632
164 0.0996805
165 0.0994932
166 0.0993996
167 0.0992774
168 0.0990866
169 0.0990215
170 0.0988914
171 0.0987652
172 0.0986872
173 0.0984614
174 0.0984484
175 0.0981595
176 0.0981217
177 0.0981067
178 0.0978202
179 0.0976664
180 0.09753
181 0.0974332
182 0.097098
183 0.0970199
184 0.0969827
185 0.096708
186 0.0964764
187 0.0963764
188 0.096294
189 0.0959642
190 0.0957906
191 0.0957029
192 0.0954655
193 0.0952983
194 0.0951332
195 0.09491
196 0.0947764
197 0.0946845
198 0.0944315
199 0.094235
200 0.0940316
201 0.0939651
202 0.0936989
203 0.0935768
204 0.0933636
205 0.093266
206 0.0931032
207 0.0930073
208 0.0928673
209 0.0926992
210 0.0924859
211 0.0923752
212 0.0922239
213 0.092131
214 0.0920048
215 0.0918524
216 0.0916542
217 0.0915455
218 0.0913737
219 0.0913645
220 0.09122
221 0.0909658
222 0.0909212
223 0.0907402
224 0.0905699
225 0.0904952
226 0.09035
227 0.0902527
228 0.0900762
229 0.089979
230 0.0898629
231 0.0897153
232 0.0895349
233 0.0894272
234 0.0892486
235 0.0890674
236 0.0889452
237 0.0888197
238 0.0886897
239 0.0886314
240 0.0883407
241 0.0882723
242 0.0881255
243 0.0881022
244 0.0878446
245 0.0878013
246 0.0875701
247 0.0874518
248 0.0873203
249 0.0870853
250 0.0870347
251 0.0869253
252 0.0867756
253 0.0866626
254 0.0865248
255 0.0863117
256 0.0863331
257 0.0860845
258 0.0859249
259 0.085842
260 0.0856693
261 0.0855857
262 0.0854578
263 0.0852565
264 0.0851904
265 0.0849504
266 0.0849324
267 0.0847244
268 0.0846497
269 0.0845147
270 0.08442
271 0.0842806
272 0.0841344
273 0.0838819
274 0.083888
275 0.083742
276 0.0836577
277 0.0836383
278 0.083363
279 0.0832908
280 0.0831425
281 0.0830021
282 0.0828808
283 0.0826975
284 0.0826724
285 0.0825649
286 0.0824794
287 0.0822334
288 0.0820562
289 0.0820329
290 0.0819427
291 0.0818574
292 0.0816521
293 0.0815897
294 0.0815422
295 0.0813635
296 0.0811978
297 0.0810848
298 0.0810424
299 0.0809458
300 0.0807746
