1 0.230579
2 0.230495
3 0.230328
4 0.23063
5 0.196559
6 0.189804
7 0.189584
8 0.187297
9 0.181613
10 0.179466
11 0.177502
12 0.172481
13 0.169053
14 0.165833
15 0.162596
16 0.158159
17 0.155379
18 0.151654
19 0.147985
20 0.145157
21 0.142332
22 0.138314
23 0.134852
24 0.131726
25 0.129002
26 0.126119
27 0.123664
28 0.120664
29 0.118126
30 0.116295
31 0.114158
32 0.112607
33 0.111021
34 0.109617
35 0.108274
36 0.107133
37 0.10607
38 0.105029
39 0.104046
40 0.103127
41 0.102103
42 0.101072
43 0.100128
44 0.0992479
45 0.0983824
46 0.0974226
47 0.0961737
48 0.0951191
49 0.0945122
50 0.0933521
51 0.0925539
52 0.0915793
53 0.0909259
54 0.0902636
55 0.0893555
56 0.0884086
57 0.0876159
58 0.0870795
59 0.0863262
60 0.0857279
61 0.0850322
62 0.0834909
63 0.0828105
64 0.0819511
65 0.0814019
66 0.0806845
67 0.0798998
68 0.0789689
69 0.0783695
70 0.0773627
71 0.0767974
72 0.0759993
73 0.075243
74 0.0744735
75 0.0737697
76 0.0729787
77 0.0723999
78 0.0717698
79 0.0712706
80 0.0705585
81 0.0699893
82 0.0694003
83 0.0689181
84 0.0683029
85 0.0677513
86 0.0671665
87 0.0668888
88 0.0662257
89 0.0658715
90 0.0654897
91 0.065086
92 0.0647168
93 0.0644756
94 0.0640786
95 0.0637571
96 0.0634596
97 0.0631755
98 0.0629388
99 0.0625887
100 0.0622636
101 0.0620816
102 0.0620616
103 0.0616053
104 0.0614804
105 0.0613774
106 0.0610328
107 0.0610065
108 0.0606989
109 0.0604972
110 0.0604243
111 0.0603145
112 0.0599431
113 0.0598619
114 0.0596296
115 0.0595703
116 0.0593945
117 0.0591808
118 0.0590826
119 0.0588009
120 0.0586461
121 0.0584178
122 0.0583321
123 0.0582573
124 0.0581362
125 0.0579241
126 0.0577561
127 0.057443
128 0.0574344
129 0.0574142
130 0.0572866
131 0.0571051
132 0.0568774
133 0.0567444
134 0.0567437
135 0.0565322
136 0.05641
137 0.0562327
138 0.0561202
139 0.0560288
140 0.0558175
141 0.0557753
142 0.0555889
143 0.0554135
144 0.0553593
145 0.0552457
146 0.0551413
147 0.0549216
148 0.0549023
149 0.0546253
150 0.0546883
151 0.0544354
152 0.0543105
153 0.0542044
154 0.0541266
155 0.0538283
156 0.0536592
157 0.0535902
158 0.0533041
159 0.0531837
160 0.052837
161 0.0527694
162 0.0524734
163 0.0524255
164 0.0521965
165 0.0518441
166 0.0516442
167 0.0514589
168 0.051144
169 0.0509865
170 0.0507744
171 0.0505062
172 0.0503772
173 0.0501019
174 0.0500611
175 0.0496311
176 0.0495676
177 0.0495998
178 0.0492789
179 0.0490404
180 0.0488968
181 0.0487131
182 0.0483216
183 0.0482278
184 0.0482225
185 0.0479514
186 0.0476567
187 0.0475763
188 0.0474798
189 0.0471559
190 0.0469586
191 0.0469555
192 0.0467249
193 0.0465847
194 0.0464415
195 0.0461601
196 0.0460197
197 0.04601
198 0.0457497
199 0.0455201
200 0.045255
201 0.0452159
202 0.0449213
203 0.0447611
204 0.0445419
205 0.0444629
206 0.0442353
207 0.0441394
208 0.0439562
209 0.0437943
210 0.0434652
211 0.0433403
212 0.0432213
213 0.04306
214 0.0429346
215 0.0427197
216 0.0424327
217 0.0423012
218 0.0421181
219 0.0421058
220 0.041923
221 0.0416041
222 0.0415394
223 0.0412771
224 0.0411143
225 0.04098
226 0.0408269
227 0.0407482
228 0.0405048
229 0.0403977
230 0.0402793
231 0.0401252
232 0.0398898
233 0.0398354
234 0.039592
235 0.039386
236 0.0392745
237 0.0391502
238 0.0390406
239 0.0389611
240 0.0386763
241 0.0385472
242 0.0384052
243 0.0384985
244 0.038174
245 0.0381425
246 0.0378252
247 0.0377632
248 0.0375661
249 0.0373602
250 0.0373175
251 0.0372234
252 0.0370843
253 0.0369373
254 0.036843
255 0.036675
256 0.0366358
257 0.0363984
258 0.0362272
259 0.0361519
260 0.0360027
261 0.0359935
262 0.0358562
263 0.0356054
264 0.0356134
265 0.0353583
266 0.0353931
267 0.0351536
268 0.0351393
269 0.0350392
270 0.0349411
271 0.0347373
272 0.0346881
273 0.0343871
274 0.0344503
275 0.0342592
276 0.0343314
277 0.0342604
278 0.0339632
279 0.0339178
280 0.0337915
281 0.033718
282 0.0335553
283 0.0333773
284 0.0333973
285 0.0333444
286 0.0332416
287 0.0330342
288 0.0328329
289 0.0327848
290 0.0327277
291 0.0326574
292 0.0324486
293 0.0324763
294 0.0323952
295 0.0322537
296 0.0321037
297 0.0319722
298 0.0319783
299 0.0319114
300 0.0317145
