1 0.30033
2 0.30005
3 0.300333
4 0.300491
5 0.334569
6 0.340269
7 0.341266
8 0.343104
9 0.348911
10 0.351372
11 0.352295
12 0.357663
13 0.360728
14 0.364915
15 0.368361
16 0.372215
17 0.37574
18 0.37988
19 0.383124
20 0.385666
21 0.387801
22 0.393074
23 0.395478
24 0.399329
25 0.401562
26 0.404618
27 0.407111
28 0.409789
29 0.412634
30 0.415157
31 0.416607
32 0.418912
33 0.419075
34 0.420014
35 0.422443
36 0.423656
37 0.425256
38 0.426903
39 0.427252
40 0.427484
41 0.428392
42 0.430169
43 0.430894
44 0.431907
45 0.432328
46 0.433488
47 0.434088
48 0.435217
49 0.436377
50 0.437502
51 0.438403
52 0.438355
53 0.440425
54 0.440807
55 0.440401
56 0.442252
57 0.441793
58 0.44334
59 0.444523
60 0.444978
61 0.445861
62 0.447328
63 0.44797
64 0.449004
65 0.449315
66 0.449828
67 0.450161
68 0.451097
69 0.452279
70 0.45275
71 0.453575
72 0.453923
73 0.455215
74 0.456134
75 0.457723
76 0.458261
77 0.458455
78 0.459112
79 0.459146
80 0.459657
81 0.461295
82 0.460629
83 0.461283
84 0.462712
85 0.462185
86 0.463129
87 0.46439
88 0.464686
89 0.465268
90 0.465669
91 0.465677
92 0.465331
93 0.466188
94 0.467431
95 0.466671
96 0.467255
97 0.468173
98 0.467712
99 0.467418
100 0.468632
101 0.468867
102 0.468621
103 0.468785
104 0.468563
105 0.468391
106 0.469252
107 0.469643
108 0.470093
109 0.470117
110 0.471069
111 0.469609
112 0.470735
113 0.470654
114 0.471427
115 0.470974
116 0.471577
117 0.472215
118 0.471206
119 0.471161
120 0.471776
121 0.472567
122 0.472458
123 0.47199
124 0.471756
125 0.473222
126 0.473157
127 0.473795
128 0.473322
129 0.473111
130 0.473436
131 0.472292
132 0.473255
133 0.47472
134 0.473556
135 0.473792
136 0.474483
137 0.47398
138 0.474472
139 0.475128
140 0.474424
141 0.474958
142 0.475369
143 0.475588
144 0.475482
145 0.475627
146 0.475405
147 0.475708
148 0.476599
149 0.476221
150 0.475597
151 0.476431
152 0.475916
153 0.476488
154 0.476518
155 0.476692
156 0.477247
157 0.477331
158 0.477124
159 0.477549
160 0.478299
161 0.478258
162 0.478091
163 0.478562
164 0.479
165 0.479451
166 0.478826
167 0.479564
168 0.479436
169 0.479537
170 0.479543
171 0.480299
172 0.479623
173 0.481224
174 0.480789
175 0.481376
176 0.480665
177 0.480914
178 0.482494
179 0.482359
180 0.480752
181 0.482365
182 0.483071
183 0.483184
184 0.481905
185 0.48287
186 0.482953
187 0.483288
188 0.482484
189 0.48367
190 0.483758
191 0.483869
192 0.484851
193 0.484085
194 0.485291
195 0.485072
196 0.484956
197 0.484935
198 0.484867
199 0.485457
200 0.485182
201 0.48558
202 0.485471
203 0.486025
204 0.486679
205 0.486857
206 0.486239
207 0.486064
208 0.487444
209 0.487528
210 0.487235
211 0.487334
212 0.487357
213 0.487571
214 0.487839
215 0.487765
216 0.488409
217 0.487954
218 0.488932
219 0.488782
220 0.489274
221 0.489031
222 0.489211
223 0.489081
224 0.490023
225 0.490001
226 0.491167
227 0.489416
228 0.488969
229 0.490475
230 0.490609
231 0.490705
232 0.490492
233 0.491159
234 0.492251
235 0.491069
236 0.491128
237 0.491682
238 0.491398
239 0.492094
240 0.491764
241 0.49114
242 0.491207
243 0.491815
244 0.493399
245 0.492401
246 0.493785
247 0.492814
248 0.492473
249 0.494235
250 0.493562
251 0.493362
252 0.492991
253 0.493967
254 0.493509
255 0.494114
256 0.493881
257 0.493662
258 0.493759
259 0.495036
260 0.496002
261 0.494365
262 0.494796
263 0.494851
264 0.494452
265 0.495572
266 0.494826
267 0.495877
268 0.495844
269 0.495825
270 0.49614
271 0.496167
272 0.49619
273 0.496298
274 0.495362
275 0.495938
276 0.495912
277 0.497033
278 0.496047
279 0.496999
280 0.496603
281 0.497429
282 0.497533
283 0.497188
284 0.498203
285 0.496923
286 0.497583
287 0.497447
288 0.497755
289 0.497835
290 0.498584
291 0.4981
292 0.498251
293 0.498565
294 0.498922
295 0.498455
296 0.498264
297 0.498323
298 0.498328
299 0.499068
300 0.498886
