1 0.066826
2 0.082486
3 0.0931427
4 0.104922
5 0.115027
6 0.124194
7 0.132466
8 0.13982
9 0.146894
10 0.153959
11 0.159864
12 0.165618
13 0.171017
14 0.176703
15 0.182495
16 0.188422
17 0.193977
18 0.199551
19 0.205378
20 0.210161
21 0.215165
22 0.220085
23 0.224586
24 0.229117
25 0.233212
26 0.237958
27 0.24249
28 0.246255
29 0.250456
30 0.254454
31 0.257529
32 0.261945
33 0.265416
34 0.269032
35 0.272369
36 0.275582
37 0.278762
38 0.282023
39 0.285006
40 0.288207
41 0.291575
42 0.294143
43 0.297749
44 0.300816
45 0.303241
46 0.306256
47 0.309602
48 0.311832
49 0.315169
50 0.31831
51 0.321009
52 0.323613
53 0.32693
54 0.329397
55 0.332609
56 0.334999
57 0.337763
58 0.340151
59 0.342986
60 0.34552
61 0.348033
62 0.35061
63 0.352861
64 0.355254
65 0.357872
66 0.36019
67 0.362263
68 0.36421
69 0.366606
70 0.369189
71 0.370948
72 0.373378
73 0.375475
74 0.377098
75 0.378499
76 0.380697
77 0.382854
78 0.384367
79 0.386512
80 0.388467
81 0.390128
82 0.39239
83 0.393672
84 0.395594
85 0.396701
86 0.399206
87 0.400645
88 0.40234
89 0.403682
90 0.404974
91 0.407678
92 0.409149
93 0.410814
94 0.411995
95 0.414085
96 0.414819
97 0.416633
98 0.418646
99 0.419461
100 0.421034
101 0.422187
102 0.423477
103 0.424629
104 0.425579
105 0.428455
106 0.429124
107 0.430649
108 0.432547
109 0.433296
110 0.434356
111 0.435852
112 0.43732
113 0.438411
114 0.439138
115 0.441214
116 0.442507
117 0.444298
118 0.445675
119 0.446254
120 0.448062
121 0.449364
122 0.450444
123 0.452396
124 0.453444
125 0.454824
126 0.456387
127 0.457466
128 0.458881
129 0.459978
130 0.461335
131 0.462306
132 0.463587
133 0.464476
134 0.46655
135 0.468166
136 0.468686
137 0.469531
138 0.470787
139 0.471703
140 0.472591
141 0.474197
142 0.475107
143 0.475725
144 0.476976
145 0.478183
146 0.478981
147 0.480318
148 0.481563
149 0.482572
150 0.483083
151 0.483877
152 0.485005
153 0.486389
154 0.487079
155 0.488611
156 0.489639
157 0.490331
158 0.490568
159 0.492257
160 0.492506
161 0.493296
162 0.495252
163 0.495278
164 0.496357
165 0.498118
166 0.498582
167 0.499485
168 0.499836
169 0.500941
170 0.501904
171 0.502415
172 0.503117
173 0.50515
174 0.504968
175 0.505946
176 0.507021
177 0.507326
178 0.508546
179 0.507911
180 0.510466
181 0.510659
182 0.511642
183 0.512183
184 0.512665
185 0.514388
186 0.514946
187 0.514686
188 0.515948
189 0.515949
190 0.517433
191 0.517918
192 0.519317
193 0.519969
194 0.520787
195 0.521345
196 0.52173
197 0.522981
198 0.523922
199 0.524543
200 0.525032
201 0.525471
202 0.52613
203 0.527446
204 0.528522
205 0.529429
206 0.529186
207 0.529742
208 0.53047
209 0.531728
210 0.531894
211 0.532694
212 0.533181
213 0.534235
214 0.534356
215 0.535447
216 0.5358
217 0.536032
218 0.537179
219 0.538114
220 0.538526
221 0.539047
222 0.539934
223 0.540327
224 0.541185
225 0.540945
226 0.541531
227 0.541972
228 0.543183
229 0.544357
230 0.54471
231 0.545306
232 0.545899
233 0.54626
234 0.546719
235 0.547411
236 0.547813
237 0.548967
238 0.549357
239 0.549503
240 0.55081
241 0.550668
242 0.55229
243 0.552682
244 0.553125
245 0.553764
246 0.554482
247 0.554494
248 0.554995
249 0.556401
250 0.557
251 0.557363
252 0.558687
253 0.558618
254 0.55897
255 0.559427
256 0.560198
257 0.560847
258 0.56272
259 0.562474
260 0.562826
261 0.56336
262 0.564526
263 0.56439
264 0.565435
265 0.566873
266 0.566811
267 0.567317
268 0.567199
269 0.568232
270 0.568573
271 0.568828
272 0.569691
273 0.569648
274 0.570818
275 0.571124
276 0.571219
277 0.571809
278 0.572992
279 0.573415
280 0.573545
281 0.574341
282 0.57399
283 0.574934
284 0.575001
285 0.575781
286 0.5763
287 0.577154
288 0.576406
289 0.578248
290 0.578319
291 0.578545
292 0.579046
293 0.57974
294 0.580032
295 0.580868
296 0.580802
297 0.581266
298 0.58186
299 0.582017
300 0.582914
