1 0.499527
2 0.541667
3 0.569422
4 0.592319
5 0.610616
6 0.626252
7 0.639817
8 0.651601
9 0.66207
10 0.671304
11 0.680157
12 0.687705
13 0.69482
14 0.701518
15 0.707761
16 0.713643
17 0.718917
18 0.72401
19 0.729039
20 0.733431
21 0.73778
22 0.74176
23 0.745637
24 0.74929
25 0.752638
26 0.756067
27 0.759482
28 0.762299
29 0.765252
30 0.768094
31 0.770659
32 0.773461
33 0.775797
34 0.778086
35 0.780458
36 0.78262
37 0.784734
38 0.786732
39 0.788759
40 0.790778
41 0.792535
42 0.794257
43 0.796083
44 0.797953
45 0.79951
46 0.801077
47 0.802691
48 0.804185
49 0.805628
50 0.807083
51 0.808584
52 0.809881
53 0.811465
54 0.812589
55 0.814046
56 0.815134
57 0.816271
58 0.81749
59 0.818572
60 0.819817
61 0.820918
62 0.821923
63 0.823043
64 0.824021
65 0.825223
66 0.826125
67 0.82703
68 0.827928
69 0.828809
70 0.829877
71 0.830809
72 0.831574
73 0.83244
74 0.83326
75 0.83407
76 0.834961
77 0.835632
78 0.836442
79 0.837159
80 0.837874
81 0.838712
82 0.839474
83 0.840142
84 0.840844
85 0.841444
86 0.842187
87 0.842835
88 0.843406
89 0.844022
90 0.844611
91 0.845381
92 0.845943
93 0.846491
94 0.847134
95 0.847752
96 0.848191
97 0.848816
98 0.849435
99 0.849829
100 0.850402
101 0.85092
102 0.851475
103 0.852038
104 0.852402
105 0.853033
106 0.853478
107 0.854007
108 0.854447
109 0.854853
110 0.85535
111 0.855754
112 0.856294
113 0.856736
114 0.857051
115 0.857586
116 0.85802
117 0.858471
118 0.858861
119 0.859231
120 0.859702
121 0.860016
122 0.860407
123 0.860903
124 0.861278
125 0.861709
126 0.862119
127 0.862473
128 0.86277
129 0.863135
130 0.863517
131 0.863903
132 0.864248
133 0.864578
134 0.865017
135 0.865288
136 0.865673
137 0.865937
138 0.866308
139 0.866601
140 0.866996
141 0.86718
142 0.86754
143 0.867851
144 0.868178
145 0.868506
146 0.868751
147 0.869137
148 0.869394
149 0.869677
150 0.86993
151 0.870213
152 0.870545
153 0.870881
154 0.871061
155 0.871385
156 0.871676
157 0.871976
158 0.872161
159 0.872493
160 0.872736
161 0.872945
162 0.873277
163 0.873453
164 0.873707
165 0.874062
166 0.874229
167 0.874493
168 0.874727
169 0.874916
170 0.875169
171 0.875411
172 0.875577
173 0.875913
174 0.876144
175 0.876332
176 0.876592
177 0.87677
178 0.877055
179 0.877183
180 0.877514
181 0.87765
182 0.877919
183 0.878037
184 0.878321
185 0.878524
186 0.8787
187 0.878836
188 0.879099
189 0.879262
190 0.879473
191 0.879658
192 0.87992
193 0.880073
194 0.880329
195 0.880498
196 0.880567
197 0.880863
198 0.881012
199 0.881218
200 0.881427
201 0.881579
202 0.881748
203 0.881954
204 0.882183
205 0.882407
206 0.882477
207 0.882617
208 0.882842
209 0.88306
210 0.883167
211 0.88331
212 0.883536
213 0.883696
214 0.883816
215 0.884054
216 0.884196
217 0.884292
218 0.884469
219 0.884709
220 0.884838
221 0.884922
222 0.885129
223 0.885251
224 0.885408
225 0.88547
226 0.88564
227 0.885885
228 0.886017
229 0.886194
230 0.886316
231 0.886509
232 0.886601
233 0.886747
234 0.886949
235 0.887022
236 0.887179
237 0.887324
238 0.887458
239 0.88762
240 0.887771
241 0.887788
242 0.888092
243 0.888161
244 0.888288
245 0.888386
246 0.888559
247 0.88874
248 0.888771
249 0.888967
250 0.889049
251 0.889207
252 0.889395
253 0.889485
254 0.889599
255 0.889684
256 0.889834
257 0.889902
258 0.890163
259 0.89015
260 0.890381
261 0.890398
262 0.890586
263 0.890633
264 0.8908
265 0.891012
266 0.891089
267 0.89118
268 0.891266
269 0.89141
270 0.891511
271 0.891608
272 0.89174
273 0.891807
274 0.892003
275 0.892109
276 0.892143
277 0.892344
278 0.892371
279 0.892549
280 0.892624
281 0.892785
282 0.892782
283 0.892946
284 0.893017
285 0.893098
286 0.893203
287 0.893373
288 0.893412
289 0.893602
290 0.893642
291 0.893749
292 0.893837
293 0.893949
294 0.894044
295 0.894182
296 0.894258
297 0.894344
298 0.894466
299 0.894513
300 0.894618
