1 0.499527
2 0.583447
3 0.625002
4 0.660087
5 0.68462
6 0.7052
7 0.720399
8 0.734784
9 0.746003
10 0.756667
11 0.765802
12 0.772757
13 0.780261
14 0.786283
15 0.792462
16 0.799458
17 0.803936
18 0.808665
19 0.813109
20 0.816827
21 0.820523
22 0.824494
23 0.826981
24 0.830707
25 0.833577
26 0.83615
27 0.838881
28 0.84164
29 0.844031
30 0.846536
31 0.848359
32 0.849828
33 0.852507
34 0.854127
35 0.856745
36 0.857334
37 0.858857
38 0.860575
39 0.861545
40 0.863439
41 0.864468
42 0.865258
43 0.867059
44 0.86834
45 0.868587
46 0.870006
47 0.871146
48 0.872336
49 0.873766
50 0.874207
51 0.87532
52 0.876105
53 0.876917
54 0.877463
55 0.879396
56 0.87937
57 0.880878
58 0.881225
59 0.881856
60 0.882511
61 0.883184
62 0.883619
63 0.885125
64 0.885734
65 0.886186
66 0.886681
67 0.887443
68 0.888263
69 0.888631
70 0.889102
71 0.889501
72 0.889888
73 0.890375
74 0.891115
75 0.891567
76 0.891775
77 0.892352
78 0.893312
79 0.89361
80 0.89377
81 0.89441
82 0.895077
83 0.895273
84 0.894801
85 0.895496
86 0.89655
87 0.896921
88 0.896744
89 0.897367
90 0.897205
91 0.897647
92 0.898492
93 0.898678
94 0.899491
95 0.899291
96 0.8995
97 0.899501
98 0.900037
99 0.900541
100 0.901163
101 0.900795
102 0.901364
103 0.901455
104 0.901675
105 0.901928
106 0.902227
107 0.902303
108 0.9027
109 0.903056
110 0.903532
111 0.903807
112 0.903387
113 0.904013
114 0.903744
115 0.904327
116 0.904831
117 0.904692
118 0.904879
119 0.905662
120 0.905672
121 0.905804
122 0.906361
123 0.905766
124 0.905941
125 0.906982
126 0.907179
127 0.906933
128 0.906817
129 0.907188
130 0.907327
131 0.907473
132 0.908448
133 0.907934
134 0.90786
135 0.908288
136 0.908557
137 0.90877
138 0.908825
139 0.908834
140 0.908771
141 0.909514
142 0.909341
143 0.909727
144 0.909832
145 0.910411
146 0.909584
147 0.909891
148 0.910782
149 0.910419
150 0.91071
151 0.910714
152 0.910906
153 0.911526
154 0.911227
155 0.911605
156 0.911549
157 0.911253
158 0.91162
159 0.912097
160 0.912507
161 0.91164
162 0.91259
163 0.9127
164 0.912499
165 0.913
166 0.912687
167 0.912924
168 0.913046
169 0.913247
170 0.912915
171 0.913442
172 0.913266
173 0.913637
174 0.91372
175 0.914036
176 0.913849
177 0.914109
178 0.913698
179 0.914583
180 0.914188
181 0.914128
182 0.914234
183 0.914376
184 0.914768
185 0.914507
186 0.914754
187 0.914868
188 0.915322
189 0.914464
190 0.915404
191 0.915317
192 0.915312
193 0.91585
194 0.915399
195 0.916043
196 0.916527
197 0.91582
198 0.915977
199 0.915842
200 0.915995
201 0.916642
202 0.916152
203 0.916315
204 0.916271
205 0.91648
206 0.916441
207 0.916526
208 0.916388
209 0.916802
210 0.916693
211 0.916764
212 0.917092
213 0.917204
214 0.917098
215 0.917096
216 0.917351
217 0.917325
218 0.917178
219 0.917638
220 0.917356
221 0.917236
222 0.917508
223 0.917924
224 0.917675
225 0.917347
226 0.917913
227 0.917736
228 0.9175
229 0.917907
230 0.918466
231 0.918464
232 0.918108
233 0.917968
234 0.918211
235 0.918735
236 0.918568
237 0.918625
238 0.919037
239 0.918456
240 0.918412
241 0.919496
242 0.919386
243 0.919242
244 0.918966
245 0.918921
246 0.919282
247 0.919341
248 0.919388
249 0.919243
250 0.919245
251 0.919536
252 0.919553
253 0.918896
254 0.919714
255 0.919762
256 0.919828
257 0.919685
258 0.919967
259 0.919575
260 0.92004
261 0.920217
262 0.919759
263 0.9203
264 0.92018
265 0.920476
266 0.920343
267 0.920432
268 0.920721
269 0.920552
270 0.919824
271 0.92104
272 0.920829
273 0.920599
274 0.920679
275 0.920882
276 0.920968
277 0.921244
278 0.921229
279 0.920824
280 0.921232
281 0.920675
282 0.920914
283 0.921025
284 0.921489
285 0.921056
286 0.921274
287 0.921109
288 0.921481
289 0.921623
290 0.921585
291 0.921632
292 0.921578
293 0.921559
294 0.92105
295 0.92163
296 0.921396
297 0.921414
298 0.921324
299 0.921738
300 0.922385
