1 0.437538
2 0.353656
3 0.312581
4 0.277684
5 0.253155
6 0.232638
7 0.216661
8 0.203066
9 0.191248
10 0.180735
11 0.172018
12 0.164438
13 0.157445
14 0.150726
15 0.144812
16 0.138856
17 0.133857
18 0.129115
19 0.12433
20 0.120412
21 0.116557
22 0.113063
23 0.10983
24 0.106721
25 0.103806
26 0.100997
27 0.0982017
28 0.0958299
29 0.0933823
30 0.0911581
31 0.0892336
32 0.0870297
33 0.0852638
34 0.0834421
35 0.0816612
36 0.0801391
37 0.0787119
38 0.0772372
39 0.0757832
40 0.0743479
41 0.0731588
42 0.0719073
43 0.0706015
44 0.0693225
45 0.0682253
46 0.0673245
47 0.0661313
48 0.0651523
49 0.0641664
50 0.0630774
51 0.0621126
52 0.0613162
53 0.060152
54 0.0595232
55 0.0584865
56 0.0578724
57 0.0570436
58 0.0562489
59 0.055551
60 0.0548356
61 0.0540066
62 0.0533812
63 0.0527023
64 0.0520383
65 0.0512814
66 0.0507273
67 0.0501999
68 0.0495618
69 0.049021
70 0.0484198
71 0.0478345
72 0.0473497
73 0.0468922
74 0.0464816
75 0.0459684
76 0.0454784
77 0.0450689
78 0.0446597
79 0.0441506
80 0.043761
81 0.043271
82 0.0428169
83 0.0424976
84 0.0421144
85 0.0419026
86 0.0412548
87 0.0410001
88 0.0406051
89 0.0403262
90 0.0400497
91 0.0395091
92 0.0392745
93 0.0389259
94 0.0386231
95 0.0382919
96 0.038082
97 0.0377014
98 0.037371
99 0.0371926
100 0.0368972
101 0.0366265
102 0.036389
103 0.0360514
104 0.0359186
105 0.0354807
106 0.0352673
107 0.0350314
108 0.034834
109 0.0345465
110 0.0343283
111 0.0341418
112 0.0338421
113 0.0336431
114 0.0335584
115 0.0331797
116 0.0329473
117 0.0327138
118 0.0324527
119 0.0323056
120 0.0320408
121 0.0318944
122 0.0316421
123 0.031404
124 0.0312038
125 0.0309114
126 0.030744
127 0.030587
128 0.030414
129 0.0302319
130 0.0300357
131 0.0299019
132 0.0296458
133 0.0294502
134 0.0292304
135 0.0290648
136 0.0289074
137 0.0287909
138 0.0286182
139 0.0284772
140 0.028311
141 0.0282215
142 0.0280044
143 0.0278274
144 0.0276812
145 0.027515
146 0.0273831
147 0.0271805
148 0.0270658
149 0.0269074
150 0.0268713
151 0.0266729
152 0.0264888
153 0.0263537
154 0.026291
155 0.0261404
156 0.0259974
157 0.0258335
158 0.0257623
159 0.0256011
160 0.0254867
161 0.025392
162 0.0251646
163 0.025138
164 0.0250453
165 0.0248377
166 0.0247894
167 0.0246434
168 0.0245494
169 0.0244752
170 0.0243368
171 0.0242679
172 0.0241692
173 0.0239394
174 0.0239087
175 0.0237979
176 0.023656
177 0.0235684
178 0.0234599
179 0.0234278
180 0.0231821
181 0.0231763
182 0.0230591
183 0.0230118
184 0.0229206
185 0.0227605
186 0.0227057
187 0.0227151
188 0.0225219
189 0.0224947
190 0.0224111
191 0.0222964
192 0.0221643
193 0.0220633
194 0.0219727
195 0.021882
196 0.0218923
197 0.0217143
198 0.0216586
199 0.0215772
200 0.0214621
201 0.021408
202 0.0213216
203 0.0212017
204 0.0211158
205 0.020987
206 0.0210143
207 0.0209435
208 0.0208527
209 0.0207385
210 0.0206786
211 0.0206282
212 0.0205094
213 0.0204388
214 0.0203847
215 0.0202687
216 0.0202267
217 0.0202494
218 0.0200994
219 0.0199848
220 0.0199589
221 0.0198994
222 0.0198046
223 0.0197805
224 0.0196912
225 0.0197148
226 0.019604
227 0.0195038
228 0.0194326
229 0.0193548
230 0.0192899
231 0.0191864
232 0.0192054
233 0.019127
234 0.0190287
235 0.0189997
236 0.0189333
237 0.0188785
238 0.0188067
239 0.0187499
240 0.0186593
241 0.0186793
242 0.0184661
243 0.0184515
244 0.0184221
245 0.0183819
246 0.0182802
247 0.018222
248 0.0182203
249 0.0181183
250 0.0180717
251 0.0179879
252 0.0178913
253 0.0178547
254 0.0178315
255 0.0178343
256 0.0177138
257 0.0177044
258 0.0175291
259 0.0175896
260 0.0174533
261 0.017457
262 0.0173872
263 0.0173735
264 0.017238
265 0.0171285
266 0.0171308
267 0.0170611
268 0.0170991
269 0.0169775
270 0.0169661
271 0.016924
272 0.0168803
273 0.0168881
274 0.0167725
275 0.0167148
276 0.0167126
277 0.0166053
278 0.0165984
279 0.0164788
280 0.0164955
281 0.0164332
282 0.0164104
283 0.0163621
284 0.0163344
285 0.0163004
286 0.0162376
287 0.0161678
288 0.016185
289 0.0160388
290 0.0160629
291 0.0160016
292 0.0159895
293 0.0159341
294 0.0159096
295 0.0158247
296 0.0158169
297 0.0157429
298 0.0157234
299 0.0156934
300 0.0156362
