1 0.5
2 0.492988
3 0.484123
4 0.47368
5 0.464668
6 0.455954
7 0.448804
8 0.441449
9 0.435297
10 0.429095
11 0.423497
12 0.419052
13 0.414071
14 0.40993
15 0.405545
16 0.400407
17 0.397019
18 0.393353
19 0.389825
20 0.386809
21 0.383752
22 0.3804
23 0.378265
24 0.375012
25 0.372461
26 0.370141
27 0.367642
28 0.365079
29 0.362827
30 0.360435
31 0.358674
32 0.357241
33 0.354598
34 0.35298
35 0.350334
36 0.349733
37 0.34817
38 0.346391
39 0.345378
40 0.343385
41 0.342292
42 0.341449
43 0.339512
44 0.338122
45 0.337853
46 0.336298
47 0.33504
48 0.333717
49 0.332114
50 0.331617
51 0.330357
52 0.329463
53 0.328534
54 0.327906
55 0.325668
56 0.325698
57 0.323933
58 0.323525
59 0.32278
60 0.322003
61 0.321202
62 0.320683
63 0.318872
64 0.318135
65 0.317587
66 0.316984
67 0.316052
68 0.315044
69 0.31459
70 0.314007
71 0.313512
72 0.313031
73 0.312423
74 0.311496
75 0.310928
76 0.310666
77 0.309937
78 0.308718
79 0.308338
80 0.308133
81 0.307314
82 0.306456
83 0.306203
84 0.306811
85 0.305915
86 0.304547
87 0.304064
88 0.304294
89 0.30348
90 0.303692
91 0.303113
92 0.302002
93 0.301756
94 0.300679
95 0.300945
96 0.300667
97 0.300666
98 0.299952
99 0.299279
100 0.298445
101 0.298939
102 0.298174
103 0.298052
104 0.297755
105 0.297413
106 0.297009
107 0.296906
108 0.296367
109 0.295883
110 0.295234
111 0.294857
112 0.295432
113 0.294575
114 0.294944
115 0.294144
116 0.29345
117 0.293641
118 0.293384
119 0.2923
120 0.292286
121 0.292103
122 0.291327
123 0.292156
124 0.291912
125 0.290459
126 0.290183
127 0.290528
128 0.29069
129 0.29017
130 0.289975
131 0.28977
132 0.288394
133 0.289121
134 0.289225
135 0.288621
136 0.28824
137 0.287937
138 0.287859
139 0.287847
140 0.287936
141 0.286878
142 0.287125
143 0.286574
144 0.286424
145 0.285594
146 0.286778
147 0.286339
148 0.28506
149 0.285582
150 0.285163
151 0.285158
152 0.284881
153 0.283985
154 0.284417
155 0.28387
156 0.283951
157 0.28438
158 0.283848
159 0.283155
160 0.282558
161 0.283819
162 0.282437
163 0.282276
164 0.282569
165 0.281837
166 0.282295
167 0.281948
168 0.281769
169 0.281474
170 0.281961
171 0.281188
172 0.281446
173 0.280901
174 0.280779
175 0.280313
176 0.280589
177 0.280205
178 0.280811
179 0.279503
180 0.280088
181 0.280177
182 0.28002
183 0.27981
184 0.279228
185 0.279616
186 0.279249
187 0.27908
188 0.278404
189 0.279679
190 0.278281
191 0.278411
192 0.278418
193 0.277614
194 0.278289
195 0.277325
196 0.276597
197 0.277659
198 0.277424
199 0.277626
200 0.277397
201 0.276424
202 0.277161
203 0.276916
204 0.276983
205 0.276668
206 0.276727
207 0.276599
208 0.276807
209 0.276183
210 0.276347
211 0.27624
212 0.275745
213 0.275575
214 0.275736
215 0.275739
216 0.275353
217 0.275392
218 0.275615
219 0.274917
220 0.275345
221 0.275527
222 0.275114
223 0.274482
224 0.274861
225 0.275359
226 0.274499
227 0.274768
228 0.275127
229 0.274508
230 0.273655
231 0.273658
232 0.274202
233 0.274415
234 0.274045
235 0.273243
236 0.273499
237 0.273412
238 0.27278
239 0.27367
240 0.273738
241 0.272074
242 0.272243
243 0.272465
244 0.272889
245 0.272958
246 0.272403
247 0.272312
248 0.27224
249 0.272463
250 0.27246
251 0.272012
252 0.271986
253 0.272996
254 0.271737
255 0.271663
256 0.271561
257 0.271782
258 0.271346
259 0.271952
260 0.271233
261 0.270959
262 0.271668
263 0.27083
264 0.271016
265 0.270557
266 0.270763
267 0.270625
268 0.270175
269 0.270438
270 0.271567
271 0.269678
272 0.270007
273 0.270365
274 0.270241
275 0.269925
276 0.26979
277 0.269359
278 0.269383
279 0.270015
280 0.269378
281 0.270247
282 0.269875
283 0.269701
284 0.268976
285 0.269653
286 0.269312
287 0.26957
288 0.268988
289 0.268766
290 0.268825
291 0.268752
292 0.268836
293 0.268866
294 0.269662
295 0.268755
296 0.269121
297 0.269093
298 0.269234
299 0.268585
300 0.267567
