1 0.066826
2 0.098146
3 0.114369
4 0.132438
5 0.146928
6 0.160532
7 0.172409
8 0.183101
9 0.192893
10 0.202801
11 0.210675
12 0.218103
13 0.225381
14 0.232776
15 0.239806
16 0.247624
17 0.253982
18 0.260786
19 0.268023
20 0.273828
21 0.279873
22 0.285685
23 0.29104
24 0.296661
25 0.301949
26 0.307431
27 0.312987
28 0.317204
29 0.322653
30 0.327175
31 0.331069
32 0.336112
33 0.340243
34 0.344345
35 0.348312
36 0.351768
37 0.355316
38 0.359093
39 0.362254
40 0.36604
41 0.369729
42 0.372673
43 0.376678
44 0.379947
45 0.382365
46 0.385578
47 0.38929
48 0.391703
49 0.395317
50 0.398385
51 0.401284
52 0.403841
53 0.407549
54 0.410259
55 0.413481
56 0.415893
57 0.418745
58 0.421153
59 0.424193
60 0.426788
61 0.42964
62 0.432332
63 0.434364
64 0.437017
65 0.439687
66 0.442118
67 0.444137
68 0.446282
69 0.448848
70 0.451414
71 0.453068
72 0.455771
73 0.457696
74 0.459544
75 0.460779
76 0.462879
77 0.465295
78 0.466528
79 0.469118
80 0.470933
81 0.472588
82 0.474994
83 0.476103
84 0.47801
85 0.478827
86 0.481829
87 0.482929
88 0.484805
89 0.485937
90 0.487156
91 0.490159
92 0.491343
93 0.493068
94 0.494138
95 0.496171
96 0.496816
97 0.498728
98 0.500837
99 0.501412
100 0.502897
101 0.503997
102 0.50516
103 0.506179
104 0.507133
105 0.510163
106 0.510547
107 0.512038
108 0.514061
109 0.514641
110 0.515696
111 0.517099
112 0.518269
113 0.5196
114 0.519871
115 0.522145
116 0.523319
117 0.525083
118 0.526558
119 0.526743
120 0.528494
121 0.529846
122 0.531073
123 0.532728
124 0.533652
125 0.535098
126 0.536479
127 0.537394
128 0.53876
129 0.539956
130 0.541199
131 0.541941
132 0.543209
133 0.544028
134 0.546339
135 0.547884
136 0.548161
137 0.548911
138 0.549958
139 0.550799
140 0.55158
141 0.553312
142 0.554076
143 0.554573
144 0.555909
145 0.55698
146 0.557736
147 0.558865
148 0.560166
149 0.561394
150 0.5615
151 0.562222
152 0.563225
153 0.564682
154 0.565419
155 0.566764
156 0.567692
157 0.568341
158 0.568324
159 0.56989
160 0.570179
161 0.570892
162 0.573083
163 0.572851
164 0.573861
165 0.575662
166 0.575858
167 0.576717
168 0.577003
169 0.57815
170 0.578978
171 0.579502
172 0.580024
173 0.582341
174 0.581655
175 0.582756
176 0.583864
177 0.584081
178 0.585012
179 0.584115
180 0.587031
181 0.587058
182 0.587995
183 0.588513
184 0.588788
185 0.590724
186 0.591204
187 0.590649
188 0.591709
189 0.591732
190 0.593155
191 0.593655
192 0.595106
193 0.595888
194 0.596301
195 0.596763
196 0.597045
197 0.598349
198 0.599208
199 0.599932
200 0.600072
201 0.60054
202 0.601065
203 0.602466
204 0.603468
205 0.604209
206 0.603806
207 0.604456
208 0.605048
209 0.606195
210 0.606531
211 0.607161
212 0.607637
213 0.608736
214 0.60865
215 0.60973
216 0.609981
217 0.609896
218 0.611279
219 0.612104
220 0.612506
221 0.613011
222 0.613842
223 0.613981
224 0.614841
225 0.614575
226 0.615169
227 0.615402
228 0.616545
229 0.617512
230 0.618051
231 0.618543
232 0.619173
233 0.619476
234 0.619833
235 0.620568
236 0.620716
237 0.621874
238 0.62228
239 0.622246
240 0.623559
241 0.623251
242 0.625026
243 0.62521
244 0.625657
245 0.626185
246 0.626618
247 0.626534
248 0.627042
249 0.628367
250 0.629128
251 0.629362
252 0.630656
253 0.630559
254 0.630595
255 0.631086
256 0.631925
257 0.632224
258 0.634502
259 0.633925
260 0.634217
261 0.634856
262 0.635832
263 0.635658
264 0.636945
265 0.638229
266 0.637843
267 0.63853
268 0.638129
269 0.639295
270 0.639487
271 0.639661
272 0.640449
273 0.640286
274 0.641386
275 0.641614
276 0.641666
277 0.642242
278 0.643449
279 0.643912
280 0.643807
281 0.6446
282 0.644326
283 0.645083
284 0.645199
285 0.645903
286 0.646335
287 0.647253
288 0.646235
289 0.64828
290 0.648164
291 0.648341
292 0.648851
293 0.649437
294 0.649478
295 0.650425
296 0.650203
297 0.650828
298 0.651178
299 0.651315
300 0.652385
