1 0.5
2 0.379435
3 0.325986
4 0.293787
5 0.27162
6 0.254705
7 0.241393
8 0.23019
9 0.22094
10 0.213017
11 0.205745
12 0.199375
13 0.193816
14 0.188553
15 0.184055
16 0.179993
17 0.176086
18 0.172763
19 0.169289
20 0.166149
21 0.163225
22 0.160439
23 0.157852
24 0.155469
25 0.153071
26 0.151023
27 0.148759
28 0.146886
29 0.145084
30 0.143113
31 0.141465
32 0.139636
33 0.138244
34 0.136701
35 0.135295
36 0.133948
37 0.132528
38 0.131344
39 0.13007
40 0.128847
41 0.127864
42 0.126823
43 0.125767
44 0.124586
45 0.123699
46 0.122754
47 0.121831
48 0.120969
49 0.120267
50 0.119482
51 0.118671
52 0.11797
53 0.117041
54 0.116418
55 0.115691
56 0.115095
57 0.114458
58 0.113928
59 0.113364
60 0.112671
61 0.111967
62 0.111586
63 0.110894
64 0.110562
65 0.109849
66 0.109322
67 0.108841
68 0.108492
69 0.108025
70 0.107363
71 0.106954
72 0.106513
73 0.106076
74 0.105585
75 0.105204
76 0.104871
77 0.104397
78 0.103968
79 0.103666
80 0.103348
81 0.102816
82 0.102366
83 0.102082
84 0.101805
85 0.101509
86 0.101137
87 0.100818
88 0.100545
89 0.10024
90 0.0998951
91 0.0995666
92 0.0993313
93 0.0990522
94 0.0987541
95 0.0985109
96 0.0981661
97 0.0979728
98 0.0975657
99 0.0974776
100 0.0972179
101 0.0968548
102 0.0967052
103 0.0963759
104 0.0962438
105 0.0959306
106 0.0956399
107 0.0954926
108 0.0952935
109 0.0950292
110 0.0947395
111 0.0946761
112 0.0944305
113 0.0941354
114 0.0940599
115 0.093725
116 0.0935607
117 0.0933727
118 0.0932287
119 0.0930702
120 0.0928554
121 0.0927608
122 0.0926193
123 0.0923488
124 0.0921968
125 0.0919399
126 0.0917906
127 0.0916588
128 0.0916649
129 0.0913863
130 0.0912393
131 0.0910751
132 0.0908775
133 0.0907725
134 0.0906497
135 0.0904851
136 0.0902554
137 0.0901537
138 0.089997
139 0.0899409
140 0.089695
141 0.089652
142 0.0894224
143 0.0893813
144 0.0892215
145 0.0890704
146 0.0888652
147 0.0887783
148 0.0886926
149 0.0885769
150 0.0885108
151 0.0883068
152 0.0881748
153 0.0879997
154 0.0879342
155 0.0878907
156 0.0877321
157 0.0875503
158 0.0874467
159 0.0874026
160 0.0871125
161 0.0871366
162 0.0870022
163 0.0868141
164 0.086814
165 0.0865889
166 0.0865446
167 0.0864605
168 0.0863591
169 0.0862997
170 0.0861731
171 0.086043
172 0.0859857
173 0.085894
174 0.085714
175 0.085713
176 0.0855802
177 0.0854532
178 0.0853735
179 0.0852197
180 0.0851196
181 0.0850742
182 0.0849453
183 0.0849067
184 0.0847444
185 0.0846207
186 0.0846381
187 0.0845962
188 0.0844108
189 0.0843238
190 0.0842971
191 0.0842141
192 0.0840446
193 0.0840899
194 0.0839129
195 0.0838814
196 0.0838989
197 0.0836361
198 0.083712
199 0.0835149
200 0.0834396
201 0.0833496
202 0.0833148
203 0.0832565
204 0.0831621
205 0.0830183
206 0.0830341
207 0.0829715
208 0.0828819
209 0.0827838
210 0.0827577
211 0.0827591
212 0.0825914
213 0.082493
214 0.0824321
215 0.0824068
216 0.0822109
217 0.0822214
218 0.0822154
219 0.0820118
220 0.0820369
221 0.0819748
222 0.0818732
223 0.0819177
224 0.0818477
225 0.0818236
226 0.0817317
227 0.0815705
228 0.0814909
229 0.0814737
230 0.0813918
231 0.0813512
232 0.081339
233 0.081212
234 0.0810544
235 0.0810807
236 0.0810481
237 0.08097
238 0.0808597
239 0.0808093
240 0.0807847
241 0.0807701
242 0.0806044
243 0.0806443
244 0.0806009
245 0.0805515
246 0.0804924
247 0.0803784
248 0.0803753
249 0.0803095
250 0.0803004
251 0.0802621
252 0.0800842
253 0.0800892
254 0.0801115
255 0.0800192
256 0.0800872
257 0.0799686
258 0.0798092
259 0.0799292
260 0.0796731
261 0.0797428
262 0.0796384
263 0.0796832
264 0.0796113
265 0.0795225
266 0.0794958
267 0.0793918
268 0.0794125
269 0.0793554
270 0.0793035
271 0.0792799
272 0.0792277
273 0.0791602
274 0.079123
275 0.0790875
276 0.0790253
277 0.0789573
278 0.0790632
279 0.0788587
280 0.0788436
281 0.078757
282 0.0787439
283 0.0786833
284 0.078692
285 0.0786798
286 0.0786231
287 0.0785502
288 0.078485
289 0.078461
290 0.0784124
291 0.0783804
292 0.0783364
293 0.0783393
294 0.0782755
295 0.0781972
296 0.0781681
297 0.0781332
298 0.0780752
299 0.0780389
300 0.0779956
