1 0.437538
2 0.395597
3 0.367932
4 0.345342
5 0.326756
6 0.311138
7 0.297539
8 0.285826
9 0.275315
10 0.265825
11 0.257327
12 0.249727
13 0.242635
14 0.235779
15 0.229701
16 0.223866
17 0.218564
18 0.213482
19 0.208401
20 0.204027
21 0.199713
22 0.195642
23 0.191829
24 0.188206
25 0.184841
26 0.181476
27 0.1781
28 0.175175
29 0.172224
30 0.169329
31 0.166908
32 0.164051
33 0.161726
34 0.159365
35 0.156958
36 0.154752
37 0.152756
38 0.150711
39 0.148673
40 0.146709
41 0.144897
42 0.143213
43 0.141391
44 0.139526
45 0.137919
46 0.136377
47 0.134766
48 0.133328
49 0.131856
50 0.130283
51 0.128867
52 0.127528
53 0.126046
54 0.124948
55 0.123455
56 0.122396
57 0.121176
58 0.119963
59 0.118901
60 0.117707
61 0.116563
62 0.115593
63 0.114463
64 0.113483
65 0.112292
66 0.111382
67 0.110443
68 0.109566
69 0.108611
70 0.107587
71 0.106721
72 0.105888
73 0.105037
74 0.104315
75 0.103488
76 0.102562
77 0.101878
78 0.1011
79 0.100317
80 0.099599
81 0.0987944
82 0.0980446
83 0.0973784
84 0.0966989
85 0.0961186
86 0.0952975
87 0.0946879
88 0.0940762
89 0.093451
90 0.092889
91 0.0920963
92 0.0915487
93 0.0909593
94 0.0903621
95 0.0897308
96 0.0892983
97 0.0886797
98 0.0880913
99 0.0876381
100 0.0870802
101 0.0865875
102 0.0860224
103 0.0854962
104 0.0851096
105 0.0844581
106 0.0840197
107 0.0834953
108 0.0830516
109 0.0826519
110 0.0821607
111 0.0817413
112 0.0812009
113 0.080799
114 0.0804564
115 0.0799509
116 0.0794946
117 0.0790396
118 0.0786416
119 0.0782749
120 0.0777764
121 0.0774826
122 0.0770852
123 0.0766048
124 0.0762096
125 0.0757859
126 0.0754052
127 0.0750328
128 0.0747136
129 0.0743656
130 0.0739945
131 0.0736116
132 0.0732297
133 0.0728981
134 0.072498
135 0.072203
136 0.0718368
137 0.0715854
138 0.0712278
139 0.0709197
140 0.0705457
141 0.0703487
142 0.0699658
143 0.0696521
144 0.0693286
145 0.0690227
146 0.0687427
147 0.0683609
148 0.0680917
149 0.0678129
150 0.0676108
151 0.0673053
152 0.0669371
153 0.0666532
154 0.0664916
155 0.0661375
156 0.0658512
157 0.0655474
158 0.0653456
159 0.0649971
160 0.0647884
161 0.0645825
162 0.0642359
163 0.0640531
164 0.0638031
165 0.0634666
166 0.0632849
167 0.0630203
168 0.0627984
169 0.0626049
170 0.0623236
171 0.0621199
172 0.061933
173 0.0616138
174 0.0613741
175 0.061176
176 0.0609365
177 0.0607268
178 0.060444
179 0.0603194
180 0.0599763
181 0.0598741
182 0.0596095
183 0.0594572
184 0.0592164
185 0.0589749
186 0.0588271
187 0.0586953
188 0.0583927
189 0.0582663
190 0.0580417
191 0.0578686
192 0.057599
193 0.0574371
194 0.0571704
195 0.0569938
196 0.0569245
197 0.0566365
198 0.0564929
199 0.0563002
200 0.0560746
201 0.0559344
202 0.0557694
203 0.0555358
204 0.0553393
205 0.0550772
206 0.0550282
207 0.0549073
208 0.0546865
209 0.0544718
210 0.0543588
211 0.0541943
212 0.0539809
213 0.0538221
214 0.0536821
215 0.0534461
216 0.0533278
217 0.0532332
218 0.053021
219 0.0527968
220 0.0526801
221 0.052565
222 0.0523658
223 0.0522404
224 0.0520736
225 0.0520277
226 0.0518527
227 0.0516287
228 0.0515034
229 0.0513224
230 0.0511835
231 0.0509949
232 0.0508945
233 0.0507833
234 0.0505751
235 0.0504852
236 0.0503448
237 0.0501912
238 0.0500571
239 0.0499048
240 0.0497359
241 0.0497086
242 0.0494203
243 0.0493447
244 0.0492183
245 0.0491206
246 0.0489367
247 0.0487765
248 0.0487303
249 0.0485269
250 0.0484596
251 0.0482993
252 0.0481045
253 0.0480192
254 0.0479274
255 0.0478414
256 0.0476853
257 0.047589
258 0.0473446
259 0.0473391
260 0.04713
261 0.0471179
262 0.0469205
263 0.0468555
264 0.0467102
265 0.046491
266 0.0464066
267 0.0463102
268 0.0462513
269 0.0460976
270 0.0459851
271 0.0458937
272 0.0457732
273 0.045701
274 0.0455237
275 0.0454105
276 0.0453519
277 0.0451826
278 0.045113
279 0.0449259
280 0.0448888
281 0.0447331
282 0.0447154
283 0.0445602
284 0.0444921
285 0.0443881
286 0.044297
287 0.0441365
288 0.0440855
289 0.0439
290 0.0438622
291 0.043746
292 0.0436512
293 0.0435724
294 0.0434556
295 0.0433068
296 0.0432661
297 0.043156
298 0.043036
299 0.0429709
300 0.042882
