1 0
2 0.333333
3 0.444444
4 0.434783
5 0.45098
6 0.446602
7 0.423469
8 0.405172
9 0.386441
10 0.367708
11 0.351926
12 0.339301
13 0.324492
14 0.313558
15 0.301944
16 0.29168
17 0.283125
18 0.275946
19 0.269178
20 0.263989
21 0.258672
22 0.25374
23 0.249238
24 0.244879
25 0.240624
26 0.236688
27 0.232701
28 0.228877
29 0.225408
30 0.222083
31 0.218837
32 0.21588
33 0.212961
34 0.210189
35 0.207481
36 0.204845
37 0.202344
38 0.200004
39 0.197683
40 0.195438
41 0.193318
42 0.191267
43 0.189318
44 0.187444
45 0.185622
46 0.183873
47 0.182182
48 0.18053
49 0.178911
50 0.17735
51 0.175817
52 0.174325
53 0.172843
54 0.171421
55 0.170023
56 0.168682
57 0.167368
58 0.166067
59 0.164787
60 0.163534
61 0.1623
62 0.161105
63 0.159926
64 0.158768
65 0.15763
66 0.156515
67 0.155417
68 0.154354
69 0.153311
70 0.152287
71 0.151288
72 0.150316
73 0.149362
74 0.14844
75 0.147526
76 0.146628
77 0.145749
78 0.144881
79 0.144026
80 0.143184
81 0.142361
82 0.141555
83 0.140761
84 0.139987
85 0.139223
86 0.138475
87 0.137739
88 0.137016
89 0.136304
90 0.135606
91 0.134917
92 0.134244
93 0.133582
94 0.13293
95 0.13229
96 0.131657
97 0.131035
98 0.130427
99 0.129827
100 0.12924
