1 0.219883
2 0.220238
3 0.220243
4 0.219946
5 0.220209
6 0.219717
7 0.219964
8 0.22003
9 0.219895
10 0.219718
11 0.219529
12 0.219826
13 0.219779
14 0.219837
15 0.219989
16 0.186602
17 0.186632
18 0.186711
19 0.18615
20 0.18502
21 0.18271
22 0.177659
23 0.171533
24 0.164379
25 0.158
26 0.152744
27 0.148544
28 0.144888
29 0.142932
30 0.140266
31 0.138325
32 0.136918
33 0.136605
34 0.138239
35 0.138183
36 0.138433
37 0.138921
38 0.140351
39 0.140861
40 0.14422
41 0.144033
42 0.14387
43 0.144405
44 0.144841
45 0.145014
46 0.145757
47 0.145733
48 0.145281
49 0.144805
50 0.146829
51 0.145692
52 0.144905
53 0.144117
54 0.145243
55 0.144236
56 0.146221
57 0.146704
58 0.14699
59 0.147063
60 0.148133
61 0.147846
62 0.14771
63 0.147445
64 0.14769
65 0.147879
66 0.148174
67 0.14885
68 0.14992
69 0.150303
70 0.150682
71 0.151227
72 0.151754
73 0.151822
74 0.152259
75 0.1521
76 0.151694
77 0.151588
78 0.152077
79 0.151823
80 0.15182
81 0.151411
82 0.150928
83 0.150176
84 0.149715
85 0.148753
86 0.147796
87 0.147154
88 0.146308
89 0.1454
90 0.144348
91 0.143286
92 0.142647
93 0.141449
94 0.140463
95 0.139196
96 0.138216
97 0.137309
98 0.136101
99 0.135275
100 0.134374
101 0.133402
102 0.131896
103 0.130607
104 0.129086
105 0.127818
106 0.126451
107 0.125354
108 0.124261
109 0.123298
110 0.122885
111 0.122173
112 0.121318
113 0.120949
114 0.120532
115 0.119847
116 0.11921
117 0.118082
118 0.117187
119 0.116169
120 0.115185
121 0.114319
122 0.113146
123 0.112401
124 0.111518
125 0.110895
126 0.110919
127 0.110662
128 0.110777
129 0.110389
130 0.109613
131 0.108739
132 0.107906
133 0.107125
134 0.106545
135 0.105782
136 0.105201
137 0.104964
138 0.104454
139 0.104319
140 0.103944
141 0.1035
142 0.10293
143 0.102755
144 0.102456
145 0.102115
146 0.101897
147 0.101582
148 0.101062
149 0.10045
150 0.100304
151 0.100051
152 0.0994474
153 0.0992594
154 0.0988381
155 0.0983319
156 0.097983
157 0.097613
158 0.0972016
159 0.0967434
160 0.0963196
161 0.0961188
162 0.0961568
163 0.0960377
164 0.0956029
165 0.0951662
166 0.0949215
167 0.09483
168 0.0946092
169 0.0944396
170 0.0940773
171 0.0939187
172 0.0937413
173 0.0935425
174 0.0932864
175 0.0929631
176 0.0925082
177 0.092196
178 0.0920241
179 0.0918859
180 0.0917872
181 0.0914538
182 0.091232
183 0.0910659
184 0.0911174
185 0.0909924
186 0.0905907
187 0.0902858
188 0.0899751
189 0.0898303
190 0.0896643
191 0.0896441
192 0.089542
193 0.0891989
194 0.0889381
195 0.0887313
196 0.0885472
197 0.0884705
198 0.0882318
199 0.0880944
200 0.0878217
201 0.0876963
202 0.0876804
203 0.0874944
204 0.0872372
205 0.0870994
206 0.0868393
207 0.0865772
208 0.0864594
209 0.0863993
210 0.0862425
211 0.0862021
212 0.0860582
213 0.0860199
214 0.0859261
215 0.0856031
216 0.0854547
217 0.0853642
218 0.085075
219 0.0851564
220 0.0849841
221 0.0850608
222 0.0849111
223 0.0847504
224 0.0845785
225 0.0845643
226 0.0843741
227 0.0840004
228 0.0838462
229 0.0837117
230 0.0836311
231 0.0835119
232 0.0834092
233 0.0835122
234 0.0833123
235 0.0833269
236 0.0832199
237 0.0830944
238 0.0831822
239 0.0829743
240 0.0829412
241 0.0825838
242 0.082463
243 0.082415
244 0.0824865
245 0.0825367
246 0.0824168
247 0.082195
248 0.0820602
249 0.0817531
250 0.0817183
251 0.0816668
252 0.081383
253 0.0813333
254 0.0812384
255 0.0810334
256 0.0808847
257 0.0807953
258 0.0806284
259 0.0804357
260 0.0805339
261 0.0805644
262 0.0804644
263 0.0802314
264 0.0798809
265 0.0796195
266 0.0795548
267 0.0793807
268 0.0793159
269 0.0793221
270 0.0792094
271 0.0791475
272 0.0790574
273 0.0790647
274 0.0791321
275 0.0790824
276 0.0789723
277 0.0787972
278 0.0787066
279 0.0786051
280 0.0784534
281 0.0780906
282 0.0778081
283 0.0776211
284 0.0773418
285 0.077331
286 0.0773124
287 0.0774484
288 0.0773602
289 0.077137
290 0.0770235
291 0.0767708
292 0.0766009
293 0.0763864
294 0.0760776
295 0.0758632
296 0.0758403
297 0.0757182
298 0.07554
299 0.0754636
300 0.0753572
