1 0.066537
2 0.06645
3 0.066762
4 0.066351
5 0.06646
6 0.066749
7 0.066364
8 0.066315
9 0.066156
10 0.066916
11 0.067204
12 0.067335
13 0.066727
14 0.06674
15 0.066934
16 0.098695
17 0.098454
18 0.09898
19 0.099399
20 0.101403
21 0.105493
22 0.112867
23 0.122347
24 0.132426
25 0.14201
26 0.150735
27 0.159404
28 0.16612
29 0.170287
30 0.176133
31 0.180168
32 0.183669
33 0.184931
34 0.182643
35 0.183717
36 0.184066
37 0.183762
38 0.182161
39 0.181278
40 0.176677
41 0.176808
42 0.177406
43 0.176334
44 0.176415
45 0.177089
46 0.176011
47 0.176609
48 0.178552
49 0.180347
50 0.178346
51 0.180954
52 0.183305
53 0.185693
54 0.183904
55 0.186785
56 0.186734
57 0.187974
58 0.188866
59 0.189981
60 0.189013
61 0.190131
62 0.190689
63 0.191429
64 0.191624
65 0.19148
66 0.190955
67 0.189525
68 0.188053
69 0.186904
70 0.185932
71 0.184878
72 0.183371
73 0.183017
74 0.18124
75 0.181487
76 0.181908
77 0.181425
78 0.181106
79 0.181498
80 0.181121
81 0.181711
82 0.182389
83 0.183306
84 0.183918
85 0.185416
86 0.186981
87 0.188354
88 0.190095
89 0.191882
90 0.193834
91 0.195701
92 0.197219
93 0.199684
94 0.201644
95 0.203921
96 0.206088
97 0.2084
98 0.210984
99 0.212132
100 0.213564
101 0.215449
102 0.218717
103 0.222188
104 0.225377
105 0.228268
106 0.231282
107 0.23351
108 0.236589
109 0.23894
110 0.240318
111 0.242537
112 0.244773
113 0.245894
114 0.247128
115 0.248905
116 0.250623
117 0.253071
118 0.255334
119 0.257039
120 0.259498
121 0.261184
122 0.263815
123 0.265643
124 0.267219
125 0.269107
126 0.270388
127 0.271432
128 0.271404
129 0.272336
130 0.274458
131 0.27629
132 0.278446
133 0.280194
134 0.2814
135 0.283299
136 0.284301
137 0.285569
138 0.287432
139 0.287709
140 0.288509
141 0.289965
142 0.291795
143 0.292647
144 0.293795
145 0.294872
146 0.29576
147 0.297178
148 0.298755
149 0.300399
150 0.300805
151 0.302009
152 0.303466
153 0.304743
154 0.305513
155 0.306558
156 0.307579
157 0.309165
158 0.310842
159 0.312145
160 0.313163
161 0.314094
162 0.314155
163 0.314749
164 0.316068
165 0.317689
166 0.318949
167 0.319414
168 0.320292
169 0.320983
170 0.322443
171 0.323318
172 0.324014
173 0.324933
174 0.325793
175 0.327241
176 0.328313
177 0.329433
178 0.330504
179 0.331278
180 0.331922
181 0.333078
182 0.333994
183 0.334987
184 0.335658
185 0.33595
186 0.337002
187 0.337844
188 0.338719
189 0.339408
190 0.340242
191 0.340554
192 0.34153
193 0.342358
194 0.343364
195 0.344054
196 0.344616
197 0.345451
198 0.346437
199 0.346947
200 0.3475
201 0.348095
202 0.348478
203 0.348825
204 0.349851
205 0.350462
206 0.351469
207 0.352301
208 0.352921
209 0.353684
210 0.354521
211 0.355532
212 0.356736
213 0.35697
214 0.357672
215 0.358128
216 0.358642
217 0.35921
218 0.359923
219 0.360265
220 0.360994
221 0.361233
222 0.361574
223 0.36235
224 0.363369
225 0.363009
226 0.363574
227 0.364726
228 0.36583
229 0.366804
230 0.367306
231 0.367722
232 0.368039
233 0.368361
234 0.368847
235 0.369212
236 0.369845
237 0.370448
238 0.37048
239 0.371485
240 0.371942
241 0.373038
242 0.373629
243 0.374001
244 0.374602
245 0.374581
246 0.374773
247 0.375357
248 0.37589
249 0.376956
250 0.377116
251 0.377164
252 0.378038
253 0.37854
254 0.379034
255 0.379624
256 0.380175
257 0.380692
258 0.381302
259 0.381765
260 0.382316
261 0.382953
262 0.383418
263 0.383759
264 0.384916
265 0.385511
266 0.386306
267 0.386779
268 0.387083
269 0.387592
270 0.388361
271 0.388416
272 0.389205
273 0.389877
274 0.390061
275 0.390077
276 0.390738
277 0.390928
278 0.391259
279 0.391589
280 0.392293
281 0.39305
282 0.393768
283 0.394527
284 0.395528
285 0.396105
286 0.396967
287 0.397464
288 0.398062
289 0.398635
290 0.398999
291 0.39941
292 0.399439
293 0.400361
294 0.401507
295 0.402011
296 0.402122
297 0.402528
298 0.402954
299 0.403439
300 0.404264
