1 0.066537
2 0.0664935
3 0.066583
4 0.066525
5 0.066512
6 0.0665515
7 0.0665247
8 0.0664985
9 0.0664604
10 0.066506
11 0.0665695
12 0.0666332
13 0.0666405
14 0.0666476
15 0.0666667
16 0.0686684
17 0.0704205
18 0.0720072
19 0.0734488
20 0.0748466
21 0.0763059
22 0.0779678
23 0.0798973
24 0.082086
25 0.084483
26 0.0870311
27 0.0897116
28 0.0924405
29 0.0951248
30 0.0978251
31 0.100481
32 0.103081
33 0.105561
34 0.107828
35 0.109997
36 0.112054
37 0.113992
38 0.115786
39 0.117465
40 0.118946
41 0.120357
42 0.121715
43 0.122985
44 0.1242
45 0.125375
46 0.126476
47 0.127542
48 0.128605
49 0.129661
50 0.130635
51 0.131621
52 0.132615
53 0.133617
54 0.134548
55 0.135498
56 0.136413
57 0.137317
58 0.138206
59 0.139084
60 0.139916
61 0.140739
62 0.141545
63 0.142337
64 0.143107
65 0.143851
66 0.144565
67 0.145236
68 0.145865
69 0.14646
70 0.147024
71 0.147557
72 0.148054
73 0.148533
74 0.148975
75 0.149409
76 0.149836
77 0.150247
78 0.150642
79 0.151033
80 0.151409
81 0.151783
82 0.152156
83 0.152532
84 0.152905
85 0.153288
86 0.15368
87 0.154078
88 0.154487
89 0.154908
90 0.15534
91 0.155784
92 0.156234
93 0.156701
94 0.157179
95 0.157671
96 0.158176
97 0.158693
98 0.159227
99 0.159761
100 0.160299
101 0.160846
102 0.161413
103 0.162003
104 0.162612
105 0.163238
106 0.16388
107 0.16453
108 0.165197
109 0.165874
110 0.166551
111 0.167235
112 0.167928
113 0.168618
114 0.169306
115 0.169998
116 0.170693
117 0.171398
118 0.172109
119 0.172823
120 0.173545
121 0.174269
122 0.175003
123 0.17574
124 0.176478
125 0.177219
126 0.177958
127 0.178694
128 0.179419
129 0.180139
130 0.180864
131 0.181593
132 0.182327
133 0.183062
134 0.183796
135 0.184533
136 0.185267
137 0.185999
138 0.186734
139 0.187461
140 0.188182
141 0.188904
142 0.189629
143 0.190349
144 0.191068
145 0.191783
146 0.192496
147 0.193208
148 0.193921
149 0.194635
150 0.195343
151 0.19605
152 0.196756
153 0.197462
154 0.198164
155 0.198863
156 0.19956
157 0.200258
158 0.200958
159 0.201657
160 0.202354
161 0.203048
162 0.203734
163 0.204415
164 0.205096
165 0.205778
166 0.20646
167 0.207136
168 0.20781
169 0.20848
170 0.20915
171 0.209818
172 0.210482
173 0.211143
174 0.211802
175 0.212462
176 0.21312
177 0.213777
178 0.214433
179 0.215086
180 0.215735
181 0.216383
182 0.217029
183 0.217674
184 0.218315
185 0.218951
186 0.219586
187 0.220218
188 0.220848
189 0.221476
190 0.222101
191 0.222721
192 0.22334
193 0.223956
194 0.224572
195 0.225185
196 0.225794
197 0.226401
198 0.227008
199 0.22761
200 0.22821
201 0.228806
202 0.229399
203 0.229987
204 0.230575
205 0.231159
206 0.231743
207 0.232326
208 0.232906
209 0.233483
210 0.23406
211 0.234636
212 0.235211
213 0.235783
214 0.236353
215 0.236919
216 0.237483
217 0.238044
218 0.238603
219 0.239158
220 0.239712
221 0.240262
222 0.240808
223 0.241353
224 0.241898
225 0.242436
226 0.242972
227 0.243509
228 0.244045
229 0.244581
230 0.245115
231 0.245646
232 0.246173
233 0.246698
234 0.24722
235 0.247739
236 0.248256
237 0.248772
238 0.249283
239 0.249794
240 0.250303
241 0.250813
242 0.25132
243 0.251825
244 0.252328
245 0.252827
246 0.253323
247 0.253817
248 0.254309
249 0.254802
250 0.255291
251 0.255776
252 0.256262
253 0.256745
254 0.257226
255 0.257706
256 0.258185
257 0.258661
258 0.259137
259 0.25961
260 0.260082
261 0.260553
262 0.261022
263 0.261489
264 0.261956
265 0.262422
266 0.262888
267 0.263352
268 0.263814
269 0.264274
270 0.264734
271 0.26519
272 0.265646
273 0.266101
274 0.266553
275 0.267003
276 0.267451
277 0.267897
278 0.26834
279 0.268782
280 0.269223
281 0.269664
282 0.270104
283 0.270544
284 0.270984
285 0.271423
286 0.271862
287 0.272299
288 0.272736
289 0.273172
290 0.273606
291 0.274038
292 0.274467
293 0.274897
294 0.275328
295 0.275757
296 0.276184
297 0.276609
298 0.277033
299 0.277456
300 0.277879
