1 0.499857
2 0.500048
3 0.49977
4 0.499803
5 0.499698
6 0.499907
7 0.500019
8 0.499977
9 0.500041
10 0.499989
11 0.500157
12 0.500161
13 0.500125
14 0.500129
15 0.500091
16 0.502172
17 0.504031
18 0.50565
19 0.507117
20 0.508512
21 0.509865
22 0.511365
23 0.513017
24 0.514786
25 0.516661
26 0.518607
27 0.520549
28 0.522496
29 0.524366
30 0.526203
31 0.528
32 0.529748
33 0.531371
34 0.532823
35 0.534236
36 0.535541
37 0.536763
38 0.537883
39 0.538937
40 0.539846
41 0.540712
42 0.541545
43 0.542333
44 0.543076
45 0.54379
46 0.544448
47 0.545087
48 0.545698
49 0.546294
50 0.546839
51 0.547393
52 0.547914
53 0.548421
54 0.54891
55 0.549379
56 0.549806
57 0.550219
58 0.550624
59 0.551013
60 0.551355
61 0.551688
62 0.552027
63 0.552347
64 0.552653
65 0.552952
66 0.553233
67 0.55351
68 0.55376
69 0.553981
70 0.5542
71 0.554401
72 0.554583
73 0.554765
74 0.55493
75 0.555108
76 0.55528
77 0.55545
78 0.555616
79 0.555775
80 0.555932
81 0.556092
82 0.556251
83 0.556417
84 0.556582
85 0.556753
86 0.556933
87 0.557118
88 0.557304
89 0.557498
90 0.557701
91 0.557903
92 0.558111
93 0.558328
94 0.558553
95 0.558786
96 0.559022
97 0.559271
98 0.559529
99 0.55978
100 0.560036
101 0.560299
102 0.560568
103 0.560858
104 0.561147
105 0.56144
106 0.561744
107 0.562048
108 0.562359
109 0.562667
110 0.562986
111 0.563298
112 0.563604
113 0.563914
114 0.564226
115 0.564533
116 0.56485
117 0.56516
118 0.565474
119 0.565793
120 0.566118
121 0.566436
122 0.566768
123 0.567097
124 0.567433
125 0.567758
126 0.568084
127 0.568404
128 0.56873
129 0.569045
130 0.569361
131 0.569685
132 0.570006
133 0.570324
134 0.570644
135 0.570967
136 0.571294
137 0.571608
138 0.571921
139 0.572237
140 0.572549
141 0.572865
142 0.573176
143 0.573483
144 0.573792
145 0.574099
146 0.574401
147 0.574698
148 0.574991
149 0.575291
150 0.575586
151 0.575878
152 0.576173
153 0.576459
154 0.576752
155 0.577046
156 0.577334
157 0.57762
158 0.577907
159 0.578195
160 0.57848
161 0.578762
162 0.579038
163 0.579311
164 0.579586
165 0.579858
166 0.58013
167 0.580394
168 0.580661
169 0.580929
170 0.581189
171 0.581455
172 0.581718
173 0.58198
174 0.582234
175 0.582488
176 0.582742
177 0.582996
178 0.583249
179 0.5835
180 0.58375
181 0.583998
182 0.584244
183 0.584485
184 0.584726
185 0.584963
186 0.585198
187 0.585433
188 0.585669
189 0.585901
190 0.586137
191 0.586366
192 0.586599
193 0.586826
194 0.587056
195 0.587281
196 0.587507
197 0.587729
198 0.587948
199 0.588168
200 0.588389
201 0.588608
202 0.588824
203 0.58904
204 0.589254
205 0.589463
206 0.589671
207 0.589884
208 0.590093
209 0.590305
210 0.590511
211 0.590719
212 0.590923
213 0.591124
214 0.591325
215 0.591522
216 0.591721
217 0.591921
218 0.592121
219 0.592318
220 0.592513
221 0.592705
222 0.592894
223 0.593081
224 0.593267
225 0.593459
226 0.593649
227 0.593836
228 0.594022
229 0.594204
230 0.594384
231 0.594568
232 0.594749
233 0.594926
234 0.595107
235 0.595283
236 0.595457
237 0.595627
238 0.5958
239 0.595971
240 0.596141
241 0.596312
242 0.596485
243 0.596654
244 0.59682
245 0.596985
246 0.597149
247 0.597312
248 0.597473
249 0.597635
250 0.597794
251 0.597953
252 0.598112
253 0.598272
254 0.59843
255 0.598591
256 0.59875
257 0.598908
258 0.599066
259 0.599224
260 0.599377
261 0.599529
262 0.59968
263 0.599832
264 0.599981
265 0.600135
266 0.600287
267 0.60044
268 0.600587
269 0.600737
270 0.600883
271 0.601032
272 0.601179
273 0.601322
274 0.601468
275 0.601613
276 0.601755
277 0.601898
278 0.60204
279 0.60218
280 0.602322
281 0.602461
282 0.602603
283 0.602742
284 0.602882
285 0.603023
286 0.603163
287 0.603304
288 0.603443
289 0.603578
290 0.603712
291 0.603848
292 0.603984
293 0.604117
294 0.604254
295 0.604389
296 0.604528
297 0.604661
298 0.604795
299 0.604929
300 0.60506
