1 0.5
2 0.353561
3 0.288587
4 0.249935
5 0.22357
6 0.204112
7 0.189065
8 0.17684
9 0.166737
10 0.158086
11 0.150687
12 0.144282
13 0.138603
14 0.133534
15 0.128994
16 0.124863
17 0.121165
18 0.117691
19 0.114511
20 0.111508
21 0.108569
22 0.105758
23 0.103098
24 0.100628
25 0.0983836
26 0.0964124
27 0.0946579
28 0.0931272
29 0.0917767
30 0.0906283
31 0.0896125
32 0.088793
33 0.0881049
34 0.0875268
35 0.0870272
36 0.0865664
37 0.0861527
38 0.0857167
39 0.0853351
40 0.0848853
41 0.084438
42 0.0839978
43 0.0835486
44 0.0830859
45 0.0826226
46 0.0821807
47 0.0817334
48 0.0813084
49 0.0808931
50 0.0804369
51 0.0800348
52 0.0796551
53 0.0793237
54 0.0789863
55 0.0786808
56 0.0784115
57 0.0782046
58 0.0780345
59 0.0778718
60 0.0777104
61 0.0775751
62 0.0774553
63 0.0773398
64 0.0772466
65 0.0771685
66 0.0770766
67 0.0769551
68 0.0768442
69 0.0767176
70 0.076589
71 0.0764438
72 0.0762906
73 0.0761092
74 0.0759217
75 0.0757179
76 0.0755031
77 0.0752593
78 0.0749988
79 0.0747237
80 0.0744404
81 0.0741422
82 0.0738315
83 0.0735122
84 0.0731852
85 0.0728443
86 0.0725088
87 0.072154
88 0.0717965
89 0.0714345
90 0.0710624
91 0.0706973
92 0.0703365
93 0.069992
94 0.0696371
95 0.0692912
96 0.0689454
97 0.0686094
98 0.0682696
99 0.0679507
100 0.0676162
101 0.0672912
102 0.0669839
103 0.0666864
104 0.0663987
105 0.0661291
106 0.0658715
107 0.0656248
108 0.0653898
109 0.0651727
110 0.0649705
111 0.0647706
112 0.0645774
113 0.0643935
114 0.0642164
115 0.0640542
116 0.063893
117 0.0637408
118 0.0635951
119 0.0634534
120 0.0633225
121 0.0632026
122 0.0630821
123 0.0629712
124 0.062868
125 0.0627671
126 0.0626764
127 0.0625795
128 0.0624897
129 0.0623888
130 0.0623078
131 0.062221
132 0.06214
133 0.062076
134 0.0620122
135 0.0619457
136 0.0618892
137 0.0618364
138 0.0617865
139 0.0617337
140 0.061678
141 0.0616273
142 0.0615923
143 0.0615446
144 0.0615007
145 0.0614649
146 0.0614255
147 0.0613879
148 0.0613508
149 0.0613088
150 0.0612756
151 0.0612472
152 0.0612203
153 0.0611952
154 0.0611686
155 0.0611426
156 0.0611197
157 0.0611004
158 0.0610807
159 0.0610681
160 0.0610565
161 0.0610435
162 0.0610364
163 0.061029
164 0.061019
165 0.0610098
166 0.0610003
167 0.0609959
168 0.0609945
169 0.0609911
170 0.0609944
171 0.06099
172 0.0609932
173 0.0609953
174 0.0609972
175 0.0609976
176 0.0610061
177 0.0610126
178 0.061026
179 0.0610343
180 0.0610472
181 0.061061
182 0.0610746
183 0.0610889
184 0.0611024
185 0.0611147
186 0.0611303
187 0.0611446
188 0.0611658
189 0.0611818
190 0.0611957
191 0.0612134
192 0.0612315
193 0.0612486
194 0.0612659
195 0.0612913
196 0.0613157
197 0.0613421
198 0.061359
199 0.0613866
200 0.0614104
201 0.0614266
202 0.0614497
203 0.0614745
204 0.0614992
205 0.0615219
206 0.0615447
207 0.0615668
208 0.0615932
209 0.0616149
210 0.0616412
211 0.0616692
212 0.0616919
213 0.0617226
214 0.0617494
215 0.0617786
216 0.0618059
217 0.0618322
218 0.0618582
219 0.0618845
220 0.0619129
221 0.0619422
222 0.0619682
223 0.0619985
224 0.0620277
225 0.0620588
226 0.0620886
227 0.0621163
228 0.0621434
229 0.0621737
230 0.0622009
231 0.0622251
232 0.0622472
233 0.0622716
234 0.0622958
235 0.0623235
236 0.0623508
237 0.0623778
238 0.0624031
239 0.0624321
240 0.0624591
241 0.0624867
242 0.0625126
243 0.062542
244 0.0625677
245 0.0625927
246 0.0626153
247 0.062638
248 0.0626629
249 0.0626868
250 0.0627135
251 0.0627379
252 0.0627612
253 0.0627865
254 0.0628101
255 0.0628341
256 0.062855
257 0.0628715
258 0.0628929
259 0.0629139
260 0.0629333
261 0.0629517
262 0.0629691
263 0.0629901
264 0.0630105
265 0.0630297
266 0.0630497
267 0.0630647
268 0.0630806
269 0.0630999
270 0.0631178
271 0.0631382
272 0.0631526
273 0.0631707
274 0.0631882
275 0.0632034
276 0.0632209
277 0.0632319
278 0.0632464
279 0.0632637
280 0.0632779
281 0.0632904
282 0.0633069
283 0.0633217
284 0.063337
285 0.0633498
286 0.0633622
287 0.0633763
288 0.0633886
289 0.0633998
290 0.0634087
291 0.0634208
292 0.0634337
293 0.0634466
294 0.0634561
295 0.0634649
296 0.0634745
297 0.0634859
298 0.0634939
299 0.0635032
300 0.0635138
