1 0.499857
2 0.500239
3 0.499215
4 0.499901
5 0.499277
6 0.500953
7 0.500692
8 0.499683
9 0.500554
10 0.499515
11 0.501845
12 0.5002
13 0.499699
14 0.500183
15 0.499554
16 0.533386
17 0.533776
18 0.53317
19 0.533532
20 0.535019
21 0.536923
22 0.542867
23 0.549357
24 0.555471
25 0.561657
26 0.567249
27 0.571043
28 0.575085
29 0.576718
30 0.579462
31 0.581927
32 0.583924
33 0.5833
34 0.580757
35 0.582274
36 0.58121
37 0.580762
38 0.579318
39 0.578984
40 0.575304
41 0.575342
42 0.575721
43 0.575426
44 0.574999
45 0.575234
46 0.574029
47 0.574501
48 0.574391
49 0.574916
50 0.573571
51 0.575074
52 0.574503
53 0.574751
54 0.57485
55 0.5747
56 0.573301
57 0.573332
58 0.573734
59 0.573572
60 0.571514
61 0.571685
62 0.572683
63 0.572208
64 0.571909
65 0.572103
66 0.571513
67 0.571753
68 0.570516
69 0.56902
70 0.569286
71 0.568498
72 0.567488
73 0.567881
74 0.566995
75 0.56827
76 0.568188
77 0.568337
78 0.568386
79 0.568164
80 0.568379
81 0.568921
82 0.569128
83 0.56997
84 0.570325
85 0.571084
86 0.572218
87 0.573098
88 0.573441
89 0.5746
90 0.575784
91 0.57608
92 0.577022
93 0.578303
94 0.57945
95 0.580642
96 0.581516
97 0.58318
98 0.584491
99 0.584398
100 0.585335
101 0.586626
102 0.587798
103 0.590447
104 0.590914
105 0.591882
106 0.593681
107 0.59424
108 0.595592
109 0.595922
110 0.597754
111 0.597677
112 0.597537
113 0.598707
114 0.59943
115 0.599534
116 0.601338
117 0.601115
118 0.602236
119 0.603394
120 0.604841
121 0.60448
122 0.607022
123 0.607265
124 0.608667
125 0.608147
126 0.608844
127 0.608711
128 0.610042
129 0.60945
130 0.610061
131 0.611788
132 0.612129
133 0.612254
134 0.613251
135 0.614252
136 0.615411
137 0.614297
138 0.61477
139 0.615847
140 0.61599
141 0.617089
142 0.617028
143 0.617087
144 0.618005
145 0.61829
146 0.618095
147 0.618075
148 0.618119
149 0.619692
150 0.619452
151 0.619719
152 0.620727
153 0.619898
154 0.621712
155 0.622288
156 0.621914
157 0.622307
158 0.622916
159 0.623769
160 0.623665
161 0.623972
162 0.623474
163 0.62349
164 0.624476
165 0.624499
166 0.624949
167 0.624183
168 0.625244
169 0.625946
170 0.625132
171 0.626782
172 0.626566
173 0.627043
174 0.626232
175 0.626752
176 0.627124
177 0.627676
178 0.628051
179 0.628229
180 0.628395
181 0.628695
182 0.628738
183 0.62842
184 0.628782
185 0.628615
186 0.628644
187 0.629211
188 0.629796
189 0.629374
190 0.630714
191 0.629906
192 0.631154
193 0.630366
194 0.631477
195 0.630978
196 0.6316
197 0.631093
198 0.631134
199 0.631724
200 0.632437
201 0.632389
202 0.63215
203 0.63281
204 0.632696
205 0.631966
206 0.632474
207 0.633589
208 0.633416
209 0.63442
210 0.633537
211 0.634491
212 0.633891
213 0.633815
214 0.63401
215 0.633687
216 0.634561
217 0.635176
218 0.635566
219 0.635197
220 0.635268
221 0.634825
222 0.634784
223 0.634618
224 0.634644
225 0.636418
226 0.636525
227 0.635952
228 0.636417
229 0.635615
230 0.635631
231 0.636867
232 0.636631
233 0.636004
234 0.637105
235 0.6365
236 0.636404
237 0.635792
238 0.636731
239 0.636614
240 0.636954
241 0.637209
242 0.638265
243 0.637386
244 0.637261
245 0.637222
246 0.637435
247 0.637303
248 0.637299
249 0.637807
250 0.637418
251 0.637649
252 0.638041
253 0.638637
254 0.638348
255 0.639424
256 0.639261
257 0.639542
258 0.639671
259 0.639884
260 0.639126
261 0.638839
262 0.639171
263 0.639598
264 0.639162
265 0.640929
266 0.640487
267 0.641139
268 0.639823
269 0.640889
270 0.640323
271 0.641139
272 0.641134
273 0.640028
274 0.641346
275 0.64141
276 0.640869
277 0.641418
278 0.641172
279 0.641174
280 0.642031
281 0.64142
282 0.642417
283 0.641819
284 0.642578
285 0.643169
286 0.643086
287 0.643648
288 0.643091
289 0.642458
290 0.642665
291 0.643194
292 0.643466
293 0.643127
294 0.644434
295 0.64407
296 0.645454
297 0.643968
298 0.644652
299 0.64488
300 0.644158
