1 0
2 0
3 0
4 0
5 0
6 0
7 0.0181706
8 0.0222655
9 0
10 0.0050043
11 0.00427773
12 0.00496258
13 0.00716523
14 0.00317407
15 0.00599393
16 0.0192957
17 0.0183199
18 0.0158365
19 0.0227701
20 0.0286211
21 0.0291375
22 0.0261044
23 0.0205772
24 0.0227979
25 0.0150568
26 0.0150756
27 0.0176999
28 0.0148115
29 0.0144181
30 0.0147751
31 0.0171662
32 0.0169917
33 0.0161613
34 0.0154926
35 0.0186251
36 0.0239932
37 0.0245384
38 0.0251
39 0.0267639
40 0.0290157
41 0.029455
42 0.0288403
43 0.0310762
44 0.0313127
45 0.0315938
46 0.0312948
47 0.0314828
48 0.0312311
49 0.0302262
50 0.0302543
51 0.0309981
52 0.0297663
53 0.0285104
54 0.0267748
55 0.0274064
56 0.026061
57 0.0256838
58 0.0254682
59 0.0249697
60 0.0257288
61 0.0258414
62 0.0254062
63 0.0258713
64 0.0256486
65 0.0253963
66 0.0254994
67 0.0254679
68 0.0253438
69 0.0256929
70 0.0258794
71 0.0270449
72 0.0276684
73 0.0290115
74 0.0293951
75 0.0298797
76 0.030505
77 0.0308567
78 0.0314812
79 0.0316473
80 0.0318459
81 0.0323487
82 0.0329957
83 0.0336658
84 0.0348871
85 0.0353773
86 0.03533
87 0.0354173
88 0.0355331
89 0.0359265
90 0.036132
91 0.0364455
92 0.036637
93 0.036075
94 0.0362904
95 0.0367695
96 0.0368062
97 0.0370186
98 0.0376046
99 0.0379768
100 0.0380735
