1 0.49966
2 0.501277
3 0.50293
4 0.504493
5 0.506137
6 0.507668
7 0.509209
8 0.510618
9 0.512091
10 0.513601
11 0.515079
12 0.516583
13 0.518013
14 0.519486
15 0.520996
16 0.522453
17 0.52391
18 0.525418
19 0.526892
20 0.528347
21 0.529797
22 0.531208
23 0.532586
24 0.534
25 0.535381
26 0.536782
27 0.538181
28 0.53959
29 0.540995
30 0.542406
31 0.543807
32 0.545161
33 0.546493
34 0.54783
35 0.549173
36 0.550507
37 0.551828
38 0.553126
39 0.554443
40 0.555731
41 0.556994
42 0.558264
43 0.559524
44 0.560771
45 0.562005
46 0.563234
47 0.564458
48 0.565653
49 0.566859
50 0.568035
51 0.569229
52 0.570387
53 0.571551
54 0.572693
55 0.573807
56 0.574922
57 0.576029
58 0.577122
59 0.578207
60 0.579305
61 0.580375
62 0.581418
63 0.582472
64 0.58351
65 0.584536
66 0.585558
67 0.586568
68 0.58757
69 0.588564
70 0.589548
71 0.590526
72 0.591481
73 0.592436
74 0.593382
75 0.594321
76 0.595238
77 0.596156
78 0.597071
79 0.597978
80 0.598874
81 0.599763
82 0.600641
83 0.601507
84 0.60238
85 0.603239
86 0.60409
87 0.604919
88 0.605761
89 0.606597
90 0.607429
91 0.608243
92 0.609054
93 0.60985
94 0.61064
95 0.611415
96 0.612198
97 0.612969
98 0.613733
99 0.614483
100 0.615231
101 0.615978
102 0.616715
103 0.617441
104 0.618164
105 0.618881
106 0.619597
107 0.6203
108 0.620993
109 0.62169
110 0.62238
111 0.62306
112 0.62373
113 0.624405
114 0.625073
115 0.625745
116 0.6264
117 0.627049
118 0.627681
119 0.628324
120 0.628958
121 0.629588
122 0.630216
123 0.630838
124 0.631445
125 0.632052
126 0.632654
127 0.633255
128 0.63385
129 0.634442
130 0.635031
131 0.635607
132 0.636189
133 0.636761
134 0.63733
135 0.637892
136 0.638448
137 0.639001
138 0.63955
139 0.640099
140 0.640644
141 0.641186
142 0.641724
143 0.642261
144 0.642792
145 0.64332
146 0.643845
147 0.644361
148 0.644877
149 0.645385
150 0.64589
151 0.646392
152 0.646891
153 0.647385
154 0.647881
155 0.648369
156 0.648851
157 0.649333
158 0.649809
159 0.65028
160 0.650749
161 0.651216
162 0.651683
163 0.652143
164 0.652604
165 0.653058
166 0.653512
167 0.653967
168 0.654417
169 0.654861
170 0.655306
171 0.655746
172 0.656185
173 0.656616
174 0.65705
175 0.657472
176 0.657897
177 0.65832
178 0.658736
179 0.659153
180 0.659562
181 0.659973
182 0.660379
183 0.660784
184 0.661187
185 0.661589
186 0.661988
187 0.662387
188 0.662783
189 0.663173
190 0.663562
191 0.663946
192 0.664329
193 0.664707
194 0.665086
195 0.665462
196 0.665836
197 0.666211
198 0.666579
199 0.666946
200 0.66731
201 0.667676
202 0.668035
203 0.668394
204 0.668752
205 0.669106
206 0.669458
207 0.669808
208 0.670157
209 0.670502
210 0.670843
211 0.671186
212 0.671524
213 0.671865
214 0.672202
215 0.672537
216 0.672874
217 0.673208
218 0.673539
219 0.673862
220 0.674191
221 0.674518
222 0.674838
223 0.675156
224 0.675477
225 0.675796
226 0.676114
227 0.676427
228 0.676739
229 0.677047
230 0.677356
231 0.677667
232 0.677971
233 0.678275
234 0.678576
235 0.678878
236 0.679178
237 0.679474
238 0.67977
239 0.680063
240 0.680354
241 0.680644
242 0.680935
243 0.681223
244 0.68151
245 0.681793
246 0.682077
247 0.682359
248 0.682641
249 0.682921
250 0.6832
251 0.683475
252 0.683751
253 0.684023
254 0.684296
255 0.684565
256 0.684835
257 0.685103
258 0.685372
259 0.685637
260 0.685901
261 0.686164
262 0.686428
263 0.686688
264 0.686947
265 0.687208
266 0.687464
267 0.687721
268 0.687976
269 0.688228
270 0.688479
271 0.688729
272 0.688978
273 0.689227
274 0.689473
275 0.689721
276 0.689966
277 0.69021
278 0.690453
279 0.690694
280 0.690934
281 0.691175
282 0.691416
283 0.691653
284 0.691891
285 0.692128
286 0.692363
287 0.692601
288 0.692835
289 0.693064
290 0.693296
291 0.693525
292 0.693754
293 0.693979
294 0.694208
295 0.694432
296 0.694656
297 0.694878
298 0.6951
299 0.69532
300 0.695541
