1 0.313655
2 0.312397
3 0.31093
4 0.309484
5 0.307934
6 0.306446
7 0.304974
8 0.303521
9 0.301988
10 0.300489
11 0.298984
12 0.297458
13 0.295981
14 0.294499
15 0.293022
16 0.291536
17 0.290062
18 0.288606
19 0.287149
20 0.285681
21 0.28424
22 0.282801
23 0.281373
24 0.279944
25 0.278528
26 0.277119
27 0.275727
28 0.274317
29 0.27293
30 0.271547
31 0.270171
32 0.268811
33 0.267455
34 0.266104
35 0.26477
36 0.263436
37 0.262107
38 0.260799
39 0.259496
40 0.258212
41 0.256934
42 0.255658
43 0.254396
44 0.253144
45 0.251902
46 0.250671
47 0.249453
48 0.248244
49 0.247046
50 0.245861
51 0.244682
52 0.243515
53 0.242358
54 0.241214
55 0.240079
56 0.238961
57 0.23785
58 0.236747
59 0.235655
60 0.234571
61 0.233501
62 0.232441
63 0.231393
64 0.230351
65 0.229317
66 0.228291
67 0.227279
68 0.226274
69 0.225281
70 0.224295
71 0.22332
72 0.222357
73 0.221399
74 0.220452
75 0.219513
76 0.218586
77 0.217665
78 0.216748
79 0.215844
80 0.214945
81 0.214058
82 0.21318
83 0.212308
84 0.211441
85 0.210586
86 0.209735
87 0.208893
88 0.208062
89 0.207237
90 0.206416
91 0.205603
92 0.204797
93 0.203998
94 0.203208
95 0.202426
96 0.201648
97 0.200881
98 0.200118
99 0.199361
100 0.198611
101 0.197867
102 0.197133
103 0.196403
104 0.19568
105 0.194963
106 0.19425
107 0.193544
108 0.192844
109 0.192151
110 0.191464
111 0.190782
112 0.190105
113 0.189433
114 0.188768
115 0.188106
116 0.18745
117 0.1868
118 0.186156
119 0.185518
120 0.184882
121 0.184254
122 0.183629
123 0.18301
124 0.182393
125 0.181784
126 0.181181
127 0.18058
128 0.179983
129 0.179391
130 0.178803
131 0.178222
132 0.177643
133 0.177072
134 0.176504
135 0.175942
136 0.175381
137 0.174825
138 0.174274
139 0.173726
140 0.173183
141 0.172645
142 0.17211
143 0.171578
144 0.171049
145 0.170525
146 0.170004
147 0.169489
148 0.168976
149 0.168466
150 0.167962
151 0.167459
152 0.166961
153 0.166466
154 0.165975
155 0.165487
156 0.165002
157 0.164521
158 0.164043
159 0.163568
160 0.163096
161 0.162628
162 0.162162
163 0.161701
164 0.161241
165 0.160785
166 0.160333
167 0.159882
168 0.159434
169 0.158991
170 0.158549
171 0.158111
172 0.157677
173 0.157244
174 0.156814
175 0.156388
176 0.155964
177 0.155543
178 0.155124
179 0.154708
180 0.154296
181 0.153886
182 0.153477
183 0.153071
184 0.152669
185 0.152269
186 0.15187
187 0.151474
188 0.151081
189 0.150691
190 0.150302
191 0.149915
192 0.149531
193 0.14915
194 0.148771
195 0.148395
196 0.14802
197 0.147648
198 0.147277
199 0.146909
200 0.146544
201 0.14618
202 0.145818
203 0.145459
204 0.145101
205 0.144747
206 0.144394
207 0.144043
208 0.143695
209 0.143349
210 0.143004
211 0.142661
212 0.14232
213 0.141981
214 0.141643
215 0.141308
216 0.140974
217 0.140643
218 0.140313
219 0.139985
220 0.139659
221 0.139336
222 0.139013
223 0.138693
224 0.138373
225 0.138055
226 0.13774
227 0.137426
228 0.137114
229 0.136803
230 0.136495
231 0.136187
232 0.135882
233 0.135578
234 0.135276
235 0.134975
236 0.134676
237 0.134379
238 0.134083
239 0.133788
240 0.133496
241 0.133205
242 0.132915
243 0.132627
244 0.132341
245 0.132056
246 0.131772
247 0.13149
248 0.131209
249 0.13093
250 0.130652
251 0.130375
252 0.1301
253 0.129826
254 0.129554
255 0.129282
256 0.129012
257 0.128743
258 0.128476
259 0.12821
260 0.127944
261 0.127681
262 0.127419
263 0.127158
264 0.126898
265 0.12664
266 0.126383
267 0.126127
268 0.125872
269 0.125619
270 0.125367
271 0.125116
272 0.124866
273 0.124618
274 0.12437
275 0.124123
276 0.123878
277 0.123634
278 0.123391
279 0.12315
280 0.122909
281 0.122669
282 0.12243
283 0.122192
284 0.121957
285 0.121721
286 0.121487
287 0.121254
288 0.121022
289 0.120791
290 0.120561
291 0.120332
292 0.120104
293 0.119878
294 0.119652
295 0.119428
296 0.119204
297 0.118982
298 0.11876
299 0.118539
300 0.11832
