1 0.49966
2 0.502893
3 0.506237
4 0.50918
5 0.512713
6 0.515324
7 0.518453
8 0.520487
9 0.523873
10 0.527193
11 0.529853
12 0.533128
13 0.535178
14 0.538637
15 0.542134
16 0.544304
17 0.547226
18 0.551043
19 0.553441
20 0.555991
21 0.558781
22 0.560849
23 0.562889
24 0.566535
25 0.568526
26 0.571798
27 0.574565
28 0.57763
29 0.580332
30 0.583328
31 0.585837
32 0.587138
33 0.589102
34 0.591946
35 0.594853
36 0.597201
37 0.599368
38 0.601153
39 0.604507
40 0.605963
41 0.607507
42 0.610318
43 0.61244
44 0.6144
45 0.616296
46 0.618571
47 0.620753
48 0.621798
49 0.624756
50 0.625676
51 0.628893
52 0.629491
53 0.63208
54 0.633191
55 0.633982
56 0.636258
57 0.638006
58 0.639387
59 0.641156
60 0.6441
61 0.644586
62 0.645018
63 0.647846
64 0.648858
65 0.650224
66 0.651998
67 0.653249
68 0.654706
69 0.656143
70 0.657433
71 0.658982
72 0.659258
73 0.661191
74 0.662494
75 0.663815
76 0.664014
77 0.665917
78 0.667491
79 0.668753
80 0.669659
81 0.6709
82 0.67176
83 0.672463
84 0.674821
85 0.675429
86 0.676426
87 0.676231
88 0.679037
89 0.68015
90 0.681432
91 0.681517
92 0.682888
93 0.68307
94 0.684052
95 0.684264
96 0.686601
97 0.686973
98 0.687921
99 0.687966
100 0.689228
101 0.690657
102 0.691227
103 0.691502
104 0.692616
105 0.693433
106 0.694764
107 0.694833
108 0.695141
109 0.696954
110 0.697569
111 0.69789
112 0.698137
113 0.700008
114 0.700464
115 0.702442
116 0.701743
117 0.702325
118 0.701546
119 0.704223
120 0.704407
121 0.705142
122 0.706231
123 0.706732
124 0.706114
125 0.707266
126 0.707967
127 0.708996
128 0.70945
129 0.710224
130 0.710962
131 0.710519
132 0.712362
133 0.712247
134 0.713097
135 0.713125
136 0.713513
137 0.714267
138 0.714724
139 0.715933
140 0.716328
141 0.717051
142 0.717559
143 0.718574
144 0.718649
145 0.719482
146 0.71986
147 0.71975
148 0.720696
149 0.720632
150 0.721036
151 0.721714
152 0.722289
153 0.722473
154 0.723794
155 0.723444
156 0.723644
157 0.72453
158 0.724452
159 0.724777
160 0.725317
161 0.725968
162 0.726741
163 0.726701
164 0.727728
165 0.727617
166 0.728343
167 0.729477
168 0.729581
169 0.729525
170 0.730492
171 0.730437
172 0.731332
173 0.730764
174 0.732088
175 0.730902
176 0.732249
177 0.732736
178 0.732537
179 0.733212
180 0.732887
181 0.733835
182 0.733871
183 0.734597
184 0.734883
185 0.735643
186 0.735702
187 0.736682
188 0.736823
189 0.736382
190 0.737189
191 0.736877
192 0.737427
193 0.737355
194 0.738221
195 0.738459
196 0.738656
197 0.739699
198 0.739088
199 0.739728
200 0.739632
201 0.740881
202 0.740309
203 0.740864
204 0.741376
205 0.741358
206 0.741695
207 0.741892
208 0.742404
209 0.742154
210 0.74221
211 0.743139
212 0.742941
213 0.744135
214 0.744016
215 0.744076
216 0.745409
217 0.74529
218 0.745398
219 0.744399
220 0.746062
221 0.746576
222 0.745492
223 0.745674
224 0.74711
225 0.747257
226 0.747809
227 0.74703
228 0.747659
229 0.747307
230 0.748065
231 0.749085
232 0.748189
233 0.748868
234 0.74876
235 0.749568
236 0.749571
237 0.749434
238 0.749814
239 0.749885
240 0.74996
241 0.750157
242 0.751151
243 0.750749
244 0.751428
245 0.750638
246 0.751875
247 0.751553
248 0.752468
249 0.752274
250 0.752572
251 0.752347
252 0.753034
253 0.752422
254 0.75335
255 0.753073
256 0.753584
257 0.753612
258 0.754634
259 0.753985
260 0.754342
261 0.754617
262 0.755095
263 0.75499
264 0.755099
265 0.75608
266 0.755295
267 0.756098
268 0.75594
269 0.755797
270 0.756121
271 0.755992
272 0.756496
273 0.756931
274 0.756799
275 0.757537
276 0.757449
277 0.757447
278 0.757977
279 0.757434
280 0.75796
281 0.758734
282 0.759003
283 0.758654
284 0.75926
285 0.759411
286 0.759202
287 0.760628
288 0.760246
289 0.758927
290 0.760226
291 0.760009
292 0.76048
293 0.759746
294 0.761123
295 0.760342
296 0.760742
297 0.760494
298 0.761036
299 0.761007
300 0.761444
