1 0.067134
2 0.06762
3 0.068503
4 0.0693915
5 0.0704132
6 0.0714908
7 0.0724714
8 0.0735041
9 0.0745916
10 0.0757159
11 0.0768885
12 0.0780557
13 0.0792152
14 0.0804129
15 0.0816659
16 0.0829143
17 0.0841693
18 0.0854841
19 0.0868059
20 0.0881561
21 0.0894979
22 0.0908705
23 0.0922372
24 0.093642
25 0.0950759
26 0.0965246
27 0.0979839
28 0.0994714
29 0.100962
30 0.102481
31 0.103992
32 0.105524
33 0.107083
34 0.108652
35 0.110234
36 0.111819
37 0.113431
38 0.115034
39 0.116655
40 0.118281
41 0.11991
42 0.121543
43 0.123201
44 0.124849
45 0.126516
46 0.128172
47 0.129832
48 0.131491
49 0.133156
50 0.134819
51 0.13648
52 0.138139
53 0.139812
54 0.141477
55 0.143138
56 0.144795
57 0.146444
58 0.148105
59 0.149756
60 0.151411
61 0.153056
62 0.154693
63 0.156324
64 0.157962
65 0.159598
66 0.161221
67 0.162841
68 0.164459
69 0.166066
70 0.167677
71 0.169276
72 0.170869
73 0.172457
74 0.174037
75 0.175617
76 0.177182
77 0.178746
78 0.180302
79 0.181856
80 0.183399
81 0.184929
82 0.186457
83 0.187975
84 0.189495
85 0.191004
86 0.192506
87 0.194007
88 0.195492
89 0.196975
90 0.198455
91 0.199925
92 0.20139
93 0.202853
94 0.204307
95 0.205746
96 0.207193
97 0.208616
98 0.210035
99 0.211447
100 0.212858
101 0.214259
102 0.215649
103 0.217036
104 0.218415
105 0.219784
106 0.221151
107 0.222513
108 0.223864
109 0.22521
110 0.226548
111 0.227882
112 0.229209
113 0.230532
114 0.231841
115 0.233152
116 0.234454
117 0.235745
118 0.237033
119 0.238308
120 0.239582
121 0.240843
122 0.242108
123 0.24336
124 0.244612
125 0.245856
126 0.247088
127 0.248318
128 0.249538
129 0.250756
130 0.251971
131 0.253177
132 0.254377
133 0.255567
134 0.256752
135 0.25793
136 0.259106
137 0.260276
138 0.261436
139 0.262594
140 0.263746
141 0.264892
142 0.266032
143 0.267169
144 0.268303
145 0.269426
146 0.270546
147 0.271659
148 0.272771
149 0.273878
150 0.274977
151 0.276074
152 0.277163
153 0.278245
154 0.279323
155 0.280396
156 0.281464
157 0.282527
158 0.283584
159 0.284637
160 0.285685
161 0.286728
162 0.287765
163 0.288799
164 0.28983
165 0.290854
166 0.291875
167 0.292892
168 0.293902
169 0.294905
170 0.295909
171 0.296903
172 0.297898
173 0.298883
174 0.299869
175 0.300847
176 0.301822
177 0.302794
178 0.303759
179 0.304724
180 0.305677
181 0.306625
182 0.307576
183 0.308521
184 0.309459
185 0.310394
186 0.311327
187 0.312259
188 0.313182
189 0.314101
190 0.31502
191 0.315936
192 0.316845
193 0.317751
194 0.318653
195 0.319548
196 0.320441
197 0.321332
198 0.322218
199 0.323098
200 0.323975
201 0.324849
202 0.32572
203 0.326589
204 0.327454
205 0.32831
206 0.329166
207 0.330018
208 0.330867
209 0.33171
210 0.332554
211 0.333391
212 0.334227
213 0.335057
214 0.335888
215 0.336714
216 0.337536
217 0.33835
218 0.339165
219 0.339978
220 0.340788
221 0.341591
222 0.342392
223 0.343192
224 0.343991
225 0.344783
226 0.345573
227 0.34636
228 0.347146
229 0.347924
230 0.348702
231 0.349478
232 0.35025
233 0.35102
234 0.351783
235 0.352546
236 0.353303
237 0.354057
238 0.354811
239 0.355564
240 0.356312
241 0.357056
242 0.357796
243 0.358533
244 0.359265
245 0.359999
246 0.360729
247 0.361458
248 0.362182
249 0.362903
250 0.363623
251 0.364342
252 0.365055
253 0.365766
254 0.366476
255 0.367184
256 0.367891
257 0.368592
258 0.369291
259 0.36999
260 0.370686
261 0.37138
262 0.37207
263 0.372755
264 0.37344
265 0.374121
266 0.374801
267 0.37548
268 0.376154
269 0.376825
270 0.377494
271 0.378159
272 0.378825
273 0.379484
274 0.380144
275 0.380803
276 0.38146
277 0.382111
278 0.382761
279 0.383411
280 0.384057
281 0.384702
282 0.385345
283 0.385984
284 0.386621
285 0.387258
286 0.38789
287 0.388522
288 0.38915
289 0.389776
290 0.390399
291 0.391021
292 0.391642
293 0.392261
294 0.392878
295 0.393492
296 0.394102
297 0.394712
298 0.39532
299 0.395926
300 0.396531
