1 0.499166
2 0.509256
3 0.518481
4 0.528746
5 0.538517
6 0.547278
7 0.556724
8 0.566512
9 0.576098
10 0.584075
11 0.593069
12 0.601132
13 0.609345
14 0.617636
15 0.62595
16 0.633564
17 0.64159
18 0.649448
19 0.656248
20 0.663556
21 0.670487
22 0.678301
23 0.683473
24 0.689677
25 0.69638
26 0.701998
27 0.708587
28 0.713744
29 0.719472
30 0.724587
31 0.729517
32 0.73479
33 0.738941
34 0.744022
35 0.748023
36 0.751861
37 0.75699
38 0.75995
39 0.763951
40 0.767696
41 0.770676
42 0.774582
43 0.77766
44 0.780943
45 0.784714
46 0.787396
47 0.790544
48 0.792957
49 0.795141
50 0.797966
51 0.800303
52 0.803467
53 0.805305
54 0.8073
55 0.809905
56 0.811049
57 0.813444
58 0.814737
59 0.8173
60 0.818365
61 0.820844
62 0.823197
63 0.823978
64 0.826045
65 0.82731
66 0.829155
67 0.830454
68 0.832067
69 0.833261
70 0.834966
71 0.836315
72 0.837046
73 0.838949
74 0.839515
75 0.841251
76 0.842279
77 0.843882
78 0.844099
79 0.845321
80 0.847035
81 0.84796
82 0.848836
83 0.849698
84 0.850751
85 0.851504
86 0.852595
87 0.853262
88 0.854666
89 0.854909
90 0.856666
91 0.857297
92 0.857854
93 0.858606
94 0.859531
95 0.860383
96 0.860549
97 0.861694
98 0.862329
99 0.863325
100 0.863492
101 0.863326
102 0.864944
103 0.865477
104 0.866284
105 0.866412
106 0.867188
107 0.867899
108 0.868937
109 0.869739
110 0.869999
111 0.870501
112 0.870662
113 0.871722
114 0.871938
115 0.872535
116 0.873307
117 0.873389
118 0.874182
119 0.874046
120 0.874802
121 0.875323
122 0.875811
123 0.876379
124 0.876859
125 0.877338
126 0.878348
127 0.877614
128 0.878596
129 0.878637
130 0.879297
131 0.879639
132 0.880121
133 0.880537
134 0.880968
135 0.880823
136 0.881715
137 0.881876
138 0.882294
139 0.88268
140 0.883026
141 0.883572
142 0.883508
143 0.883774
144 0.884639
145 0.884353
146 0.885048
147 0.886195
148 0.885422
149 0.886459
150 0.886582
151 0.886639
152 0.886898
153 0.887349
154 0.887512
155 0.887829
156 0.888287
157 0.888607
158 0.88889
159 0.889402
160 0.889833
161 0.88954
162 0.889988
163 0.890095
164 0.890315
165 0.890894
166 0.891153
167 0.890765
168 0.891543
169 0.891686
170 0.89246
171 0.892142
172 0.89246
173 0.893154
174 0.892703
175 0.893216
176 0.893782
177 0.893926
178 0.894056
179 0.893716
180 0.894549
181 0.894846
182 0.894972
183 0.895409
184 0.894986
185 0.895354
186 0.895591
187 0.895765
188 0.896381
189 0.896021
190 0.896365
191 0.896472
192 0.897276
193 0.897184
194 0.89697
195 0.89755
196 0.897712
197 0.89833
198 0.897771
199 0.898492
200 0.897897
201 0.898329
202 0.898812
203 0.898428
204 0.899187
205 0.899023
206 0.899466
207 0.899199
208 0.899235
209 0.899884
210 0.900039
211 0.900139
212 0.90002
213 0.900036
214 0.900732
215 0.901732
216 0.90117
217 0.901492
218 0.901164
219 0.901671
220 0.901599
221 0.901657
222 0.901762
223 0.902006
224 0.901826
225 0.902646
226 0.902228
227 0.902912
228 0.9027
229 0.902653
230 0.90303
231 0.903175
232 0.903096
233 0.904015
234 0.903399
235 0.90373
236 0.903523
237 0.904621
238 0.903822
239 0.904228
240 0.904551
241 0.904921
242 0.904889
243 0.905127
244 0.904921
245 0.904967
246 0.905615
247 0.905694
248 0.905284
249 0.905269
250 0.905683
251 0.905957
252 0.905412
253 0.905858
254 0.905568
255 0.906255
256 0.906442
257 0.906849
258 0.906253
259 0.906826
260 0.906833
261 0.906798
262 0.90682
263 0.90725
264 0.907456
265 0.907459
266 0.90726
267 0.906922
268 0.907394
269 0.907416
270 0.907298
271 0.907848
272 0.908543
273 0.908465
274 0.90852
275 0.90851
276 0.908328
277 0.908781
278 0.90785
279 0.908518
280 0.908743
281 0.908694
282 0.909248
283 0.909356
284 0.909473
285 0.909041
286 0.909418
287 0.909383
288 0.909426
289 0.909195
290 0.909914
291 0.910181
292 0.909977
293 0.909821
294 0.909998
295 0.909882
296 0.910188
297 0.910502
298 0.910363
299 0.910384
300 0.910125
