1 0.437976
2 0.428158
3 0.418311
4 0.408495
5 0.399016
6 0.389529
7 0.380806
8 0.371449
9 0.362372
10 0.353391
11 0.344787
12 0.336488
13 0.328069
14 0.319389
15 0.31173
16 0.303984
17 0.295755
18 0.288238
19 0.281377
20 0.274108
21 0.267105
22 0.259787
23 0.253916
24 0.24718
25 0.241231
26 0.235104
27 0.229017
28 0.22374
29 0.218258
30 0.213057
31 0.208006
32 0.202998
33 0.199006
34 0.193896
35 0.189456
36 0.185468
37 0.181023
38 0.177443
39 0.173465
40 0.170076
41 0.16651
42 0.162893
43 0.15954
44 0.156621
45 0.153295
46 0.150336
47 0.147669
48 0.144601
49 0.142535
50 0.139645
51 0.137591
52 0.134743
53 0.132227
54 0.130551
55 0.128109
56 0.126252
57 0.12412
58 0.122313
59 0.120272
60 0.118748
61 0.116689
62 0.114946
63 0.113493
64 0.111401
65 0.109931
66 0.108469
67 0.10692
68 0.105752
69 0.104305
70 0.102785
71 0.10137
72 0.100432
73 0.0990674
74 0.0976493
75 0.0964963
76 0.0951339
77 0.0943546
78 0.0930692
79 0.0919549
80 0.0910539
81 0.0899103
82 0.0887477
83 0.0878573
84 0.0868758
85 0.0860459
86 0.0849647
87 0.0844476
88 0.0831636
89 0.0824713
90 0.0814655
91 0.0807908
92 0.079946
93 0.0790495
94 0.0782782
95 0.0777219
96 0.0770135
97 0.0761742
98 0.0752688
99 0.0746176
100 0.0739005
101 0.07368
102 0.0725948
103 0.072041
104 0.0714629
105 0.0708193
106 0.0702568
107 0.0694997
108 0.0689595
109 0.068331
110 0.0678505
111 0.0672656
112 0.0669868
113 0.0660882
114 0.0655324
115 0.065257
116 0.0644825
117 0.0640986
118 0.0636676
119 0.0633079
120 0.0627143
121 0.0621923
122 0.0616433
123 0.0610299
124 0.0606629
125 0.0604013
126 0.0598196
127 0.0598228
128 0.059182
129 0.0587627
130 0.0582077
131 0.0577254
132 0.0575875
133 0.0570801
134 0.0566729
135 0.0564541
136 0.0559082
137 0.0555172
138 0.0551
139 0.0550585
140 0.0544535
141 0.0540912
142 0.0536864
143 0.0532417
144 0.0530565
145 0.0527374
146 0.0525419
147 0.0519527
148 0.0518551
149 0.0513686
150 0.0510592
151 0.0509488
152 0.0504168
153 0.0503945
154 0.0499949
155 0.0496654
156 0.0492107
157 0.0488465
158 0.0487405
159 0.0484673
160 0.04815
161 0.0480349
162 0.0473952
163 0.0474239
164 0.047025
165 0.0469424
166 0.0467011
167 0.0463492
168 0.0460963
169 0.045918
170 0.0454245
171 0.0454075
172 0.0452278
173 0.0449394
174 0.0446439
175 0.0444133
176 0.0441646
177 0.0440336
178 0.0437137
179 0.0436123
180 0.0431347
181 0.0429866
182 0.0428185
183 0.0426521
184 0.0422862
185 0.0421915
186 0.0421086
187 0.0418431
188 0.04151
189 0.0414654
190 0.0411595
191 0.0410908
192 0.0408467
193 0.0404988
194 0.0404572
195 0.0401965
196 0.0399705
197 0.0398134
198 0.03979
199 0.0395165
200 0.0392475
201 0.0391579
202 0.038856
203 0.0387802
204 0.0386603
205 0.0384752
206 0.0382588
207 0.0381996
208 0.0380496
209 0.0376987
210 0.0375332
211 0.0375038
212 0.0372308
213 0.0371044
214 0.0368072
215 0.0366657
216 0.0365455
217 0.0364641
218 0.0362787
219 0.0360192
220 0.0360622
221 0.0360522
222 0.0358473
223 0.0356376
224 0.0354564
225 0.0351673
226 0.0351015
227 0.0350044
228 0.0347471
229 0.0347249
230 0.0345785
231 0.0344522
232 0.0343519
233 0.03412
234 0.0340678
235 0.0337664
236 0.0338347
237 0.0335282
238 0.0335664
239 0.0332374
240 0.0333031
241 0.0329784
242 0.0328641
243 0.0327633
244 0.0327466
245 0.0325518
246 0.0323217
247 0.0324246
248 0.0322184
249 0.032196
250 0.031919
251 0.032003
252 0.031759
253 0.0317107
254 0.0315312
255 0.0314339
256 0.0312928
257 0.0311382
258 0.0309104
259 0.0309846
260 0.0310278
261 0.0308755
262 0.0307617
263 0.0305446
264 0.0306036
265 0.0303068
266 0.0302251
267 0.0301425
268 0.0300664
269 0.0299186
270 0.0297438
271 0.0296545
272 0.0296563
273 0.0295233
274 0.0294555
275 0.029329
276 0.0291585
277 0.0289714
278 0.029037
279 0.0288775
280 0.0287548
281 0.0288243
282 0.028602
283 0.0286348
284 0.0283991
285 0.0282823
286 0.0284513
287 0.0280183
288 0.0281087
289 0.028086
290 0.027853
291 0.0277126
292 0.0276119
293 0.0277538
294 0.0275952
295 0.027585
296 0.0273484
297 0.0271925
298 0.0272705
299 0.0270794
300 0.027065
