1 0.066797
2 0.070259
3 0.073698
4 0.077381
5 0.082233
6 0.086461
7 0.0908
8 0.095869
9 0.10043
10 0.105365
11 0.110646
12 0.115704
13 0.121257
14 0.126783
15 0.132387
16 0.138454
17 0.144876
18 0.150081
19 0.156351
20 0.162949
21 0.168874
22 0.175893
23 0.182012
24 0.188541
25 0.195193
26 0.201886
27 0.208095
28 0.214747
29 0.222052
30 0.228174
31 0.234936
32 0.241957
33 0.247318
34 0.254075
35 0.26091
36 0.266403
37 0.273805
38 0.279422
39 0.284897
40 0.291216
41 0.297532
42 0.30339
43 0.308635
44 0.314616
45 0.319856
46 0.325627
47 0.330994
48 0.336062
49 0.340964
50 0.346267
51 0.351436
52 0.356505
53 0.36154
54 0.365598
55 0.370136
56 0.37541
57 0.379814
58 0.383435
59 0.388306
60 0.391377
61 0.396574
62 0.400467
63 0.404383
64 0.408649
65 0.412174
66 0.41637
67 0.420751
68 0.423301
69 0.427718
70 0.430917
71 0.434515
72 0.437334
73 0.440378
74 0.444602
75 0.446966
76 0.451039
77 0.453852
78 0.456744
79 0.460205
80 0.462651
81 0.466218
82 0.468779
83 0.471807
84 0.474634
85 0.47739
86 0.479735
87 0.482334
88 0.485559
89 0.487173
90 0.490548
91 0.493415
92 0.495211
93 0.497779
94 0.500541
95 0.502544
96 0.504634
97 0.507791
98 0.509965
99 0.511559
100 0.514669
101 0.51577
102 0.518421
103 0.520795
104 0.523088
105 0.525312
106 0.526643
107 0.528791
108 0.530704
109 0.532696
110 0.534727
111 0.537069
112 0.538277
113 0.540523
114 0.542818
115 0.544047
116 0.545977
117 0.547245
118 0.548753
119 0.550563
120 0.552664
121 0.554423
122 0.556296
123 0.558413
124 0.559936
125 0.561266
126 0.563242
127 0.563834
128 0.566023
129 0.567371
130 0.569208
131 0.570411
132 0.572483
133 0.573848
134 0.57511
135 0.576336
136 0.577671
137 0.579557
138 0.581369
139 0.581605
140 0.583023
141 0.584967
142 0.586827
143 0.58829
144 0.589339
145 0.590087
146 0.591432
147 0.592912
148 0.593529
149 0.595221
150 0.597087
151 0.597127
152 0.599094
153 0.600347
154 0.601174
155 0.602804
156 0.604697
157 0.605414
158 0.60661
159 0.606955
160 0.608966
161 0.609689
162 0.610618
163 0.612086
164 0.613393
165 0.614371
166 0.615575
167 0.616821
168 0.617757
169 0.618345
170 0.620325
171 0.620254
172 0.622113
173 0.622869
174 0.623114
175 0.624942
176 0.626055
177 0.626649
178 0.627944
179 0.62837
180 0.629449
181 0.631374
182 0.63174
183 0.63298
184 0.633479
185 0.63448
186 0.634931
187 0.636803
188 0.636964
189 0.638309
190 0.639373
191 0.639745
192 0.640465
193 0.642152
194 0.64245
195 0.643446
196 0.64443
197 0.645137
198 0.645469
199 0.646561
200 0.647338
201 0.648437
202 0.649486
203 0.650662
204 0.650885
205 0.651289
206 0.652784
207 0.653078
208 0.653848
209 0.655081
210 0.655467
211 0.656081
212 0.657059
213 0.658099
214 0.659134
215 0.659242
216 0.660084
217 0.660354
218 0.661296
219 0.662455
220 0.663356
221 0.663544
222 0.663942
223 0.66505
224 0.665888
225 0.666824
226 0.66734
227 0.66816
228 0.668528
229 0.669023
230 0.669824
231 0.67115
232 0.671716
233 0.67201
234 0.672757
235 0.673821
236 0.673861
237 0.67428
238 0.67528
239 0.675984
240 0.676745
241 0.677523
242 0.677994
243 0.678157
244 0.679057
245 0.679538
246 0.680831
247 0.680219
248 0.681607
249 0.681969
250 0.682746
251 0.682854
252 0.683837
253 0.684035
254 0.68512
255 0.68571
256 0.686515
257 0.687115
258 0.687746
259 0.688142
260 0.688362
261 0.688478
262 0.689623
263 0.690387
264 0.690872
265 0.691456
266 0.69187
267 0.692628
268 0.692564
269 0.6938
270 0.693423
271 0.694426
272 0.694858
273 0.695828
274 0.696063
275 0.696719
276 0.697467
277 0.698132
278 0.69764
279 0.698624
280 0.699055
281 0.699562
282 0.699957
283 0.700866
284 0.701036
285 0.702212
286 0.702255
287 0.703437
288 0.703505
289 0.703851
290 0.704207
291 0.705007
292 0.705343
293 0.705384
294 0.705696
295 0.706415
296 0.707034
297 0.707701
298 0.708319
299 0.709013
300 0.708541
