1 0.937605
2 0.937605
3 0.937605
4 0.937605
5 0.937605
6 0.937605
7 0.937605
8 0.937605
9 0.937605
10 0.937605
11 0.937605
12 0.937605
13 0.937605
14 0.937605
15 0.937605
16 0.937605
17 0.937605
18 0.937605
19 0.937605
20 0.937605
21 0.937605
22 0.937605
23 0.937605
24 0.937605
25 0.937605
26 0.937605
27 0.937605
28 0.937605
29 0.937605
30 0.937605
31 0.937605
32 0.937605
33 0.937605
34 0.937605
35 0.937605
36 0.937605
37 0.937605
38 0.937605
39 0.937605
40 0.937605
41 0.937605
42 0.937605
43 0.937605
44 0.937605
45 0.937605
46 0.937605
47 0.937605
48 0.937605
49 0.937605
50 0.937605
51 0.937605
52 0.937605
53 0.937605
54 0.937605
55 0.937605
56 0.937605
57 0.937605
58 0.937605
59 0.937605
60 0.937605
61 0.937605
62 0.937605
63 0.937605
64 0.937605
65 0.937605
66 0.937605
67 0.937605
68 0.937605
69 0.937605
70 0.937605
71 0.937605
72 0.937605
73 0.937605
74 0.937605
75 0.937605
76 0.937605
77 0.937605
78 0.937605
79 0.937605
80 0.937605
81 0.937605
82 0.937605
83 0.937605
84 0.937605
85 0.937605
86 0.937605
87 0.937605
88 0.937605
89 0.937605
90 0.937605
91 0.937605
92 0.937605
93 0.937605
94 0.937605
95 0.937605
96 0.937605
97 0.937605
98 0.937605
99 0.937605
100 0.937605
101 0.937605
102 0.937605
103 0.937605
104 0.937605
105 0.937605
106 0.937605
107 0.937605
108 0.937605
109 0.937605
110 0.937605
111 0.937605
112 0.937605
113 0.937605
114 0.937605
115 0.937605
116 0.937605
117 0.937605
118 0.937605
119 0.937605
120 0.937605
121 0.937605
122 0.937605
123 0.937605
124 0.937605
125 0.937605
126 0.937605
127 0.937605
128 0.937605
129 0.937605
130 0.937605
131 0.937605
132 0.937605
133 0.937605
134 0.937605
135 0.937605
136 0.937605
137 0.937605
138 0.937605
139 0.937605
140 0.937605
141 0.937605
142 0.937605
143 0.937605
144 0.937605
145 0.937605
146 0.937605
147 0.937605
148 0.937605
149 0.937605
150 0.937605
151 0.937605
152 0.937605
153 0.937605
154 0.937605
155 0.937605
156 0.937605
157 0.937605
158 0.937605
159 0.937605
160 0.937605
161 0.937605
162 0.937605
163 0.937605
164 0.937605
165 0.937605
166 0.937605
167 0.937605
168 0.937605
169 0.937605
170 0.937605
171 0.937605
172 0.937605
173 0.937605
174 0.937605
175 0.937605
176 0.937605
177 0.937605
178 0.937605
179 0.937605
180 0.937605
181 0.937605
182 0.937605
183 0.937605
184 0.937605
185 0.937605
186 0.937605
187 0.937605
188 0.937605
189 0.937605
190 0.937605
191 0.937605
192 0.937605
193 0.937605
194 0.937605
195 0.937605
196 0.937605
197 0.937605
198 0.937605
199 0.937605
200 0.937605
201 0.937605
202 0.937605
203 0.937605
204 0.937605
205 0.937605
206 0.937605
207 0.937605
208 0.937605
209 0.937605
210 0.937605
211 0.937605
212 0.937605
213 0.937605
214 0.937605
215 0.937605
216 0.937605
217 0.937605
218 0.937605
219 0.937605
220 0.937605
221 0.937605
222 0.937605
223 0.937605
224 0.937605
225 0.937605
226 0.937605
227 0.937605
228 0.937605
229 0.937605
230 0.937605
231 0.937605
232 0.937605
233 0.937605
234 0.937605
235 0.937605
236 0.937605
237 0.937605
238 0.937605
239 0.937605
240 0.937605
241 0.937605
242 0.937605
243 0.937605
244 0.937605
245 0.937605
246 0.937605
247 0.937605
248 0.937605
249 0.937605
250 0.937605
251 0.937605
252 0.937605
253 0.937605
254 0.937605
255 0.937605
256 0.937605
257 0.937605
258 0.937605
259 0.937605
260 0.937605
261 0.937605
262 0.937605
263 0.937605
264 0.937605
265 0.937605
266 0.937605
267 0.937605
268 0.937605
269 0.937605
270 0.937605
271 0.937605
272 0.937605
273 0.937605
274 0.937605
275 0.937605
276 0.937605
277 0.937605
278 0.937605
279 0.937605
280 0.937605
281 0.937605
282 0.937605
283 0.937605
284 0.937605
285 0.937605
286 0.937605
287 0.937605
288 0.937605
289 0.937605
290 0.937605
291 0.937605
292 0.937605
293 0.937605
294 0.937605
295 0.937605
296 0.937605
297 0.937605
298 0.937605
299 0.937605
300 0.937605
