1 0.5
2 0.499915
3 0.499659
4 0.499174
5 0.498515
6 0.49776
7 0.496773
8 0.495557
9 0.494176
10 0.492881
11 0.491262
12 0.489666
13 0.487898
14 0.485965
15 0.483877
16 0.481831
17 0.479534
18 0.477144
19 0.47496
20 0.472493
21 0.470037
22 0.467129
23 0.465122
24 0.462627
25 0.459821
26 0.457381
27 0.454414
28 0.452011
29 0.449258
30 0.446723
31 0.44421
32 0.441446
33 0.439213
34 0.43641
35 0.434149
36 0.431934
37 0.428902
38 0.427114
39 0.424654
40 0.422303
41 0.420399
42 0.417858
43 0.415819
44 0.413608
45 0.411022
46 0.409151
47 0.406921
48 0.405188
49 0.4036
50 0.401518
51 0.399774
52 0.397377
53 0.395967
54 0.39442
55 0.392377
56 0.391471
57 0.389556
58 0.388512
59 0.386421
60 0.385544
61 0.383484
62 0.381503
63 0.38084
64 0.379072
65 0.37798
66 0.376375
67 0.375235
68 0.373808
69 0.372744
70 0.371212
71 0.369991
72 0.369325
73 0.367579
74 0.367056
75 0.365443
76 0.36448
77 0.362968
78 0.362763
79 0.3616
80 0.359955
81 0.359061
82 0.35821
83 0.357368
84 0.356335
85 0.355592
86 0.35451
87 0.353846
88 0.352438
89 0.352194
90 0.350414
91 0.349771
92 0.349201
93 0.348429
94 0.347474
95 0.34659
96 0.346418
97 0.345222
98 0.344556
99 0.343505
100 0.343328
101 0.343504
102 0.341785
103 0.341215
104 0.340348
105 0.34021
106 0.339373
107 0.338602
108 0.337471
109 0.336592
110 0.336306
111 0.335753
112 0.335575
113 0.3344
114 0.33416
115 0.333494
116 0.33263
117 0.332538
118 0.331645
119 0.331799
120 0.330945
121 0.330354
122 0.329798
123 0.32915
124 0.3286
125 0.32805
126 0.326885
127 0.327732
128 0.326598
129 0.32655
130 0.325783
131 0.325385
132 0.324821
133 0.324334
134 0.323828
135 0.323998
136 0.322947
137 0.322756
138 0.322261
139 0.321803
140 0.321391
141 0.320739
142 0.320815
143 0.320497
144 0.319458
145 0.319803
146 0.318965
147 0.317576
148 0.318513
149 0.317254
150 0.317104
151 0.317035
152 0.316719
153 0.316167
154 0.315967
155 0.315578
156 0.315014
157 0.31462
158 0.31427
159 0.313635
160 0.313099
161 0.313464
162 0.312906
163 0.312773
164 0.312498
165 0.311774
166 0.311449
167 0.311935
168 0.310958
169 0.310778
170 0.3098
171 0.310202
172 0.3098
173 0.308919
174 0.309492
175 0.30884
176 0.308118
177 0.307934
178 0.307767
179 0.308202
180 0.307135
181 0.306753
182 0.306591
183 0.306027
184 0.306573
185 0.306098
186 0.305792
187 0.305567
188 0.304767
189 0.305235
190 0.304788
191 0.304649
192 0.3036
193 0.30372
194 0.304
195 0.303241
196 0.303028
197 0.302215
198 0.302951
199 0.302002
200 0.302785
201 0.302217
202 0.301579
203 0.302086
204 0.301082
205 0.3013
206 0.300712
207 0.301067
208 0.301019
209 0.300156
210 0.299949
211 0.299816
212 0.299975
213 0.299953
214 0.299023
215 0.297678
216 0.298435
217 0.298002
218 0.298443
219 0.29776
220 0.297858
221 0.297779
222 0.297638
223 0.297308
224 0.297551
225 0.296441
226 0.297008
227 0.296079
228 0.296367
229 0.296431
230 0.295918
231 0.295721
232 0.295829
233 0.294572
234 0.295415
235 0.294963
236 0.295246
237 0.293739
238 0.294837
239 0.29428
240 0.293836
241 0.293326
242 0.29337
243 0.293041
244 0.293326
245 0.293262
246 0.292365
247 0.292256
248 0.292824
249 0.292845
250 0.292271
251 0.29189
252 0.292647
253 0.292028
254 0.29243
255 0.291475
256 0.291214
257 0.290645
258 0.291478
259 0.290678
260 0.290668
261 0.290717
262 0.290686
263 0.290083
264 0.289794
265 0.28979
266 0.290069
267 0.290543
268 0.289881
269 0.28985
270 0.290016
271 0.289242
272 0.288259
273 0.28837
274 0.288292
275 0.288306
276 0.288564
277 0.287922
278 0.289239
279 0.288295
280 0.287976
281 0.288045
282 0.287258
283 0.287104
284 0.286937
285 0.287552
286 0.287015
287 0.287065
288 0.287004
289 0.287333
290 0.286307
291 0.285924
292 0.286216
293 0.28644
294 0.286186
295 0.286352
296 0.285914
297 0.285463
298 0.285663
299 0.285632
300 0.286004
