1 0.5
2 0.357481
3 0.295054
4 0.258007
5 0.232896
6 0.214569
7 0.200423
8 0.188974
9 0.17961
10 0.171636
11 0.164819
12 0.158931
13 0.153624
14 0.14896
15 0.144817
16 0.14104
17 0.137604
18 0.134507
19 0.131627
20 0.129007
21 0.126569
22 0.124307
23 0.122185
24 0.120215
25 0.11839
26 0.116722
27 0.115134
28 0.113661
29 0.112255
30 0.110933
31 0.109716
32 0.108555
33 0.107474
34 0.106481
35 0.10555
36 0.104657
37 0.103813
38 0.103034
39 0.102315
40 0.101626
41 0.100971
42 0.100361
43 0.0997815
44 0.0992387
45 0.0987294
46 0.0982672
47 0.0978311
48 0.0974161
49 0.0970311
50 0.0966713
51 0.0963234
52 0.0959858
53 0.0956801
54 0.0953912
55 0.0951144
56 0.0948653
57 0.0946266
58 0.0944034
59 0.0941821
60 0.0939883
61 0.0937954
62 0.0936125
63 0.0934491
64 0.0932971
65 0.0931454
66 0.0929991
67 0.0928618
68 0.0927359
69 0.0926064
70 0.0924944
71 0.0923781
72 0.0922701
73 0.0921708
74 0.0920784
75 0.0919897
76 0.0919005
77 0.0918091
78 0.0917362
79 0.0916533
80 0.0915732
81 0.0914928
82 0.0914188
83 0.0913531
84 0.0912837
85 0.0912228
86 0.0911531
87 0.0910918
88 0.0910281
89 0.0909744
90 0.0909138
91 0.0908636
92 0.0908031
93 0.0907534
94 0.0906961
95 0.0906449
96 0.0905959
97 0.0905456
98 0.0905033
99 0.0904442
100 0.0903925
101 0.0903508
102 0.0903022
103 0.09026
104 0.0902155
105 0.0901746
106 0.0901318
107 0.0900875
108 0.0900383
109 0.0899862
110 0.08994
111 0.0898981
112 0.0898535
113 0.089812
114 0.0897673
115 0.0897222
116 0.08968
117 0.0896355
118 0.0895869
119 0.0895438
120 0.089502
121 0.0894655
122 0.0894216
123 0.0893807
124 0.0893423
125 0.0892997
126 0.0892579
127 0.0892166
128 0.089175
129 0.0891335
130 0.0890925
131 0.0890501
132 0.0890087
133 0.088965
134 0.0889309
135 0.0888911
136 0.0888472
137 0.088807
138 0.0887679
139 0.08873
140 0.0886909
141 0.0886497
142 0.0886108
143 0.0885715
144 0.0885286
145 0.0884872
146 0.0884499
147 0.0884081
148 0.0883686
149 0.0883255
150 0.088288
151 0.0882503
152 0.0882074
153 0.088167
154 0.0881237
155 0.0880844
156 0.0880442
157 0.0880018
158 0.0879587
159 0.0879172
160 0.0878764
161 0.0878367
162 0.0877972
163 0.0877567
164 0.0877163
165 0.0876783
166 0.0876378
167 0.0875996
168 0.0875592
169 0.0875194
170 0.0874778
171 0.0874385
172 0.0873979
173 0.087358
174 0.0873185
175 0.0872765
176 0.0872341
177 0.0871923
178 0.0871516
179 0.0871147
180 0.0870741
181 0.0870355
182 0.086995
183 0.0869543
184 0.0869151
185 0.0868786
186 0.0868379
187 0.0867961
188 0.0867567
189 0.0867161
190 0.0866769
191 0.0866374
192 0.0865951
193 0.0865558
194 0.0865172
195 0.0864782
196 0.086439
197 0.0863991
198 0.0863584
199 0.0863184
200 0.0862813
201 0.0862441
202 0.0862072
203 0.0861683
204 0.0861291
205 0.0860919
206 0.0860513
207 0.0860115
208 0.0859728
209 0.0859351
210 0.0858955
211 0.0858584
212 0.0858231
213 0.0857866
214 0.0857497
215 0.0857117
216 0.0856724
217 0.0856342
218 0.0855978
219 0.0855586
220 0.0855186
221 0.0854812
222 0.0854449
223 0.085409
224 0.0853729
225 0.0853359
226 0.0852992
227 0.085262
228 0.085226
229 0.0851902
230 0.0851531
231 0.0851167
232 0.0850804
233 0.0850397
234 0.0850031
235 0.0849668
236 0.0849304
237 0.0848923
238 0.0848576
239 0.084821
240 0.0847839
241 0.0847473
242 0.0847117
243 0.0846747
244 0.0846387
245 0.0846042
246 0.0845683
247 0.0845305
248 0.0844949
249 0.0844604
250 0.0844257
251 0.0843904
252 0.0843576
253 0.0843212
254 0.0842874
255 0.084253
256 0.0842194
257 0.0841835
258 0.0841489
259 0.0841128
260 0.0840782
261 0.0840419
262 0.0840094
263 0.0839747
264 0.0839401
265 0.0839057
266 0.083872
267 0.0838416
268 0.0838087
269 0.0837768
270 0.0837433
271 0.0837099
272 0.0836752
273 0.0836424
274 0.0836076
275 0.0835739
276 0.0835416
277 0.0835067
278 0.0834745
279 0.0834412
280 0.0834087
281 0.0833757
282 0.0833431
283 0.0833096
284 0.0832769
285 0.0832429
286 0.0832119
287 0.083181
288 0.0831506
289 0.0831204
290 0.0830889
291 0.0830563
292 0.0830228
293 0.0829934
294 0.0829628
295 0.082931
296 0.0829
297 0.0828701
298 0.0828387
299 0.0828076
300 0.0827763
