1 0.332839
2 0.334508
3 0.332653
4 0.53353
5 0.545954
6 0.499672
7 0.494588
8 0.451784
9 0.372466
10 0.448322
11 0.567706
12 0.531908
13 0.545052
14 0.533018
15 0.56598
16 0.54907
17 0.540759
18 0.48173
19 0.50524
20 0.516978
21 0.568934
22 0.571547
23 0.586191
24 0.575593
25 0.564279
26 0.588583
27 0.577637
28 0.581809
29 0.566832
30 0.588859
31 0.58135
32 0.601284
33 0.56818
34 0.597202
35 0.58699
36 0.591435
37 0.586853
38 0.60217
39 0.611818
40 0.606966
41 0.618843
42 0.616706
43 0.614039
44 0.629167
45 0.620972
46 0.622286
47 0.609682
48 0.602654
49 0.618713
50 0.620412
51 0.62755
52 0.638407
53 0.625508
54 0.629381
55 0.634527
56 0.63947
57 0.635973
58 0.634081
59 0.633946
60 0.636193
61 0.650994
62 0.643108
63 0.643477
64 0.641782
65 0.649385
66 0.649479
67 0.647649
68 0.651521
69 0.651019
70 0.65272
71 0.657884
72 0.655163
73 0.656313
74 0.649903
75 0.663134
76 0.664841
77 0.660541
78 0.665694
79 0.663417
80 0.666362
81 0.675238
82 0.666636
83 0.671868
84 0.668833
85 0.671583
86 0.671386
87 0.667847
88 0.669665
89 0.671044
90 0.677007
91 0.670774
92 0.6674
93 0.677088
94 0.679017
95 0.677585
96 0.683394
97 0.684419
98 0.684843
99 0.683205
100 0.685893
101 0.687049
102 0.689231
103 0.685328
104 0.687434
105 0.684101
106 0.688677
107 0.689666
108 0.689668
109 0.690002
110 0.693305
111 0.690665
112 0.692693
113 0.69151
114 0.695356
115 0.696761
116 0.692885
117 0.696483
118 0.698538
119 0.698805
120 0.698718
121 0.697568
122 0.70124
123 0.698466
124 0.704613
125 0.703091
126 0.70455
127 0.705478
128 0.705096
129 0.709409
130 0.708718
131 0.707268
132 0.707007
133 0.705666
134 0.705361
135 0.707333
136 0.709939
137 0.710119
138 0.711054
139 0.709076
140 0.710187
141 0.711079
142 0.712486
143 0.713058
144 0.716104
145 0.712915
146 0.718168
147 0.71503
148 0.717518
149 0.717466
150 0.718741
151 0.716884
152 0.719501
153 0.719606
154 0.720038
155 0.721774
156 0.721677
157 0.721984
158 0.719798
159 0.725182
160 0.722
161 0.723478
162 0.722831
163 0.724106
164 0.726275
165 0.726215
166 0.724515
167 0.726607
168 0.726529
169 0.728868
170 0.728784
171 0.728863
172 0.727243
173 0.728839
174 0.729898
175 0.729076
176 0.728682
177 0.730839
178 0.731213
179 0.732653
180 0.733449
181 0.734409
182 0.734569
183 0.736188
184 0.734616
185 0.736097
186 0.734905
187 0.735395
188 0.735521
189 0.737001
190 0.736129
191 0.737437
192 0.738609
193 0.738129
194 0.74029
195 0.739285
196 0.739555
197 0.739726
198 0.739083
199 0.73983
200 0.739439
201 0.740518
202 0.740113
203 0.743733
204 0.741615
205 0.743063
206 0.741502
207 0.743452
208 0.742678
209 0.743981
210 0.743709
211 0.744543
212 0.745965
213 0.74668
214 0.746495
215 0.747914
216 0.747443
217 0.748384
218 0.748475
219 0.74884
220 0.748596
221 0.749087
222 0.749024
223 0.749544
224 0.750017
225 0.750066
226 0.750798
227 0.751446
228 0.752587
229 0.75239
230 0.750617
231 0.752454
232 0.752349
233 0.752854
234 0.752871
235 0.753219
236 0.754056
237 0.755133
238 0.755314
239 0.75568
240 0.755637
241 0.755597
242 0.756986
243 0.756823
244 0.756006
245 0.755622
246 0.755869
247 0.757482
248 0.758404
249 0.757068
250 0.758774
251 0.759399
252 0.759481
253 0.760556
254 0.761486
255 0.760754
256 0.761273
257 0.761153
258 0.761348
259 0.760184
260 0.75974
261 0.762127
262 0.762273
263 0.762114
264 0.762185
265 0.762193
266 0.762453
267 0.76232
268 0.763935
269 0.763488
270 0.763862
271 0.764508
272 0.76445
273 0.764424
274 0.76548
275 0.765689
276 0.766323
277 0.76708
278 0.768179
279 0.767885
280 0.767643
281 0.768364
282 0.767607
283 0.767632
284 0.767947
285 0.767878
286 0.76824
287 0.768781
288 0.770244
289 0.770842
290 0.77039
291 0.770511
292 0.771053
293 0.771274
294 0.771208
295 0.77092
296 0.770354
297 0.77127
298 0.771484
299 0.770848
300 0.771506
