1 0.499754
2 0.500171
3 0.499943
4 0.53117
5 0.551245
6 0.559648
7 0.565115
8 0.565403
9 0.559657
10 0.560228
11 0.567466
12 0.572402
13 0.576475
14 0.580041
15 0.583548
16 0.586105
17 0.588011
18 0.587703
19 0.588312
20 0.589094
21 0.59119
22 0.593357
23 0.595104
24 0.596963
25 0.598361
26 0.600159
27 0.601608
28 0.603046
29 0.604172
30 0.605444
31 0.606529
32 0.607773
33 0.60848
34 0.609464
35 0.61033
36 0.611269
37 0.612041
38 0.612992
39 0.61406
40 0.615043
41 0.616033
42 0.616931
43 0.617769
44 0.618785
45 0.619567
46 0.620448
47 0.621088
48 0.621612
49 0.622303
50 0.622971
51 0.623683
52 0.624489
53 0.625119
54 0.62577
55 0.626422
56 0.62709
57 0.627581
58 0.628266
59 0.62885
60 0.629445
61 0.630108
62 0.630704
63 0.63123
64 0.631767
65 0.632295
66 0.632886
67 0.63339
68 0.63392
69 0.634414
70 0.634933
71 0.63545
72 0.635925
73 0.636498
74 0.636816
75 0.637325
76 0.637823
77 0.638323
78 0.638773
79 0.639202
80 0.639683
81 0.640182
82 0.640609
83 0.641045
84 0.641456
85 0.641901
86 0.642306
87 0.642651
88 0.643028
89 0.643386
90 0.643819
91 0.644145
92 0.644494
93 0.644847
94 0.645229
95 0.645583
96 0.645958
97 0.646336
98 0.646704
99 0.647064
100 0.6474
101 0.647773
102 0.648155
103 0.64847
104 0.648787
105 0.649084
106 0.649438
107 0.649773
108 0.650074
109 0.65039
110 0.650707
111 0.650995
112 0.651298
113 0.651616
114 0.65191
115 0.652229
116 0.652496
117 0.652761
118 0.653096
119 0.653376
120 0.653658
121 0.653942
122 0.654201
123 0.654471
124 0.654754
125 0.655044
126 0.655306
127 0.655548
128 0.655842
129 0.656124
130 0.656383
131 0.656624
132 0.656896
133 0.657137
134 0.657366
135 0.657613
136 0.657857
137 0.658104
138 0.658354
139 0.658576
140 0.658818
141 0.659044
142 0.659273
143 0.659506
144 0.659745
145 0.659985
146 0.660211
147 0.660434
148 0.660655
149 0.66087
150 0.66109
151 0.661303
152 0.661525
153 0.661739
154 0.66197
155 0.662181
156 0.662392
157 0.662614
158 0.662802
159 0.663018
160 0.663232
161 0.663433
162 0.663637
163 0.663828
164 0.664039
165 0.664231
166 0.664428
167 0.664626
168 0.664817
169 0.664991
170 0.665248
171 0.665282
172 0.665596
173 0.665777
174 0.665943
175 0.666122
176 0.666313
177 0.666501
178 0.666665
179 0.66685
180 0.667038
181 0.667219
182 0.667387
183 0.667565
184 0.667743
185 0.667924
186 0.668084
187 0.668262
188 0.668429
189 0.668595
190 0.668757
191 0.668923
192 0.669098
193 0.669264
194 0.669434
195 0.66957
196 0.669771
197 0.669903
198 0.670087
199 0.670253
200 0.670398
201 0.670559
202 0.670706
203 0.670873
204 0.671025
205 0.671202
206 0.671318
207 0.671461
208 0.671613
209 0.67177
210 0.671906
211 0.672048
212 0.672204
213 0.672356
214 0.672498
215 0.672646
216 0.672786
217 0.672929
218 0.673079
219 0.673223
220 0.673365
221 0.673499
222 0.673646
223 0.67378
224 0.673923
225 0.674057
226 0.674199
227 0.674341
228 0.674466
229 0.674611
230 0.674735
231 0.674867
232 0.674996
233 0.675124
234 0.675256
235 0.675385
236 0.675524
237 0.675658
238 0.675788
239 0.675897
240 0.676043
241 0.676202
242 0.676297
243 0.676429
244 0.676546
245 0.676664
246 0.676783
247 0.67691
248 0.677031
249 0.677157
250 0.677276
251 0.677385
252 0.6775
253 0.677615
254 0.677746
255 0.677912
256 0.677992
257 0.678061
258 0.678225
259 0.678362
260 0.678463
261 0.678565
262 0.678674
263 0.678787
264 0.678904
265 0.679018
266 0.679134
267 0.679242
268 0.679352
269 0.679469
270 0.679571
271 0.679699
272 0.679794
273 0.679868
274 0.680009
275 0.680117
276 0.680222
277 0.680324
278 0.680433
279 0.680542
280 0.680648
281 0.680755
282 0.68086
283 0.680967
284 0.681071
285 0.681176
286 0.681275
287 0.681379
288 0.681481
289 0.681586
290 0.681689
291 0.681784
292 0.681891
293 0.681992
294 0.682089
295 0.68219
296 0.682286
297 0.682381
298 0.68248
299 0.68258
300 0.682674
