1 0.332839
2 0.333674
3 0.333238
4 0.383382
5 0.415948
6 0.429849
7 0.439115
8 0.440691
9 0.433117
10 0.434657
11 0.446694
12 0.45383
13 0.46086
14 0.466
15 0.472681
16 0.477441
17 0.481169
18 0.481192
19 0.482468
20 0.484179
21 0.48822
22 0.492007
23 0.496105
24 0.499417
25 0.501998
26 0.505338
27 0.508016
28 0.510649
29 0.512595
30 0.515131
31 0.517281
32 0.519895
33 0.521374
34 0.523581
35 0.525393
36 0.52724
37 0.528846
38 0.530777
39 0.532851
40 0.534708
41 0.536744
42 0.538665
43 0.540401
44 0.54243
45 0.544166
46 0.54588
47 0.547228
48 0.548389
49 0.549825
50 0.551228
51 0.552712
52 0.554383
53 0.555714
54 0.557081
55 0.558494
56 0.55994
57 0.561231
58 0.562528
59 0.563735
60 0.564947
61 0.566356
62 0.567599
63 0.568784
64 0.56994
65 0.571147
66 0.572354
67 0.57347
68 0.574618
69 0.575729
70 0.576831
71 0.577973
72 0.579042
73 0.580162
74 0.581041
75 0.58214
76 0.583224
77 0.584233
78 0.585276
79 0.586257
80 0.587263
81 0.588361
82 0.589297
83 0.590307
84 0.591235
85 0.592161
86 0.593104
87 0.593963
88 0.594821
89 0.595658
90 0.596584
91 0.597377
92 0.598158
93 0.59902
94 0.599856
95 0.600677
96 0.601537
97 0.602394
98 0.603229
99 0.60405
100 0.604858
101 0.605682
102 0.606476
103 0.607276
104 0.608026
105 0.608732
106 0.609503
107 0.610253
108 0.610989
109 0.611719
110 0.612463
111 0.613156
112 0.613873
113 0.614566
114 0.615258
115 0.615979
116 0.616637
117 0.617299
118 0.618006
119 0.618695
120 0.619354
121 0.620011
122 0.62067
123 0.621294
124 0.621974
125 0.622625
126 0.623277
127 0.623898
128 0.624554
129 0.625216
130 0.625851
131 0.626465
132 0.627087
133 0.627681
134 0.628255
135 0.628846
136 0.629438
137 0.630033
138 0.630616
139 0.631175
140 0.631748
141 0.632301
142 0.632868
143 0.633425
144 0.634004
145 0.634556
146 0.635133
147 0.635668
148 0.636222
149 0.636761
150 0.637309
151 0.637832
152 0.638376
153 0.638906
154 0.639438
155 0.639967
156 0.640489
157 0.641012
158 0.641503
159 0.642033
160 0.642531
161 0.643035
162 0.643526
163 0.64402
164 0.644521
165 0.645014
166 0.645497
167 0.645981
168 0.646465
169 0.646938
170 0.647432
171 0.647785
172 0.648384
173 0.648835
174 0.649294
175 0.64975
176 0.650204
177 0.650664
178 0.651111
179 0.651559
180 0.652024
181 0.652479
182 0.652928
183 0.653382
184 0.653825
185 0.654275
186 0.654704
187 0.655137
188 0.655563
189 0.655994
190 0.656415
191 0.656834
192 0.657265
193 0.657679
194 0.65811
195 0.658494
196 0.658941
197 0.659322
198 0.659754
199 0.660161
200 0.660551
201 0.66095
202 0.661338
203 0.661747
204 0.662145
205 0.662543
206 0.662913
207 0.663301
208 0.663688
209 0.664081
210 0.664447
211 0.664826
212 0.665212
213 0.665597
214 0.665971
215 0.666353
216 0.666728
217 0.667099
218 0.66748
219 0.667847
220 0.668223
221 0.668578
222 0.668948
223 0.669305
224 0.669668
225 0.670023
226 0.670385
227 0.670745
228 0.671095
229 0.671456
230 0.671797
231 0.672147
232 0.672492
233 0.672833
234 0.673177
235 0.673514
236 0.673864
237 0.674205
238 0.674545
239 0.674863
240 0.675221
241 0.67559
242 0.675893
243 0.676231
244 0.67655
245 0.676872
246 0.677194
247 0.677524
248 0.677847
249 0.678171
250 0.678491
251 0.678805
252 0.679126
253 0.679437
254 0.67976
255 0.680112
256 0.680409
257 0.680695
258 0.681046
259 0.68136
260 0.681648
261 0.681948
262 0.682253
263 0.682559
264 0.682862
265 0.683163
266 0.683461
267 0.683756
268 0.684054
269 0.684355
270 0.684643
271 0.684953
272 0.685231
273 0.685483
274 0.685814
275 0.686106
276 0.686396
277 0.686681
278 0.686976
279 0.687269
280 0.687555
281 0.687844
282 0.688126
283 0.688409
284 0.688686
285 0.68897
286 0.689241
287 0.68952
288 0.6898
289 0.69008
290 0.690358
291 0.690629
292 0.690912
293 0.691182
294 0.691453
295 0.691723
296 0.691988
297 0.692254
298 0.692521
299 0.692788
300 0.693045
