1 0.749879
2 0.749879
3 0.749879
4 0.749879
5 0.749879
6 0.749879
7 0.749879
8 0.749879
9 0.749879
10 0.749879
11 0.749879
12 0.749879
13 0.749879
14 0.749879
15 0.749879
16 0.749879
17 0.749879
18 0.749879
19 0.749879
20 0.749879
21 0.749879
22 0.749879
23 0.749879
24 0.749879
25 0.749879
26 0.749879
27 0.749879
28 0.749879
29 0.749879
30 0.749879
31 0.749879
32 0.749879
33 0.749879
34 0.749879
35 0.749879
36 0.749879
37 0.749879
38 0.749879
39 0.749879
40 0.749879
41 0.749879
42 0.749879
43 0.749879
44 0.749879
45 0.749879
46 0.749879
47 0.749879
48 0.749879
49 0.749879
50 0.749879
51 0.749879
52 0.749879
53 0.749879
54 0.749879
55 0.749879
56 0.749879
57 0.749879
58 0.749879
59 0.749879
60 0.749879
61 0.749879
62 0.749879
63 0.749879
64 0.749879
65 0.749879
66 0.749879
67 0.749879
68 0.749879
69 0.749879
70 0.749879
71 0.749879
72 0.749879
73 0.749879
74 0.749879
75 0.749879
76 0.749879
77 0.749879
78 0.749879
79 0.749879
80 0.749879
81 0.749879
82 0.749879
83 0.749879
84 0.749879
85 0.749879
86 0.749879
87 0.749879
88 0.749879
89 0.749879
90 0.749879
91 0.749879
92 0.749879
93 0.749879
94 0.749879
95 0.749879
96 0.749879
97 0.749879
98 0.749879
99 0.749879
100 0.749879
101 0.749879
102 0.749879
103 0.749879
104 0.749879
105 0.749879
106 0.749879
107 0.749879
108 0.749879
109 0.749879
110 0.749879
111 0.749879
112 0.749879
113 0.749879
114 0.749879
115 0.749879
116 0.749879
117 0.749879
118 0.749879
119 0.749879
120 0.749879
121 0.749879
122 0.749879
123 0.749879
124 0.749879
125 0.749879
126 0.749879
127 0.749879
128 0.749879
129 0.749879
130 0.749879
131 0.749879
132 0.749879
133 0.749879
134 0.749879
135 0.749879
136 0.749879
137 0.749879
138 0.749879
139 0.749879
140 0.749879
141 0.749879
142 0.749879
143 0.749879
144 0.749879
145 0.749879
146 0.749879
147 0.749879
148 0.749879
149 0.749879
150 0.749879
151 0.749879
152 0.749879
153 0.749879
154 0.749879
155 0.749879
156 0.749879
157 0.749879
158 0.749879
159 0.749879
160 0.749879
161 0.749879
162 0.749879
163 0.749879
164 0.749879
165 0.749879
166 0.749879
167 0.749879
168 0.749879
169 0.749879
170 0.749879
171 0.749879
172 0.749879
173 0.749879
174 0.749879
175 0.749879
176 0.749879
177 0.749879
178 0.749879
179 0.749879
180 0.749879
181 0.749879
182 0.749879
183 0.749879
184 0.749879
185 0.749879
186 0.749879
187 0.749879
188 0.749879
189 0.749879
190 0.749879
191 0.749879
192 0.749879
193 0.749879
194 0.749879
195 0.749879
196 0.749879
197 0.749879
198 0.749879
199 0.749879
200 0.749879
201 0.749879
202 0.749879
203 0.749879
204 0.749879
205 0.749879
206 0.749879
207 0.749879
208 0.749879
209 0.749879
210 0.749879
211 0.749879
212 0.749879
213 0.749879
214 0.749879
215 0.749879
216 0.749879
217 0.749879
218 0.749879
219 0.749879
220 0.749879
221 0.749879
222 0.749879
223 0.749879
224 0.749879
225 0.749879
226 0.749879
227 0.749879
228 0.749879
229 0.749879
230 0.749879
231 0.749879
232 0.749879
233 0.749879
234 0.749879
235 0.749879
236 0.749879
237 0.749879
238 0.749879
239 0.749879
240 0.749879
241 0.749879
242 0.749879
243 0.749879
244 0.749879
245 0.749879
246 0.749879
247 0.749879
248 0.749879
249 0.749879
250 0.749879
251 0.749879
252 0.749879
253 0.749879
254 0.749879
255 0.749879
256 0.749879
257 0.749879
258 0.749879
259 0.749879
260 0.749879
261 0.749879
262 0.749879
263 0.749879
264 0.749879
265 0.749879
266 0.749879
267 0.749879
268 0.749879
269 0.749879
270 0.749879
271 0.749879
272 0.749879
273 0.749879
274 0.749879
275 0.749879
276 0.749879
277 0.749879
278 0.749879
279 0.749879
280 0.749879
281 0.749879
282 0.749879
283 0.749879
284 0.749879
285 0.749879
286 0.749879
287 0.749879
288 0.749879
289 0.749879
290 0.749879
291 0.749879
292 0.749879
293 0.749879
294 0.749879
295 0.749879
296 0.749879
297 0.749879
298 0.749879
299 0.749879
300 0.749879
