1 0.250382
2 0.249361
3 0.250024
4 0.125033
5 0.117877
6 0.148747
7 0.151744
8 0.182465
9 0.235952
10 0.18482
11 0.110565
12 0.123154
13 0.124498
14 0.124241
15 0.117615
16 0.126495
17 0.131694
18 0.166465
19 0.149916
20 0.147305
21 0.116937
22 0.111358
23 0.115556
24 0.111112
25 0.118009
26 0.104753
27 0.108994
28 0.10943
29 0.11322
30 0.108499
31 0.111307
32 0.103781
33 0.119388
34 0.107698
35 0.109349
36 0.106766
37 0.109608
38 0.102353
39 0.0952425
40 0.097088
41 0.093328
42 0.0953294
43 0.0977159
44 0.0880377
45 0.095124
46 0.0907775
47 0.0987797
48 0.103422
49 0.0944711
50 0.0935919
51 0.0909036
52 0.0845555
53 0.0904238
54 0.0909644
55 0.0881926
56 0.0851201
57 0.0897902
58 0.0885179
59 0.0881434
60 0.0859885
61 0.0791265
62 0.082942
63 0.0847465
64 0.0859228
65 0.0821522
66 0.0806539
67 0.0836391
68 0.0802256
69 0.0816534
70 0.079929
71 0.0781141
72 0.0795518
73 0.0791204
74 0.0821784
75 0.0758812
76 0.074546
77 0.0758136
78 0.0754721
79 0.0766817
80 0.0736559
81 0.070433
82 0.0746455
83 0.0734192
84 0.074693
85 0.0723178
86 0.0732202
87 0.0746047
88 0.0742133
89 0.0713546
90 0.0709367
91 0.0740835
92 0.0767581
93 0.0710338
94 0.0703702
95 0.0708357
96 0.0683307
97 0.0670693
98 0.0675351
99 0.0678445
100 0.0670337
101 0.0663402
102 0.0647156
103 0.0672958
104 0.0671889
105 0.0683641
106 0.0661229
107 0.0653792
108 0.0665506
109 0.0660253
110 0.0642909
111 0.0658116
112 0.0652452
113 0.0648287
114 0.0633819
115 0.0631966
116 0.0654651
117 0.063213
118 0.0627923
119 0.062417
120 0.0618516
121 0.0638873
122 0.0619662
123 0.0626929
124 0.0604389
125 0.0605162
126 0.0609663
127 0.0596366
128 0.0603749
129 0.05849
130 0.0590461
131 0.0603582
132 0.059469
133 0.061179
134 0.0608127
135 0.0594785
136 0.0584531
137 0.058276
138 0.0582789
139 0.0590205
140 0.0591161
141 0.0582551
142 0.0580649
143 0.0568
144 0.0566026
145 0.0574523
146 0.0563683
147 0.0569003
148 0.0561131
149 0.0557839
150 0.0560127
151 0.056088
152 0.055255
153 0.0549519
154 0.0543807
155 0.0544002
156 0.0543527
157 0.0539803
158 0.0551815
159 0.0533857
160 0.0541007
161 0.0540127
162 0.0540948
163 0.0537296
164 0.0524809
165 0.0529027
166 0.0531757
167 0.0531094
168 0.0528567
169 0.0520036
170 0.0518693
171 0.0522605
172 0.0526955
173 0.0529277
174 0.0520857
175 0.0528004
176 0.0527346
177 0.0509705
178 0.0510782
179 0.0506615
180 0.0500058
181 0.0503992
182 0.0500564
183 0.0495717
184 0.0501071
185 0.0494345
186 0.0499108
187 0.0503373
188 0.0498524
189 0.0496762
190 0.0496573
191 0.0493594
192 0.0487457
193 0.0487936
194 0.0481767
195 0.0487412
196 0.0486003
197 0.048777
198 0.0486315
199 0.0484816
200 0.0484177
201 0.0483194
202 0.0481525
203 0.0469763
204 0.047483
205 0.0475147
206 0.048144
207 0.0476969
208 0.0475876
209 0.0476117
210 0.0473244
211 0.0475294
212 0.0463186
213 0.0463973
214 0.0464368
215 0.0460212
216 0.0461302
217 0.0455008
218 0.0453415
219 0.0453762
220 0.0455111
221 0.0454136
222 0.0451411
223 0.0451573
224 0.0454855
225 0.045045
226 0.0447291
227 0.0447935
228 0.0441076
229 0.0443871
230 0.0454513
231 0.0446286
232 0.0441399
233 0.0443659
234 0.0439242
235 0.0442418
236 0.0436441
237 0.0432796
238 0.0432361
239 0.0435106
240 0.0433407
241 0.043514
242 0.0427309
243 0.0427354
244 0.0432882
245 0.0435143
246 0.0438521
247 0.042734
248 0.0426579
249 0.0429596
250 0.0425006
251 0.0418955
252 0.0425235
253 0.0417525
254 0.0414628
255 0.0415992
256 0.0411098
257 0.0416413
258 0.0415792
259 0.0422418
260 0.0428417
261 0.0413984
262 0.0411484
263 0.0412244
264 0.0410333
265 0.0411673
266 0.0412568
267 0.0414985
268 0.0405906
269 0.0405177
270 0.0408661
271 0.0403623
272 0.0407464
273 0.0406849
274 0.0405793
275 0.0401262
276 0.0401371
277 0.0396697
278 0.0394848
279 0.0395371
280 0.0396803
281 0.0394346
282 0.0396482
283 0.0395342
284 0.0397211
285 0.0398929
286 0.0399175
287 0.0395584
288 0.0390556
289 0.0386761
290 0.0388553
291 0.0389201
292 0.0386382
293 0.0385157
294 0.0386155
295 0.038666
296 0.0386338
297 0.0385063
298 0.0384614
299 0.038956
300 0.038705
