1 0.266611
2 0.166884
3 0.278558
4 0.111047
5 0.116061
6 0.117049
7 0.082958
8 0.0810799
9 0.0806186
10 0.0682744
11 0.0541484
12 0.0641754
13 0.0485807
14 0.0492135
15 0.0482108
16 0.0421385
17 0.0394069
18 0.0397725
19 0.035452
20 0.0337562
21 0.0337848
22 0.0309478
23 0.0296595
24 0.0285277
25 0.0274354
26 0.0258219
27 0.0261707
28 0.0235625
29 0.0233487
30 0.0230701
31 0.0214092
32 0.0208365
33 0.0208889
34 0.0195334
35 0.0191656
36 0.0189319
37 0.0177482
38 0.0175944
39 0.0173298
40 0.016618
41 0.0160097
42 0.0161313
43 0.0151615
44 0.0151006
45 0.0148494
46 0.0142486
47 0.0139629
48 0.0138939
49 0.0132724
50 0.0131305
51 0.0129727
52 0.0125594
53 0.0121826
54 0.0121883
55 0.0117709
56 0.0115969
57 0.01147
58 0.01115
59 0.0110224
60 0.0108538
61 0.010594
62 0.0104216
63 0.0103681
64 0.0100341
65 0.00998541
66 0.00983909
67 0.00964402
68 0.00948139
69 0.00939829
70 0.00916266
71 0.00907206
72 0.00896613
73 0.00877177
74 0.00866448
75 0.00861963
76 0.00839728
77 0.00832176
78 0.00824261
79 0.00809091
80 0.00793517
81 0.0079093
82 0.00775349
83 0.00766764
84 0.00760865
85 0.00747237
86 0.00737188
87 0.00734026
88 0.00718681
89 0.00709237
90 0.00706789
91 0.00691467
92 0.00685802
93 0.00680641
94 0.00670438
95 0.00663065
96 0.00659365
97 0.00648176
98 0.00639462
99 0.00636399
100 0.00626565
101 0.00620432
102 0.00617173
103 0.00608805
104 0.00603979
105 0.00598209
106 0.00591909
107 0.00586127
108 0.00583546
109 0.00574802
110 0.00570282
111 0.00566667
112 0.00557503
113 0.00552581
114 0.00550592
115 0.00543938
116 0.0053676
117 0.00535139
118 0.00529423
119 0.00524032
120 0.0052126
121 0.00514686
122 0.00511181
123 0.00506162
124 0.0049943
125 0.00495413
126 0.00493707
127 0.00486322
128 0.00484373
129 0.00480641
130 0.00475958
131 0.00472403
132 0.00469595
133 0.00464445
134 0.00460091
135 0.00456281
136 0.00452467
137 0.00448679
138 0.00446823
139 0.00443729
140 0.00439824
141 0.00438533
142 0.00434442
143 0.00431332
144 0.00427939
145 0.00424301
146 0.00421136
147 0.00419082
148 0.00414281
149 0.00411465
150 0.00409239
151 0.00405178
152 0.00402614
153 0.00401041
154 0.00397788
155 0.00395573
156 0.00392917
157 0.00390087
158 0.0038697
159 0.00385788
160 0.00381737
161 0.00381361
162 0.00377539
163 0.00376058
164 0.003725
165 0.00370808
166 0.00367957
167 0.00364524
168 0.00363638
169 0.0036078
170 0.00359374
171 0.00357526
172 0.00354237
173 0.00352476
174 0.00350409
175 0.00348358
176 0.00346292
177 0.00344039
178 0.00342266
179 0.00340038
180 0.00338464
181 0.00335713
182 0.00334187
183 0.00331461
184 0.00329319
185 0.00327394
186 0.00326124
187 0.00324488
188 0.00321946
189 0.00322192
190 0.00318785
191 0.00317845
192 0.00316263
193 0.00314876
194 0.00312325
195 0.00311263
196 0.00309286
197 0.00307481
198 0.00305954
199 0.00304463
200 0.003037
201 0.00302025
202 0.00299471
203 0.00298225
204 0.00297897
205 0.00296253
206 0.00294402
207 0.00293855
208 0.00291404
209 0.0029016
210 0.00289022
211 0.00286509
212 0.00285256
213 0.00283366
214 0.00282088
215 0.00279936
216 0.00279788
217 0.00277476
218 0.00277002
219 0.00276353
220 0.00274431
221 0.00273238
222 0.00272387
223 0.0026955
224 0.00269384
225 0.00267366
226 0.0026598
227 0.00264856
228 0.00264396
229 0.0026248
230 0.00261328
231 0.00260322
232 0.0025908
233 0.00257138
234 0.00256486
235 0.00255123
236 0.00254025
237 0.00252913
238 0.00251717
239 0.00250745
240 0.00249003
241 0.00248004
242 0.00247495
243 0.002463
244 0.00244665
245 0.00243714
246 0.00242361
247 0.00241038
248 0.00240297
249 0.00239872
250 0.00238916
251 0.00237929
252 0.00236532
253 0.00235511
254 0.00233453
255 0.00232991
256 0.00231985
257 0.00231321
258 0.00230855
259 0.00229925
260 0.002293
261 0.00228001
262 0.00226766
263 0.00226654
264 0.00225538
265 0.0022431
266 0.0022345
267 0.00222741
268 0.00221515
269 0.0022107
270 0.00220529
271 0.00219659
272 0.00219092
273 0.00218869
274 0.00217797
275 0.00216256
276 0.00215445
277 0.00215016
278 0.00213434
279 0.00213106
280 0.00212625
281 0.00211721
282 0.00210611
283 0.0020993
284 0.00208796
285 0.00208225
286 0.00207682
287 0.00207201
288 0.00206199
289 0.00205505
290 0.00204894
291 0.00204218
292 0.00203392
293 0.00202745
294 0.00201983
295 0.0020134
296 0.00200791
297 0.0020037
298 0.00199425
299 0.00198829
300 0.0019838
