1 0.499631
2 0.578026
3 0.577306
4 0.606785
5 0.621689
6 0.617961
7 0.651727
8 0.646312
9 0.659241
10 0.666653
11 0.661671
12 0.693893
13 0.65316
14 0.702834
15 0.694103
16 0.691644
17 0.711965
18 0.680966
19 0.716907
20 0.722127
21 0.701698
22 0.728286
23 0.718176
24 0.717356
25 0.73595
26 0.70864
27 0.739092
28 0.740077
29 0.718529
30 0.750099
31 0.744175
32 0.732797
33 0.757943
34 0.737616
35 0.748962
36 0.753733
37 0.749656
38 0.754581
39 0.768064
40 0.743865
41 0.765579
42 0.763147
43 0.761565
44 0.764804
45 0.771707
46 0.756096
47 0.777041
48 0.764101
49 0.771266
50 0.776692
51 0.769948
52 0.777976
53 0.77739
54 0.777162
55 0.778157
56 0.778953
57 0.775189
58 0.79313
59 0.777145
60 0.787508
61 0.789375
62 0.779734
63 0.791798
64 0.787739
65 0.792055
66 0.788766
67 0.7976
68 0.787727
69 0.795726
70 0.793841
71 0.793473
72 0.796688
73 0.795334
74 0.797743
75 0.803005
76 0.79052
77 0.808258
78 0.803635
79 0.798481
80 0.807983
81 0.805634
82 0.803036
83 0.806526
84 0.804523
85 0.80849
86 0.802047
87 0.811115
88 0.810507
89 0.809526
90 0.809724
91 0.810338
92 0.815608
93 0.80581
94 0.818261
95 0.815321
96 0.811426
97 0.815353
98 0.817836
99 0.815447
100 0.817639
101 0.813453
102 0.823916
103 0.816371
104 0.816638
105 0.82359
106 0.81999
107 0.819943
108 0.820599
109 0.82484
110 0.82028
111 0.822789
112 0.824441
113 0.823366
114 0.823424
115 0.827527
116 0.824835
117 0.826196
118 0.826445
119 0.828773
120 0.826613
121 0.824399
122 0.831942
123 0.829588
124 0.826364
125 0.831683
126 0.831216
127 0.830428
128 0.830825
129 0.833093
130 0.833801
131 0.830289
132 0.833822
133 0.83429
134 0.833026
135 0.83523
136 0.83398
137 0.836708
138 0.835382
139 0.836587
140 0.835056
141 0.83872
142 0.83592
143 0.83947
144 0.838674
145 0.836103
146 0.840321
147 0.837786
148 0.841452
149 0.838442
150 0.842886
151 0.83958
152 0.840056
153 0.842408
154 0.841721
155 0.842251
156 0.840761
157 0.84288
158 0.844442
159 0.842675
160 0.843218
161 0.843599
162 0.845748
163 0.843781
164 0.844957
165 0.846454
166 0.846017
167 0.844721
168 0.846996
169 0.846404
170 0.847726
171 0.846197
172 0.847604
173 0.846344
174 0.847779
175 0.846818
176 0.848284
177 0.848168
178 0.850891
179 0.848094
180 0.848514
181 0.849652
182 0.848499
183 0.852157
184 0.847118
185 0.850324
186 0.85217
187 0.849269
188 0.849938
189 0.850521
190 0.849889
191 0.852172
192 0.849565
193 0.852765
194 0.851472
195 0.8519
196 0.85036
197 0.852647
198 0.853644
199 0.849924
200 0.852655
201 0.853042
202 0.850903
203 0.854554
204 0.851144
205 0.85393
206 0.853741
207 0.853141
208 0.855226
209 0.85274
210 0.854746
211 0.855264
212 0.85273
213 0.855434
214 0.854497
215 0.856386
216 0.852998
217 0.855419
218 0.855281
219 0.856144
220 0.853811
221 0.856465
222 0.857254
223 0.855242
224 0.854859
225 0.857345
226 0.856162
227 0.854686
228 0.856915
229 0.856703
230 0.856756
231 0.856025
232 0.857869
233 0.85664
234 0.85703
235 0.857303
236 0.858028
237 0.857201
238 0.858032
239 0.857216
240 0.858445
241 0.857397
242 0.85857
243 0.858393
244 0.856445
245 0.860965
246 0.858959
247 0.857449
248 0.860052
249 0.85886
250 0.858665
251 0.857448
252 0.860019
253 0.859085
254 0.859424
255 0.859376
256 0.860838
257 0.857951
258 0.862127
259 0.858834
260 0.861191
261 0.860171
262 0.859311
263 0.860686
264 0.861136
265 0.860415
266 0.860957
267 0.860122
268 0.860999
269 0.861319
270 0.861798
271 0.860551
272 0.86039
273 0.863342
274 0.860973
275 0.861466
276 0.861369
277 0.862142
278 0.861982
279 0.861712
280 0.862334
281 0.863169
282 0.861679
283 0.86283
284 0.862914
285 0.862731
286 0.862781
287 0.862722
288 0.86266
289 0.862703
290 0.863688
291 0.863199
292 0.863332
293 0.864513
294 0.864202
295 0.862726
296 0.863453
297 0.865334
298 0.863463
299 0.865444
300 0.862679
