1 0.0780062
2 0.058832
3 0.0589451
4 0.0518798
5 0.0487026
6 0.04905
7 0.0420658
8 0.0427757
9 0.0401828
10 0.0385348
11 0.0395041
12 0.0334059
13 0.0405581
14 0.0315522
15 0.0330917
16 0.0331926
17 0.0296241
18 0.034861
19 0.0285882
20 0.0277195
21 0.0309705
22 0.0266084
23 0.0282753
24 0.0284352
25 0.0251261
26 0.0297273
27 0.0246515
28 0.0246412
29 0.0277203
30 0.0228388
31 0.0236072
32 0.0254993
33 0.0214483
34 0.0248297
35 0.0228081
36 0.0223423
37 0.0227397
38 0.0219195
39 0.0199031
40 0.0234828
41 0.0201346
42 0.0209309
43 0.0206248
44 0.0206712
45 0.0190261
46 0.0219154
47 0.0183256
48 0.0206323
49 0.0192915
50 0.0185551
51 0.0196894
52 0.0183882
53 0.0186391
54 0.0182491
55 0.0186569
56 0.0181211
57 0.0190201
58 0.016142
59 0.0183993
60 0.0171217
61 0.0166177
62 0.0183664
63 0.0162283
64 0.0172764
65 0.0161037
66 0.0168374
67 0.0154634
68 0.0170199
69 0.0158123
70 0.0161075
71 0.016124
72 0.015836
73 0.0158358
74 0.0157241
75 0.0148367
76 0.016606
77 0.0139735
78 0.0149888
79 0.015326
80 0.0142049
81 0.0145289
82 0.01491
83 0.0142825
84 0.0148512
85 0.0139066
86 0.0152752
87 0.0134881
88 0.0140842
89 0.0138201
90 0.0138596
91 0.0142183
92 0.0130781
93 0.014713
94 0.0126747
95 0.0134832
96 0.0135758
97 0.0134247
98 0.0129477
99 0.013416
100 0.012862
101 0.013763
102 0.0119846
103 0.0132591
104 0.0129522
105 0.0123291
106 0.0126334
107 0.0126355
108 0.0126738
109 0.012098
110 0.0126277
111 0.0123687
112 0.0123485
113 0.0121937
114 0.0122525
115 0.0117323
116 0.0121965
117 0.0119014
118 0.0119403
119 0.0117234
120 0.012072
121 0.0122011
122 0.0113424
123 0.0116099
124 0.0120511
125 0.0112238
126 0.011541
127 0.0114109
128 0.0114898
129 0.0111912
130 0.0110081
131 0.011599
132 0.011141
133 0.0110123
134 0.0112955
135 0.0108568
136 0.0111002
137 0.0107563
138 0.0109317
139 0.0105948
140 0.0111841
141 0.0104727
142 0.0108366
143 0.0105221
144 0.0103709
145 0.0109436
146 0.0102324
147 0.0108078
148 0.0101239
149 0.0105473
150 0.00995925
151 0.0105016
152 0.0104527
153 0.0100486
154 0.0102838
155 0.0101015
156 0.0102878
157 0.0100904
158 0.00989301
159 0.0100789
160 0.0101048
161 0.00999656
162 0.00979331
163 0.0099762
164 0.00972778
165 0.00976961
166 0.00970709
167 0.00988505
168 0.00972758
169 0.00977806
170 0.00947454
171 0.00988517
172 0.00951549
173 0.00999097
174 0.00955092
175 0.00991353
176 0.00947002
177 0.00960316
178 0.00916767
179 0.00976768
180 0.00954641
181 0.00946313
182 0.00964015
183 0.00913396
184 0.00982564
185 0.00935005
186 0.00915825
187 0.00963185
188 0.00928819
189 0.00954067
190 0.0095561
191 0.00917288
192 0.00960193
193 0.00908465
194 0.00937503
195 0.00918162
196 0.00950849
197 0.00921948
198 0.00905789
199 0.00953299
200 0.00923404
201 0.00913964
202 0.00943241
203 0.00894834
204 0.00951068
205 0.0091259
206 0.00904162
207 0.00921715
208 0.0089111
209 0.00921275
210 0.0090144
211 0.00899008
212 0.00930186
213 0.0089148
214 0.00904704
215 0.00886288
216 0.00922865
217 0.00895732
218 0.00902494
219 0.00883823
220 0.00918182
221 0.00891581
222 0.0086872
223 0.00896572
224 0.00904077
225 0.00880428
226 0.00883076
227 0.00902521
228 0.00883962
229 0.0088432
230 0.00875216
231 0.00893287
232 0.008738
233 0.008828
234 0.00882393
235 0.00875495
236 0.00863028
237 0.00883105
238 0.0085529
239 0.00887355
240 0.00851676
241 0.00880061
242 0.00857792
243 0.00862466
244 0.00885998
245 0.00823679
246 0.00859948
247 0.00863118
248 0.00846877
249 0.00860378
250 0.00855096
251 0.00870064
252 0.00843111
253 0.00856997
254 0.00844867
255 0.00856915
256 0.00827536
257 0.00868552
258 0.008052
259 0.00859714
260 0.00828711
261 0.00835958
262 0.00854081
263 0.00839124
264 0.00822778
265 0.00849221
266 0.00838854
267 0.00838457
268 0.00832757
269 0.00817652
270 0.00838402
271 0.00831858
272 0.0083952
273 0.00801754
274 0.00839516
275 0.00815806
276 0.00832087
277 0.00820295
278 0.00818124
279 0.00828535
280 0.00823043
281 0.00809235
282 0.00824921
283 0.00806353
284 0.00816698
285 0.00812685
286 0.00809831
287 0.00809689
288 0.0081864
289 0.00812006
290 0.00805395
291 0.00806264
292 0.0080318
293 0.00790109
294 0.00805147
295 0.00809345
296 0.00811453
297 0.00777861
298 0.00816838
299 0.00772305
300 0.00821846
