1 0.458145
2 0.465929
3 0.466062
4 0.468979
5 0.470109
6 0.469682
7 0.471942
8 0.47208
9 0.472859
10 0.473637
11 0.473129
12 0.47512
13 0.472914
14 0.475794
15 0.475454
16 0.475814
17 0.476428
18 0.474666
19 0.476945
20 0.477041
21 0.47607
22 0.477501
23 0.47682
24 0.476702
25 0.477797
26 0.476656
27 0.477847
28 0.478013
29 0.477153
30 0.478409
31 0.47825
32 0.477824
33 0.479267
34 0.477779
35 0.478551
36 0.47869
37 0.478213
38 0.478731
39 0.479581
40 0.478506
41 0.479349
42 0.478724
43 0.479229
44 0.479502
45 0.479659
46 0.478727
47 0.480001
48 0.479232
49 0.479699
50 0.479891
51 0.479386
52 0.47988
53 0.479791
54 0.479973
55 0.479746
56 0.480112
57 0.479568
58 0.480604
59 0.479741
60 0.480175
61 0.480343
62 0.47983
63 0.480271
64 0.480044
65 0.480655
66 0.480238
67 0.480567
68 0.480321
69 0.480526
70 0.480396
71 0.480541
72 0.480695
73 0.480615
74 0.480525
75 0.480957
76 0.480513
77 0.481055
78 0.480777
79 0.480743
80 0.481083
81 0.480879
82 0.480877
83 0.481073
84 0.48121
85 0.481021
86 0.480519
87 0.481324
88 0.481037
89 0.481149
90 0.481222
91 0.481177
92 0.481455
93 0.48091
94 0.481266
95 0.481463
96 0.481336
97 0.481317
98 0.481313
99 0.481071
100 0.481436
101 0.481055
102 0.481596
103 0.481471
104 0.481512
105 0.481591
106 0.481684
107 0.481523
108 0.481683
109 0.48169
110 0.481383
111 0.481315
112 0.481483
113 0.481802
114 0.481602
115 0.481722
116 0.481499
117 0.481711
118 0.48161
119 0.481751
120 0.48156
121 0.481532
122 0.482003
123 0.481795
124 0.481555
125 0.482064
126 0.481748
127 0.482058
128 0.481915
129 0.481951
130 0.482045
131 0.482015
132 0.481792
133 0.4819
134 0.481817
135 0.482147
136 0.482214
137 0.482051
138 0.481995
139 0.482214
140 0.481866
141 0.482239
142 0.481929
143 0.482149
144 0.482161
145 0.482012
146 0.482123
147 0.482059
148 0.482258
149 0.482032
150 0.482239
151 0.482039
152 0.482041
153 0.482211
154 0.481998
155 0.482376
156 0.482123
157 0.482329
158 0.482349
159 0.482113
160 0.482171
161 0.48209
162 0.482276
163 0.482212
164 0.482302
165 0.482155
166 0.482226
167 0.482488
168 0.482195
169 0.482226
170 0.482238
171 0.482512
172 0.48257
173 0.482244
174 0.48239
175 0.482324
176 0.48232
177 0.482395
178 0.482451
179 0.482378
180 0.482558
181 0.482338
182 0.482309
183 0.482686
184 0.482346
185 0.482375
186 0.482544
187 0.482156
188 0.482287
189 0.482355
190 0.482432
191 0.482301
192 0.482456
193 0.482369
194 0.482431
195 0.482366
196 0.482372
197 0.482541
198 0.482458
199 0.48229
200 0.482502
201 0.48259
202 0.482369
203 0.482365
204 0.482364
205 0.482592
206 0.482659
207 0.482417
208 0.482466
209 0.482391
210 0.482573
211 0.482665
212 0.482372
213 0.482497
214 0.482487
215 0.482666
216 0.482458
217 0.482593
218 0.482577
219 0.482691
220 0.482406
221 0.482602
222 0.482681
223 0.482582
224 0.482355
225 0.482724
226 0.482813
227 0.482601
228 0.482527
229 0.482331
230 0.482388
231 0.482813
232 0.482423
233 0.482581
234 0.482601
235 0.482443
236 0.482416
237 0.482763
238 0.482424
239 0.482491
240 0.482565
241 0.482447
242 0.482591
243 0.482682
244 0.482767
245 0.482691
246 0.482633
247 0.482612
248 0.482783
249 0.4826
250 0.48269
251 0.4827
252 0.482457
253 0.482676
254 0.482607
255 0.482691
256 0.482658
257 0.482545
258 0.482718
259 0.482742
260 0.48256
261 0.482723
262 0.482391
263 0.48276
264 0.482765
265 0.482729
266 0.482741
267 0.48264
268 0.482673
269 0.482716
270 0.482726
271 0.482831
272 0.482819
273 0.482618
274 0.482836
275 0.482856
276 0.482766
277 0.482719
278 0.482643
279 0.482692
280 0.482675
281 0.482814
282 0.482911
283 0.482904
284 0.482751
285 0.48267
286 0.482863
287 0.482858
288 0.482858
289 0.482869
290 0.482723
291 0.482846
292 0.482551
293 0.48287
294 0.482749
295 0.482659
296 0.482554
297 0.48281
298 0.482715
299 0.482902
300 0.482846
