1 0.499631
2 0.538829
3 0.551654
4 0.565437
5 0.576687
6 0.583566
7 0.593304
8 0.59993
9 0.60652
10 0.612533
11 0.617
12 0.623408
13 0.625697
14 0.631206
15 0.635399
16 0.638915
17 0.643212
18 0.645309
19 0.649078
20 0.65273
21 0.655062
22 0.65839
23 0.66099
24 0.663338
25 0.666243
26 0.667873
27 0.670511
28 0.672996
29 0.674566
30 0.677083
31 0.679248
32 0.680921
33 0.683255
34 0.684854
35 0.686686
36 0.688548
37 0.6902
38 0.691894
39 0.693847
40 0.695097
41 0.696816
42 0.698396
43 0.699865
44 0.701341
45 0.702904
46 0.704061
47 0.705614
48 0.706832
49 0.708147
50 0.709518
51 0.710703
52 0.711996
53 0.71323
54 0.714414
55 0.715573
56 0.716705
57 0.717731
58 0.719031
59 0.720016
60 0.721141
61 0.722259
62 0.723186
63 0.724276
64 0.725267
65 0.726295
66 0.727241
67 0.728291
68 0.729165
69 0.73013
70 0.73104
71 0.73192
72 0.732819
73 0.733675
74 0.734541
75 0.735454
76 0.736179
77 0.737115
78 0.737968
79 0.738734
80 0.739599
81 0.740414
82 0.741178
83 0.741965
84 0.74271
85 0.743484
86 0.744165
87 0.744935
88 0.74568
89 0.746397
90 0.747101
91 0.747796
92 0.748533
93 0.749149
94 0.749884
95 0.750573
96 0.751207
97 0.751868
98 0.752541
99 0.753176
100 0.753821
101 0.754411
102 0.755093
103 0.755688
104 0.756274
105 0.756915
106 0.75751
107 0.758093
108 0.758672
109 0.759279
110 0.759834
111 0.760401
112 0.760973
113 0.761525
114 0.762068
115 0.762637
116 0.763173
117 0.763712
118 0.764244
119 0.764786
120 0.765301
121 0.765789
122 0.766332
123 0.766846
124 0.767326
125 0.767841
126 0.768344
127 0.768833
128 0.769317
129 0.769811
130 0.770304
131 0.770762
132 0.771239
133 0.771713
134 0.772171
135 0.772638
136 0.773089
137 0.773553
138 0.774001
139 0.774452
140 0.774885
141 0.775337
142 0.775764
143 0.776209
144 0.776643
145 0.777053
146 0.777487
147 0.777897
148 0.778326
149 0.77873
150 0.779157
151 0.779558
152 0.779956
153 0.780364
154 0.780762
155 0.781159
156 0.781541
157 0.781932
158 0.782327
159 0.782707
160 0.783085
161 0.783461
162 0.783845
163 0.784213
164 0.784583
165 0.784958
166 0.785326
167 0.785682
168 0.786047
169 0.786404
170 0.786765
171 0.787112
172 0.787464
173 0.787804
174 0.788149
175 0.788484
176 0.788824
177 0.789159
178 0.789506
179 0.789833
180 0.790159
181 0.790488
182 0.790807
183 0.791142
184 0.791446
185 0.791765
186 0.792089
187 0.792395
188 0.792701
189 0.793007
190 0.793307
191 0.793615
192 0.793906
193 0.794211
194 0.794506
195 0.794801
196 0.795084
197 0.795376
198 0.795671
199 0.795943
200 0.796227
201 0.796509
202 0.796779
203 0.797063
204 0.797328
205 0.797604
206 0.797877
207 0.798144
208 0.798418
209 0.798678
210 0.798945
211 0.799212
212 0.799465
213 0.799727
214 0.799983
215 0.800246
216 0.80049
217 0.800743
218 0.800993
219 0.801245
220 0.801484
221 0.801733
222 0.801983
223 0.802222
224 0.802457
225 0.802701
226 0.802937
227 0.803165
228 0.803401
229 0.803634
230 0.803865
231 0.80409
232 0.804322
233 0.804547
234 0.804771
235 0.804995
236 0.805219
237 0.805439
238 0.80566
239 0.805875
240 0.806094
241 0.806307
242 0.806523
243 0.806737
244 0.80694
245 0.807161
246 0.807371
247 0.807574
248 0.807786
249 0.807991
250 0.808194
251 0.80839
252 0.808595
253 0.808794
254 0.808994
255 0.809191
256 0.809393
257 0.809582
258 0.809786
259 0.809975
260 0.810172
261 0.810363
262 0.81055
263 0.810741
264 0.810932
265 0.811119
266 0.811306
267 0.811489
268 0.811673
269 0.811858
270 0.812043
271 0.812222
272 0.812399
273 0.812586
274 0.812762
275 0.812939
276 0.813115
277 0.813292
278 0.813467
279 0.81364
280 0.813814
281 0.813989
282 0.814159
283 0.814331
284 0.814502
285 0.814671
286 0.814839
287 0.815006
288 0.815171
289 0.815336
290 0.815503
291 0.815666
292 0.81583
293 0.815996
294 0.81616
295 0.816318
296 0.816477
297 0.816641
298 0.816799
299 0.816961
300 0.817114
