1 0.299741
2 0.309164
3 0.312419
4 0.315971
5 0.318719
6 0.320356
7 0.322428
8 0.324031
9 0.325528
10 0.326954
11 0.327985
12 0.32934
13 0.32998
14 0.331147
15 0.332088
16 0.33298
17 0.333881
18 0.33438
19 0.335198
20 0.335949
21 0.336483
22 0.337175
23 0.337712
24 0.338188
25 0.338767
26 0.339161
27 0.339667
28 0.340156
29 0.340515
30 0.340987
31 0.341411
32 0.341765
33 0.342242
34 0.342547
35 0.342906
36 0.343258
37 0.343549
38 0.343869
39 0.344246
40 0.344514
41 0.344838
42 0.345096
43 0.345382
44 0.345676
45 0.345968
46 0.34618
47 0.346474
48 0.346701
49 0.346952
50 0.347205
51 0.347415
52 0.347649
53 0.347869
54 0.348092
55 0.348292
56 0.348508
57 0.348684
58 0.348915
59 0.349088
60 0.34928
61 0.349475
62 0.349635
63 0.349815
64 0.349976
65 0.350165
66 0.350326
67 0.3505
68 0.350656
69 0.350818
70 0.350968
71 0.351122
72 0.351279
73 0.351427
74 0.351568
75 0.351724
76 0.351856
77 0.35201
78 0.352147
79 0.352279
80 0.352422
81 0.352554
82 0.352681
83 0.352815
84 0.35295
85 0.353075
86 0.353176
87 0.353308
88 0.353425
89 0.353544
90 0.353663
91 0.353777
92 0.3539
93 0.354
94 0.354111
95 0.354227
96 0.354335
97 0.354441
98 0.354545
99 0.354637
100 0.354741
101 0.35483
102 0.354935
103 0.355034
104 0.355133
105 0.355232
106 0.355333
107 0.355426
108 0.355523
109 0.355619
110 0.355703
111 0.355783
112 0.355867
113 0.355959
114 0.356044
115 0.356131
116 0.356209
117 0.356293
118 0.356372
119 0.356455
120 0.35653
121 0.356603
122 0.356688
123 0.356766
124 0.356836
125 0.35692
126 0.356993
127 0.357074
128 0.35715
129 0.357225
130 0.357302
131 0.357376
132 0.357444
133 0.357514
134 0.35758
135 0.357654
136 0.357729
137 0.357798
138 0.357865
139 0.357937
140 0.357998
141 0.358068
142 0.35813
143 0.358196
144 0.358262
145 0.358322
146 0.358385
147 0.358446
148 0.35851
149 0.358568
150 0.358631
151 0.358687
152 0.358743
153 0.358802
154 0.358856
155 0.358918
156 0.358973
157 0.359032
158 0.359091
159 0.359143
160 0.359196
161 0.359247
162 0.359302
163 0.359354
164 0.359407
165 0.359457
166 0.359508
167 0.359564
168 0.359612
169 0.359661
170 0.35971
171 0.359764
172 0.359818
173 0.359865
174 0.359915
175 0.359962
176 0.360009
177 0.360057
178 0.360105
179 0.360152
180 0.360201
181 0.360246
182 0.36029
183 0.36034
184 0.360384
185 0.360427
186 0.360473
187 0.360511
188 0.360552
189 0.360593
190 0.360635
191 0.360675
192 0.360716
193 0.360756
194 0.360797
195 0.360836
196 0.360874
197 0.360916
198 0.360955
199 0.360991
200 0.36103
201 0.361071
202 0.361107
203 0.361143
204 0.361179
205 0.361218
206 0.361258
207 0.361293
208 0.361329
209 0.361363
210 0.3614
211 0.361439
212 0.361471
213 0.361506
214 0.36154
215 0.361577
216 0.36161
217 0.361645
218 0.36168
219 0.361716
220 0.361747
221 0.361781
222 0.361816
223 0.361849
224 0.361878
225 0.361913
226 0.361948
227 0.361981
228 0.362011
229 0.362038
230 0.362066
231 0.362101
232 0.362129
233 0.362159
234 0.362189
235 0.362217
236 0.362244
237 0.362276
238 0.362302
239 0.36233
240 0.362358
241 0.362384
242 0.362412
243 0.362442
244 0.362472
245 0.362501
246 0.362529
247 0.362557
248 0.362586
249 0.362613
250 0.362641
251 0.362669
252 0.362693
253 0.36272
254 0.362745
255 0.362772
256 0.362798
257 0.362823
258 0.362849
259 0.362876
260 0.3629
261 0.362926
262 0.362947
263 0.362973
264 0.362999
265 0.363025
266 0.36305
267 0.363074
268 0.363098
269 0.363122
270 0.363146
271 0.363172
272 0.363197
273 0.36322
274 0.363245
275 0.36327
276 0.363294
277 0.363317
278 0.363339
279 0.363361
280 0.363383
281 0.363407
282 0.363432
283 0.363456
284 0.363479
285 0.3635
286 0.363523
287 0.363547
288 0.36357
289 0.363593
290 0.363614
291 0.363636
292 0.363655
293 0.363677
294 0.363698
295 0.363718
296 0.363736
297 0.363757
298 0.363777
299 0.363799
300 0.36382
