1 0.099769
2 0.0999715
3 0.09966
4 0.0996715
5 0.0997242
6 0.0999213
7 0.0998613
8 0.0998609
9 0.099891
10 0.1
11 0.108968
12 0.11647
13 0.123098
14 0.129322
15 0.135666
16 0.141687
17 0.146974
18 0.146892
19 0.145055
20 0.14184
21 0.137834
22 0.13357
23 0.130444
24 0.130914
25 0.13296
26 0.13495
27 0.13643
28 0.137595
29 0.139083
30 0.141273
31 0.143921
32 0.146852
33 0.149825
34 0.152777
35 0.155629
36 0.158338
37 0.160534
38 0.162426
39 0.16398
40 0.165204
41 0.166199
42 0.166304
43 0.166235
44 0.166304
45 0.166477
46 0.16676
47 0.167115
48 0.16758
49 0.168123
50 0.168572
51 0.169186
52 0.169977
53 0.170907
54 0.17194
55 0.173004
56 0.173974
57 0.175058
58 0.1761
59 0.177235
60 0.178429
61 0.179595
62 0.180633
63 0.181652
64 0.18263
65 0.183579
66 0.184384
67 0.185194
68 0.185793
69 0.186465
70 0.18722
71 0.187852
72 0.18842
73 0.18899
74 0.189486
75 0.189854
76 0.190255
77 0.190798
78 0.191441
79 0.192109
80 0.192799
81 0.1934
82 0.194045
83 0.194742
84 0.195463
85 0.196204
86 0.196964
87 0.19769
88 0.198303
89 0.198964
90 0.199571
91 0.200252
92 0.200909
93 0.201619
94 0.202318
95 0.202927
96 0.203522
97 0.204134
98 0.204736
99 0.205435
100 0.206143
101 0.206783
102 0.207319
103 0.207933
104 0.208538
105 0.209151
106 0.209801
107 0.210448
108 0.211074
109 0.211664
110 0.212202
111 0.212783
112 0.213317
113 0.213849
114 0.214335
115 0.214853
116 0.215303
117 0.21584
118 0.216399
119 0.216915
120 0.21747
121 0.218012
122 0.218581
123 0.219073
124 0.219585
125 0.220076
126 0.220602
127 0.221134
128 0.221643
129 0.222187
130 0.222711
131 0.223242
132 0.223777
133 0.224307
134 0.22485
135 0.225397
136 0.225923
137 0.226446
138 0.22697
139 0.22749
140 0.228009
141 0.228489
142 0.228993
143 0.229486
144 0.229966
145 0.230458
146 0.230943
147 0.231465
148 0.231979
149 0.232482
150 0.232993
151 0.233497
152 0.233963
153 0.234449
154 0.234902
155 0.235385
156 0.235873
157 0.236356
158 0.236847
159 0.237332
160 0.237813
161 0.238296
162 0.238755
163 0.239206
164 0.239668
165 0.240102
166 0.24056
167 0.241026
168 0.241484
169 0.241938
170 0.242393
171 0.242826
172 0.243247
173 0.243673
174 0.244106
175 0.244565
176 0.245026
177 0.245439
178 0.245858
179 0.246267
180 0.246704
181 0.247123
182 0.247566
183 0.248006
184 0.248447
185 0.248884
186 0.249335
187 0.249749
188 0.250175
189 0.250612
190 0.251024
191 0.251452
192 0.251879
193 0.252301
194 0.252733
195 0.25316
196 0.253583
197 0.253981
198 0.254375
199 0.254784
200 0.2552
201 0.255617
202 0.256033
203 0.256437
204 0.256842
205 0.257248
206 0.25767
207 0.258077
208 0.258469
209 0.258864
210 0.259267
211 0.259657
212 0.26006
213 0.260457
214 0.260869
215 0.261268
216 0.261661
217 0.262056
218 0.262452
219 0.262835
220 0.263225
221 0.263622
222 0.264001
223 0.264369
224 0.264756
225 0.265142
226 0.26552
227 0.265901
228 0.266284
229 0.266655
230 0.267034
231 0.267412
232 0.267788
233 0.268164
234 0.268534
235 0.268909
236 0.269284
237 0.269657
238 0.270035
239 0.27041
240 0.270782
241 0.271147
242 0.271508
243 0.271866
244 0.272229
245 0.272592
246 0.272948
247 0.273305
248 0.273663
249 0.274024
250 0.274388
251 0.274744
252 0.275097
253 0.275451
254 0.275798
255 0.27615
256 0.276502
257 0.276851
258 0.277196
259 0.277552
260 0.277899
261 0.27825
262 0.278597
263 0.278948
264 0.279298
265 0.279634
266 0.279977
267 0.28032
268 0.280658
269 0.280998
270 0.281343
271 0.281687
272 0.282028
273 0.282368
274 0.282702
275 0.283037
276 0.283375
277 0.283713
278 0.284049
279 0.284381
280 0.284716
281 0.285044
282 0.285378
283 0.28571
284 0.286041
285 0.286374
286 0.286703
287 0.28703
288 0.287349
289 0.28767
290 0.287994
291 0.288319
292 0.288639
293 0.288965
294 0.289293
295 0.289616
296 0.289936
297 0.290257
298 0.290582
299 0.290902
300 0.291227
