1 0.5
2 0.5
3 0.5
4 0.5
5 0.5
6 0.5
7 0.5
8 0.5
9 0.5
10 0.5
11 0.471532
12 0.471906
13 0.471316
14 0.469522
15 0.466557
16 0.463964
17 0.464565
18 0.493178
19 0.499215
20 0.499325
21 0.494945
22 0.489471
23 0.491928
24 0.499691
25 0.488015
26 0.479678
27 0.481258
28 0.482882
29 0.482528
30 0.476739
31 0.470828
32 0.464046
33 0.460646
34 0.458175
35 0.458019
36 0.458851
37 0.464454
38 0.467561
39 0.470844
40 0.47482
41 0.478469
42 0.486022
43 0.488366
44 0.488958
45 0.489343
46 0.489659
47 0.489335
48 0.488865
49 0.48772
50 0.493234
51 0.490394
52 0.485317
53 0.478689
54 0.474569
55 0.472048
56 0.47458
57 0.470025
58 0.4659
59 0.462153
60 0.460121
61 0.459175
62 0.463604
63 0.463869
64 0.463787
65 0.4638
66 0.466572
67 0.466347
68 0.468552
69 0.46787
70 0.467467
71 0.469665
72 0.472464
73 0.473367
74 0.474759
75 0.476882
76 0.477379
77 0.474214
78 0.47236
79 0.471493
80 0.470539
81 0.474239
82 0.471938
83 0.474362
84 0.471349
85 0.468385
86 0.465707
87 0.46602
88 0.468687
89 0.466226
90 0.47083
91 0.465586
92 0.464717
93 0.460584
94 0.458945
95 0.459411
96 0.461021
97 0.459048
98 0.460049
99 0.456622
100 0.455244
101 0.458218
102 0.45907
103 0.457729
104 0.457657
105 0.459241
106 0.455868
107 0.45758
108 0.457136
109 0.456797
110 0.457424
111 0.455785
112 0.461033
113 0.459714
114 0.460329
115 0.46131
116 0.461486
117 0.458409
118 0.456373
119 0.456876
120 0.455999
121 0.456084
122 0.454916
123 0.458382
124 0.458255
125 0.457852
126 0.457517
127 0.458729
128 0.459452
129 0.456579
130 0.455178
131 0.455421
132 0.455194
133 0.45402
134 0.451772
135 0.451086
136 0.453532
137 0.453708
138 0.451963
139 0.450555
140 0.451227
141 0.45209
142 0.450336
143 0.450965
144 0.452107
145 0.450845
146 0.453408
147 0.44923
148 0.448118
149 0.449116
150 0.446689
151 0.448582
152 0.448876
153 0.449086
154 0.449841
155 0.447454
156 0.448386
157 0.447842
158 0.446137
159 0.447228
160 0.446055
161 0.44522
162 0.445771
163 0.447411
164 0.445545
165 0.445646
166 0.445626
167 0.44442
168 0.445188
169 0.445705
170 0.444993
171 0.445177
172 0.445327
173 0.443998
174 0.443786
175 0.442334
176 0.44263
177 0.444938
178 0.445639
179 0.444866
180 0.444889
181 0.443578
182 0.44244
183 0.441833
184 0.441688
185 0.440469
186 0.439707
187 0.442778
188 0.442631
189 0.443295
190 0.442999
191 0.440586
192 0.439996
193 0.440397
194 0.439695
195 0.438925
196 0.438528
197 0.440285
198 0.44116
199 0.44037
200 0.439232
201 0.440579
202 0.439801
203 0.439022
204 0.437996
205 0.438563
206 0.437562
207 0.438611
208 0.438759
209 0.437822
210 0.437945
211 0.437937
212 0.436436
213 0.436423
214 0.434941
215 0.435135
216 0.435248
217 0.435362
218 0.435863
219 0.436371
220 0.434963
221 0.433976
222 0.434976
223 0.436792
224 0.433726
225 0.434516
226 0.434311
227 0.43343
228 0.432643
229 0.433061
230 0.433646
231 0.432831
232 0.433905
233 0.433693
234 0.433477
235 0.432606
236 0.431623
237 0.431735
238 0.431832
239 0.431457
240 0.430439
241 0.431333
242 0.431737
243 0.431817
244 0.431181
245 0.430702
246 0.43201
247 0.430868
248 0.430584
249 0.429171
250 0.428562
251 0.429712
252 0.430174
253 0.430515
254 0.430757
255 0.429555
256 0.428918
257 0.429209
258 0.429064
259 0.427721
260 0.4285
261 0.428899
262 0.429129
263 0.427592
264 0.426341
265 0.42781
266 0.42728
267 0.427459
268 0.427806
269 0.427975
270 0.42691
271 0.427226
272 0.426038
273 0.426676
274 0.426876
275 0.426325
276 0.424751
277 0.425839
278 0.425215
279 0.426655
280 0.425487
281 0.426367
282 0.424473
283 0.425898
284 0.424334
285 0.424723
286 0.424879
287 0.424722
288 0.425184
289 0.425754
290 0.42366
291 0.423425
292 0.42346
293 0.423155
294 0.422481
295 0.423563
296 0.423534
297 0.423167
298 0.422495
299 0.423044
300 0.422309
