1 0.499481
2 0.500486
3 0.500155
4 0.499842
5 0.500324
6 0.500577
7 0.499729
8 0.500397
9 0.500254
10 0.499797
11 0.666308
12 0.665243
13 0.666918
14 0.6719
15 0.679793
16 0.686381
17 0.684879
18 0.582315
19 0.528021
20 0.474016
21 0.429076
22 0.39793
23 0.410518
24 0.517598
25 0.608819
26 0.641103
27 0.635615
28 0.629714
29 0.631026
30 0.650733
31 0.66829
32 0.686177
33 0.694437
34 0.700191
35 0.700548
36 0.698637
37 0.685156
38 0.677165
39 0.668246
40 0.656675
41 0.645149
42 0.617402
43 0.607235
44 0.604503
45 0.602683
46 0.601166
47 0.602721
48 0.604934
49 0.610136
50 0.581983
51 0.59754
52 0.620283
53 0.644422
54 0.657433
55 0.664838
56 0.6574
57 0.67052
58 0.681487
59 0.690827
60 0.695676
61 0.697886
62 0.687276
63 0.686619
64 0.686821
65 0.68679
66 0.679753
67 0.680335
68 0.674527
69 0.676347
70 0.677412
71 0.67151
72 0.663641
73 0.66101
74 0.656857
75 0.650281
76 0.648695
77 0.658498
78 0.66394
79 0.666417
80 0.669096
81 0.658425
82 0.665152
83 0.658055
84 0.666826
85 0.674974
86 0.681983
87 0.681179
88 0.674163
89 0.68065
90 0.668286
91 0.682291
92 0.684496
93 0.694585
94 0.698419
95 0.697337
96 0.693547
97 0.69818
98 0.695847
99 0.703709
100 0.706769
101 0.700092
102 0.69813
103 0.701209
104 0.701372
105 0.697734
106 0.70539
107 0.701546
108 0.702552
109 0.703315
110 0.701901
111 0.705575
112 0.693517
113 0.696631
114 0.695186
115 0.692858
116 0.692436
117 0.699654
118 0.704265
119 0.703139
120 0.7051
121 0.70491
122 0.707491
123 0.699716
124 0.700008
125 0.700929
126 0.701691
127 0.698917
128 0.697242
129 0.703804
130 0.706914
131 0.706379
132 0.706879
133 0.709444
134 0.714249
135 0.715689
136 0.710498
137 0.710119
138 0.713847
139 0.716797
140 0.715394
141 0.713577
142 0.717252
143 0.715943
144 0.713541
145 0.716193
146 0.710766
147 0.719529
148 0.72179
149 0.719762
150 0.724655
151 0.72085
152 0.720253
153 0.719824
154 0.718275
155 0.723127
156 0.721248
157 0.722347
158 0.725748
159 0.723579
160 0.72591
161 0.727552
162 0.72647
163 0.723214
164 0.726915
165 0.726717
166 0.726756
167 0.72911
168 0.727614
169 0.7266
170 0.727995
171 0.727636
172 0.727342
173 0.729928
174 0.730337
175 0.733113
176 0.73255
177 0.728102
178 0.726731
179 0.728243
180 0.728198
181 0.730736
182 0.732912
183 0.734061
184 0.734334
185 0.736617
186 0.73803
187 0.732268
188 0.732548
189 0.73128
190 0.731846
191 0.736399
192 0.737496
193 0.736752
194 0.738053
195 0.739469
196 0.740195
197 0.73696
198 0.735326
199 0.736801
200 0.738905
201 0.736413
202 0.737856
203 0.739291
204 0.741165
205 0.740131
206 0.741951
207 0.740044
208 0.739773
209 0.74148
210 0.741257
211 0.741272
212 0.743976
213 0.743999
214 0.746631
215 0.746289
216 0.74609
217 0.745887
218 0.744998
219 0.744092
220 0.746593
221 0.748326
222 0.74657
223 0.743339
224 0.748762
225 0.74738
226 0.74774
227 0.749277
228 0.750641
229 0.749917
230 0.748901
231 0.750316
232 0.74845
233 0.74882
234 0.749195
235 0.750704
236 0.752393
237 0.752201
238 0.752036
239 0.752677
240 0.754408
241 0.752889
242 0.752199
243 0.752062
244 0.753148
245 0.753962
246 0.75173
247 0.75368
248 0.754161
249 0.756541
250 0.757556
251 0.755634
252 0.754855
253 0.754279
254 0.753869
255 0.755897
256 0.756964
257 0.756477
258 0.75672
259 0.75895
260 0.757659
261 0.756995
262 0.756611
263 0.759164
264 0.761216
265 0.758803
266 0.759678
267 0.759383
268 0.758811
269 0.75853
270 0.760285
271 0.759767
272 0.761711
273 0.760669
274 0.760341
275 0.761242
276 0.763794
277 0.762034
278 0.763046
279 0.760704
280 0.762606
281 0.761174
282 0.764242
283 0.761939
284 0.764465
285 0.763839
286 0.763588
287 0.763841
288 0.763096
289 0.762173
290 0.765543
291 0.765918
292 0.765862
293 0.766346
294 0.767415
295 0.765697
296 0.765743
297 0.766328
298 0.767392
299 0.766523
300 0.767686
