1 0.437412
2 0.437688
3 0.437537
4 0.437456
5 0.437598
6 0.437551
7 0.437492
8 0.437462
9 0.437468
10 0.437432
11 0.437424
12 0.437404
13 0.437445
14 0.43741
15 0.437395
16 0.426986
17 0.417782
18 0.409649
19 0.402339
20 0.395661
21 0.389472
22 0.383656
23 0.37825
24 0.373536
25 0.369876
26 0.367662
27 0.367094
28 0.368214
29 0.370833
30 0.374692
31 0.37946
32 0.384612
33 0.389359
34 0.392687
35 0.39393
36 0.392996
37 0.390706
38 0.387907
39 0.385414
40 0.383386
41 0.381822
42 0.380422
43 0.378965
44 0.377203
45 0.375088
46 0.372638
47 0.369967
48 0.367184
49 0.364413
50 0.36184
51 0.359392
52 0.357074
53 0.354893
54 0.352854
55 0.350965
56 0.349578
57 0.348411
58 0.347453
59 0.346732
60 0.346247
61 0.34595
62 0.345774
63 0.345651
64 0.345571
65 0.345539
66 0.34578
67 0.34597
68 0.346048
69 0.346015
70 0.345888
71 0.345667
72 0.345363
73 0.34497
74 0.344752
75 0.344418
76 0.344049
77 0.343518
78 0.34283
79 0.342009
80 0.341096
81 0.340365
82 0.339506
83 0.338597
84 0.337551
85 0.336406
86 0.33532
87 0.334181
88 0.333018
89 0.33184
90 0.330777
91 0.329748
92 0.328901
93 0.328035
94 0.327213
95 0.326371
96 0.325537
97 0.324747
98 0.324099
99 0.323475
100 0.322872
101 0.322287
102 0.321736
103 0.321247
104 0.32086
105 0.320487
106 0.320122
107 0.319877
108 0.319755
109 0.319593
110 0.319408
111 0.319363
112 0.319298
113 0.319188
114 0.319136
115 0.319157
116 0.319089
117 0.31895
118 0.318717
119 0.318411
120 0.31804
121 0.317609
122 0.317126
123 0.316611
124 0.316158
125 0.315649
126 0.315096
127 0.314533
128 0.313967
129 0.313373
130 0.312777
131 0.312181
132 0.311596
133 0.310997
134 0.310384
135 0.309759
136 0.309154
137 0.308591
138 0.308014
139 0.307444
140 0.306892
141 0.30635
142 0.305812
143 0.30531
144 0.304792
145 0.304265
146 0.303805
147 0.303338
148 0.302872
149 0.302425
150 0.301966
151 0.301537
152 0.301102
153 0.300716
154 0.300329
155 0.299945
156 0.299622
157 0.299275
158 0.298931
159 0.298602
160 0.29825
161 0.297927
162 0.297614
163 0.29734
164 0.29703
165 0.296718
166 0.296391
167 0.296059
168 0.295758
169 0.295482
170 0.295247
171 0.294966
172 0.294715
173 0.294441
174 0.294172
175 0.293938
176 0.293671
177 0.293397
178 0.293094
179 0.292782
180 0.292472
181 0.29216
182 0.291846
183 0.291526
184 0.29118
185 0.290814
186 0.290435
187 0.290104
188 0.289758
189 0.289434
190 0.28911
191 0.288837
192 0.288529
193 0.288194
194 0.287841
195 0.287474
196 0.28711
197 0.286751
198 0.286419
199 0.286118
200 0.285794
201 0.285487
202 0.285195
203 0.284889
204 0.28456
205 0.284218
206 0.283861
207 0.283511
208 0.283174
209 0.282856
210 0.282536
211 0.282225
212 0.28192
213 0.281598
214 0.281269
215 0.28096
216 0.280649
217 0.280339
218 0.280073
219 0.279808
220 0.279531
221 0.279233
222 0.27893
223 0.278643
224 0.278345
225 0.278058
226 0.277768
227 0.277484
228 0.277202
229 0.27691
230 0.276637
231 0.276353
232 0.276079
233 0.275807
234 0.275544
235 0.275281
236 0.275019
237 0.274759
238 0.274521
239 0.27426
240 0.273997
241 0.27372
242 0.273465
243 0.273212
244 0.272972
245 0.272715
246 0.272454
247 0.27219
248 0.271937
249 0.27168
250 0.271417
251 0.271148
252 0.270889
253 0.270626
254 0.270369
255 0.270115
256 0.26987
257 0.26965
258 0.269408
259 0.269162
260 0.268929
261 0.268699
262 0.268463
263 0.268215
264 0.267955
265 0.267697
266 0.267438
267 0.267183
268 0.266925
269 0.266681
270 0.266447
271 0.266224
272 0.265994
273 0.265758
274 0.265517
275 0.265266
276 0.265029
277 0.264801
278 0.264558
279 0.264334
280 0.264104
281 0.263866
282 0.263617
283 0.263377
284 0.263125
285 0.262871
286 0.26263
287 0.262397
288 0.262173
289 0.261947
290 0.261711
291 0.261474
292 0.261243
293 0.261004
294 0.260775
295 0.260547
296 0.260321
297 0.2601
298 0.259867
299 0.259646
300 0.259421
