1 0.437412
2 0.437964
3 0.437235
4 0.437213
5 0.438167
6 0.437316
7 0.437136
8 0.43725
9 0.437518
10 0.437111
11 0.437344
12 0.43718
13 0.437934
14 0.436959
15 0.437187
16 0.270856
17 0.270507
18 0.271397
19 0.27075
20 0.268786
21 0.265683
22 0.261522
23 0.259319
24 0.265129
25 0.282029
26 0.312319
27 0.352318
28 0.398461
29 0.444153
30 0.486609
31 0.522485
32 0.544319
33 0.54127
34 0.502523
35 0.43618
36 0.36031
37 0.308279
38 0.284348
39 0.290664
40 0.304298
41 0.319262
42 0.323014
43 0.317757
44 0.301446
45 0.282019
46 0.2624
47 0.247094
48 0.236393
49 0.23142
50 0.235761
51 0.237
52 0.238842
53 0.241482
54 0.244795
55 0.248972
56 0.273258
57 0.283088
58 0.29284
59 0.304926
60 0.317583
61 0.328131
62 0.335037
63 0.338047
64 0.340509
65 0.343513
66 0.361455
67 0.35851
68 0.351258
69 0.343779
70 0.337126
71 0.330225
72 0.323766
73 0.316646
74 0.328819
75 0.319734
76 0.316393
77 0.30314
78 0.289854
79 0.277962
80 0.268996
81 0.281891
82 0.269892
83 0.264106
84 0.250683
85 0.240228
86 0.243002
87 0.236279
88 0.231828
89 0.228154
90 0.236179
91 0.237159
92 0.251778
93 0.248361
94 0.250787
95 0.247226
96 0.246326
97 0.248883
98 0.261206
99 0.262325
100 0.263234
101 0.263786
102 0.266043
103 0.271439
104 0.280968
105 0.281676
106 0.281749
107 0.293931
108 0.30669
109 0.30213
110 0.299207
111 0.314468
112 0.31211
113 0.306786
114 0.313279
115 0.321622
116 0.311247
117 0.302826
118 0.291417
119 0.282274
120 0.273889
121 0.265918
122 0.258679
123 0.253825
124 0.260383
125 0.252513
126 0.245991
127 0.243643
128 0.242076
129 0.237342
130 0.235917
131 0.234636
132 0.234984
133 0.231878
134 0.228963
135 0.225983
136 0.22744
137 0.232092
138 0.228852
139 0.228884
140 0.230115
141 0.230549
142 0.229833
143 0.234013
144 0.230818
145 0.228405
146 0.237041
147 0.235092
148 0.234486
149 0.236285
150 0.233468
151 0.237298
152 0.235395
153 0.241944
154 0.241239
155 0.240674
156 0.249685
157 0.245139
158 0.24479
159 0.24667
160 0.242292
161 0.246338
162 0.247184
163 0.252849
164 0.24655
165 0.245598
166 0.24241
167 0.240953
168 0.24548
169 0.24904
170 0.25558
171 0.247225
172 0.251805
173 0.247345
174 0.247564
175 0.253319
176 0.246851
177 0.24519
178 0.239402
179 0.237307
180 0.236954
181 0.236046
182 0.235024
183 0.23325
184 0.227832
185 0.223553
186 0.220251
187 0.228486
188 0.225059
189 0.228607
190 0.227806
191 0.237072
192 0.22957
193 0.223942
194 0.219756
195 0.216302
196 0.21599
197 0.216416
198 0.221093
199 0.226543
200 0.221301
201 0.224107
202 0.226454
203 0.223045
204 0.217712
205 0.214442
206 0.210775
207 0.211452
208 0.213437
209 0.216623
210 0.21573
211 0.216925
212 0.217588
213 0.213235
214 0.211172
215 0.214846
216 0.21379
217 0.213475
218 0.222223
219 0.221982
220 0.219059
221 0.213672
222 0.211785
223 0.214956
224 0.212008
225 0.2138
226 0.212498
227 0.213217
228 0.213157
229 0.210285
230 0.214265
231 0.210914
232 0.212916
233 0.212683
234 0.214319
235 0.213709
236 0.213384
237 0.213415
238 0.218045
239 0.212292
240 0.21115
241 0.207243
242 0.211865
243 0.212085
244 0.214583
245 0.210072
246 0.208347
247 0.207388
248 0.209484
249 0.207991
250 0.2057
251 0.203933
252 0.206072
253 0.204341
254 0.205248
255 0.20563
256 0.20747
257 0.213136
258 0.207201
259 0.205787
260 0.208703
261 0.208864
262 0.206816
263 0.203102
264 0.199695
265 0.199463
266 0.19882
267 0.199445
268 0.198067
269 0.201304
270 0.203551
271 0.205868
272 0.203801
273 0.201543
274 0.199552
275 0.19655
276 0.199779
277 0.202097
278 0.197224
279 0.202039
280 0.199984
281 0.197144
282 0.193679
283 0.195581
284 0.191791
285 0.190885
286 0.193797
287 0.195966
288 0.197805
289 0.196912
290 0.193538
291 0.192695
292 0.193965
293 0.191333
294 0.193523
295 0.193488
296 0.193802
297 0.194463
298 0.190681
299 0.193877
300 0.192174
