1 0
2 0
3 0.444444
4 0.4
5 0.444444
6 0.27027
7 0.206897
8 0.152174
9 0.10274
10 0.112613
11 0.0911854
12 0.0959488
13 0.093415
14 0.0906002
15 0.0921502
16 0.0926413
17 0.0908624
18 0.0942088
19 0.094723
20 0.0963437
21 0.0967317
22 0.0974677
23 0.0975907
24 0.0993821
25 0.0994312
26 0.0984834
27 0.0978007
28 0.0985562
29 0.0974455
30 0.0978936
31 0.0967667
32 0.0957508
33 0.0951324
34 0.0946068
35 0.0939833
36 0.0933526
37 0.0924704
38 0.0923599
39 0.0915843
40 0.0911999
41 0.0901472
42 0.0899739
43 0.0893686
44 0.0885613
45 0.0881067
46 0.0873984
47 0.0867487
48 0.0863841
49 0.0857573
50 0.0852637
51 0.0843384
52 0.0838797
53 0.0831675
54 0.0828123
55 0.0821687
56 0.0815202
57 0.0809857
58 0.0803795
59 0.0797699
60 0.0793378
61 0.0787181
62 0.0782841
63 0.0776929
64 0.0772743
65 0.0766796
66 0.0761215
67 0.0755695
68 0.0750702
69 0.0745671
70 0.0741668
71 0.0734951
72 0.0731516
73 0.0726192
74 0.0722043
75 0.0718101
76 0.0714155
77 0.0708634
78 0.0703704
79 0.0699584
80 0.0695417
81 0.0691196
82 0.0687037
83 0.0682728
84 0.0679309
85 0.0674658
86 0.0670292
87 0.0666544
88 0.0663054
89 0.0658519
90 0.0655414
91 0.0651163
92 0.0647091
93 0.0643393
94 0.0640336
95 0.0636674
96 0.0633131
97 0.0629447
98 0.0625801
99 0.0622963
100 0.0619767
