1 0.578596
2 0.578391
3 0.620582
4 0.621057
5 0.650146
6 0.650243
7 0.672674
8 0.672609
9 0.690581
10 0.690508
11 0.705428
12 0.70557
13 0.717112
14 0.718302
15 0.727903
16 0.728923
17 0.73762
18 0.739152
19 0.746678
20 0.748038
21 0.754687
22 0.755659
23 0.7617
24 0.762854
25 0.768115
26 0.769762
27 0.774189
28 0.775493
29 0.780062
30 0.780961
31 0.784977
32 0.786048
33 0.789759
34 0.791228
35 0.794118
36 0.795338
37 0.798297
38 0.799443
39 0.802462
40 0.803438
41 0.805865
42 0.807042
43 0.809529
44 0.810587
45 0.812898
46 0.813986
47 0.815861
48 0.817071
49 0.819255
50 0.820256
51 0.822194
52 0.823128
53 0.824861
54 0.825867
55 0.827574
56 0.828188
57 0.829926
58 0.830783
59 0.832142
60 0.833003
61 0.834488
62 0.835347
63 0.836718
64 0.837614
65 0.839031
66 0.839828
67 0.841049
68 0.841821
69 0.843056
70 0.843749
71 0.844919
72 0.845623
73 0.846909
74 0.847514
75 0.848771
76 0.849373
77 0.850461
78 0.850977
79 0.852049
80 0.852493
81 0.853711
82 0.854338
83 0.855258
84 0.855733
85 0.856637
86 0.857099
87 0.857856
88 0.858359
89 0.859259
90 0.859729
91 0.860524
92 0.861091
93 0.861862
94 0.862326
95 0.863161
96 0.863537
97 0.864249
98 0.864632
99 0.865484
100 0.865842
101 0.866868
102 0.867194
103 0.867902
104 0.868436
105 0.869162
106 0.869735
107 0.870298
108 0.870624
109 0.87127
110 0.871674
111 0.872376
112 0.872714
113 0.873379
114 0.873895
115 0.874547
116 0.874819
117 0.875417
118 0.875734
119 0.876329
120 0.876782
121 0.87733
122 0.877622
123 0.878235
124 0.878708
125 0.879057
126 0.87939
127 0.879968
128 0.880306
129 0.880912
130 0.881172
131 0.881768
132 0.882049
133 0.882439
134 0.882774
135 0.883317
136 0.883588
137 0.88408
138 0.884471
139 0.884939
140 0.885287
141 0.885743
142 0.886012
143 0.88654
144 0.886834
145 0.887305
146 0.887511
147 0.887854
148 0.888299
149 0.888609
150 0.888855
151 0.889324
152 0.889574
153 0.889983
154 0.890274
155 0.890675
156 0.890875
157 0.891287
158 0.891627
159 0.892034
160 0.892266
161 0.892792
162 0.89291
163 0.893173
164 0.893546
165 0.893719
166 0.894136
167 0.894354
168 0.894561
169 0.89491
170 0.895159
171 0.895551
172 0.895769
173 0.896131
174 0.896425
175 0.896653
176 0.896928
177 0.897257
178 0.897416
179 0.897762
180 0.897983
181 0.898261
182 0.898462
183 0.898847
184 0.899104
185 0.899309
186 0.899488
187 0.899817
188 0.900043
189 0.90037
190 0.900616
191 0.900949
192 0.901016
193 0.90119
194 0.901355
195 0.9017
196 0.901839
197 0.902034
198 0.902218
199 0.902589
200 0.902764
201 0.903084
202 0.90322
203 0.903489
204 0.903608
205 0.903911
206 0.904027
207 0.904319
208 0.904405
209 0.904615
210 0.904809
211 0.905057
212 0.905336
213 0.905546
214 0.905706
215 0.905933
216 0.906098
217 0.906345
218 0.906525
219 0.906722
220 0.906883
221 0.907162
222 0.907306
223 0.907624
224 0.907683
225 0.907853
226 0.908029
227 0.908343
228 0.908494
229 0.908694
230 0.908861
231 0.909092
232 0.909151
233 0.909356
234 0.909561
235 0.909837
236 0.910077
237 0.910422
238 0.910536
239 0.910771
240 0.910775
241 0.910988
242 0.911076
243 0.911151
244 0.911377
245 0.91143
246 0.911434
247 0.911703
248 0.911812
249 0.912071
250 0.912192
251 0.912397
252 0.912497
253 0.912604
254 0.912691
255 0.912861
256 0.913108
257 0.913211
258 0.91349
259 0.913615
260 0.913706
261 0.914004
262 0.91423
263 0.914362
264 0.914586
265 0.914733
266 0.914876
267 0.914967
268 0.915084
269 0.915202
270 0.915302
271 0.915491
272 0.915581
273 0.915731
274 0.915896
275 0.916074
276 0.916083
277 0.916206
278 0.916368
279 0.916535
280 0.916627
281 0.916829
282 0.916905
283 0.917152
284 0.917232
285 0.91739
286 0.91769
287 0.917784
288 0.917859
289 0.918002
290 0.918171
291 0.918269
292 0.918507
293 0.918696
294 0.918788
295 0.918905
296 0.919058
297 0.919163
298 0.919338
299 0.919481
300 0.919586
