1 0.0780515
2 0.0780543
3 0.0587411
4 0.050958
5 0.0832844
6 0.0533095
7 0.0589939
8 0.053483
9 0.0566399
10 0.0617327
11 0.0585839
12 0.0459162
13 0.0546578
14 0.0539192
15 0.0602278
16 0.0654288
17 0.0426386
18 0.0454205
19 0.0548876
20 0.0536087
21 0.0471151
22 0.0470836
23 0.0531183
24 0.0501544
25 0.0494188
26 0.049648
27 0.0463313
28 0.0478843
29 0.0497441
30 0.0469554
31 0.0442911
32 0.0431561
33 0.0489916
34 0.0478928
35 0.0446595
36 0.04468
37 0.0475076
38 0.0444487
39 0.0421735
40 0.044795
41 0.0404074
42 0.0451905
43 0.042088
44 0.0425705
45 0.0425683
46 0.0449525
47 0.0430914
48 0.0415485
49 0.0440463
50 0.0405654
51 0.0410103
52 0.0427284
53 0.0405984
54 0.040033
55 0.0436422
56 0.0386429
57 0.0405834
58 0.0413172
59 0.0385606
60 0.0400748
61 0.0405087
62 0.039005
63 0.039599
64 0.0394262
65 0.0380598
66 0.0392411
67 0.0378011
68 0.0379132
69 0.0395555
70 0.0378273
71 0.0363393
72 0.0375508
73 0.03962
74 0.037814
75 0.0370941
76 0.03534
77 0.0386275
78 0.0363105
79 0.0366561
80 0.0376649
81 0.0351665
82 0.037273
83 0.0350882
84 0.0357617
85 0.0366283
86 0.0345383
87 0.0369131
88 0.0366211
89 0.0355426
90 0.0363265
91 0.0347363
92 0.0357237
93 0.0355996
94 0.0340597
95 0.0347441
96 0.0348551
97 0.0345483
98 0.0345136
99 0.0337331
100 0.0336882
101 0.034648
102 0.0321699
103 0.0345079
104 0.033856
105 0.0341717
106 0.0320127
107 0.0334809
108 0.0350641
109 0.0322316
110 0.0334046
111 0.0335955
112 0.0329882
113 0.0325193
114 0.0327386
115 0.0330312
116 0.0322042
117 0.0333786
118 0.0317282
119 0.0326696
120 0.0318136
121 0.0324357
122 0.0317278
123 0.0327581
124 0.0317768
125 0.0312445
126 0.0327869
127 0.0307354
128 0.0312515
129 0.0311264
130 0.0314566
131 0.0316132
132 0.0314443
133 0.0315215
134 0.0319536
135 0.0304261
136 0.0303049
137 0.0312512
138 0.0304237
139 0.0311621
140 0.0301651
141 0.0308896
142 0.0295706
143 0.0304446
144 0.0307384
145 0.0296198
146 0.0301007
147 0.0299142
148 0.0294383
149 0.0305421
150 0.0295666
151 0.0299558
152 0.0296899
153 0.0292727
154 0.030728
155 0.0282537
156 0.0299283
157 0.0298095
158 0.0287971
159 0.0295985
160 0.029032
161 0.029859
162 0.0289367
163 0.0278959
164 0.0290038
165 0.0285649
166 0.0282234
167 0.029646
168 0.0283215
169 0.0286574
170 0.0282075
171 0.0286499
172 0.0290027
173 0.0278361
174 0.0286306
175 0.0279023
176 0.028716
177 0.0280424
178 0.0281878
179 0.0272865
180 0.028656
181 0.0274537
182 0.0280055
183 0.0274945
184 0.0279576
185 0.0269444
186 0.0280808
187 0.0267956
188 0.0283218
189 0.0271086
190 0.0277061
191 0.0270382
192 0.0272318
193 0.027649
194 0.0266491
195 0.0269876
196 0.0272553
197 0.0267017
198 0.0271602
199 0.026949
200 0.0264971
201 0.0271702
202 0.0257737
203 0.0270096
204 0.0266751
205 0.0264381
206 0.0269865
207 0.0263722
208 0.0257757
209 0.026669
210 0.0258771
211 0.0269568
212 0.0260985
213 0.0263502
214 0.0262266
215 0.0262221
216 0.0257287
217 0.0265906
218 0.0255691
219 0.0262629
220 0.0257553
221 0.0252188
222 0.0265198
223 0.0252975
224 0.025744
225 0.0259567
226 0.0254312
227 0.0255246
228 0.0255491
229 0.0252753
230 0.0257851
231 0.0249858
232 0.0252974
233 0.0252386
234 0.0252828
235 0.0257218
236 0.0249684
237 0.0247925
238 0.025238
239 0.0246383
240 0.0252391
241 0.0241129
242 0.0249719
243 0.0251438
244 0.0251334
245 0.0242302
246 0.0253794
247 0.0243843
248 0.0247371
249 0.0248512
250 0.024558
251 0.0243272
252 0.0247227
253 0.0244279
254 0.0247593
255 0.0240914
256 0.0238778
257 0.0247027
258 0.0242397
259 0.0246752
260 0.0237004
261 0.0246806
262 0.0237166
263 0.0241209
264 0.0240553
265 0.0243633
266 0.0234068
267 0.0245529
268 0.0234649
269 0.023841
270 0.0240715
271 0.0237504
272 0.0235839
273 0.0242919
274 0.0232169
275 0.0237389
276 0.0231903
277 0.0236349
278 0.0233499
279 0.0234506
280 0.0232143
281 0.0237513
282 0.0231946
283 0.0233508
284 0.0233532
285 0.0229635
286 0.023025
287 0.0232016
288 0.0226754
289 0.0236092
290 0.0225672
291 0.0234274
292 0.0227143
293 0.0231661
294 0.0228101
295 0.0228606
296 0.0225975
297 0.0231335
298 0.0224565
299 0.02293
300 0.0227793
