1 0.0589063
2 0.101501
3 0.0491232
4 0.0701018
5 0.0426305
6 0.0591601
7 0.0378212
8 0.0492362
9 0.0341011
10 0.0434215
11 0.0311841
12 0.0388301
13 0.0291435
14 0.0347686
15 0.0268958
16 0.0322058
17 0.0251375
18 0.0293575
19 0.0236536
20 0.0271826
21 0.022148
22 0.0254745
23 0.0209567
24 0.0239184
25 0.0199771
26 0.0223861
27 0.0189051
28 0.0212036
29 0.0180075
30 0.0202033
31 0.0173074
32 0.0192278
33 0.0165028
34 0.0182007
35 0.015872
36 0.0174514
37 0.015393
38 0.0167291
39 0.0146368
40 0.0159644
41 0.0141201
42 0.0153646
43 0.013735
44 0.014809
45 0.0131675
46 0.0142232
47 0.012743
48 0.0137564
49 0.012399
50 0.0132869
51 0.0119334
52 0.0128038
53 0.0115783
54 0.0124081
55 0.0112975
56 0.012096
57 0.010945
58 0.0117189
59 0.0106585
60 0.0113624
61 0.0104093
62 0.0110378
63 0.0100949
64 0.0107344
65 0.0098334
66 0.0104216
67 0.00963285
68 0.010162
69 0.00934706
70 0.00990032
71 0.009117
72 0.0096588
73 0.00892528
74 0.00939442
75 0.00871063
76 0.00917629
77 0.00851229
78 0.00896038
79 0.00835771
80 0.00879724
81 0.00815748
82 0.00856205
83 0.00797508
84 0.00837365
85 0.0078798
86 0.00820737
87 0.00768692
88 0.00806873
89 0.0075311
90 0.0078787
91 0.00741506
92 0.00772899
93 0.00726216
94 0.00758566
95 0.00714853
96 0.00747399
97 0.00703514
98 0.0073096
99 0.00690314
100 0.00719576
101 0.00676526
102 0.00705312
103 0.00666991
104 0.00693296
105 0.00655568
106 0.00680776
107 0.006431
108 0.00669947
109 0.00634957
110 0.00658599
111 0.00624051
112 0.00649677
113 0.00614895
114 0.00635438
115 0.00605139
116 0.00626608
117 0.00594558
118 0.00616791
119 0.00585315
120 0.0060633
121 0.00576989
122 0.00596302
123 0.00568413
124 0.00587184
125 0.00560756
126 0.00578927
127 0.00553235
128 0.00571459
129 0.00544128
130 0.00563437
131 0.00537015
132 0.00554723
133 0.00531164
134 0.0054726
135 0.00523409
136 0.00540523
137 0.00515683
138 0.00531873
139 0.00509658
140 0.00523508
141 0.00502464
142 0.0051755
143 0.00494388
144 0.0050998
145 0.00490215
146 0.00503389
147 0.00482961
148 0.00496593
149 0.00476821
150 0.00491314
151 0.00471272
152 0.00484439
153 0.00465627
154 0.00478889
155 0.00460973
156 0.00473421
157 0.00456003
158 0.00468457
159 0.00450288
160 0.00462955
161 0.00443639
162 0.00456029
163 0.00440675
164 0.00451314
165 0.00435578
166 0.00446526
167 0.00430903
168 0.0044262
169 0.00427146
170 0.00437614
171 0.00421174
172 0.00432633
173 0.0041713
174 0.00426471
175 0.00413369
176 0.00422782
177 0.00407904
178 0.00417725
179 0.004031
180 0.00413312
181 0.00399547
182 0.00408929
183 0.00395512
184 0.00404747
185 0.0039191
186 0.00400699
187 0.00388023
188 0.00395987
189 0.00383465
190 0.00392071
191 0.00378944
192 0.00389219
193 0.00376873
194 0.00384952
195 0.00373137
196 0.00381796
197 0.00370408
198 0.00378546
199 0.0036733
200 0.00375391
201 0.00363415
202 0.00371925
203 0.00360302
204 0.00367887
205 0.00357536
206 0.00364519
207 0.0035335
208 0.00362251
209 0.00351018
210 0.00358629
211 0.00348994
212 0.00355241
213 0.00344537
214 0.0035231
215 0.00341641
216 0.0034902
217 0.00339304
218 0.00345637
219 0.00336117
220 0.00342663
221 0.00332196
222 0.00338778
223 0.00329884
224 0.00335533
225 0.00327255
226 0.00333055
227 0.00323821
228 0.00329866
229 0.00321274
230 0.00327544
231 0.00318346
232 0.00325744
233 0.00316581
234 0.00321767
235 0.00313692
236 0.00318345
237 0.0030973
238 0.00315753
239 0.0030725
240 0.00313242
241 0.00305807
242 0.00310661
243 0.00303894
244 0.00309087
245 0.0030214
246 0.00307866
247 0.00300311
248 0.00305537
249 0.00297664
250 0.0030301
251 0.00295494
252 0.00300496
253 0.00294297
254 0.00299034
255 0.00292207
256 0.00296473
257 0.00289726
258 0.00293573
259 0.00287768
260 0.00292362
261 0.00284821
262 0.00289056
263 0.0028267
264 0.00286796
265 0.0028076
266 0.00284833
267 0.00278897
268 0.00283226
269 0.00277062
270 0.00281935
271 0.00275577
272 0.00279886
273 0.00273258
274 0.00277824
275 0.00271592
276 0.00276197
277 0.00270293
278 0.00273884
279 0.00268183
280 0.0027241
281 0.0026627
282 0.00270285
283 0.0026454
284 0.00268113
285 0.00262647
286 0.00266048
287 0.00260395
288 0.00264363
289 0.00259256
290 0.00262579
291 0.00257599
292 0.0026071
293 0.00255147
294 0.00259008
295 0.0025423
296 0.00257167
297 0.0025227
298 0.00255661
299 0.00249992
300 0.00253947
