1 0.0733613
2 0.0734515
3 0.0568577
4 0.0529676
5 0.0680636
6 0.0566915
7 0.0600925
8 0.0548477
9 0.0456816
10 0.0580473
11 0.0583745
12 0.0505074
13 0.0463434
14 0.0525165
15 0.0512768
16 0.0613651
17 0.0458085
18 0.0503311
19 0.0460683
20 0.0466627
21 0.0438479
22 0.0493275
23 0.0526384
24 0.0465697
25 0.0489192
26 0.0489788
27 0.045887
28 0.0445104
29 0.0443307
30 0.0436483
31 0.0443132
32 0.0445518
33 0.0467181
34 0.047167
35 0.0454414
36 0.045261
37 0.0445644
38 0.0431599
39 0.0415393
40 0.0410446
41 0.0402022
42 0.0423567
43 0.0416449
44 0.0430278
45 0.0422838
46 0.0420036
47 0.042626
48 0.0404311
49 0.0410619
50 0.0408957
51 0.039722
52 0.0393757
53 0.0402832
54 0.0402663
55 0.040389
56 0.0391116
57 0.0391265
58 0.0398695
59 0.0397064
60 0.0384548
61 0.0398625
62 0.0385218
63 0.0375266
64 0.0376969
65 0.0379539
66 0.0387263
67 0.0375545
68 0.0375742
69 0.0386126
70 0.0377379
71 0.036636
72 0.0367219
73 0.0381889
74 0.03701
75 0.0359645
76 0.0361606
77 0.0367299
78 0.037121
79 0.0359219
80 0.0353682
81 0.0363645
82 0.0354762
83 0.0348779
84 0.0356689
85 0.0357112
86 0.0355103
87 0.0354289
88 0.0357262
89 0.0352474
90 0.0344161
91 0.0347668
92 0.0357285
93 0.035025
94 0.033937
95 0.0341311
96 0.0343544
97 0.034469
98 0.0336024
99 0.033988
100 0.0344115
101 0.0334852
102 0.0330062
103 0.0335585
104 0.0331978
105 0.0328146
106 0.0321482
107 0.0331289
108 0.0332094
109 0.0326095
110 0.032816
111 0.0335429
112 0.0324294
113 0.0325726
114 0.0327478
115 0.0328609
116 0.0320555
117 0.0325035
118 0.0320248
119 0.0316712
120 0.0316048
121 0.032028
122 0.0329077
123 0.0315528
124 0.031268
125 0.0310963
126 0.0317621
127 0.0308602
128 0.0311542
129 0.0316275
130 0.031152
131 0.0305483
132 0.0305669
133 0.0309524
134 0.0310731
135 0.0306606
136 0.0305339
137 0.0311122
138 0.0302513
139 0.0303263
140 0.0305901
141 0.029985
142 0.0299995
143 0.0303031
144 0.0304194
145 0.0295924
146 0.0295497
147 0.0299161
148 0.0295482
149 0.0299276
150 0.0298632
151 0.0297395
152 0.029318
153 0.0292784
154 0.0297689
155 0.0287419
156 0.0291093
157 0.0298092
158 0.0291853
159 0.0287061
160 0.0288666
161 0.0294963
162 0.0289948
163 0.0285927
164 0.028878
165 0.0284673
166 0.0281466
167 0.0286669
168 0.0289026
169 0.0284286
170 0.0281679
171 0.0285829
172 0.0287069
173 0.0280595
174 0.0281162
175 0.0282909
176 0.0283244
177 0.0278445
178 0.027748
179 0.0279468
180 0.0275086
181 0.0274376
182 0.027868
183 0.027647
184 0.0276244
185 0.0273669
186 0.0277197
187 0.0274612
188 0.0274551
189 0.027586
190 0.0272704
191 0.0266992
192 0.027073
193 0.027138
194 0.0271672
195 0.0268535
196 0.0271493
197 0.0268749
198 0.0263567
199 0.0265209
200 0.026996
201 0.026695
202 0.0262366
203 0.0264188
204 0.0263377
205 0.0264323
206 0.026477
207 0.0265407
208 0.0261634
209 0.0259995
210 0.026207
211 0.0263448
212 0.026214
213 0.0261522
214 0.0261325
215 0.0260649
216 0.0258998
217 0.0262341
218 0.0260428
219 0.0256354
220 0.02567
221 0.0258033
222 0.0257938
223 0.0258689
224 0.0259167
225 0.0257788
226 0.0252641
227 0.0252721
228 0.0255538
229 0.0254728
230 0.0254475
231 0.0252751
232 0.0251755
233 0.0252457
234 0.0253251
235 0.0255129
236 0.0248204
237 0.0250592
238 0.025025
239 0.0250312
240 0.0251473
241 0.024599
242 0.0247838
243 0.0250326
244 0.024808
245 0.024432
246 0.0247151
247 0.0247147
248 0.0246714
249 0.0246909
250 0.024666
251 0.0245651
252 0.024504
253 0.024467
254 0.0245258
255 0.0243083
256 0.0241836
257 0.0241988
258 0.0242037
259 0.0243161
260 0.0241695
261 0.0243094
262 0.0239308
263 0.0240487
264 0.0238263
265 0.0240174
266 0.0240368
267 0.0240923
268 0.0237457
269 0.0238141
270 0.02383
271 0.0238887
272 0.0237014
273 0.0238962
274 0.0236546
275 0.0236512
276 0.0235342
277 0.0235722
278 0.0235125
279 0.0235461
280 0.0233438
281 0.0234951
282 0.0235726
283 0.0233517
284 0.023423
285 0.0234014
286 0.0230667
287 0.0230527
288 0.0230537
289 0.0232458
290 0.0229169
291 0.0228968
292 0.0230552
293 0.0230374
294 0.0230066
295 0.022831
296 0.0230153
297 0.0228532
298 0.0229219
299 0.0229005
300 0.0229481
