1 0.572717
2 0.573063
3 0.608447
4 0.608381
5 0.632733
6 0.633223
7 0.653367
8 0.653217
9 0.669329
10 0.668905
11 0.682713
12 0.682917
13 0.694703
14 0.694941
15 0.705227
16 0.705624
17 0.714601
18 0.714804
19 0.722992
20 0.723191
21 0.730846
22 0.730935
23 0.737721
24 0.73798
25 0.744017
26 0.744518
27 0.750311
28 0.750932
29 0.75567
30 0.756062
31 0.760359
32 0.761128
33 0.765257
34 0.766053
35 0.770083
36 0.770809
37 0.774514
38 0.774896
39 0.778398
40 0.779175
41 0.782638
42 0.783109
43 0.786086
44 0.786542
45 0.789455
46 0.790188
47 0.792959
48 0.793256
49 0.795881
50 0.796323
51 0.79891
52 0.799381
53 0.80182
54 0.802317
55 0.804702
56 0.805253
57 0.80707
58 0.807692
59 0.809789
60 0.810287
61 0.812117
62 0.812815
63 0.814601
64 0.815207
65 0.816839
66 0.817187
67 0.818874
68 0.819205
69 0.820778
70 0.821371
71 0.822909
72 0.823338
73 0.824703
74 0.82512
75 0.826553
76 0.827094
77 0.828367
78 0.828947
79 0.830365
80 0.830777
81 0.831812
82 0.832061
83 0.833287
84 0.833662
85 0.835215
86 0.835397
87 0.836592
88 0.837207
89 0.83825
90 0.838593
91 0.839704
92 0.84024
93 0.8413
94 0.841694
95 0.842821
96 0.843311
97 0.844226
98 0.84472
99 0.845606
100 0.846017
101 0.847137
102 0.847355
103 0.848188
104 0.848349
105 0.849377
106 0.849668
107 0.850561
108 0.850869
109 0.851865
110 0.852262
111 0.852992
112 0.853428
113 0.854108
114 0.854545
115 0.855155
116 0.855557
117 0.856296
118 0.856515
119 0.857171
120 0.857755
121 0.858274
122 0.858657
123 0.859389
124 0.859598
125 0.860242
126 0.860444
127 0.861142
128 0.861493
129 0.862234
130 0.862558
131 0.86328
132 0.863467
133 0.86411
134 0.864383
135 0.865103
136 0.865214
137 0.865773
138 0.866071
139 0.866596
140 0.866876
141 0.8674
142 0.86787
143 0.868427
144 0.868623
145 0.869272
146 0.869569
147 0.870055
148 0.870138
149 0.870579
150 0.87089
151 0.871372
152 0.871469
153 0.872272
154 0.872544
155 0.873184
156 0.873346
157 0.873837
158 0.874092
159 0.874535
160 0.874601
161 0.875255
162 0.875366
163 0.875842
164 0.876143
165 0.87651
166 0.876812
167 0.877374
168 0.877452
169 0.877943
170 0.878271
171 0.878657
172 0.878893
173 0.87928
174 0.879508
175 0.87991
176 0.88025
177 0.880579
178 0.880785
179 0.881123
180 0.881423
181 0.881656
182 0.881866
183 0.88232
184 0.882536
185 0.882992
186 0.883178
187 0.883412
188 0.883739
189 0.883937
190 0.88421
191 0.884492
192 0.884562
193 0.885026
194 0.885284
195 0.88554
196 0.885877
197 0.886267
198 0.886318
199 0.886636
200 0.886962
201 0.887233
202 0.887407
203 0.887866
204 0.887943
205 0.888233
206 0.88852
207 0.888794
208 0.888996
209 0.889292
210 0.889475
211 0.889744
212 0.889978
213 0.890187
214 0.890322
215 0.89064
216 0.890821
217 0.891084
218 0.891306
219 0.891587
220 0.891806
221 0.892083
222 0.892361
223 0.892597
224 0.892659
225 0.893027
226 0.893112
227 0.893499
228 0.893735
229 0.893972
230 0.893928
231 0.894247
232 0.894482
233 0.894662
234 0.894898
235 0.895021
236 0.895248
237 0.895414
238 0.8957
239 0.895852
240 0.896025
241 0.896319
242 0.896452
243 0.896706
244 0.896875
245 0.897215
246 0.89738
247 0.897516
248 0.897653
249 0.898034
250 0.897985
251 0.898162
252 0.898323
253 0.89859
254 0.898737
255 0.899007
256 0.899105
257 0.899332
258 0.899385
259 0.899667
260 0.899701
261 0.899844
262 0.900164
263 0.900166
264 0.900417
265 0.900711
266 0.900884
267 0.901262
268 0.901294
269 0.901468
270 0.901635
271 0.901901
272 0.90202
273 0.902246
274 0.902194
275 0.902407
276 0.902423
277 0.902612
278 0.902801
279 0.902944
280 0.903086
281 0.903221
282 0.903458
283 0.903661
284 0.903747
285 0.904047
286 0.904013
287 0.904354
288 0.904518
289 0.904811
290 0.904907
291 0.905115
292 0.905167
293 0.905289
294 0.905299
295 0.905608
296 0.905802
297 0.905999
298 0.906143
299 0.906372
300 0.906422
