1 0.500461
2 0.500082
3 0.516937
4 0.520824
5 0.50549
6 0.517382
7 0.513397
8 0.518451
9 0.528076
10 0.514347
11 0.514751
12 0.522869
13 0.526796
14 0.52117
15 0.522607
16 0.512081
17 0.527427
18 0.522711
19 0.526766
20 0.527446
21 0.529048
22 0.524451
23 0.520612
24 0.526333
25 0.524901
26 0.524487
27 0.527509
28 0.528639
29 0.529189
30 0.530094
31 0.52878
32 0.528691
33 0.527309
34 0.525178
35 0.527552
36 0.527684
37 0.53015
38 0.53039
39 0.532074
40 0.531996
41 0.532576
42 0.531508
43 0.531526
44 0.531178
45 0.531229
46 0.532067
47 0.531191
48 0.532559
49 0.532634
50 0.532767
51 0.534101
52 0.534507
53 0.532707
54 0.532724
55 0.533753
56 0.53491
57 0.534249
58 0.5342
59 0.53363
60 0.535097
61 0.533641
62 0.534079
63 0.534861
64 0.53601
65 0.535823
66 0.534684
67 0.535336
68 0.535246
69 0.535316
70 0.535619
71 0.53679
72 0.536982
73 0.535921
74 0.536449
75 0.537573
76 0.536856
77 0.536618
78 0.536247
79 0.536953
80 0.538046
81 0.537328
82 0.538182
83 0.539193
84 0.537967
85 0.538749
86 0.538157
87 0.538371
88 0.537697
89 0.537574
90 0.53939
91 0.539242
92 0.536951
93 0.538591
94 0.539501
95 0.539274
96 0.538433
97 0.538463
98 0.539202
99 0.540109
100 0.538872
101 0.541042
102 0.540604
103 0.538675
104 0.540175
105 0.542044
106 0.540829
107 0.539569
108 0.540127
109 0.540967
110 0.539689
111 0.539996
112 0.541654
113 0.541123
114 0.541676
115 0.540247
116 0.540701
117 0.541699
118 0.540603
119 0.541636
120 0.542016
121 0.541814
122 0.541187
123 0.542371
124 0.542325
125 0.542656
126 0.542182
127 0.542205
128 0.542341
129 0.542215
130 0.54226
131 0.542861
132 0.543225
133 0.542918
134 0.542155
135 0.542791
136 0.543326
137 0.541881
138 0.543318
139 0.542801
140 0.543695
141 0.543191
142 0.543965
143 0.542882
144 0.542949
145 0.543617
146 0.54408
147 0.543501
148 0.543367
149 0.543366
150 0.544141
151 0.54294
152 0.543891
153 0.544793
154 0.543234
155 0.545312
156 0.545164
157 0.543376
158 0.544156
159 0.545015
160 0.544988
161 0.54367
162 0.54329
163 0.544063
164 0.544068
165 0.545451
166 0.545203
167 0.543647
168 0.544758
169 0.54433
170 0.545012
171 0.545105
172 0.544988
173 0.545639
174 0.544993
175 0.544707
176 0.544482
177 0.545412
178 0.544585
179 0.545217
180 0.54529
181 0.546145
182 0.545602
183 0.545334
184 0.546215
185 0.546078
186 0.54583
187 0.545462
188 0.545692
189 0.546004
190 0.545742
191 0.547663
192 0.546203
193 0.546393
194 0.545669
195 0.54595
196 0.545872
197 0.547402
198 0.547128
199 0.546881
200 0.547655
201 0.547077
202 0.546059
203 0.547593
204 0.547038
205 0.547107
206 0.54684
207 0.546312
208 0.547492
209 0.546213
210 0.547264
211 0.547549
212 0.548005
213 0.548121
214 0.547593
215 0.546602
216 0.547905
217 0.547131
218 0.54762
219 0.547958
220 0.547859
221 0.547846
222 0.547832
223 0.547132
224 0.547203
225 0.547239
226 0.548124
227 0.548317
228 0.548114
229 0.5477
230 0.547664
231 0.547894
232 0.547624
233 0.547532
234 0.547398
235 0.548249
236 0.549442
237 0.548066
238 0.54823
239 0.547882
240 0.548106
241 0.548339
242 0.548291
243 0.548849
244 0.549006
245 0.548667
246 0.549208
247 0.548837
248 0.548919
249 0.549315
250 0.548664
251 0.548904
252 0.549344
253 0.549014
254 0.549652
255 0.549366
256 0.549797
257 0.549863
258 0.54894
259 0.549547
260 0.549256
261 0.548758
262 0.549133
263 0.548612
264 0.548843
265 0.549921
266 0.549544
267 0.550321
268 0.5499
269 0.549607
270 0.549457
271 0.548615
272 0.5498
273 0.549494
274 0.549146
275 0.549548
276 0.549785
277 0.54905
278 0.549485
279 0.550315
280 0.549669
281 0.549744
282 0.549955
283 0.549664
284 0.550129
285 0.549913
286 0.550879
287 0.550824
288 0.55022
289 0.550347
290 0.550422
291 0.55008
292 0.55033
293 0.549219
294 0.5505
295 0.550913
296 0.550025
297 0.551532
298 0.550465
299 0.550965
300 0.550584
