1 0.500461
2 0.500271
3 0.505826
4 0.509576
5 0.508764
6 0.510197
7 0.510658
8 0.511628
9 0.513445
10 0.513541
11 0.513655
12 0.514424
13 0.515372
14 0.515788
15 0.516233
16 0.515983
17 0.516652
18 0.516995
19 0.517498
20 0.518004
21 0.518526
22 0.518804
23 0.518874
24 0.519189
25 0.519407
26 0.51961
27 0.519893
28 0.520215
29 0.520519
30 0.520837
31 0.52111
32 0.521338
33 0.521528
34 0.521612
35 0.52179
36 0.521959
37 0.522183
38 0.522399
39 0.522641
40 0.522878
41 0.523104
42 0.52332
43 0.523502
44 0.523681
45 0.523844
46 0.524033
47 0.524175
48 0.524355
49 0.524522
50 0.52468
51 0.524857
52 0.525057
53 0.525198
54 0.525344
55 0.525496
56 0.525662
57 0.525795
58 0.525958
59 0.526082
60 0.526237
61 0.526362
62 0.526492
63 0.526613
64 0.526763
65 0.526898
66 0.52703
67 0.527142
68 0.527264
69 0.52738
70 0.527504
71 0.527631
72 0.52776
73 0.52789
74 0.52799
75 0.528115
76 0.528229
77 0.528339
78 0.528445
79 0.528545
80 0.528666
81 0.52877
82 0.528879
83 0.529017
84 0.529119
85 0.529209
86 0.529337
87 0.529441
88 0.529533
89 0.529621
90 0.529738
91 0.529833
92 0.529914
93 0.530023
94 0.530107
95 0.530207
96 0.530291
97 0.530376
98 0.530461
99 0.530565
100 0.530645
101 0.530749
102 0.530822
103 0.530914
104 0.53101
105 0.531111
106 0.531208
107 0.531282
108 0.531366
109 0.531456
110 0.53153
111 0.531605
112 0.531695
113 0.531782
114 0.531871
115 0.531937
116 0.532014
117 0.532093
118 0.532159
119 0.532251
120 0.53233
121 0.53241
122 0.532488
123 0.532559
124 0.53264
125 0.532719
126 0.5328
127 0.532866
128 0.532943
129 0.533014
130 0.533091
131 0.533158
132 0.533238
133 0.53331
134 0.533373
135 0.533445
136 0.533518
137 0.533581
138 0.533649
139 0.533716
140 0.533787
141 0.533852
142 0.533925
143 0.533986
144 0.53405
145 0.534117
146 0.534178
147 0.534249
148 0.53431
149 0.534371
150 0.534434
151 0.534492
152 0.534552
153 0.534621
154 0.534674
155 0.534746
156 0.534812
157 0.534867
158 0.534924
159 0.534988
160 0.53505
161 0.535104
162 0.535152
163 0.535214
164 0.535262
165 0.535326
166 0.535388
167 0.535436
168 0.53549
169 0.535543
170 0.535568
171 0.535625
172 0.535709
173 0.535767
174 0.535819
175 0.535868
176 0.535918
177 0.535972
178 0.536029
179 0.53607
180 0.536123
181 0.536179
182 0.536236
183 0.536284
184 0.536334
185 0.536387
186 0.536449
187 0.536484
188 0.536534
189 0.536583
190 0.536634
191 0.53669
192 0.536739
193 0.536789
194 0.536838
195 0.536877
196 0.536928
197 0.536975
198 0.537032
199 0.537078
200 0.537134
201 0.537185
202 0.537228
203 0.537277
204 0.537327
205 0.537355
206 0.537422
207 0.537462
208 0.537511
209 0.537553
210 0.537606
211 0.537645
212 0.537695
213 0.537745
214 0.537788
215 0.53783
216 0.537878
217 0.53792
218 0.537965
219 0.538017
220 0.538056
221 0.538099
222 0.538145
223 0.538186
224 0.538225
225 0.538266
226 0.538306
227 0.538351
228 0.538394
229 0.538433
230 0.538475
231 0.538516
232 0.538557
233 0.538592
234 0.538639
235 0.538673
236 0.538719
237 0.538756
238 0.538798
239 0.538831
240 0.538874
241 0.538919
242 0.538952
243 0.538993
244 0.539034
245 0.539073
246 0.539115
247 0.539154
248 0.539194
249 0.539236
250 0.539269
251 0.539309
252 0.53935
253 0.539388
254 0.539428
255 0.539434
256 0.539508
257 0.53958
258 0.53959
259 0.539624
260 0.53966
261 0.539696
262 0.539732
263 0.539763
264 0.539798
265 0.539838
266 0.539872
267 0.53991
268 0.539949
269 0.539987
270 0.540022
271 0.540056
272 0.540088
273 0.540117
274 0.540156
275 0.540192
276 0.540225
277 0.540256
278 0.540292
279 0.540326
280 0.54036
281 0.540394
282 0.540427
283 0.540461
284 0.540493
285 0.540528
286 0.540563
287 0.540598
288 0.540632
289 0.540665
290 0.540697
291 0.54073
292 0.540765
293 0.540798
294 0.540827
295 0.540859
296 0.540891
297 0.540928
298 0.540959
299 0.540994
300 0.541025
