1 0.056923
2 0.0923228
3 0.049092
4 0.0626029
5 0.0438993
6 0.0587079
7 0.0397355
8 0.04868
9 0.0364624
10 0.0462964
11 0.0338886
12 0.0403226
13 0.0315934
14 0.0383798
15 0.0296351
16 0.034402
17 0.0279914
18 0.0332786
19 0.0264409
20 0.0294727
21 0.0251133
22 0.0287181
23 0.0239076
24 0.0262725
25 0.0227996
26 0.0256748
27 0.0217963
28 0.0235331
29 0.020888
30 0.0229972
31 0.0200783
32 0.0215452
33 0.0193151
34 0.021084
35 0.0185994
36 0.0197292
37 0.0179357
38 0.0193561
39 0.0173122
40 0.0182654
41 0.0167115
42 0.0178852
43 0.0161808
44 0.0170457
45 0.0157139
46 0.0166832
47 0.0152391
48 0.0159468
49 0.0147949
50 0.0156711
51 0.0143844
52 0.0150138
53 0.014002
54 0.0147486
55 0.0135902
56 0.0141484
57 0.0132766
58 0.0138899
59 0.012907
60 0.0133844
61 0.0125814
62 0.0131301
63 0.0122923
64 0.0127076
65 0.0120152
66 0.0125218
67 0.0117624
68 0.0121569
69 0.0114699
70 0.0119185
71 0.0112273
72 0.0115961
73 0.0109913
74 0.0113906
75 0.0107651
76 0.011089
77 0.0105936
78 0.0109018
79 0.0103183
80 0.0106173
81 0.0101342
82 0.0104873
83 0.0099696
84 0.010243
85 0.00974615
86 0.0100653
87 0.00961189
88 0.00983468
89 0.00941678
90 0.00969974
91 0.00925043
92 0.00947779
93 0.00907467
94 0.0093276
95 0.00892168
96 0.00912445
97 0.00878294
98 0.00898744
99 0.00860908
100 0.00879934
101 0.00845574
102 0.00867335
103 0.00833016
104 0.00853834
105 0.00820289
106 0.00839598
107 0.00809539
108 0.00823839
109 0.00793642
110 0.00812656
111 0.00781552
112 0.00797351
113 0.007695
114 0.0078598
115 0.00758366
116 0.00772954
117 0.00746759
118 0.00763012
119 0.00738347
120 0.00749262
121 0.00726698
122 0.00741389
123 0.00715069
124 0.00729337
125 0.00707673
126 0.00721945
127 0.00698066
128 0.00710185
129 0.00687118
130 0.00699757
131 0.00677963
132 0.0068865
133 0.00669581
134 0.00682066
135 0.00660101
136 0.00672116
137 0.00654651
138 0.00664413
139 0.00644187
140 0.00655137
141 0.00636301
142 0.0064664
143 0.00628371
144 0.00637645
145 0.00619546
146 0.00630759
147 0.00613285
148 0.00622761
149 0.0060715
150 0.00617087
151 0.00599298
152 0.00610386
153 0.00592107
154 0.00602524
155 0.00584836
156 0.00593141
157 0.00578871
158 0.00587452
159 0.00572533
160 0.00581666
161 0.00567072
162 0.00575117
163 0.00560377
164 0.00567938
165 0.00554829
166 0.00562266
167 0.00548587
168 0.00555848
169 0.00542687
170 0.00549983
171 0.00536472
172 0.0054372
173 0.00531818
174 0.005382
175 0.00526497
176 0.00531623
177 0.00521374
178 0.00527831
179 0.00516351
180 0.00521897
181 0.00511202
182 0.00518265
183 0.00506304
184 0.00511761
185 0.00500975
186 0.00507227
187 0.00496875
188 0.00501832
189 0.0049194
190 0.00496869
191 0.00486735
192 0.00493248
193 0.00482242
194 0.00488102
195 0.00477536
196 0.00483244
197 0.00473531
198 0.00478706
199 0.00468668
200 0.00473256
201 0.00463725
202 0.00469496
203 0.0045941
204 0.00464364
205 0.00455497
206 0.00460125
207 0.00451696
208 0.00455888
209 0.00447758
210 0.00452212
211 0.00443028
212 0.00448486
213 0.0043965
214 0.00444775
215 0.00436512
216 0.00440751
217 0.00433086
218 0.00437303
219 0.00428986
220 0.00432992
221 0.00425085
222 0.00429456
223 0.00421061
224 0.0042679
225 0.0041809
226 0.00422453
227 0.00415101
228 0.00417945
229 0.00410914
230 0.00415642
231 0.00407995
232 0.00411219
233 0.00405119
234 0.0040817
235 0.00401936
236 0.00405098
237 0.00398765
238 0.00401881
239 0.00395525
240 0.00398587
241 0.00392267
242 0.00395921
243 0.00389027
244 0.0039238
245 0.00385871
246 0.00389064
247 0.00383531
248 0.00386558
249 0.00379722
250 0.00383806
251 0.0037837
252 0.00381836
253 0.00375295
254 0.00378533
255 0.00372148
256 0.003753
257 0.00370268
258 0.0037328
259 0.00367814
260 0.00371468
261 0.0036603
262 0.00368425
263 0.00363531
264 0.00365606
265 0.00360077
266 0.0036322
267 0.00357263
268 0.00360363
269 0.00355691
270 0.00358229
271 0.0035271
272 0.00355787
273 0.00350106
274 0.00353382
275 0.00348642
276 0.00351652
277 0.00346672
278 0.00349365
279 0.00344468
280 0.00346976
281 0.00342388
282 0.00344792
283 0.00339313
284 0.00342723
285 0.00337112
286 0.00340278
287 0.00335912
288 0.00337406
289 0.00332335
290 0.00334924
291 0.00330605
292 0.0033316
293 0.00328625
294 0.00331231
295 0.00326091
296 0.00328194
297 0.00324069
298 0.00325637
299 0.00321321
300 0.00323759
