1 0.500324
2 0.5
3 0.524404
4 0.540996
5 0.537151
6 0.543294
7 0.546192
8 0.550761
9 0.558869
10 0.55953
11 0.560426
12 0.563972
13 0.568458
14 0.57056
15 0.572406
16 0.571164
17 0.574355
18 0.576135
19 0.578578
20 0.580708
21 0.583267
22 0.584706
23 0.585034
24 0.586537
25 0.587462
26 0.588446
27 0.58981
28 0.591374
29 0.592767
30 0.594201
31 0.595588
32 0.596705
33 0.597423
34 0.597984
35 0.598924
36 0.599879
37 0.600755
38 0.601744
39 0.602919
40 0.604087
41 0.605269
42 0.606174
43 0.607108
44 0.607896
45 0.608697
46 0.609506
47 0.610189
48 0.611112
49 0.611898
50 0.612638
51 0.613477
52 0.614397
53 0.615106
54 0.615839
55 0.616503
56 0.617276
57 0.617914
58 0.618681
59 0.619329
60 0.620088
61 0.620724
62 0.621415
63 0.622097
64 0.622829
65 0.623458
66 0.624041
67 0.624687
68 0.625341
69 0.625874
70 0.62646
71 0.627125
72 0.627767
73 0.628408
74 0.628859
75 0.629495
76 0.6301
77 0.630644
78 0.631145
79 0.63171
80 0.632327
81 0.632844
82 0.633366
83 0.633973
84 0.634486
85 0.634937
86 0.635512
87 0.636033
88 0.636516
89 0.636974
90 0.637565
91 0.638046
92 0.638505
93 0.638966
94 0.639496
95 0.640008
96 0.640476
97 0.640936
98 0.64143
99 0.641912
100 0.642333
101 0.642819
102 0.64326
103 0.643751
104 0.644193
105 0.644649
106 0.645172
107 0.645607
108 0.646033
109 0.646498
110 0.646926
111 0.647296
112 0.647751
113 0.648194
114 0.648577
115 0.648982
116 0.649408
117 0.649776
118 0.650202
119 0.650638
120 0.651056
121 0.651467
122 0.6518
123 0.652179
124 0.652595
125 0.653005
126 0.65338
127 0.653756
128 0.654165
129 0.654534
130 0.654924
131 0.655294
132 0.655696
133 0.656065
134 0.656413
135 0.656791
136 0.65715
137 0.657495
138 0.657857
139 0.658214
140 0.65856
141 0.658916
142 0.659283
143 0.659615
144 0.65996
145 0.660336
146 0.660693
147 0.661027
148 0.661379
149 0.661703
150 0.662033
151 0.66235
152 0.662698
153 0.663036
154 0.663352
155 0.663699
156 0.66403
157 0.66433
158 0.664639
159 0.66498
160 0.665308
161 0.665607
162 0.665919
163 0.666245
164 0.666548
165 0.666861
166 0.667195
167 0.667494
168 0.667787
169 0.668076
170 0.66837
171 0.668532
172 0.668991
173 0.669286
174 0.669587
175 0.66987
176 0.670163
177 0.670464
178 0.670757
179 0.671027
180 0.67134
181 0.671639
182 0.671917
183 0.672201
184 0.672481
185 0.67277
186 0.673049
187 0.673322
188 0.673599
189 0.67386
190 0.674137
191 0.67442
192 0.6747
193 0.674962
194 0.67524
195 0.67548
196 0.675777
197 0.676014
198 0.67633
199 0.676598
200 0.676852
201 0.677118
202 0.677389
203 0.677653
204 0.677918
205 0.678195
206 0.678433
207 0.678676
208 0.678945
209 0.679217
210 0.679463
211 0.679705
212 0.679959
213 0.68021
214 0.680449
215 0.680699
216 0.680955
217 0.681188
218 0.681431
219 0.681674
220 0.68193
221 0.682159
222 0.682405
223 0.68264
224 0.682869
225 0.683098
226 0.68334
227 0.683582
228 0.683805
229 0.684043
230 0.684269
231 0.684497
232 0.684733
233 0.684965
234 0.685192
235 0.685404
236 0.685648
237 0.685875
238 0.686096
239 0.686293
240 0.686541
241 0.686806
242 0.686994
243 0.687218
244 0.687433
245 0.68766
246 0.687876
247 0.6881
248 0.688313
249 0.688531
250 0.688739
251 0.688947
252 0.689166
253 0.689377
254 0.689581
255 0.689796
256 0.690022
257 0.690239
258 0.69046
259 0.690662
260 0.690864
261 0.691065
262 0.691274
263 0.69148
264 0.69169
265 0.691896
266 0.692096
267 0.692299
268 0.692503
269 0.692713
270 0.692911
271 0.693129
272 0.693312
273 0.693471
274 0.69371
275 0.693912
276 0.694108
277 0.694299
278 0.694501
279 0.694692
280 0.69489
281 0.695085
282 0.695274
283 0.695471
284 0.695655
285 0.695854
286 0.696043
287 0.696238
288 0.696431
289 0.696619
290 0.696812
291 0.697004
292 0.697199
293 0.697376
294 0.697568
295 0.697754
296 0.69794
297 0.698127
298 0.698311
299 0.698499
300 0.698676
