1 0.5
2 0.353738
3 0.295118
4 0.259817
5 0.238364
6 0.220613
7 0.205926
8 0.19484
9 0.187597
10 0.18084
11 0.174889
12 0.169401
13 0.165402
14 0.16093
15 0.157821
16 0.154544
17 0.152002
18 0.149044
19 0.147107
20 0.145295
21 0.143356
22 0.141536
23 0.139795
24 0.138257
25 0.136897
26 0.135662
27 0.134305
28 0.1332
29 0.132554
30 0.131558
31 0.130448
32 0.129486
33 0.128688
34 0.128064
35 0.127141
36 0.126215
37 0.125514
38 0.125048
39 0.12452
40 0.123943
41 0.123481
42 0.122788
43 0.122307
44 0.121973
45 0.121401
46 0.120894
47 0.120356
48 0.120028
49 0.119758
50 0.119417
51 0.119055
52 0.118711
53 0.11843
54 0.117917
55 0.117835
56 0.117448
57 0.117184
58 0.116998
59 0.116588
60 0.116382
61 0.116126
62 0.115811
63 0.115507
64 0.115071
65 0.115268
66 0.115018
67 0.114788
68 0.114555
69 0.114355
70 0.114245
71 0.113965
72 0.113667
73 0.1135
74 0.113418
75 0.113214
76 0.113196
77 0.113008
78 0.112919
79 0.11287
80 0.11262
81 0.112444
82 0.112452
83 0.112288
84 0.112091
85 0.112065
86 0.11188
87 0.111753
88 0.111677
89 0.11154
90 0.111453
91 0.111324
92 0.111155
93 0.111031
94 0.11091
95 0.110865
96 0.1107
97 0.110615
98 0.110613
99 0.110505
100 0.110418
101 0.110283
102 0.110313
103 0.110054
104 0.110097
105 0.109983
106 0.10995
107 0.109949
108 0.109801
109 0.10966
110 0.109769
111 0.109551
112 0.109517
113 0.109427
114 0.109303
115 0.109305
116 0.109317
117 0.109272
118 0.109197
119 0.109141
120 0.109012
121 0.108944
122 0.108921
123 0.10888
124 0.108806
125 0.108682
126 0.108605
127 0.108609
128 0.108536
129 0.108586
130 0.108469
131 0.108486
132 0.108543
133 0.108359
134 0.10836
135 0.108313
136 0.108243
137 0.108281
138 0.108133
139 0.107983
140 0.108179
141 0.108019
142 0.108062
143 0.107982
144 0.107885
145 0.107952
146 0.107884
147 0.107756
148 0.107794
149 0.107711
150 0.107679
151 0.107649
152 0.107604
153 0.107568
154 0.107558
155 0.107605
156 0.107504
157 0.107501
158 0.107519
159 0.107479
160 0.107425
161 0.107371
162 0.107314
163 0.107309
164 0.107349
165 0.107303
166 0.107229
167 0.107257
168 0.10716
169 0.10713
170 0.107266
171 0.107181
172 0.107014
173 0.107023
174 0.107027
175 0.107064
176 0.107019
177 0.107032
178 0.107
179 0.107005
180 0.106911
181 0.106846
182 0.106918
183 0.10691
184 0.106846
185 0.106763
186 0.106709
187 0.106926
188 0.106727
189 0.106691
190 0.106737
191 0.106699
192 0.106574
193 0.106786
194 0.106698
195 0.106746
196 0.106728
197 0.106621
198 0.106631
199 0.106574
200 0.106616
201 0.106551
202 0.106532
203 0.106607
204 0.106479
205 0.106696
206 0.106417
207 0.106547
208 0.106465
209 0.106403
210 0.106447
211 0.106426
212 0.106409
213 0.106313
214 0.106448
215 0.106379
216 0.106387
217 0.106368
218 0.106328
219 0.106373
220 0.106397
221 0.106331
222 0.106291
223 0.106306
224 0.106292
225 0.106209
226 0.106279
227 0.106328
228 0.106259
229 0.106218
230 0.10618
231 0.106223
232 0.106268
233 0.10623
234 0.106212
235 0.106157
236 0.106175
237 0.106178
238 0.106144
239 0.106131
240 0.106121
241 0.10611
242 0.106098
243 0.106132
244 0.106111
245 0.10621
246 0.106148
247 0.106124
248 0.106135
249 0.106091
250 0.106115
251 0.106067
252 0.106039
253 0.106058
254 0.106034
255 0.106175
256 0.106087
257 0.105816
258 0.105987
259 0.105992
260 0.10596
261 0.105959
262 0.105917
263 0.106035
264 0.106038
265 0.105939
266 0.106001
267 0.106057
268 0.105996
269 0.105903
270 0.105892
271 0.105891
272 0.105918
273 0.105906
274 0.105963
275 0.105962
276 0.105888
277 0.105905
278 0.105754
279 0.105908
280 0.105936
281 0.105918
282 0.105877
283 0.105806
284 0.105905
285 0.105872
286 0.105856
287 0.105794
288 0.105795
289 0.105864
290 0.105895
291 0.10577
292 0.105851
293 0.105834
294 0.105764
295 0.105733
296 0.105823
297 0.105762
298 0.105741
299 0.105844
300 0.105771
