1 0
2 0.150044
3 0.099813
4 0.0832187
5 0.066416
6 0.0871068
7 0.0779521
8 0.0817615
9 0.085339
10 0.0816929
11 0.0971279
12 0.0871919
13 0.0902635
14 0.0930535
15 0.0815623
16 0.0828976
17 0.0880335
18 0.0899098
19 0.094127
20 0.0925335
21 0.0901662
22 0.0890056
23 0.0906825
24 0.0902338
25 0.0899252
26 0.090994
27 0.0925796
28 0.0940039
29 0.095075
30 0.0957519
31 0.0960024
32 0.0973779
33 0.100425
34 0.095553
35 0.0952719
36 0.0951455
37 0.0948902
38 0.0947927
39 0.0963368
40 0.0963329
41 0.0961309
42 0.096671
43 0.0969631
44 0.0961303
45 0.0970397
46 0.0967837
47 0.0966729
48 0.0973874
49 0.0966333
50 0.0972966
51 0.0978785
52 0.0971915
53 0.0968025
54 0.0967288
55 0.0971173
56 0.0971531
57 0.0970086
58 0.0968955
59 0.0967722
60 0.0966135
61 0.0964035
62 0.0964325
63 0.0956857
64 0.0948785
65 0.0949781
66 0.0943665
67 0.0955266
68 0.0960577
69 0.0958987
70 0.0969398
71 0.0968308
72 0.0966146
73 0.0964372
74 0.0964099
75 0.0979989
76 0.0982008
77 0.0978577
78 0.0977254
79 0.0981229
80 0.0978642
81 0.0974735
82 0.0960825
83 0.0954523
84 0.0957087
85 0.0954397
86 0.0952271
87 0.0949845
88 0.0949101
89 0.0945555
90 0.0943817
91 0.0944335
92 0.094258
93 0.0941476
94 0.0939076
95 0.093828
96 0.093059
97 0.0928737
98 0.0925919
99 0.0931164
100 0.0929117
