1 0
2 0.300088
3 0
4 0.032626
5 0
6 0.190318
7 0.02254
8 0.108744
9 0.114962
10 0.048678
11 0.252143
12 0.087093
13 0.12779
14 0.128973
15 0.105258
16 0.101076
17 0.171019
18 0.069649
19 0.143841
20 0.105564
21 0.099377
22 0.10341
23 0.14
24 0.138667
25 0.104224
26 0.154384
27 0.097145
28 0.128004
29 0.130561
30 0.12977
31 0.083164
32 0.147475
33 0.127364
34 0.105946
35 0.116667
36 0.114612
37 0.097635
38 0.124399
39 0.11838
40 0.14025
41 0.107622
42 0.099726
43 0.142998
44 0.096748
45 0.116051
46 0.120408
47 0.102935
48 0.129113
49 0.096009
50 0.110494
51 0.130335
52 0.105723
53 0.106195
54 0.11602
55 0.112395
56 0.110167
57 0.110971
58 0.114514
59 0.107793
60 0.11073
61 0.099094
62 0.125918
63 0.099415
64 0.097642
65 0.120173
66 0.100829
67 0.107108
68 0.112287
69 0.102554
70 0.111011
71 0.105461
72 0.111894
73 0.10489
74 0.108254
75 0.105701
76 0.114102
77 0.098735
78 0.10666
79 0.108808
80 0.099816
81 0.099491
82 0.111135
83 0.097048
84 0.102702
85 0.10542
86 0.10363
87 0.099961
88 0.10711
89 0.098166
90 0.102848
91 0.106225
92 0.096171
93 0.100045
94 0.102774
95 0.100653
96 0.099986
97 0.102673
98 0.098347
99 0.101357
100 0.097293
