1 0.500281
2 0.500095
3 0.500269
4 0.499122
5 0.551431
6 0.557709
7 0.558269
8 0.561579
9 0.561554
10 0.564159
11 0.564483
12 0.565389
13 0.565502
14 0.567656
15 0.569858
16 0.573058
17 0.573641
18 0.574547
19 0.574785
20 0.575466
21 0.576621
22 0.577711
23 0.578486
24 0.579057
25 0.57933
26 0.580361
27 0.581567
28 0.58103
29 0.580833
30 0.582471
31 0.582853
32 0.58262
33 0.582735
34 0.582531
35 0.583097
36 0.583107
37 0.583451
38 0.58498
39 0.584962
40 0.585215
41 0.586762
42 0.586129
43 0.584757
44 0.585591
45 0.586365
46 0.586648
47 0.586387
48 0.587244
49 0.587552
50 0.587378
51 0.587413
52 0.588113
53 0.588016
54 0.588567
55 0.588496
56 0.588372
57 0.588783
58 0.58938
59 0.589041
60 0.590107
61 0.590212
62 0.589768
63 0.59064
64 0.589829
65 0.589675
66 0.590549
67 0.59117
68 0.590893
69 0.591813
70 0.591755
71 0.591793
72 0.591682
73 0.59223
74 0.591606
75 0.592036
76 0.5915
77 0.592178
78 0.592222
79 0.592949
80 0.593437
81 0.593447
82 0.592797
83 0.593325
84 0.592293
85 0.59332
86 0.593
87 0.593668
88 0.593385
89 0.593423
90 0.59374
91 0.594737
92 0.594522
93 0.593681
94 0.594684
95 0.594383
96 0.595626
97 0.594151
98 0.595895
99 0.595493
100 0.595196
101 0.594684
102 0.59512
103 0.594732
104 0.595395
105 0.595116
106 0.59554
107 0.59537
108 0.595581
109 0.595422
110 0.595831
111 0.596737
112 0.596182
113 0.595796
114 0.596168
115 0.596619
116 0.596318
117 0.596187
118 0.596631
119 0.596508
120 0.596119
121 0.596464
122 0.596416
123 0.597487
124 0.595982
125 0.596841
126 0.598116
127 0.59713
128 0.597131
129 0.597692
130 0.596901
131 0.596915
132 0.59749
133 0.597213
134 0.596715
135 0.597484
136 0.597408
137 0.597794
138 0.597721
139 0.597541
140 0.597284
141 0.597721
142 0.597542
143 0.59791
144 0.597629
145 0.598282
146 0.598501
147 0.597464
148 0.598026
149 0.59862
150 0.597885
151 0.598372
152 0.598162
153 0.598782
154 0.59834
155 0.598688
156 0.598876
157 0.597835
158 0.598885
159 0.598368
160 0.597974
161 0.598596
162 0.598937
163 0.598734
164 0.59875
165 0.599155
166 0.599235
167 0.599234
168 0.598798
169 0.598635
170 0.599689
171 0.59988
172 0.599537
173 0.598914
174 0.599507
175 0.59952
176 0.599942
177 0.599941
178 0.599949
179 0.598613
180 0.599713
181 0.599764
182 0.599409
183 0.599787
184 0.599186
185 0.599604
186 0.599598
187 0.60036
188 0.599861
189 0.600294
190 0.599055
191 0.598996
192 0.600165
193 0.600532
194 0.600636
195 0.600858
196 0.599653
197 0.60038
198 0.599316
199 0.599729
200 0.599942
201 0.600585
202 0.600691
203 0.600514
204 0.600484
205 0.600373
206 0.600605
207 0.600667
208 0.600295
209 0.601142
210 0.600832
211 0.600085
212 0.600437
213 0.600674
214 0.600815
215 0.600498
216 0.600485
217 0.601506
218 0.600998
219 0.600553
220 0.600682
221 0.600216
222 0.601182
223 0.600648
224 0.600053
225 0.599962
226 0.601104
227 0.600964
228 0.601243
229 0.600601
230 0.600949
231 0.600961
232 0.600682
233 0.600343
234 0.60043
235 0.601053
236 0.60088
237 0.601469
238 0.601014
239 0.600051
240 0.599714
241 0.600951
242 0.601217
243 0.601552
244 0.60164
245 0.601477
246 0.601417
247 0.601113
248 0.601576
249 0.601403
250 0.60201
251 0.602004
252 0.601306
253 0.602201
254 0.601036
255 0.601566
256 0.602222
257 0.601736
258 0.601983
259 0.601793
260 0.601574
261 0.60136
262 0.601603
263 0.60286
264 0.601279
265 0.601613
266 0.602162
267 0.601741
268 0.601602
269 0.601657
270 0.601691
271 0.60187
272 0.601314
273 0.601532
274 0.601566
275 0.601114
276 0.60173
277 0.601455
278 0.602447
279 0.601314
280 0.602094
281 0.601396
282 0.6021
283 0.601691
284 0.601972
285 0.6027
286 0.601622
287 0.602206
288 0.601942
289 0.602234
290 0.601618
291 0.601232
292 0.602378
293 0.601732
294 0.601406
295 0.601526
296 0.602498
297 0.602567
298 0.602823
299 0.601919
300 0.602133
