1 0.608531
2 0.607943
3 0.657773
4 0.657558
5 0.690982
6 0.693574
7 0.709697
8 0.714667
9 0.724159
10 0.728279
11 0.736489
12 0.738313
13 0.744026
14 0.748113
15 0.751261
16 0.757324
17 0.76217
18 0.764984
19 0.769291
20 0.771461
21 0.773566
22 0.775449
23 0.780074
24 0.78129
25 0.783968
26 0.786143
27 0.788067
28 0.789142
29 0.79125
30 0.793636
31 0.79457
32 0.795488
33 0.796684
34 0.79781
35 0.799367
36 0.80044
37 0.800978
38 0.80414
39 0.807377
40 0.808266
41 0.809059
42 0.810013
43 0.811155
44 0.812461
45 0.813165
46 0.813913
47 0.815041
48 0.815843
49 0.817394
50 0.817824
51 0.818181
52 0.819232
53 0.822132
54 0.823302
55 0.823605
56 0.824124
57 0.825351
58 0.825987
59 0.827545
60 0.828904
61 0.828755
62 0.830145
63 0.829738
64 0.831522
65 0.831925
66 0.8327
67 0.833051
68 0.833879
69 0.834882
70 0.835592
71 0.836386
72 0.837596
73 0.838166
74 0.838765
75 0.838979
76 0.839592
77 0.84153
78 0.841631
79 0.842158
80 0.842466
81 0.843862
82 0.843838
83 0.844646
84 0.844719
85 0.845653
86 0.845962
87 0.846684
88 0.847935
89 0.847709
90 0.8486
91 0.84938
92 0.849329
93 0.850265
94 0.850935
95 0.851383
96 0.851592
97 0.852078
98 0.852757
99 0.853588
100 0.853886
101 0.854045
102 0.854316
103 0.855334
104 0.855633
105 0.856419
106 0.856661
107 0.857264
108 0.85763
109 0.858302
110 0.858504
111 0.858869
112 0.859595
113 0.860009
114 0.860255
115 0.861257
116 0.861112
117 0.86131
118 0.861632
119 0.862018
120 0.8628
121 0.862913
122 0.863454
123 0.863799
124 0.863976
125 0.864581
126 0.865241
127 0.865393
128 0.865245
129 0.865689
130 0.866508
131 0.866329
132 0.867023
133 0.867537
134 0.86781
135 0.868375
136 0.868632
137 0.868555
138 0.868813
139 0.869777
140 0.869936
141 0.870267
142 0.870505
143 0.87138
144 0.871759
145 0.871289
146 0.872231
147 0.87216
148 0.872496
149 0.872719
150 0.873103
151 0.873397
152 0.873972
153 0.874183
154 0.874864
155 0.875138
156 0.87494
157 0.875398
158 0.875944
159 0.876348
160 0.87642
161 0.876379
162 0.87676
163 0.877176
164 0.877043
165 0.877809
166 0.878407
167 0.878184
168 0.878533
169 0.878426
170 0.878817
171 0.879507
172 0.879345
173 0.879688
174 0.87964
175 0.87996
176 0.879728
177 0.880289
178 0.880902
179 0.881518
180 0.881315
181 0.881652
182 0.881437
183 0.882267
184 0.882079
185 0.882218
186 0.882234
187 0.88295
188 0.883339
189 0.883508
190 0.883701
191 0.88382
192 0.884737
193 0.884077
194 0.884677
195 0.884372
196 0.885695
197 0.885563
198 0.885324
199 0.88633
200 0.885623
201 0.885568
202 0.885965
203 0.886433
204 0.887727
205 0.886997
206 0.887029
207 0.888156
208 0.887568
209 0.887957
210 0.888099
211 0.88847
212 0.888628
213 0.888585
214 0.888464
215 0.889273
216 0.888739
217 0.889563
218 0.889849
219 0.889782
220 0.889859
221 0.890314
222 0.889835
223 0.890315
224 0.891091
225 0.891334
226 0.891338
227 0.891626
228 0.891594
229 0.891824
230 0.892011
231 0.89197
232 0.891761
233 0.892703
234 0.892434
235 0.893002
236 0.892901
237 0.892882
238 0.893543
239 0.893349
240 0.893449
241 0.893614
242 0.893401
243 0.893741
244 0.894206
245 0.894501
246 0.894737
247 0.894742
248 0.894983
249 0.89506
250 0.894978
251 0.895447
252 0.895658
253 0.895446
254 0.895844
255 0.895775
256 0.89637
257 0.896427
258 0.896438
259 0.896449
260 0.896448
261 0.896972
262 0.89765
263 0.896861
264 0.8974
265 0.897925
266 0.897286
267 0.898016
268 0.898128
269 0.897896
270 0.89825
271 0.898343
272 0.898363
273 0.898782
274 0.898412
275 0.898757
276 0.899689
277 0.898892
278 0.899429
279 0.899544
280 0.899239
281 0.899236
282 0.899677
283 0.899952
284 0.900369
285 0.900364
286 0.900237
287 0.901075
288 0.900867
289 0.901043
290 0.901297
291 0.901177
292 0.900831
293 0.901863
294 0.900931
295 0.901485
296 0.901904
297 0.901769
298 0.901959
299 0.901655
300 0.901867
