1 0.0725238
2 0.122668
3 0.0572613
4 0.0898601
5 0.0479131
6 0.0596271
7 0.0425131
8 0.0469818
9 0.0391728
10 0.0414064
11 0.0355753
12 0.0416841
13 0.0342369
14 0.0344406
15 0.0340522
16 0.0317895
17 0.0292774
18 0.0319711
19 0.0277203
20 0.0278951
21 0.0283129
22 0.026726
23 0.0259542
24 0.0277406
25 0.0243856
26 0.0243323
27 0.024381
28 0.024427
29 0.0227811
30 0.0231081
31 0.0221999
32 0.0225066
33 0.0235507
34 0.0217146
35 0.0212193
36 0.0214501
37 0.0209723
38 0.0212372
39 0.0198084
40 0.0198648
41 0.0192957
42 0.0193902
43 0.0199917
44 0.0189526
45 0.0186465
46 0.0183913
47 0.0181206
48 0.0191057
49 0.0177898
50 0.0177508
51 0.0177026
52 0.0175446
53 0.0173433
54 0.0174544
55 0.0165748
56 0.0166747
57 0.01638
58 0.0163625
59 0.0159289
60 0.0161002
61 0.015748
62 0.0155259
63 0.0156064
64 0.015343
65 0.0156054
66 0.0152978
67 0.0149312
68 0.0150432
69 0.0148458
70 0.0145808
71 0.0143828
72 0.0146234
73 0.0142393
74 0.0140679
75 0.0141743
76 0.0139883
77 0.0136262
78 0.0139054
79 0.0137645
80 0.0135005
81 0.0134199
82 0.0132466
83 0.0131488
84 0.0133309
85 0.0128986
86 0.0130349
87 0.0129062
88 0.0127414
89 0.0125489
90 0.0126152
91 0.012342
92 0.0124798
93 0.0124389
94 0.0121272
95 0.0120511
96 0.0121976
97 0.011936
98 0.0119632
99 0.0118595
100 0.0118429
101 0.0116058
102 0.0116949
103 0.0114546
104 0.0114327
105 0.0115028
106 0.0112823
107 0.011252
108 0.0112982
109 0.0110542
110 0.0110079
111 0.0109693
112 0.0108322
113 0.0107669
114 0.0108564
115 0.0106338
116 0.0106714
117 0.0105963
118 0.0105815
119 0.0104609
120 0.0104468
121 0.0104089
122 0.0103091
123 0.0103465
124 0.0102144
125 0.0101232
126 0.0100849
127 0.00999966
128 0.0101118
129 0.00997097
130 0.00987601
131 0.00988437
132 0.00987039
133 0.00978502
134 0.00969469
135 0.0096911
136 0.00961831
137 0.00954956
138 0.00959046
139 0.00943014
140 0.00942194
141 0.0093717
142 0.00939603
143 0.00923643
144 0.0092226
145 0.00916623
146 0.00911838
147 0.00910544
148 0.00910246
149 0.00909163
150 0.00903103
151 0.00895003
152 0.00893415
153 0.00891738
154 0.00879772
155 0.00872218
156 0.00882895
157 0.0086801
158 0.00865956
159 0.00860312
160 0.00857244
161 0.0085383
162 0.00853946
163 0.00849115
164 0.00853473
165 0.00838423
166 0.0083116
167 0.00834273
168 0.00837437
169 0.0082774
170 0.00833509
171 0.008181
172 0.00822755
173 0.00812444
174 0.00814663
175 0.00810441
176 0.00813723
177 0.00805506
178 0.00799897
179 0.00792295
180 0.0080279
181 0.00787592
182 0.00790393
183 0.00786036
184 0.00785381
185 0.00784392
186 0.00779981
187 0.0077102
188 0.00774464
189 0.00767109
190 0.00766496
191 0.00761751
192 0.00756015
193 0.00760666
194 0.00754218
195 0.00757333
196 0.00749984
197 0.00741819
198 0.00744042
199 0.00733924
200 0.00742122
201 0.00741975
202 0.00734193
203 0.00730924
204 0.00723507
205 0.00723909
206 0.00722723
207 0.00712534
208 0.00717675
209 0.0071533
210 0.00713489
211 0.00711148
212 0.00712872
213 0.00708367
214 0.0070773
215 0.00700284
216 0.00704277
217 0.00695199
218 0.00693566
219 0.00696954
220 0.00697354
221 0.00687569
222 0.00694892
223 0.00687639
224 0.0068158
225 0.00675323
226 0.00677947
227 0.00672707
228 0.00679165
229 0.00671444
230 0.00669752
231 0.00669342
232 0.00670139
233 0.00662344
234 0.00663229
235 0.00658063
236 0.00657908
237 0.00655893
238 0.00651598
239 0.00651923
240 0.00655765
241 0.00652251
242 0.00651618
243 0.00647793
244 0.00647226
245 0.00638543
246 0.00639998
247 0.00640061
248 0.00639645
249 0.00635678
250 0.00632775
251 0.00632203
252 0.00633626
253 0.0063047
254 0.00629956
255 0.00628399
256 0.00621422
257 0.00620464
258 0.00622751
259 0.00620116
260 0.0062164
261 0.00615731
262 0.00607331
263 0.00617418
264 0.00609226
265 0.00604281
266 0.0060916
267 0.00602705
268 0.00605435
269 0.00601545
270 0.00599688
271 0.00596874
272 0.00600262
273 0.00595504
274 0.00599285
275 0.00595177
276 0.0058788
277 0.00589528
278 0.005893
279 0.00588429
280 0.0058836
281 0.00587492
282 0.00585072
283 0.00583114
284 0.00579861
285 0.00579492
286 0.00577543
287 0.00573127
288 0.00573758
289 0.00573596
290 0.00567997
291 0.00571118
292 0.00573588
293 0.00562943
294 0.00571311
295 0.00565082
296 0.00563673
297 0.00562885
298 0.00561375
299 0.0056421
300 0.00565565
