1 0.5
2 0.5
3 0.5
4 0.5
5 0.497348
6 0.496659
7 0.496594
8 0.496194
9 0.496197
10 0.495867
11 0.495825
12 0.495706
13 0.495692
14 0.495402
15 0.495096
16 0.494634
17 0.494548
18 0.494412
19 0.494376
20 0.494273
21 0.494095
22 0.493925
23 0.493802
24 0.493711
25 0.493667
26 0.4935
27 0.493303
28 0.493391
29 0.493423
30 0.493152
31 0.493088
32 0.493127
33 0.493108
34 0.493142
35 0.493047
36 0.493045
37 0.492987
38 0.492726
39 0.492729
40 0.492685
41 0.492415
42 0.492527
43 0.492765
44 0.49262
45 0.492485
46 0.492436
47 0.492481
48 0.49233
49 0.492276
50 0.492306
51 0.4923
52 0.492175
53 0.492193
54 0.492094
55 0.492107
56 0.492129
57 0.492055
58 0.491947
59 0.492008
60 0.491814
61 0.491795
62 0.491876
63 0.491716
64 0.491865
65 0.491893
66 0.491733
67 0.491618
68 0.49167
69 0.491499
70 0.49151
71 0.491502
72 0.491523
73 0.491421
74 0.491537
75 0.491457
76 0.491557
77 0.49143
78 0.491422
79 0.491285
80 0.491193
81 0.491191
82 0.491314
83 0.491214
84 0.491409
85 0.491215
86 0.491275
87 0.491149
88 0.491202
89 0.491195
90 0.491135
91 0.490943
92 0.490985
93 0.491146
94 0.490954
95 0.491012
96 0.490771
97 0.491056
98 0.490719
99 0.490797
100 0.490855
101 0.490954
102 0.490869
103 0.490944
104 0.490816
105 0.49087
106 0.490788
107 0.490821
108 0.49078
109 0.490811
110 0.490731
111 0.490553
112 0.490662
113 0.490738
114 0.490665
115 0.490577
116 0.490636
117 0.490661
118 0.490574
119 0.490598
120 0.490675
121 0.490607
122 0.490617
123 0.490405
124 0.490702
125 0.490533
126 0.490279
127 0.490476
128 0.490475
129 0.490364
130 0.490521
131 0.490518
132 0.490404
133 0.490459
134 0.490558
135 0.490405
136 0.490421
137 0.490344
138 0.490358
139 0.490394
140 0.490445
141 0.490358
142 0.490394
143 0.490321
144 0.490377
145 0.490246
146 0.490202
147 0.490409
148 0.490297
149 0.490178
150 0.490326
151 0.490228
152 0.49027
153 0.490146
154 0.490234
155 0.490165
156 0.490127
157 0.490335
158 0.490125
159 0.490229
160 0.490308
161 0.490183
162 0.490114
163 0.490155
164 0.490152
165 0.49007
166 0.490054
167 0.490054
168 0.490142
169 0.490175
170 0.489962
171 0.489923
172 0.489993
173 0.490119
174 0.489999
175 0.489996
176 0.48991
177 0.489911
178 0.489909
179 0.49018
180 0.489957
181 0.489947
182 0.490019
183 0.489942
184 0.490064
185 0.489979
186 0.48998
187 0.489825
188 0.489927
189 0.489838
190 0.490091
191 0.490102
192 0.489865
193 0.48979
194 0.489768
195 0.489723
196 0.489969
197 0.489821
198 0.490038
199 0.489954
200 0.48991
201 0.489779
202 0.489757
203 0.489793
204 0.4898
205 0.489822
206 0.489775
207 0.489762
208 0.489838
209 0.489664
210 0.489728
211 0.489881
212 0.489809
213 0.489761
214 0.489731
215 0.489797
216 0.489799
217 0.489589
218 0.489694
219 0.489785
220 0.489759
221 0.489854
222 0.489656
223 0.489766
224 0.489888
225 0.489906
226 0.489672
227 0.489701
228 0.489643
229 0.489775
230 0.489704
231 0.489701
232 0.489759
233 0.489828
234 0.489811
235 0.489682
236 0.489718
237 0.489596
238 0.48969
239 0.489888
240 0.489957
241 0.489703
242 0.489649
243 0.489579
244 0.489561
245 0.489595
246 0.489607
247 0.48967
248 0.489574
249 0.48961
250 0.489484
251 0.489485
252 0.48963
253 0.489444
254 0.489686
255 0.489576
256 0.48944
257 0.489541
258 0.48949
259 0.489529
260 0.489575
261 0.489619
262 0.489569
263 0.489306
264 0.489636
265 0.489567
266 0.489452
267 0.48954
268 0.489569
269 0.489557
270 0.48955
271 0.489513
272 0.489629
273 0.489583
274 0.489576
275 0.48967
276 0.489542
277 0.489599
278 0.489393
279 0.489629
280 0.489466
281 0.489612
282 0.489465
283 0.48955
284 0.489492
285 0.48934
286 0.489565
287 0.489443
288 0.489498
289 0.489437
290 0.489566
291 0.489645
292 0.489407
293 0.489542
294 0.489609
295 0.489585
296 0.489382
297 0.489368
298 0.489314
299 0.489503
300 0.489458
