1 0.500064
2 0.500515
3 0.500809
4 0.499191
5 0.658477
6 0.683389
7 0.684841
8 0.697036
9 0.698367
10 0.705276
11 0.709327
12 0.712126
13 0.714394
14 0.7196
15 0.729496
16 0.738523
17 0.743872
18 0.746498
19 0.749476
20 0.751352
21 0.756102
22 0.758658
23 0.763967
24 0.764345
25 0.767741
26 0.771876
27 0.77271
28 0.773799
29 0.7767
30 0.778341
31 0.779277
32 0.780264
33 0.781911
34 0.782243
35 0.784435
36 0.78474
37 0.785895
38 0.78993
39 0.793146
40 0.793913
41 0.795446
42 0.795791
43 0.797338
44 0.799473
45 0.799487
46 0.799912
47 0.800851
48 0.801758
49 0.803152
50 0.803561
51 0.804787
52 0.805081
53 0.80959
54 0.810999
55 0.811949
56 0.812732
57 0.81308
58 0.814199
59 0.815665
60 0.816858
61 0.816812
62 0.818249
63 0.817931
64 0.819364
65 0.820256
66 0.821619
67 0.82264
68 0.823576
69 0.824985
70 0.825533
71 0.826597
72 0.82758
73 0.828034
74 0.829146
75 0.828419
76 0.830122
77 0.831277
78 0.831393
79 0.832878
80 0.833479
81 0.834877
82 0.835359
83 0.836447
84 0.836441
85 0.837299
86 0.837889
87 0.838224
88 0.839246
89 0.839628
90 0.840381
91 0.841169
92 0.841471
93 0.842351
94 0.843656
95 0.844218
96 0.844441
97 0.845048
98 0.845829
99 0.846618
100 0.846552
101 0.847435
102 0.847095
103 0.848723
104 0.848657
105 0.849884
106 0.850232
107 0.850519
108 0.851346
109 0.852019
110 0.852205
111 0.852822
112 0.853432
113 0.854473
114 0.854282
115 0.855256
116 0.855329
117 0.855197
118 0.856234
119 0.856625
120 0.857205
121 0.857242
122 0.858165
123 0.858756
124 0.858641
125 0.859421
126 0.859965
127 0.860325
128 0.860113
129 0.861144
130 0.861553
131 0.86179
132 0.862654
133 0.862732
134 0.863118
135 0.863923
136 0.864135
137 0.86397
138 0.864622
139 0.865201
140 0.86573
141 0.86664
142 0.86653
143 0.867382
144 0.867794
145 0.867303
146 0.86816
147 0.868401
148 0.868748
149 0.868719
150 0.869326
151 0.869519
152 0.870419
153 0.870395
154 0.871213
155 0.871211
156 0.871303
157 0.871868
158 0.872191
159 0.872805
160 0.873031
161 0.872682
162 0.87339
163 0.873895
164 0.87345
165 0.874229
166 0.87476
167 0.874962
168 0.875159
169 0.875451
170 0.875508
171 0.876367
172 0.876202
173 0.87673
174 0.876865
175 0.876583
176 0.87697
177 0.877209
178 0.877862
179 0.878595
180 0.878488
181 0.878461
182 0.878555
183 0.879388
184 0.87947
185 0.879686
186 0.879597
187 0.880083
188 0.880694
189 0.880782
190 0.880922
191 0.881014
192 0.88196
193 0.881321
194 0.882085
195 0.882229
196 0.883087
197 0.883233
198 0.883042
199 0.883755
200 0.883318
201 0.882993
202 0.883736
203 0.884007
204 0.885321
205 0.884333
206 0.88448
207 0.885531
208 0.885481
209 0.885327
210 0.885698
211 0.886363
212 0.886586
213 0.886404
214 0.8864
215 0.887146
216 0.886508
217 0.887499
218 0.887411
219 0.887869
220 0.88783
221 0.888306
222 0.887894
223 0.888422
224 0.889116
225 0.888971
226 0.88949
227 0.889299
228 0.889856
229 0.890073
230 0.89024
231 0.890207
232 0.890093
233 0.89086
234 0.890723
235 0.891081
236 0.890904
237 0.890773
238 0.891513
239 0.891343
240 0.891602
241 0.891786
242 0.891802
243 0.891833
244 0.892431
245 0.892755
246 0.892687
247 0.892982
248 0.893209
249 0.893251
250 0.893382
251 0.893737
252 0.893836
253 0.893948
254 0.89422
255 0.894229
256 0.894554
257 0.894658
258 0.89473
259 0.89514
260 0.895136
261 0.895394
262 0.895961
263 0.895526
264 0.895804
265 0.896331
266 0.895683
267 0.896386
268 0.896717
269 0.896319
270 0.896742
271 0.89678
272 0.896978
273 0.897371
274 0.89707
275 0.897258
276 0.898262
277 0.897547
278 0.898113
279 0.898164
280 0.897987
281 0.897878
282 0.898316
283 0.898405
284 0.899018
285 0.899008
286 0.898886
287 0.899809
288 0.899791
289 0.899503
290 0.900054
291 0.899813
292 0.899666
293 0.90046
294 0.899711
295 0.900286
296 0.900674
297 0.900527
298 0.900577
299 0.900512
300 0.90071
