1 0.5
2 0.353696
3 0.301949
4 0.267256
5 0.247645
6 0.23516
7 0.226344
8 0.220041
9 0.214817
10 0.210905
11 0.207649
12 0.204796
13 0.202715
14 0.200752
15 0.197629
16 0.195254
17 0.193545
18 0.192172
19 0.190277
20 0.18885
21 0.186853
22 0.186103
23 0.185018
24 0.183776
25 0.18273
26 0.18179
27 0.180948
28 0.179864
29 0.179372
30 0.178717
31 0.178106
32 0.177721
33 0.177192
34 0.177023
35 0.176377
36 0.17605
37 0.175398
38 0.175098
39 0.174764
40 0.174543
41 0.174116
42 0.173748
43 0.173506
44 0.173277
45 0.173232
46 0.172916
47 0.172505
48 0.172317
49 0.172316
50 0.171817
51 0.171762
52 0.171514
53 0.171129
54 0.170789
55 0.170796
56 0.170584
57 0.170558
58 0.170287
59 0.169967
60 0.169828
61 0.169765
62 0.16949
63 0.169378
64 0.169047
65 0.169335
66 0.16895
67 0.16888
68 0.168605
69 0.168544
70 0.168496
71 0.168239
72 0.168048
73 0.167845
74 0.16796
75 0.167737
76 0.167667
77 0.167515
78 0.16765
79 0.167387
80 0.167228
81 0.16704
82 0.167053
83 0.166962
84 0.166793
85 0.166754
86 0.166721
87 0.166644
88 0.166675
89 0.166531
90 0.166464
91 0.166275
92 0.166265
93 0.166166
94 0.165963
95 0.165965
96 0.165788
97 0.165765
98 0.165717
99 0.165796
100 0.165665
101 0.165462
102 0.165498
103 0.165269
104 0.165353
105 0.165187
106 0.165266
107 0.165149
108 0.164985
109 0.164908
110 0.164958
111 0.164804
112 0.164819
113 0.164638
114 0.164623
115 0.164601
116 0.164587
117 0.164734
118 0.164493
119 0.164444
120 0.164296
121 0.164255
122 0.164263
123 0.164178
124 0.164158
125 0.164115
126 0.163951
127 0.164028
128 0.163921
129 0.163908
130 0.163846
131 0.163858
132 0.163841
133 0.163684
134 0.163617
135 0.163648
136 0.16362
137 0.163646
138 0.163508
139 0.163359
140 0.163448
141 0.163316
142 0.163311
143 0.163259
144 0.163168
145 0.163316
146 0.163213
147 0.16309
148 0.163105
149 0.163039
150 0.162979
151 0.162996
152 0.162913
153 0.162997
154 0.162905
155 0.162885
156 0.162849
157 0.162804
158 0.162806
159 0.162739
160 0.162642
161 0.162695
162 0.162557
163 0.162584
164 0.162588
165 0.162639
166 0.162423
167 0.162521
168 0.162405
169 0.16243
170 0.162534
171 0.162526
172 0.162284
173 0.1623
174 0.162292
175 0.162253
176 0.162211
177 0.162232
178 0.162183
179 0.162115
180 0.162064
181 0.16204
182 0.162121
183 0.162056
184 0.162005
185 0.161958
186 0.161875
187 0.16202
188 0.161804
189 0.161827
190 0.16186
191 0.161869
192 0.161637
193 0.161891
194 0.161729
195 0.161745
196 0.161778
197 0.16174
198 0.161614
199 0.161595
200 0.161609
201 0.161635
202 0.161577
203 0.161552
204 0.161455
205 0.161562
206 0.161466
207 0.161543
208 0.161494
209 0.161423
210 0.161385
211 0.161387
212 0.16127
213 0.161281
214 0.161378
215 0.161272
216 0.161306
217 0.16128
218 0.161286
219 0.161184
220 0.161272
221 0.161191
222 0.161097
223 0.161164
224 0.161162
225 0.161096
226 0.161062
227 0.161168
228 0.161085
229 0.161091
230 0.161
231 0.160947
232 0.161017
233 0.161064
234 0.16102
235 0.160927
236 0.160994
237 0.160926
238 0.16088
239 0.160977
240 0.160867
241 0.160851
242 0.160849
243 0.160785
244 0.160884
245 0.160885
246 0.160834
247 0.160826
248 0.160804
249 0.160783
250 0.160774
251 0.160716
252 0.160712
253 0.160733
254 0.16066
255 0.160708
256 0.160699
257 0.160554
258 0.160626
259 0.160657
260 0.160595
261 0.160619
262 0.160528
263 0.160517
264 0.160577
265 0.160514
266 0.160575
267 0.160488
268 0.16052
269 0.16049
270 0.160463
271 0.160425
272 0.160408
273 0.1604
274 0.160438
275 0.160412
276 0.16036
277 0.160386
278 0.160287
279 0.160383
280 0.160369
281 0.160379
282 0.160314
283 0.160262
284 0.160268
285 0.160334
286 0.160247
287 0.160168
288 0.160156
289 0.160264
290 0.16024
291 0.160232
292 0.160234
293 0.160251
294 0.160161
295 0.160137
296 0.160106
297 0.160183
298 0.160133
299 0.160226
300 0.160087
