1 0.10821
2 0.108211
3 0.108139
4 0.108211
5 0.0980031
6 0.0900039
7 0.0842115
8 0.0794996
9 0.0757719
10 0.0726174
11 0.0698665
12 0.0675888
13 0.0656164
14 0.0637087
15 0.061057
16 0.0590491
17 0.0575121
18 0.0564435
19 0.0562666
20 0.055594
21 0.0548125
22 0.0539403
23 0.0528122
24 0.052221
25 0.0514362
26 0.0507549
27 0.0498672
28 0.0493474
29 0.0484492
30 0.0476435
31 0.0471689
32 0.0466323
33 0.0458867
34 0.0454878
35 0.0447777
36 0.0442536
37 0.0439071
38 0.0434864
39 0.0428079
40 0.0423767
41 0.0419454
42 0.0414942
43 0.0411052
44 0.0407569
45 0.0403752
46 0.0400687
47 0.0397882
48 0.0394877
49 0.0391629
50 0.0387969
51 0.0384315
52 0.0382048
53 0.0376472
54 0.0373491
55 0.0369742
56 0.0366819
57 0.0364912
58 0.0361961
59 0.035884
60 0.0355032
61 0.0354053
62 0.0350257
63 0.0348393
64 0.0345697
65 0.0344025
66 0.0340589
67 0.0338673
68 0.0335955
69 0.0332959
70 0.0331177
71 0.0328497
72 0.0326308
73 0.0324732
74 0.0322396
75 0.0321224
76 0.0318392
77 0.0316035
78 0.0315294
79 0.0312547
80 0.0310851
81 0.0308489
82 0.0306992
83 0.0304579
84 0.0303625
85 0.0301541
86 0.0299696
87 0.0298171
88 0.029629
89 0.0294373
90 0.0293213
91 0.0291313
92 0.0290081
93 0.0288152
94 0.0286721
95 0.0285334
96 0.0283996
97 0.0282094
98 0.0280177
99 0.0279675
100 0.0278051
101 0.027644
102 0.0275154
103 0.0272732
104 0.027256
105 0.0270593
106 0.0269847
107 0.0268015
108 0.0266963
109 0.0265712
110 0.0264504
111 0.0263055
112 0.0261617
113 0.0259977
114 0.025912
115 0.0257982
116 0.0257142
117 0.0256297
118 0.0254385
119 0.0254116
120 0.0252109
121 0.0251545
122 0.0250648
123 0.0249392
124 0.024857
125 0.0247352
126 0.0245666
127 0.0244848
128 0.0244448
129 0.0242865
130 0.0242191
131 0.0240992
132 0.0240129
133 0.0239807
134 0.0238181
135 0.0236815
136 0.0236542
137 0.0235811
138 0.0234602
139 0.0233239
140 0.0232514
141 0.0231624
142 0.0230426
143 0.0228904
144 0.0228449
145 0.0227933
146 0.0227109
147 0.022656
148 0.0225496
149 0.0225197
150 0.0224001
151 0.0223349
152 0.0222576
153 0.0221615
154 0.0220542
155 0.0219487
156 0.0219255
157 0.0218143
158 0.0217289
159 0.0216758
160 0.021571
161 0.0215384
162 0.0214635
163 0.0213666
164 0.0213521
165 0.0212772
166 0.0211121
167 0.0211218
168 0.0210698
169 0.0209577
170 0.0209304
171 0.0207959
172 0.0208034
173 0.0206585
174 0.0206121
175 0.020601
176 0.0205403
177 0.0204519
178 0.0203482
179 0.020269
180 0.020288
181 0.0201982
182 0.0201516
183 0.0200345
184 0.0200103
185 0.0199827
186 0.01988
187 0.0198072
188 0.0197226
189 0.0197097
190 0.0196485
191 0.019603
192 0.0194962
193 0.0195103
194 0.0194325
195 0.0193809
196 0.0192886
197 0.0191824
198 0.019141
199 0.0190649
200 0.0190808
201 0.0190817
202 0.0189552
203 0.0189124
204 0.0187882
205 0.0187909
206 0.0187897
207 0.0186792
208 0.0186531
209 0.0186124
210 0.0185429
211 0.0184863
212 0.0184237
213 0.0183848
214 0.0183726
215 0.0182861
216 0.0182906
217 0.0181825
218 0.0181689
219 0.0181028
220 0.0180691
221 0.0180047
222 0.0180191
223 0.0179332
224 0.0178846
225 0.0178416
226 0.0177798
227 0.0177357
228 0.0176721
229 0.0176605
230 0.0175937
231 0.0175554
232 0.0175154
233 0.0174522
234 0.017452
235 0.0173849
236 0.0173374
237 0.0173248
238 0.0172593
239 0.0172281
240 0.0172372
241 0.0171829
242 0.0171137
243 0.0170501
244 0.0170444
245 0.0169583
246 0.0169789
247 0.0169368
248 0.016918
249 0.016819
250 0.0167946
251 0.0167531
252 0.0167576
253 0.0166887
254 0.0166408
255 0.0165941
256 0.0165866
257 0.0165549
258 0.0165175
259 0.0164826
260 0.0164003
261 0.0163651
262 0.0163117
263 0.0163358
264 0.0162635
265 0.016204
266 0.0162262
267 0.0161353
268 0.0160981
269 0.0161152
270 0.0160109
271 0.016025
272 0.0160096
273 0.0159286
274 0.0159436
275 0.0158973
276 0.0158039
277 0.0157818
278 0.0157903
279 0.0157553
280 0.0157498
281 0.0157391
282 0.0156898
283 0.0156532
284 0.0155678
285 0.0155837
286 0.0155301
287 0.0154467
288 0.0154466
289 0.0154455
290 0.0153643
291 0.0153944
292 0.0153401
293 0.0152969
294 0.0153473
295 0.015232
296 0.0152208
297 0.0151972
298 0.0151762
299 0.0151808
300 0.0151496
