1 0.500281
2 0.499653
3 0.499727
4 0.499676
5 0.509972
6 0.517964
7 0.523719
8 0.528381
9 0.532059
10 0.535434
11 0.538025
12 0.54035
13 0.542287
14 0.544211
15 0.546768
16 0.548951
17 0.550444
18 0.551595
19 0.551717
20 0.552313
21 0.55313
22 0.55399
23 0.555097
24 0.555774
25 0.556564
26 0.557301
27 0.558096
28 0.5587
29 0.559506
30 0.560323
31 0.560803
32 0.561395
33 0.562168
34 0.562396
35 0.563146
36 0.563697
37 0.564073
38 0.564538
39 0.565245
40 0.56564
41 0.566094
42 0.56652
43 0.566904
44 0.567273
45 0.567627
46 0.567967
47 0.568233
48 0.568438
49 0.568905
50 0.569182
51 0.569547
52 0.569798
53 0.570349
54 0.570586
55 0.571117
56 0.571329
57 0.571349
58 0.571823
59 0.572126
60 0.57246
61 0.572563
62 0.572993
63 0.573126
64 0.57339
65 0.573552
66 0.57394
67 0.574162
68 0.574372
69 0.574727
70 0.574845
71 0.575135
72 0.575269
73 0.575594
74 0.575729
75 0.575838
76 0.576137
77 0.576333
78 0.576474
79 0.576751
80 0.576902
81 0.577126
82 0.577346
83 0.577485
84 0.577696
85 0.577851
86 0.577995
87 0.578177
88 0.57833
89 0.578471
90 0.578636
91 0.578829
92 0.578962
93 0.579158
94 0.579285
95 0.579438
96 0.579568
97 0.579802
98 0.579937
99 0.580003
100 0.580159
101 0.580323
102 0.58044
103 0.580714
104 0.580693
105 0.580939
106 0.581003
107 0.581138
108 0.581289
109 0.581384
110 0.581479
111 0.581686
112 0.581814
113 0.581952
114 0.582081
115 0.582169
116 0.582252
117 0.582337
118 0.582513
119 0.582613
120 0.582776
121 0.582786
122 0.582926
123 0.583022
124 0.583098
125 0.583229
126 0.583432
127 0.583469
128 0.583536
129 0.58367
130 0.583763
131 0.583883
132 0.583952
133 0.58402
134 0.584185
135 0.584341
136 0.584363
137 0.584424
138 0.584555
139 0.584694
140 0.584749
141 0.584811
142 0.584921
143 0.585083
144 0.585082
145 0.585171
146 0.58527
147 0.585339
148 0.585366
149 0.585451
150 0.585573
151 0.585642
152 0.585715
153 0.585847
154 0.58592
155 0.586065
156 0.586024
157 0.586179
158 0.586266
159 0.586326
160 0.586392
161 0.586431
162 0.586498
163 0.586633
164 0.586598
165 0.586709
166 0.586862
167 0.58683
168 0.586886
169 0.587
170 0.587015
171 0.58711
172 0.587162
173 0.587315
174 0.58737
175 0.587369
176 0.587465
177 0.587519
178 0.587616
179 0.587691
180 0.587688
181 0.587783
182 0.587845
183 0.587954
184 0.587922
185 0.587981
186 0.588107
187 0.588168
188 0.588238
189 0.58822
190 0.588286
191 0.588337
192 0.588446
193 0.588454
194 0.588531
195 0.588569
196 0.588656
197 0.588741
198 0.588825
199 0.588888
200 0.588849
201 0.588842
202 0.589029
203 0.589027
204 0.589166
205 0.589166
206 0.589144
207 0.58926
208 0.589318
209 0.589347
210 0.589422
211 0.589471
212 0.589544
213 0.589556
214 0.589582
215 0.589649
216 0.589654
217 0.589753
218 0.589814
219 0.589865
220 0.589852
221 0.589929
222 0.589939
223 0.590023
224 0.590065
225 0.590106
226 0.590176
227 0.590198
228 0.590271
229 0.590254
230 0.590333
231 0.590378
232 0.590425
233 0.590477
234 0.590498
235 0.590567
236 0.590597
237 0.59062
238 0.590724
239 0.590714
240 0.590718
241 0.590778
242 0.590868
243 0.590896
244 0.590916
245 0.591002
246 0.590978
247 0.590994
248 0.591015
249 0.591158
250 0.591128
251 0.591206
252 0.591194
253 0.591234
254 0.591312
255 0.591353
256 0.591396
257 0.591409
258 0.59146
259 0.591498
260 0.591574
261 0.591567
262 0.591657
263 0.591636
264 0.591694
265 0.591754
266 0.591723
267 0.591784
268 0.59185
269 0.59184
270 0.591966
271 0.591946
272 0.591956
273 0.592019
274 0.591992
275 0.592054
276 0.592143
277 0.592157
278 0.592164
279 0.592225
280 0.592197
281 0.592214
282 0.592258
283 0.592316
284 0.592375
285 0.592385
286 0.592423
287 0.592504
288 0.592501
289 0.592495
290 0.59258
291 0.592558
292 0.592616
293 0.592664
294 0.592602
295 0.592719
296 0.592733
297 0.592778
298 0.592789
299 0.592769
300 0.592798
