1 0.500064
2 0.5
3 0.50027
4 0.5
5 0.531626
6 0.556915
7 0.575339
8 0.590339
9 0.602295
10 0.612666
11 0.621633
12 0.629073
13 0.635314
14 0.641788
15 0.650911
16 0.658027
17 0.663422
18 0.666838
19 0.667655
20 0.669822
21 0.67298
22 0.676087
23 0.68032
24 0.682344
25 0.685673
26 0.688256
27 0.691449
28 0.693373
29 0.696878
30 0.700162
31 0.701563
32 0.703511
33 0.706616
34 0.707903
35 0.710696
36 0.712638
37 0.7138
38 0.715633
39 0.718616
40 0.72009
41 0.721867
42 0.722978
43 0.72467
44 0.726454
45 0.727613
46 0.728612
47 0.729755
48 0.731405
49 0.732966
50 0.733856
51 0.735871
52 0.736469
53 0.738824
54 0.74046
55 0.741479
56 0.742717
57 0.743183
58 0.74467
59 0.746233
60 0.747867
61 0.747935
62 0.749593
63 0.750092
64 0.75142
65 0.752243
66 0.753397
67 0.754358
68 0.755506
69 0.757121
70 0.757582
71 0.758613
72 0.759878
73 0.760796
74 0.761495
75 0.761702
76 0.763024
77 0.764544
78 0.764427
79 0.765795
80 0.766658
81 0.767962
82 0.768362
83 0.769252
84 0.769737
85 0.770589
86 0.771138
87 0.771975
88 0.773282
89 0.773505
90 0.774477
91 0.774957
92 0.775501
93 0.776412
94 0.777405
95 0.778155
96 0.778499
97 0.779452
98 0.780264
99 0.780784
100 0.78133
101 0.78221
102 0.782254
103 0.78343
104 0.783685
105 0.784786
106 0.785212
107 0.785822
108 0.786438
109 0.787036
110 0.787299
111 0.788303
112 0.788894
113 0.789906
114 0.790149
115 0.790877
116 0.791138
117 0.791101
118 0.792259
119 0.792503
120 0.79331
121 0.793463
122 0.794261
123 0.795009
124 0.795132
125 0.795834
126 0.796578
127 0.796926
128 0.79696
129 0.79765
130 0.798111
131 0.798601
132 0.79928
133 0.799565
134 0.800316
135 0.801009
136 0.801361
137 0.801378
138 0.801828
139 0.802729
140 0.80289
141 0.803611
142 0.803987
143 0.804928
144 0.805372
145 0.805185
146 0.805745
147 0.806214
148 0.80658
149 0.806686
150 0.807396
151 0.807531
152 0.808434
153 0.808584
154 0.809401
155 0.809583
156 0.809734
157 0.810297
158 0.810905
159 0.811027
160 0.811634
161 0.811545
162 0.81233
163 0.812684
164 0.812582
165 0.813069
166 0.813934
167 0.814013
168 0.814341
169 0.814741
170 0.815039
171 0.815714
172 0.815417
173 0.816066
174 0.816458
175 0.816224
176 0.816667
177 0.817025
178 0.817684
179 0.818536
180 0.81834
181 0.81862
182 0.818761
183 0.819596
184 0.819484
185 0.819952
186 0.820085
187 0.820545
188 0.821077
189 0.821167
190 0.821538
191 0.821585
192 0.82252
193 0.822127
194 0.822658
195 0.823018
196 0.823802
197 0.82417
198 0.824209
199 0.824818
200 0.824527
201 0.824244
202 0.825073
203 0.825333
204 0.826479
205 0.82617
206 0.826038
207 0.826936
208 0.826749
209 0.827145
210 0.827484
211 0.82808
212 0.828315
213 0.828311
214 0.828204
215 0.829022
216 0.828588
217 0.829478
218 0.829422
219 0.830099
220 0.830117
221 0.83063
222 0.830339
223 0.830881
224 0.83136
225 0.831419
226 0.831839
227 0.831888
228 0.832632
229 0.832577
230 0.833004
231 0.832995
232 0.833064
233 0.833641
234 0.833455
235 0.834041
236 0.833905
237 0.834092
238 0.834515
239 0.83469
240 0.834674
241 0.835065
242 0.835331
243 0.835456
244 0.835878
245 0.836395
246 0.836405
247 0.836587
248 0.836648
249 0.837114
250 0.837274
251 0.837604
252 0.837746
253 0.838014
254 0.838385
255 0.838524
256 0.838526
257 0.838682
258 0.838698
259 0.839309
260 0.839393
261 0.839664
262 0.840141
263 0.839855
264 0.840095
265 0.84071
266 0.840334
267 0.840826
268 0.841165
269 0.841008
270 0.841656
271 0.841589
272 0.841703
273 0.842131
274 0.842143
275 0.842289
276 0.843154
277 0.842921
278 0.843237
279 0.843355
280 0.843281
281 0.84318
282 0.843488
283 0.843829
284 0.844344
285 0.844327
286 0.844483
287 0.845321
288 0.845209
289 0.845053
290 0.845677
291 0.845441
292 0.845369
293 0.846164
294 0.845429
295 0.846259
296 0.846448
297 0.846519
298 0.846408
299 0.846417
300 0.846777
