1 0.10821
2 0.108165
3 0.107994
4 0.108428
5 0.0571709
6 0.0499633
7 0.049559
8 0.0461778
9 0.0458893
10 0.0440665
11 0.0430214
12 0.0422678
13 0.0416891
14 0.0403488
15 0.0376491
16 0.0354524
17 0.0340569
18 0.0334288
19 0.0328102
20 0.0321424
21 0.0311294
22 0.0305259
23 0.0293249
24 0.0292223
25 0.0285144
26 0.0275197
27 0.0273423
28 0.027031
29 0.0264044
30 0.0261165
31 0.0258961
32 0.0256489
33 0.0253683
34 0.0252721
35 0.0248465
36 0.0247305
37 0.0244602
38 0.0236026
39 0.0229843
40 0.0227676
41 0.0224793
42 0.0223252
43 0.0220266
44 0.0217048
45 0.0216688
46 0.0214915
47 0.0213342
48 0.0212745
49 0.02108
50 0.0208591
51 0.0207304
52 0.0206529
53 0.0196797
54 0.0194725
55 0.0191699
56 0.0190658
57 0.0189644
58 0.0187511
59 0.0185475
60 0.0183592
61 0.0183081
62 0.0180238
63 0.0180352
64 0.0178292
65 0.0177229
66 0.0173664
67 0.0171878
68 0.0170272
69 0.0168017
70 0.016642
71 0.0164373
72 0.0163084
73 0.0163069
74 0.016079
75 0.0161159
76 0.0158273
77 0.0157084
78 0.0156533
79 0.0153756
80 0.0152755
81 0.0150832
82 0.0149654
83 0.0147583
84 0.0147708
85 0.0145744
86 0.0144817
87 0.014429
88 0.0143178
89 0.0141666
90 0.0141045
91 0.0139557
92 0.0138501
93 0.0137639
94 0.0135364
95 0.0134854
96 0.0134038
97 0.0133226
98 0.0131819
99 0.013152
100 0.0130594
101 0.0129396
102 0.0129217
103 0.0126856
104 0.012728
105 0.0125716
106 0.0125015
107 0.0123884
108 0.0122823
109 0.0122147
110 0.012133
111 0.0120722
112 0.0119659
113 0.0118229
114 0.0118107
115 0.0117274
116 0.0116722
117 0.0116713
118 0.0114944
119 0.0114784
120 0.0113661
121 0.0113285
122 0.0112627
123 0.0111986
124 0.011168
125 0.0110603
126 0.010966
127 0.0108941
128 0.0108978
129 0.0107734
130 0.0107406
131 0.0106608
132 0.0106019
133 0.0106238
134 0.0104961
135 0.0104147
136 0.0104194
137 0.0103713
138 0.0102837
139 0.0102008
140 0.0101168
141 0.0100458
142 0.0100187
143 0.00990814
144 0.00986664
145 0.00986422
146 0.00980095
147 0.00978785
148 0.00971804
149 0.00971358
150 0.0096523
151 0.00962787
152 0.00953472
153 0.0094991
154 0.00942344
155 0.0093651
156 0.00935369
157 0.0092804
158 0.00924632
159 0.00918526
160 0.00913919
161 0.00915798
162 0.00910499
163 0.00900261
164 0.00904528
165 0.00897345
166 0.00886981
167 0.00887781
168 0.00884273
169 0.00878613
170 0.00882526
171 0.00868988
172 0.00868758
173 0.00860358
174 0.00861352
175 0.00861505
176 0.00858078
177 0.00851714
178 0.00846432
179 0.00839454
180 0.00843061
181 0.00839047
182 0.0083793
183 0.00828018
184 0.00824073
185 0.00828049
186 0.00820627
187 0.00816926
188 0.00811275
189 0.00810632
190 0.00809532
191 0.00803101
192 0.00794752
193 0.00801121
194 0.00793618
195 0.00793123
196 0.00785943
197 0.00778667
198 0.00777909
199 0.00772374
200 0.00777284
201 0.00780406
202 0.00769938
203 0.00767168
204 0.007554
205 0.00761088
206 0.00761219
207 0.00750513
208 0.00749172
209 0.00752084
210 0.0074713
211 0.00744227
212 0.00738791
213 0.00739134
214 0.00738774
215 0.00732787
216 0.00734727
217 0.0072654
218 0.00726386
219 0.0072487
220 0.00724103
221 0.00719732
222 0.00723021
223 0.00716032
224 0.00710708
225 0.00710104
226 0.00704605
227 0.00704875
228 0.00701769
229 0.00699877
230 0.00696494
231 0.00694679
232 0.0069538
233 0.00687714
234 0.00689137
235 0.00685677
236 0.00683392
237 0.00684415
238 0.006788
239 0.00680133
240 0.0067979
241 0.0067767
242 0.00676161
243 0.00671277
244 0.00669535
245 0.00664334
246 0.00667487
247 0.00664037
248 0.00663347
249 0.00659841
250 0.00657395
251 0.00656161
252 0.00655477
253 0.00652765
254 0.00651234
255 0.00650029
256 0.0064691
257 0.00645141
258 0.00643749
259 0.00643186
260 0.0063972
261 0.00636873
262 0.00630505
263 0.0063705
264 0.00630518
265 0.00626727
266 0.00631216
267 0.0062439
268 0.00621632
269 0.00624127
270 0.00618834
271 0.00618205
272 0.00619892
273 0.00613762
274 0.00618668
275 0.00614037
276 0.00604177
277 0.00608413
278 0.00608219
279 0.00607156
280 0.00607549
281 0.00607711
282 0.00603283
283 0.00603676
284 0.00596133
285 0.00597167
286 0.00596296
287 0.00591244
288 0.00589057
289 0.00593363
290 0.00586329
291 0.00589777
292 0.00587702
293 0.00581611
294 0.00588333
295 0.00581961
296 0.00579701
297 0.00580609
298 0.00578622
299 0.0058082
300 0.00578611
