2 0.499108
3 0.249553
4 0.500281
6 0.040226
7 0.023466
8 0.088205
9 0.057027
10 0.12897
11 0.07691
12 0.16322
13 0.107156
14 0.110554
15 0.112109
16 0.110063
17 0.101211
18 0.116279
19 0.09781
20 0.134161
21 0.116198
22 0.147662
23 0.122373
24 0.105837
25 0.128836
26 0.110504
27 0.12696
28 0.121033
29 0.131079
30 0.124303
31 0.133031
32 0.128004
33 0.138004
34 0.134214
35 0.143385
36 0.126479
37 0.144009
38 0.120346
39 0.126483
40 0.119523
41 0.125566
42 0.116651
43 0.130568
44 0.117954
45 0.116669
46 0.124835
47 0.121026
48 0.128958
49 0.11775
50 0.127343
51 0.122422
52 0.13477
53 0.114518
54 0.114519
55 0.112791
56 0.112939
57 0.11188
58 0.114135
59 0.112761
60 0.113236
61 0.114539
62 0.112481
63 0.105529
64 0.109538
65 0.105497
66 0.111886
67 0.106452
68 0.101245
69 0.107535
70 0.102735
71 0.104683
72 0.101955
73 0.10104
74 0.104061
75 0.098218
76 0.104577
77 0.098443
78 0.095881
79 0.099083
80 0.096861
81 0.097596
82 0.093422
83 0.090022
84 0.092978
85 0.089587
86 0.09506
87 0.088797
88 0.090001
89 0.090575
90 0.087989
91 0.091232
92 0.087531
93 0.087711
94 0.087324
95 0.085349
96 0.087803
97 0.084773
98 0.083889
99 0.083741
100 0.0816
