2 0.249554
3 0.249812
4 0.312313
5 0.250005
6 0.21497
7 0.187601
8 0.184751
9 0.170723
10 0.170739
11 0.16204
12 0.164886
13 0.160544
14 0.162142
15 0.152333
16 0.145075
17 0.143294
18 0.151498
19 0.158355
20 0.163236
21 0.168104
22 0.169313
23 0.172068
24 0.174501
25 0.181558
26 0.181812
27 0.182928
28 0.176441
29 0.178834
30 0.178707
31 0.179925
32 0.17982
33 0.18125
34 0.182804
35 0.18438
36 0.183849
37 0.185931
38 0.185802
39 0.181624
40 0.184075
41 0.187262
42 0.188061
43 0.191328
44 0.19135
45 0.194595
46 0.194602
47 0.196012
48 0.197739
49 0.200344
50 0.201854
51 0.201784
52 0.204293
53 0.200566
54 0.200542
55 0.199719
56 0.201233
57 0.202351
58 0.2013
59 0.200966
60 0.199546
61 0.201858
62 0.201482
63 0.204494
64 0.204786
65 0.204582
66 0.20512
67 0.205663
68 0.206299
69 0.206841
70 0.205974
71 0.205857
72 0.206067
73 0.207307
74 0.209034
75 0.209441
76 0.21073
77 0.210381
78 0.211649
79 0.211559
80 0.211549
81 0.211622
82 0.211938
83 0.211922
84 0.212474
85 0.212561
86 0.213879
87 0.213559
88 0.213634
89 0.21322
90 0.214942
91 0.214463
92 0.214563
93 0.215483
94 0.215374
95 0.216008
96 0.215732
97 0.216046
98 0.215471
99 0.21532
100 0.215432
