1 0.500001
2 0.359497
3 0.297854
4 0.263365
5 0.239795
6 0.222767
7 0.209839
8 0.199835
9 0.191648
10 0.184584
11 0.178669
12 0.173665
13 0.169426
14 0.165279
15 0.162222
16 0.158854
17 0.156323
18 0.153539
19 0.151484
20 0.149452
21 0.147323
22 0.145713
23 0.144165
24 0.142573
25 0.141276
26 0.140048
27 0.138739
28 0.137465
29 0.136655
30 0.135676
31 0.134518
32 0.133615
33 0.132776
34 0.132255
35 0.131394
36 0.130245
37 0.129557
38 0.129047
39 0.128658
40 0.127871
41 0.127418
42 0.126452
43 0.125972
44 0.125931
45 0.125249
46 0.124696
47 0.123991
48 0.123708
49 0.123385
50 0.123056
51 0.122674
52 0.122171
53 0.121976
54 0.121189
55 0.121311
56 0.120735
57 0.120554
58 0.12019
59 0.119781
60 0.119502
61 0.11927
62 0.118867
63 0.118489
64 0.118135
65 0.118291
66 0.117827
67 0.117676
68 0.117391
69 0.117237
70 0.116962
71 0.116609
72 0.116219
73 0.115869
74 0.116032
75 0.115666
76 0.115572
77 0.115511
78 0.115347
79 0.115266
80 0.114959
81 0.114705
82 0.114803
83 0.114463
84 0.114186
85 0.114375
86 0.113911
87 0.113824
88 0.113751
89 0.113583
90 0.11332
91 0.113251
92 0.112962
93 0.112808
94 0.112765
95 0.112684
96 0.11239
97 0.112321
98 0.112324
99 0.112178
100 0.112023
101 0.111847
102 0.112096
103 0.111625
104 0.111599
105 0.111447
106 0.111336
107 0.111419
108 0.111139
109 0.11102
110 0.111156
111 0.110816
112 0.110723
113 0.110647
114 0.110463
115 0.110472
116 0.110549
117 0.110415
118 0.110363
119 0.110122
120 0.109966
121 0.109904
122 0.109818
123 0.109836
124 0.109644
125 0.10948
126 0.109347
127 0.109443
128 0.109359
129 0.109359
130 0.109218
131 0.109131
132 0.109162
133 0.108945
134 0.108981
135 0.108853
136 0.108843
137 0.108797
138 0.108572
139 0.108351
140 0.108538
141 0.108375
142 0.108352
143 0.108345
144 0.108107
145 0.108215
146 0.108181
147 0.107985
148 0.107933
149 0.107858
150 0.107751
151 0.107673
152 0.107689
153 0.107565
154 0.107566
155 0.107613
156 0.107393
157 0.107416
158 0.107428
159 0.107491
160 0.107287
161 0.107211
162 0.107123
163 0.107115
164 0.107099
165 0.107032
166 0.106949
167 0.106932
168 0.106793
169 0.106802
170 0.107056
171 0.107087
172 0.106573
173 0.106498
174 0.106616
175 0.106668
176 0.106572
177 0.106557
178 0.10627
179 0.106388
180 0.10627
181 0.1062
182 0.106252
183 0.106217
184 0.106115
185 0.106011
186 0.105863
187 0.106226
188 0.105953
189 0.10586
190 0.105871
191 0.10592
192 0.105604
193 0.105823
194 0.105743
195 0.105846
196 0.105791
197 0.105713
198 0.105631
199 0.105534
200 0.105545
201 0.105511
202 0.105489
203 0.105428
204 0.105315
205 0.105641
206 0.105259
207 0.105339
208 0.105303
209 0.105099
210 0.105085
211 0.105096
212 0.105053
213 0.104951
214 0.105214
215 0.105069
216 0.104994
217 0.104959
218 0.104935
219 0.104937
220 0.104916
221 0.104898
222 0.104746
223 0.104798
224 0.104767
225 0.104508
226 0.104667
227 0.104706
228 0.104655
229 0.104585
230 0.104498
231 0.10455
232 0.104567
233 0.104565
234 0.10441
235 0.104403
236 0.104436
237 0.104322
238 0.104285
239 0.104307
240 0.104263
241 0.104216
242 0.104281
243 0.104275
244 0.10412
245 0.104291
246 0.104194
247 0.104191
248 0.10417
249 0.104102
250 0.104121
251 0.104013
252 0.104058
253 0.104045
254 0.103915
255 0.104293
256 0.103996
257 0.103374
258 0.103874
259 0.103774
260 0.103728
261 0.103735
262 0.103648
263 0.103791
264 0.103835
265 0.10359
266 0.10371
267 0.103745
268 0.103679
269 0.103531
270 0.103541
271 0.103398
272 0.103493
273 0.103537
274 0.103537
275 0.103459
276 0.103323
277 0.103446
278 0.103218
279 0.103325
280 0.103406
281 0.103362
282 0.103324
283 0.10324
284 0.103269
285 0.103266
286 0.10324
287 0.103177
288 0.103121
289 0.10326
290 0.103269
291 0.103032
292 0.103138
293 0.103145
294 0.103008
295 0.102919
296 0.103056
297 0.103043
298 0.102984
299 0.103047
300 0.102955
