1 0.110084
2 0.101843
3 0.0961976
4 0.0923823
5 0.0889412
6 0.0863189
7 0.083815
8 0.0816852
9 0.0797627
10 0.0779091
11 0.0762301
12 0.0747331
13 0.0733525
14 0.0720215
15 0.0708492
16 0.0695503
17 0.0685418
18 0.0674948
19 0.0665005
20 0.0654538
21 0.0645137
22 0.0637587
23 0.0629398
24 0.0621626
25 0.0613738
26 0.0605842
27 0.0599612
28 0.0591988
29 0.0586549
30 0.0580463
31 0.0573853
32 0.0567954
33 0.0562392
34 0.0556437
35 0.055215
36 0.0546028
37 0.0541297
38 0.0536936
39 0.0531601
40 0.052717
41 0.052223
42 0.0517839
43 0.0512464
44 0.0508872
45 0.0504387
46 0.0500134
47 0.0496371
48 0.0493334
49 0.0489456
50 0.0486196
51 0.0482406
52 0.0477938
53 0.0473796
54 0.0470634
55 0.0468123
56 0.0464848
57 0.046219
58 0.0458658
59 0.0454987
60 0.0451765
61 0.0449565
62 0.0445587
63 0.0444277
64 0.0440815
65 0.0437357
66 0.0435527
67 0.0433247
68 0.0430087
69 0.0427399
70 0.0425531
71 0.0422763
72 0.042001
73 0.0417109
74 0.0415824
75 0.0413716
76 0.0411319
77 0.0408637
78 0.0406883
79 0.0404294
80 0.0402131
81 0.0399732
82 0.0398191
83 0.0395764
84 0.0393924
85 0.0392176
86 0.0390345
87 0.0387113
88 0.0386054
89 0.0384038
90 0.0381914
91 0.0381231
92 0.0378254
93 0.0376735
94 0.037482
95 0.0373375
96 0.0371405
97 0.0369568
98 0.036814
99 0.0366012
100 0.0364945
101 0.0363686
102 0.036158
103 0.0360422
104 0.0358823
105 0.035673
106 0.0355988
107 0.0352918
108 0.035224
109 0.0351035
110 0.0349601
111 0.0347989
112 0.0346739
113 0.0343992
114 0.03436
115 0.0341808
116 0.0340915
117 0.0339393
118 0.0337708
119 0.0337618
120 0.0335563
121 0.033457
122 0.0332965
123 0.0331907
124 0.0330813
125 0.0329512
126 0.0327888
127 0.0326507
128 0.032536
129 0.0324189
130 0.0323003
131 0.0321929
132 0.0320494
133 0.031924
134 0.0319013
135 0.0317907
136 0.0316158
137 0.0315553
138 0.0313807
139 0.0314229
140 0.0311694
141 0.0310324
142 0.0309477
143 0.0309343
144 0.0308005
145 0.0306845
146 0.0306017
147 0.0304818
148 0.0303913
149 0.0302735
150 0.0302596
151 0.0300606
152 0.0299824
153 0.0298904
154 0.0297614
155 0.0296824
156 0.0296792
157 0.0295368
158 0.029404
159 0.0292978
160 0.0292422
161 0.0291502
162 0.0291061
163 0.0288933
164 0.0288834
165 0.0287774
166 0.0287299
167 0.0286755
168 0.0285463
169 0.02839
170 0.0283547
171 0.0282863
172 0.0282575
173 0.0281468
174 0.0280474
175 0.0279936
176 0.0278472
177 0.0278257
178 0.0278039
179 0.0276743
180 0.0276089
181 0.0275169
182 0.0274047
183 0.0273583
184 0.0273192
185 0.027165
186 0.0271226
187 0.0270527
188 0.0270068
189 0.0268908
190 0.0268918
191 0.0267671
192 0.0266652
193 0.0266234
194 0.0265641
195 0.0264778
196 0.0264305
197 0.0263744
198 0.0263448
199 0.0262571
200 0.0261804
201 0.026103
202 0.0259395
203 0.0259549
204 0.025909
205 0.0257906
206 0.0257419
207 0.0257057
208 0.0256162
209 0.0256532
210 0.0255436
211 0.0254733
212 0.0253789
213 0.0252515
214 0.0252099
215 0.0252152
216 0.0251539
217 0.0250574
218 0.0249994
219 0.0249143
220 0.0248801
221 0.0248175
222 0.0247975
223 0.0247456
224 0.0246625
225 0.0246273
226 0.0245809
227 0.0245116
228 0.0244781
229 0.0244172
230 0.0243667
231 0.0242335
232 0.0242107
233 0.0241753
234 0.0241725
235 0.02407
236 0.0239528
237 0.0239032
238 0.0239059
239 0.023856
240 0.0238067
241 0.0237174
242 0.0237215
243 0.0236428
244 0.0235539
245 0.0235396
246 0.0235138
247 0.0234234
248 0.0233497
249 0.0233471
250 0.0233147
251 0.0232099
252 0.0231516
253 0.0231128
254 0.023069
255 0.0230768
256 0.0229701
257 0.0228816
258 0.0229008
259 0.0228273
260 0.0227223
261 0.0227573
262 0.0227245
263 0.0226734
264 0.0226153
265 0.0225722
266 0.0225781
267 0.022479
268 0.0224348
269 0.0223448
270 0.0223297
271 0.0222838
272 0.0222728
273 0.0221808
274 0.022147
275 0.0222102
276 0.0221285
277 0.0220314
278 0.0220451
279 0.0220177
280 0.0219045
281 0.0218642
282 0.0217853
283 0.0218047
284 0.0217067
285 0.0216785
286 0.0216888
287 0.0216127
288 0.0216126
289 0.0215113
290 0.0214981
291 0.0214804
292 0.0213995
293 0.0214435
294 0.0213554
295 0.0213092
296 0.0212613
297 0.021259
298 0.0211788
299 0.0211226
300 0.0211327
