1 0.333506
2 0.360409
3 0.380343
4 0.393966
5 0.406523
6 0.416248
7 0.425145
8 0.43333
9 0.440556
10 0.44757
11 0.453892
12 0.46004
13 0.465259
14 0.470165
15 0.475074
16 0.480531
17 0.484279
18 0.488265
19 0.492635
20 0.496978
21 0.500884
22 0.50401
23 0.507317
24 0.510882
25 0.514293
26 0.517694
27 0.52001
28 0.523446
29 0.525878
30 0.528174
31 0.531771
32 0.533922
33 0.536156
34 0.538863
35 0.540726
36 0.543369
37 0.545873
38 0.547924
39 0.550064
40 0.55223
41 0.55482
42 0.556782
43 0.559401
44 0.56076
45 0.562537
46 0.564618
47 0.566444
48 0.568478
49 0.569635
50 0.571392
51 0.5734
52 0.575813
53 0.577483
54 0.578612
55 0.58005
56 0.581465
57 0.583107
58 0.584839
59 0.586844
60 0.588417
61 0.589381
62 0.591295
63 0.591869
64 0.593702
65 0.595646
66 0.59622
67 0.597233
68 0.598839
69 0.599935
70 0.601144
71 0.602806
72 0.604484
73 0.605772
74 0.605974
75 0.607453
76 0.608898
77 0.609858
78 0.610925
79 0.612071
80 0.613314
81 0.61477
82 0.615418
83 0.616919
84 0.618016
85 0.618619
86 0.619568
87 0.621478
88 0.622174
89 0.623079
90 0.624622
91 0.624601
92 0.626039
93 0.627301
94 0.628029
95 0.628818
96 0.629905
97 0.631423
98 0.631983
99 0.63278
100 0.633308
101 0.634324
102 0.635242
103 0.636157
104 0.63702
105 0.638214
106 0.638297
107 0.640457
108 0.640362
109 0.641213
110 0.641901
111 0.643147
112 0.64361
113 0.645184
114 0.645486
115 0.646476
116 0.646936
117 0.647581
118 0.648782
119 0.648811
120 0.65043
121 0.650608
122 0.651567
123 0.652247
124 0.652614
125 0.653591
126 0.654334
127 0.655032
128 0.656166
129 0.656435
130 0.657292
131 0.65817
132 0.658945
133 0.65954
134 0.659363
135 0.660259
136 0.661248
137 0.661624
138 0.662552
139 0.662256
140 0.663867
141 0.665013
142 0.6656
143 0.665061
144 0.666483
145 0.667131
146 0.667084
147 0.66795
148 0.668709
149 0.669351
150 0.669645
151 0.670685
152 0.67133
153 0.671895
154 0.672418
155 0.673113
156 0.672981
157 0.673789
158 0.675051
159 0.675331
160 0.675928
161 0.676421
162 0.676455
163 0.677928
164 0.677987
165 0.678779
166 0.678827
167 0.679293
168 0.680424
169 0.680832
170 0.681568
171 0.681396
172 0.681808
173 0.682422
174 0.682912
175 0.68383
176 0.684149
177 0.684327
178 0.684986
179 0.685443
180 0.685722
181 0.686856
182 0.687082
183 0.687975
184 0.687616
185 0.688475
186 0.688967
187 0.689845
188 0.690075
189 0.690542
190 0.690509
191 0.691256
192 0.692111
193 0.692103
194 0.692627
195 0.693211
196 0.693439
197 0.694138
198 0.693956
199 0.694927
200 0.695395
201 0.695326
202 0.696686
203 0.696541
204 0.696877
205 0.69786
206 0.698376
207 0.697931
208 0.698633
209 0.698499
210 0.699287
211 0.699871
212 0.700277
213 0.701536
214 0.70153
215 0.701574
216 0.702267
217 0.702285
218 0.702712
219 0.703494
220 0.703652
221 0.704052
222 0.70438
223 0.704671
224 0.705208
225 0.70551
226 0.705581
227 0.706325
228 0.706015
229 0.707166
230 0.707249
231 0.708144
232 0.708309
233 0.708471
234 0.708412
235 0.708938
236 0.710155
237 0.710158
238 0.70983
239 0.710698
240 0.710816
241 0.711387
242 0.711572
243 0.712079
244 0.712727
245 0.713083
246 0.712631
247 0.713446
248 0.714397
249 0.714445
250 0.714248
251 0.714867
252 0.715657
253 0.715816
254 0.715952
255 0.716292
256 0.71668
257 0.71737
258 0.716941
259 0.717842
260 0.71874
261 0.71842
262 0.718442
263 0.718379
264 0.719186
265 0.719487
266 0.719122
267 0.720037
268 0.720238
269 0.721174
270 0.721307
271 0.721607
272 0.721671
273 0.722769
274 0.722593
275 0.721995
276 0.722615
277 0.723259
278 0.723271
279 0.723309
280 0.724404
281 0.724606
282 0.724928
283 0.7247
284 0.725838
285 0.725672
286 0.726006
287 0.726221
288 0.726278
289 0.727109
290 0.727355
291 0.727223
292 0.727937
293 0.727561
294 0.728064
295 0.728461
296 0.728733
297 0.728658
298 0.729105
299 0.729944
300 0.729602
