1 0.500061
2 0.507852
3 0.513529
4 0.517523
5 0.521219
6 0.523733
7 0.526291
8 0.528421
9 0.53031
10 0.532226
11 0.533779
12 0.53535
13 0.536667
14 0.53807
15 0.539302
16 0.540515
17 0.541675
18 0.542712
19 0.543572
20 0.544662
21 0.545608
22 0.546415
23 0.547216
24 0.548013
25 0.548789
26 0.549545
27 0.550035
28 0.550904
29 0.551489
30 0.552049
31 0.552772
32 0.553323
33 0.553988
34 0.554431
35 0.554808
36 0.555524
37 0.55599
38 0.55644
39 0.557044
40 0.557435
41 0.557855
42 0.558341
43 0.558912
44 0.559282
45 0.559692
46 0.560142
47 0.560506
48 0.560808
49 0.561206
50 0.561503
51 0.561828
52 0.562329
53 0.5627
54 0.56308
55 0.563245
56 0.563677
57 0.563761
58 0.564279
59 0.564597
60 0.564939
61 0.565169
62 0.565558
63 0.565682
64 0.565958
65 0.566324
66 0.5666
67 0.566779
68 0.567093
69 0.567369
70 0.567582
71 0.56785
72 0.568111
73 0.568507
74 0.568541
75 0.568731
76 0.569015
77 0.56926
78 0.569406
79 0.569732
80 0.569965
81 0.570168
82 0.570285
83 0.570622
84 0.570782
85 0.570881
86 0.571092
87 0.57142
88 0.571503
89 0.571745
90 0.571951
91 0.572033
92 0.572337
93 0.572511
94 0.572656
95 0.572816
96 0.573019
97 0.573191
98 0.573324
99 0.57359
100 0.57363
101 0.573763
102 0.573959
103 0.574136
104 0.574294
105 0.574476
106 0.574575
107 0.574891
108 0.574935
109 0.575062
110 0.575193
111 0.575369
112 0.575472
113 0.575761
114 0.575791
115 0.575929
116 0.576021
117 0.576214
118 0.576323
119 0.576399
120 0.576612
121 0.576704
122 0.576863
123 0.57695
124 0.577042
125 0.57719
126 0.577371
127 0.577473
128 0.577644
129 0.57771
130 0.577829
131 0.577945
132 0.57806
133 0.578241
134 0.57823
135 0.578365
136 0.578503
137 0.578578
138 0.578784
139 0.578739
140 0.578984
141 0.579097
142 0.579165
143 0.579215
144 0.579345
145 0.57947
146 0.579532
147 0.579674
148 0.579769
149 0.579874
150 0.57988
151 0.580087
152 0.580144
153 0.580231
154 0.580388
155 0.580426
156 0.580503
157 0.580609
158 0.580737
159 0.580802
160 0.580884
161 0.580973
162 0.581036
163 0.581252
164 0.58127
165 0.581366
166 0.581409
167 0.581465
168 0.581602
169 0.581753
170 0.58171
171 0.581773
172 0.581906
173 0.581984
174 0.58211
175 0.582104
176 0.58228
177 0.58234
178 0.582368
179 0.582424
180 0.582547
181 0.5826
182 0.582748
183 0.582791
184 0.582787
185 0.582956
186 0.583025
187 0.583082
188 0.58308
189 0.583242
190 0.58321
191 0.583365
192 0.583493
193 0.583523
194 0.583559
195 0.583623
196 0.5837
197 0.583767
198 0.583789
199 0.583872
200 0.583973
201 0.58404
202 0.584202
203 0.584196
204 0.584266
205 0.584325
206 0.584403
207 0.584434
208 0.584525
209 0.584495
210 0.584617
211 0.584679
212 0.584749
213 0.584883
214 0.584928
215 0.584927
216 0.585009
217 0.585114
218 0.585148
219 0.585243
220 0.585266
221 0.585323
222 0.58538
223 0.585382
224 0.585507
225 0.585506
226 0.585556
227 0.585621
228 0.585651
229 0.585722
230 0.585764
231 0.585888
232 0.585936
233 0.585947
234 0.586001
235 0.586055
236 0.5862
237 0.586248
238 0.586273
239 0.586261
240 0.586323
241 0.586453
242 0.586426
243 0.586495
244 0.586606
245 0.586618
246 0.58664
247 0.58673
248 0.586773
249 0.586804
250 0.586827
251 0.586942
252 0.586978
253 0.587033
254 0.587084
255 0.586982
256 0.587173
257 0.587325
258 0.58727
259 0.587332
260 0.587423
261 0.587392
262 0.587454
263 0.587466
264 0.587542
265 0.587586
266 0.587563
267 0.587651
268 0.587745
269 0.587809
270 0.587816
271 0.587867
272 0.587858
273 0.587958
274 0.588007
275 0.587931
276 0.588008
277 0.588098
278 0.588127
279 0.588113
280 0.588257
281 0.588281
282 0.588349
283 0.588351
284 0.588436
285 0.588467
286 0.58848
287 0.588535
288 0.588515
289 0.588647
290 0.588635
291 0.588649
292 0.588746
293 0.588698
294 0.588777
295 0.588823
296 0.588885
297 0.588895
298 0.588957
299 0.589024
300 0.589006
