1 0.388288
2 0.419156
3 0.431798
4 0.45361
5 0.464406
6 0.479057
7 0.487808
8 0.498381
9 0.506194
10 0.515609
11 0.522277
12 0.530225
13 0.535092
14 0.542097
15 0.54671
16 0.55419
17 0.558038
18 0.562746
19 0.567216
20 0.572932
21 0.576714
22 0.580687
23 0.584069
24 0.588072
25 0.591364
26 0.595665
27 0.598243
28 0.602168
29 0.604506
30 0.607041
31 0.61095
32 0.613609
33 0.615463
34 0.618516
35 0.620855
36 0.623359
37 0.626322
38 0.628118
39 0.630601
40 0.632936
41 0.635324
42 0.637667
43 0.640589
44 0.641581
45 0.643671
46 0.645418
47 0.647388
48 0.650321
49 0.651004
50 0.652783
51 0.654834
52 0.656857
53 0.658863
54 0.660204
55 0.661907
56 0.663151
57 0.664672
58 0.666617
59 0.668831
60 0.670128
61 0.67104
62 0.673307
63 0.673565
64 0.675239
65 0.677424
66 0.677695
67 0.678774
68 0.680155
69 0.681669
70 0.683029
71 0.684291
72 0.685994
73 0.687644
74 0.687199
75 0.688611
76 0.690723
77 0.691291
78 0.692128
79 0.693529
80 0.694552
81 0.695881
82 0.696425
83 0.698185
84 0.699322
85 0.699744
86 0.70058
87 0.702591
88 0.703534
89 0.70432
90 0.705768
91 0.705863
92 0.707134
93 0.708137
94 0.70858
95 0.709381
96 0.710889
97 0.712467
98 0.712767
99 0.713548
100 0.713763
101 0.715213
102 0.715518
103 0.717074
104 0.717457
105 0.718902
106 0.718873
107 0.720889
108 0.720729
109 0.721127
110 0.722334
111 0.723164
112 0.723683
113 0.725256
114 0.725539
115 0.726375
116 0.726903
117 0.727412
118 0.729021
119 0.7287
120 0.730722
121 0.730197
122 0.731108
123 0.731805
124 0.732194
125 0.733245
126 0.733472
127 0.734185
128 0.735765
129 0.735849
130 0.736593
131 0.737328
132 0.738285
133 0.738636
134 0.73816
135 0.739247
136 0.740219
137 0.740248
138 0.741501
139 0.740714
140 0.74291
141 0.743675
142 0.743876
143 0.743537
144 0.745067
145 0.745577
146 0.745367
147 0.746279
148 0.747332
149 0.747879
150 0.74767
151 0.748464
152 0.74975
153 0.75003
154 0.75059
155 0.751023
156 0.751081
157 0.751629
158 0.752598
159 0.752946
160 0.753648
161 0.75436
162 0.754234
163 0.755516
164 0.755241
165 0.75603
166 0.756289
167 0.756863
168 0.757793
169 0.757583
170 0.758619
171 0.758581
172 0.758763
173 0.759298
174 0.759771
175 0.760964
176 0.760956
177 0.761179
178 0.76176
179 0.761945
180 0.762325
181 0.763829
182 0.76343
183 0.764721
184 0.764183
185 0.764629
186 0.765252
187 0.766391
188 0.766262
189 0.766677
190 0.76642
191 0.767137
192 0.76819
193 0.76792
194 0.768474
195 0.769175
196 0.769392
197 0.770247
198 0.769867
199 0.770663
200 0.771174
201 0.771058
202 0.772305
203 0.772108
204 0.772291
205 0.773211
206 0.773744
207 0.77311
208 0.773985
209 0.773497
210 0.774786
211 0.775315
212 0.775066
213 0.776602
214 0.776555
215 0.776475
216 0.777186
217 0.77695
218 0.777216
219 0.778242
220 0.778291
221 0.778685
222 0.778842
223 0.779008
224 0.779647
225 0.779947
226 0.779781
227 0.780976
228 0.78018
229 0.781568
230 0.781376
231 0.782326
232 0.782486
233 0.782565
234 0.782385
235 0.783005
236 0.783753
237 0.784153
238 0.7833
239 0.784197
240 0.784615
241 0.784953
242 0.785197
243 0.785469
244 0.786298
245 0.786563
246 0.786173
247 0.786534
248 0.787857
249 0.787628
250 0.787492
251 0.787887
252 0.788775
253 0.788759
254 0.789067
255 0.789305
256 0.789604
257 0.790506
258 0.789801
259 0.79082
260 0.791554
261 0.791175
262 0.791009
263 0.790858
264 0.791804
265 0.792078
266 0.791293
267 0.792374
268 0.792315
269 0.793451
270 0.793649
271 0.793922
272 0.794037
273 0.795173
274 0.79468
275 0.794168
276 0.794795
277 0.795341
278 0.795297
279 0.795425
280 0.796363
281 0.796323
282 0.796938
283 0.796406
284 0.797492
285 0.79696
286 0.797901
287 0.797894
288 0.797502
289 0.79861
290 0.798817
291 0.798581
292 0.799297
293 0.799079
294 0.799209
295 0.799574
296 0.799678
297 0.799539
298 0.799798
299 0.800947
300 0.800604
