1 0.500061
2 0.515831
3 0.524725
4 0.529189
5 0.535005
6 0.537305
7 0.541785
8 0.54366
9 0.545666
10 0.547616
11 0.54973
12 0.552005
13 0.55409
14 0.555007
15 0.555193
16 0.558507
17 0.559876
18 0.560083
19 0.562019
20 0.562658
21 0.56417
22 0.564059
23 0.565696
24 0.566487
25 0.567349
26 0.567816
27 0.567929
28 0.569498
29 0.569501
30 0.569887
31 0.57108
32 0.571374
33 0.57268
34 0.57245
35 0.573305
36 0.573801
37 0.57419
38 0.57421
39 0.574916
40 0.575121
41 0.576114
42 0.576671
43 0.57615
44 0.577598
45 0.577179
46 0.578078
47 0.578927
48 0.578859
49 0.57895
50 0.579488
51 0.579694
52 0.58019
53 0.580696
54 0.580988
55 0.580621
56 0.580452
57 0.582161
58 0.582559
59 0.582025
60 0.582339
61 0.582538
62 0.581971
63 0.583325
64 0.58328
65 0.582962
66 0.584174
67 0.583522
68 0.584113
69 0.584069
70 0.583561
71 0.585098
72 0.585178
73 0.585843
74 0.586132
75 0.58574
76 0.58501
77 0.585423
78 0.586073
79 0.585536
80 0.586653
81 0.585753
82 0.587011
83 0.586886
84 0.586614
85 0.587482
86 0.587674
87 0.587245
88 0.587597
89 0.587634
90 0.588954
91 0.588094
92 0.589018
93 0.588649
94 0.588551
95 0.588552
96 0.588917
97 0.588926
98 0.589206
99 0.589283
100 0.58904
101 0.589231
102 0.59023
103 0.589879
104 0.589623
105 0.58951
106 0.589925
107 0.589648
108 0.590338
109 0.59096
110 0.591354
111 0.590734
112 0.591853
113 0.590637
114 0.590773
115 0.590159
116 0.591299
117 0.591327
118 0.591368
119 0.591113
120 0.592099
121 0.592179
122 0.591534
123 0.591878
124 0.591445
125 0.592225
126 0.592182
127 0.591935
128 0.594102
129 0.592495
130 0.593401
131 0.592437
132 0.59234
133 0.593652
134 0.593317
135 0.593028
136 0.593461
137 0.593414
138 0.593969
139 0.593382
140 0.59335
141 0.593028
142 0.593274
143 0.593077
144 0.593947
145 0.593349
146 0.593887
147 0.593229
148 0.59309
149 0.594421
150 0.592863
151 0.594193
152 0.594536
153 0.594213
154 0.593867
155 0.594159
156 0.594516
157 0.594647
158 0.594678
159 0.593958
160 0.593879
161 0.595196
162 0.594502
163 0.595035
164 0.594238
165 0.595814
166 0.594783
167 0.594915
168 0.594968
169 0.595573
170 0.594934
171 0.595642
172 0.594721
173 0.595542
174 0.595466
175 0.595016
176 0.595198
177 0.595289
178 0.595073
179 0.595302
180 0.596443
181 0.595019
182 0.595594
183 0.596019
184 0.596057
185 0.596006
186 0.596002
187 0.595677
188 0.595736
189 0.595759
190 0.596234
191 0.59573
192 0.59635
193 0.597241
194 0.595702
195 0.59588
196 0.596573
197 0.596303
198 0.596865
199 0.596833
200 0.596532
201 0.596651
202 0.597951
203 0.5963
204 0.597629
205 0.596363
206 0.596579
207 0.596928
208 0.596767
209 0.597597
210 0.596543
211 0.59662
212 0.597256
213 0.597056
214 0.597927
215 0.597977
216 0.59719
217 0.596706
218 0.596958
219 0.597559
220 0.59828
221 0.598324
222 0.597523
223 0.59745
224 0.598131
225 0.597542
226 0.59739
227 0.598246
228 0.596375
229 0.597715
230 0.597306
231 0.597861
232 0.597719
233 0.598142
234 0.597776
235 0.598791
236 0.598631
237 0.59807
238 0.598756
239 0.59827
240 0.597799
241 0.598081
242 0.598653
243 0.597831
244 0.598405
245 0.598401
246 0.598249
247 0.598049
248 0.599408
249 0.598935
250 0.599033
251 0.598541
252 0.599194
253 0.5993
254 0.598179
255 0.599308
256 0.599399
257 0.598722
258 0.599012
259 0.598584
260 0.598953
261 0.59883
262 0.600245
263 0.600295
264 0.598996
265 0.598946
266 0.598684
267 0.59967
268 0.599446
269 0.598875
270 0.599038
271 0.599362
272 0.600009
273 0.599523
274 0.598944
275 0.599236
276 0.599663
277 0.599498
278 0.600379
279 0.599534
280 0.598309
281 0.599671
282 0.599708
283 0.599859
284 0.599023
285 0.598406
286 0.60031
287 0.599651
288 0.599439
289 0.59938
290 0.600239
291 0.598753
292 0.599694
293 0.600088
294 0.599897
295 0.599717
296 0.600173
297 0.600991
298 0.599539
299 0.598962
300 0.599776
