1 0.333506
2 0.387312
3 0.418877
4 0.43262
5 0.454863
6 0.465187
7 0.47888
8 0.487907
9 0.49886
10 0.507072
11 0.515657
12 0.522991
13 0.530042
14 0.535702
15 0.542149
16 0.54905
17 0.553934
18 0.558133
19 0.563752
20 0.569115
21 0.573317
22 0.577255
23 0.581092
24 0.584865
25 0.58899
26 0.59294
27 0.596048
28 0.599425
29 0.6024
30 0.604394
31 0.609192
32 0.611098
33 0.613738
34 0.616422
35 0.619039
36 0.621575
37 0.624683
38 0.626199
39 0.62906
40 0.631439
41 0.633955
42 0.636502
43 0.639454
44 0.640442
45 0.642786
46 0.644222
47 0.646441
48 0.649128
49 0.649931
50 0.651814
51 0.653941
52 0.655995
53 0.65789
54 0.65924
55 0.660845
56 0.662157
57 0.663971
58 0.665888
59 0.668041
60 0.669363
61 0.670418
62 0.672681
63 0.672912
64 0.674472
65 0.676981
66 0.677087
67 0.678349
68 0.679577
69 0.681047
70 0.682381
71 0.683755
72 0.685616
73 0.687241
74 0.686618
75 0.688196
76 0.690305
77 0.690988
78 0.691742
79 0.693104
80 0.694218
81 0.695476
82 0.696055
83 0.697809
84 0.69885
85 0.699453
86 0.700373
87 0.702136
88 0.703023
89 0.70398
90 0.705335
91 0.705445
92 0.706876
93 0.707837
94 0.708232
95 0.70927
96 0.710519
97 0.712192
98 0.712505
99 0.713205
100 0.713391
101 0.714975
102 0.715265
103 0.716822
104 0.717195
105 0.718587
106 0.718703
107 0.720549
108 0.720549
109 0.720902
110 0.722157
111 0.722883
112 0.723528
113 0.724998
114 0.725255
115 0.726254
116 0.726677
117 0.727142
118 0.728794
119 0.728485
120 0.730516
121 0.729965
122 0.73094
123 0.731663
124 0.732043
125 0.733089
126 0.733279
127 0.734135
128 0.735588
129 0.735662
130 0.736333
131 0.737252
132 0.738145
133 0.738556
134 0.738015
135 0.739119
136 0.740092
137 0.739925
138 0.741318
139 0.740542
140 0.742646
141 0.743485
142 0.74379
143 0.74343
144 0.744912
145 0.745364
146 0.74526
147 0.746209
148 0.7472
149 0.747649
150 0.74749
151 0.748363
152 0.749633
153 0.750035
154 0.75046
155 0.750857
156 0.751003
157 0.751436
158 0.75245
159 0.752812
160 0.753481
161 0.75428
162 0.754087
163 0.755459
164 0.755143
165 0.755988
166 0.756211
167 0.75671
168 0.75766
169 0.757511
170 0.758628
171 0.75853
172 0.758661
173 0.759186
174 0.75973
175 0.760751
176 0.760858
177 0.761092
178 0.761697
179 0.761854
180 0.762226
181 0.76372
182 0.7633
183 0.764593
184 0.764081
185 0.764582
186 0.765158
187 0.76632
188 0.766254
189 0.766671
190 0.766278
191 0.767018
192 0.768084
193 0.767841
194 0.768496
195 0.76905
196 0.7692
197 0.770202
198 0.769805
199 0.770514
200 0.771032
201 0.770961
202 0.772129
203 0.772016
204 0.772209
205 0.773068
206 0.77365
207 0.773026
208 0.773867
209 0.773418
210 0.774639
211 0.775303
212 0.775077
213 0.776492
214 0.776443
215 0.776375
216 0.777098
217 0.776857
218 0.777117
219 0.778258
220 0.778242
221 0.778675
222 0.778847
223 0.779
224 0.779627
225 0.779833
226 0.779722
227 0.780873
228 0.780173
229 0.781487
230 0.781341
231 0.782214
232 0.782366
233 0.782445
234 0.782364
235 0.782944
236 0.783694
237 0.784051
238 0.783209
239 0.784094
240 0.78456
241 0.784891
242 0.785091
243 0.785419
244 0.78622
245 0.786521
246 0.78608
247 0.786469
248 0.787728
249 0.787564
250 0.787386
251 0.787923
252 0.788661
253 0.788726
254 0.789064
255 0.789289
256 0.78954
257 0.790422
258 0.789779
259 0.790734
260 0.791521
261 0.791138
262 0.790989
263 0.790762
264 0.791752
265 0.791986
266 0.791273
267 0.792316
268 0.792266
269 0.793338
270 0.793611
271 0.793828
272 0.793953
273 0.795114
274 0.794645
275 0.794139
276 0.794724
277 0.79523
278 0.795251
279 0.795344
280 0.796355
281 0.796314
282 0.796934
283 0.796383
284 0.797433
285 0.796932
286 0.7979
287 0.79788
288 0.797375
289 0.798574
290 0.798825
291 0.798598
292 0.799248
293 0.799015
294 0.799074
295 0.79954
296 0.799579
297 0.799538
298 0.799775
299 0.800858
300 0.800556
