1 0.110084
2 0.0936018
3 0.0850859
4 0.0811369
5 0.0752503
6 0.0725279
7 0.069016
8 0.066674
9 0.0640657
10 0.0619899
11 0.0598605
12 0.0581707
13 0.0564913
14 0.0550276
15 0.0536043
16 0.0521317
17 0.0509958
18 0.0498556
19 0.0487533
20 0.0475582
21 0.0465583
22 0.0457694
23 0.0448411
24 0.0440308
25 0.0432499
26 0.0424267
27 0.0416797
28 0.0410252
29 0.0404151
30 0.0398934
31 0.0391559
32 0.0386235
33 0.0380908
34 0.0375415
35 0.0370832
36 0.0364789
37 0.0360057
38 0.0356951
39 0.0350919
40 0.0346857
41 0.0342403
42 0.0338307
43 0.0332572
44 0.0329824
45 0.0325021
46 0.0322157
47 0.0317983
48 0.0314461
49 0.0311828
50 0.0308939
51 0.0305542
52 0.0302045
53 0.0298117
54 0.0295052
55 0.0292858
56 0.0290507
57 0.0287717
58 0.0284599
59 0.0281187
60 0.0278785
61 0.0276589
62 0.0272816
63 0.027206
64 0.0269965
65 0.0266278
66 0.0265015
67 0.0263044
68 0.0260817
69 0.0258407
70 0.0256731
71 0.0254551
72 0.0251734
73 0.0249187
74 0.0249002
75 0.0247659
76 0.0244678
77 0.0242767
78 0.0242081
79 0.0239497
80 0.0237826
81 0.0236373
82 0.0234881
83 0.0232763
84 0.023096
85 0.022986
86 0.0228473
87 0.0225724
88 0.0225051
89 0.0223259
90 0.0221794
91 0.0220939
92 0.0218532
93 0.0217676
94 0.0216312
95 0.0215027
96 0.0213431
97 0.021219
98 0.0210982
99 0.0209177
100 0.0208986
101 0.0207663
102 0.020589
103 0.0204907
104 0.020401
105 0.0202074
106 0.0201835
107 0.0198958
108 0.0198563
109 0.0198629
110 0.0197031
111 0.0195768
112 0.0194766
113 0.0192328
114 0.0192242
115 0.0190946
116 0.0190315
117 0.0189608
118 0.0187544
119 0.0187884
120 0.0185731
121 0.0185626
122 0.0184315
123 0.0183604
124 0.0183108
125 0.0181696
126 0.0181062
127 0.0179908
128 0.0178809
129 0.0177763
130 0.0177416
131 0.0176433
132 0.0175063
133 0.0174298
134 0.0174834
135 0.0173697
136 0.0172357
137 0.017233
138 0.0170361
139 0.0171315
140 0.0169111
141 0.016812
142 0.0167746
143 0.0167701
144 0.0166571
145 0.0165685
146 0.0165004
147 0.0164241
148 0.0163288
149 0.0162602
150 0.0163095
151 0.0161517
152 0.0160441
153 0.0159933
154 0.0159045
155 0.0158627
156 0.0158727
157 0.0157775
158 0.0157112
159 0.0156285
160 0.0155917
161 0.0154956
162 0.0154319
163 0.0152904
164 0.0153424
165 0.0152228
166 0.0151958
167 0.0151808
168 0.0150819
169 0.0149935
170 0.0149597
171 0.0149135
172 0.0148954
173 0.014825
174 0.0147393
175 0.0147132
176 0.0145862
177 0.0145891
178 0.014615
179 0.0145343
180 0.0144581
181 0.0143487
182 0.0143152
183 0.0142823
184 0.0142719
185 0.0141466
186 0.0141261
187 0.0140361
188 0.0140344
189 0.0139516
190 0.0140004
191 0.0139053
192 0.0138051
193 0.0137728
194 0.0137558
195 0.0137018
196 0.0136513
197 0.0135927
198 0.01359
199 0.013549
200 0.0134703
201 0.0134109
202 0.0133048
203 0.0133418
204 0.0133136
205 0.0132464
206 0.0131818
207 0.0131776
208 0.0131217
209 0.0131789
210 0.01305
211 0.012997
212 0.0129671
213 0.0128496
214 0.0128316
215 0.0128718
216 0.0128055
217 0.0127677
218 0.0127215
219 0.0126432
220 0.0126375
221 0.0125691
222 0.0125907
223 0.0125697
224 0.0125021
225 0.0124809
226 0.0124705
227 0.0123978
228 0.01241
229 0.0123308
230 0.0123464
231 0.0122035
232 0.0121949
233 0.0121665
234 0.012192
235 0.0121125
236 0.0120576
237 0.0119936
238 0.012019
239 0.012008
240 0.0119405
241 0.0118748
242 0.0118856
243 0.0118785
244 0.0117558
245 0.0117657
246 0.0117641
247 0.0117265
248 0.011645
249 0.0116524
250 0.0116464
251 0.0115799
252 0.0115193
253 0.0115123
254 0.0114689
255 0.0114811
256 0.0114216
257 0.0113269
258 0.0113687
259 0.0113138
260 0.0112524
261 0.0112757
262 0.0112651
263 0.0112425
264 0.0111881
265 0.0111665
266 0.0111997
267 0.0111393
268 0.0110995
269 0.0110231
270 0.0110144
271 0.010985
272 0.0109834
273 0.0109064
274 0.0109009
275 0.0109635
276 0.0108926
277 0.0108174
278 0.0108447
279 0.0108261
280 0.0107448
281 0.0107205
282 0.0106551
283 0.0106944
284 0.0106239
285 0.0106056
286 0.0105886
287 0.0105521
288 0.0106127
289 0.0104956
290 0.0104985
291 0.0105035
292 0.0104583
293 0.0104635
294 0.0104237
295 0.010381
296 0.0103716
297 0.0104
298 0.0103323
299 0.0102648
300 0.0102724
