1 0.500001
2 0.49975
3 0.499389
4 0.499148
5 0.498774
6 0.498607
7 0.498251
8 0.498091
9 0.497911
10 0.497728
11 0.497521
12 0.497289
13 0.497066
14 0.496966
15 0.496945
16 0.496566
17 0.496402
18 0.496378
19 0.496139
20 0.496059
21 0.495866
22 0.49588
23 0.495666
24 0.49556
25 0.495444
26 0.49538
27 0.495365
28 0.495147
29 0.495147
30 0.495092
31 0.494922
32 0.49488
33 0.49469
34 0.494724
35 0.494598
36 0.494524
37 0.494466
38 0.494463
39 0.494356
40 0.494325
41 0.494173
42 0.494087
43 0.494168
44 0.493942
45 0.494008
46 0.493867
47 0.493732
48 0.493743
49 0.493728
50 0.493642
51 0.493609
52 0.493528
53 0.493446
54 0.493398
55 0.493458
56 0.493486
57 0.493204
58 0.493138
59 0.493227
60 0.493174
61 0.493141
62 0.493236
63 0.493009
64 0.493016
65 0.49307
66 0.492864
67 0.492975
68 0.492875
69 0.492882
70 0.492969
71 0.492706
72 0.492692
73 0.492576
74 0.492526
75 0.492594
76 0.492721
77 0.492649
78 0.492536
79 0.49263
80 0.492435
81 0.492592
82 0.492371
83 0.492394
84 0.492441
85 0.492288
86 0.492254
87 0.49233
88 0.492268
89 0.492261
90 0.492024
91 0.492179
92 0.492013
93 0.492079
94 0.492097
95 0.492097
96 0.492031
97 0.492029
98 0.491979
99 0.491965
100 0.492009
101 0.491974
102 0.491792
103 0.491856
104 0.491903
105 0.491923
106 0.491848
107 0.491898
108 0.491772
109 0.491657
110 0.491584
111 0.491699
112 0.491491
113 0.491717
114 0.491692
115 0.491805
116 0.491594
117 0.491589
118 0.491582
119 0.491629
120 0.491445
121 0.49143
122 0.491551
123 0.491487
124 0.491567
125 0.491422
126 0.49143
127 0.491476
128 0.491066
129 0.491371
130 0.491199
131 0.491382
132 0.4914
133 0.491152
134 0.491215
135 0.49127
136 0.491188
137 0.491197
138 0.491091
139 0.491203
140 0.491209
141 0.49127
142 0.491224
143 0.491261
144 0.491095
145 0.491209
146 0.491107
147 0.491232
148 0.491258
149 0.491004
150 0.491301
151 0.491048
152 0.490982
153 0.491044
154 0.491111
155 0.491055
156 0.490986
157 0.490961
158 0.490955
159 0.491093
160 0.491108
161 0.490855
162 0.490989
163 0.490886
164 0.49104
165 0.490734
166 0.490935
167 0.490909
168 0.490899
169 0.490781
170 0.490905
171 0.490768
172 0.490947
173 0.490787
174 0.490802
175 0.49089
176 0.490854
177 0.490837
178 0.490879
179 0.490834
180 0.490611
181 0.490889
182 0.490777
183 0.490694
184 0.490687
185 0.490697
186 0.490698
187 0.490761
188 0.49075
189 0.490745
190 0.490652
191 0.490751
192 0.490629
193 0.490454
194 0.490756
195 0.490722
196 0.490586
197 0.490639
198 0.490528
199 0.490534
200 0.490594
201 0.49057
202 0.490312
203 0.490639
204 0.490377
205 0.490627
206 0.490584
207 0.490516
208 0.490547
209 0.490383
210 0.490592
211 0.490576
212 0.490451
213 0.49049
214 0.490317
215 0.490307
216 0.490464
217 0.490559
218 0.49051
219 0.49039
220 0.490247
221 0.490238
222 0.490398
223 0.490412
224 0.490276
225 0.490394
226 0.490424
227 0.490253
228 0.490625
229 0.490359
230 0.490441
231 0.49033
232 0.490359
233 0.490274
234 0.490347
235 0.490144
236 0.490176
237 0.490289
238 0.490151
239 0.490249
240 0.490343
241 0.490286
242 0.490172
243 0.490336
244 0.490221
245 0.490222
246 0.490253
247 0.490293
248 0.490019
249 0.490115
250 0.490095
251 0.490194
252 0.490062
253 0.490041
254 0.490267
255 0.490039
256 0.490021
257 0.490158
258 0.490099
259 0.490185
260 0.490111
261 0.490136
262 0.489848
263 0.489838
264 0.490102
265 0.490113
266 0.490165
267 0.489966
268 0.490011
269 0.490127
270 0.490094
271 0.490028
272 0.489897
273 0.489996
274 0.490113
275 0.490054
276 0.489967
277 0.490001
278 0.489821
279 0.489993
280 0.490241
281 0.489966
282 0.489958
283 0.489927
284 0.490097
285 0.490221
286 0.489835
287 0.48997
288 0.490013
289 0.490025
290 0.48985
291 0.490151
292 0.489961
293 0.489881
294 0.48992
295 0.489956
296 0.489863
297 0.489695
298 0.489992
299 0.490109
300 0.489944
