1 0.120637
2 0.101577
3 0.0881526
4 0.0891309
5 0.0816943
6 0.0748652
7 0.0775245
8 0.0698217
9 0.0654123
10 0.0670941
11 0.063598
12 0.0603983
13 0.0622268
14 0.0593976
15 0.0566649
16 0.0582328
17 0.0539728
18 0.0509996
19 0.0533004
20 0.050883
21 0.0499815
22 0.0508514
23 0.048922
24 0.046164
25 0.0467993
26 0.0463182
27 0.044471
28 0.0454103
29 0.0437191
30 0.0439982
31 0.0420717
32 0.0435506
33 0.0403307
34 0.0416562
35 0.0402817
36 0.0411248
37 0.0383609
38 0.0390684
39 0.0393032
40 0.0376655
41 0.0374364
42 0.0362639
43 0.037436
44 0.0357693
45 0.03625
46 0.0353472
47 0.0357676
48 0.0352418
49 0.033967
50 0.0349964
51 0.0349058
52 0.0333149
53 0.0336564
54 0.0332901
55 0.0324075
56 0.0322605
57 0.0326215
58 0.0319246
59 0.0314984
60 0.0311298
61 0.0312941
62 0.0306996
63 0.0306462
64 0.0306405
65 0.0300139
66 0.029787
67 0.0289392
68 0.0294801
69 0.029043
70 0.0283865
71 0.0283388
72 0.0283953
73 0.0278571
74 0.0282209
75 0.0274975
76 0.0278968
77 0.0272121
78 0.0269644
79 0.0267213
80 0.0269508
81 0.0262118
82 0.0264781
83 0.0259615
84 0.0264101
85 0.0256696
86 0.0255723
87 0.0256551
88 0.0252054
89 0.0248708
90 0.0251511
91 0.0249744
92 0.0250819
93 0.0248073
94 0.0244396
95 0.0246449
96 0.0236629
97 0.0240087
98 0.0236911
99 0.0237482
100 0.0239409
101 0.0231675
102 0.0234355
103 0.0231496
104 0.0228999
105 0.022789
106 0.0230882
107 0.0223861
108 0.0230901
109 0.0222319
110 0.0225758
111 0.0222239
112 0.0220313
113 0.0222297
114 0.0218368
115 0.0216109
116 0.0215552
117 0.0214396
118 0.0213354
119 0.0215143
120 0.0209232
121 0.0213766
122 0.0212283
123 0.0206328
124 0.0208926
125 0.0207964
126 0.0207639
127 0.0204663
128 0.0204088
129 0.020364
130 0.0199377
131 0.0199975
132 0.0201828
133 0.0197292
134 0.0199453
135 0.0199133
136 0.0193246
137 0.0198319
138 0.0193848
139 0.0195157
140 0.0193951
141 0.0189823
142 0.019473
143 0.0188051
144 0.0191657
145 0.0187277
146 0.0190139
147 0.0185513
148 0.0186626
149 0.0187124
150 0.0185046
151 0.0184683
152 0.0182873
153 0.0183499
154 0.0185645
155 0.0182801
156 0.0181085
157 0.0181252
158 0.017896
159 0.0181248
160 0.0177832
161 0.0179539
162 0.0176888
163 0.0176271
164 0.0178019
165 0.0172679
166 0.0176729
167 0.0174889
168 0.0173524
169 0.0173826
170 0.0173087
171 0.0173357
172 0.0173716
173 0.0172427
174 0.0170403
175 0.0170962
176 0.0168853
177 0.0171055
178 0.0167871
179 0.0167853
180 0.0168041
181 0.0167076
182 0.0168665
183 0.0167836
184 0.0165449
185 0.0166893
186 0.0164596
187 0.0166951
188 0.0165222
189 0.0165719
190 0.0164977
191 0.0164181
192 0.0160961
193 0.0165621
194 0.0162666
195 0.0162941
196 0.0163542
197 0.0160088
198 0.0161789
199 0.0161368
200 0.0159384
201 0.0160525
202 0.0159298
203 0.0160781
204 0.0159316
205 0.0158329
206 0.0159052
207 0.0158741
208 0.0156769
209 0.015888
210 0.0156267
211 0.0157738
212 0.0156246
213 0.0156601
214 0.015655
215 0.0156677
216 0.0155101
217 0.0155878
218 0.0156608
219 0.0154892
220 0.015483
221 0.0153337
222 0.015662
223 0.0154139
224 0.0153672
225 0.0153939
226 0.015372
227 0.0151828
228 0.0154078
229 0.0151948
230 0.0151308
231 0.0152295
232 0.014964
233 0.015189
234 0.0151278
235 0.0150453
236 0.0152568
237 0.0149964
238 0.0149441
239 0.0148791
240 0.0149584
241 0.0150714
242 0.0147618
243 0.0149793
244 0.0147165
245 0.0148706
246 0.0147182
247 0.0148046
248 0.0146319
249 0.0146643
250 0.0147408
251 0.0145845
252 0.0148037
253 0.0145708
254 0.0144958
255 0.0147222
256 0.0145463
257 0.0146391
258 0.0145304
259 0.0145631
260 0.0145305
261 0.0144213
262 0.0144325
263 0.0144036
264 0.0143105
265 0.0143163
266 0.0144466
267 0.0142682
268 0.0143671
269 0.0141956
270 0.0142092
271 0.0142148
272 0.0141713
273 0.0140402
274 0.0141835
275 0.0140762
276 0.0140084
277 0.0141347
278 0.0139687
279 0.0139828
280 0.014042
281 0.0140055
282 0.0141009
283 0.0139091
284 0.0138876
285 0.0139942
286 0.0138044
287 0.0138572
288 0.0138639
289 0.0138576
290 0.013737
291 0.013744
292 0.0137435
293 0.0135247
294 0.0136803
295 0.0135849
296 0.0136514
297 0.013727
298 0.0135371
299 0.0137634
300 0.0135643
