1 0.33261
2 0.392754
3 0.438377
4 0.436516
5 0.461767
6 0.486257
7 0.477738
8 0.504154
9 0.521529
10 0.516375
11 0.528829
12 0.542678
13 0.535863
14 0.546303
15 0.557868
16 0.552126
17 0.568457
18 0.58105
19 0.572673
20 0.58084
21 0.586642
22 0.582567
23 0.590508
24 0.60356
25 0.600733
26 0.602344
27 0.610884
28 0.608237
29 0.613522
30 0.615022
31 0.622275
32 0.616613
33 0.630633
34 0.625622
35 0.631285
36 0.628758
37 0.641192
38 0.637328
39 0.637776
40 0.643874
41 0.645965
42 0.651551
43 0.646233
44 0.654279
45 0.652276
46 0.657211
47 0.654086
48 0.658683
49 0.664099
50 0.659418
51 0.660277
52 0.667463
53 0.666288
54 0.668075
55 0.672352
56 0.673542
57 0.672843
58 0.674825
59 0.67807
60 0.680206
61 0.679434
62 0.682117
63 0.683866
64 0.683414
65 0.685969
66 0.688344
67 0.691989
68 0.689501
69 0.692941
70 0.695185
71 0.696277
72 0.695816
73 0.698421
74 0.698278
75 0.701014
76 0.698661
77 0.703365
78 0.703876
79 0.705866
80 0.703779
81 0.708858
82 0.707443
83 0.710611
84 0.708527
85 0.712172
86 0.713308
87 0.71242
88 0.71512
89 0.716944
90 0.715949
91 0.717242
92 0.717225
93 0.718707
94 0.71998
95 0.719347
96 0.724539
97 0.722629
98 0.724852
99 0.724734
100 0.724156
101 0.728245
102 0.727009
103 0.728426
104 0.730359
105 0.730398
106 0.730193
107 0.733905
108 0.729884
109 0.734816
110 0.733192
111 0.735129
112 0.736084
113 0.735783
114 0.737576
115 0.739476
116 0.739104
117 0.740482
118 0.740848
119 0.740498
120 0.743467
121 0.741083
122 0.742818
123 0.744948
124 0.744847
125 0.745477
126 0.745702
127 0.747366
128 0.747936
129 0.748161
130 0.750521
131 0.750167
132 0.749293
133 0.75224
134 0.750946
135 0.751499
136 0.754629
137 0.752286
138 0.754763
139 0.754066
140 0.754904
141 0.757336
142 0.755112
143 0.758461
144 0.757187
145 0.75925
146 0.758359
147 0.760659
148 0.760145
149 0.760692
150 0.761723
151 0.761579
152 0.762912
153 0.762444
154 0.762141
155 0.763455
156 0.764183
157 0.764483
158 0.765591
159 0.765168
160 0.766653
161 0.765865
162 0.767817
163 0.767678
164 0.767382
165 0.770223
166 0.768466
167 0.769339
168 0.770509
169 0.770244
170 0.771034
171 0.77109
172 0.771034
173 0.77188
174 0.773189
175 0.773159
176 0.774076
177 0.773185
178 0.77509
179 0.775142
180 0.77568
181 0.775805
182 0.775157
183 0.775523
184 0.776803
185 0.776419
186 0.777303
187 0.776994
188 0.777641
189 0.777796
190 0.778296
191 0.778716
192 0.780439
193 0.77846
194 0.780201
195 0.779656
196 0.779694
197 0.781509
198 0.780781
199 0.781087
200 0.782144
201 0.782001
202 0.782332
203 0.781726
204 0.782752
205 0.783325
206 0.783095
207 0.783062
208 0.784579
209 0.783621
210 0.784868
211 0.784721
212 0.785379
213 0.785246
214 0.785424
215 0.78562
216 0.786321
217 0.786201
218 0.785942
219 0.786887
220 0.786748
221 0.787642
222 0.786265
223 0.787311
224 0.787877
225 0.787713
226 0.787927
227 0.788931
228 0.788137
229 0.789121
230 0.789317
231 0.789043
232 0.790432
233 0.789464
234 0.789523
235 0.790418
236 0.789466
237 0.790507
238 0.791015
239 0.791175
240 0.791295
241 0.790507
242 0.792549
243 0.791283
244 0.792674
245 0.792045
246 0.792603
247 0.792533
248 0.793534
249 0.793128
250 0.793262
251 0.79367
252 0.793079
253 0.794199
254 0.794492
255 0.793946
256 0.794666
257 0.794242
258 0.794898
259 0.794852
260 0.794973
261 0.795573
262 0.795486
263 0.795768
264 0.79653
265 0.796255
266 0.795921
267 0.796882
268 0.796459
269 0.797445
270 0.797423
271 0.797472
272 0.797974
273 0.798531
274 0.797923
275 0.798526
276 0.798717
277 0.798668
278 0.799111
279 0.799498
280 0.799059
281 0.799268
282 0.798959
283 0.799999
284 0.800189
285 0.799827
286 0.800869
287 0.800997
288 0.800929
289 0.801
290 0.80152
291 0.80156
292 0.801458
293 0.80271
294 0.80189
295 0.802572
296 0.802261
297 0.801887
298 0.80292
299 0.801847
300 0.802785
