1 0.458508
2 0.337019
3 0.284326
4 0.254781
5 0.234832
6 0.220028
7 0.209599
8 0.20122
9 0.193961
10 0.188565
11 0.183848
12 0.179584
13 0.176176
14 0.1731
15 0.170251
16 0.167898
17 0.165666
18 0.163593
19 0.161893
20 0.160275
21 0.158739
22 0.157447
23 0.156173
24 0.154945
25 0.153823
26 0.152814
27 0.151849
28 0.150969
29 0.15011
30 0.149367
31 0.148639
32 0.147998
33 0.14734
34 0.146736
35 0.146178
36 0.145656
37 0.145085
38 0.144567
39 0.144108
40 0.143642
41 0.143213
42 0.142819
43 0.14243
44 0.142051
45 0.141696
46 0.141369
47 0.141038
48 0.140722
49 0.140404
50 0.140114
51 0.139822
52 0.139539
53 0.139279
54 0.139027
55 0.138762
56 0.138512
57 0.13827
58 0.138054
59 0.137828
60 0.137629
61 0.137442
62 0.137245
63 0.137038
64 0.136854
65 0.136684
66 0.136512
67 0.136342
68 0.136173
69 0.136014
70 0.135839
71 0.135675
72 0.135524
73 0.135369
74 0.135217
75 0.135076
76 0.134947
77 0.134811
78 0.134674
79 0.134542
80 0.134421
81 0.134288
82 0.134163
83 0.134047
84 0.133936
85 0.133812
86 0.133708
87 0.133599
88 0.133497
89 0.133391
90 0.13329
91 0.133188
92 0.133084
93 0.132988
94 0.13289
95 0.132802
96 0.132703
97 0.132614
98 0.132523
99 0.132435
100 0.132344
101 0.132263
102 0.132172
103 0.132095
104 0.132013
105 0.131937
106 0.131863
107 0.131791
108 0.131722
109 0.131648
110 0.131577
111 0.131506
112 0.131429
113 0.131369
114 0.131297
115 0.131231
116 0.131166
117 0.131101
118 0.131032
119 0.13097
120 0.130911
121 0.130853
122 0.130792
123 0.13073
124 0.130675
125 0.130617
126 0.130553
127 0.130492
128 0.130437
129 0.130385
130 0.130327
131 0.130279
132 0.130226
133 0.130173
134 0.130124
135 0.130079
136 0.130025
137 0.129972
138 0.129924
139 0.129877
140 0.129825
141 0.129769
142 0.129722
143 0.129673
144 0.129627
145 0.129581
146 0.129536
147 0.129489
148 0.129441
149 0.129395
150 0.129354
151 0.129311
152 0.12927
153 0.129229
154 0.129184
155 0.129144
156 0.129103
157 0.129063
158 0.129022
159 0.128983
160 0.128949
161 0.128909
162 0.128872
163 0.128835
164 0.1288
165 0.128761
166 0.128722
167 0.128686
168 0.128652
169 0.128613
170 0.128574
171 0.128541
172 0.128505
173 0.128471
174 0.128439
175 0.128408
176 0.12837
177 0.128338
178 0.128301
179 0.12827
180 0.128232
181 0.128205
182 0.128175
183 0.128142
184 0.128109
185 0.128077
186 0.12805
187 0.128019
188 0.127988
189 0.12796
190 0.127929
191 0.1279
192 0.12787
193 0.127845
194 0.127813
195 0.127785
196 0.127754
197 0.127726
198 0.127697
199 0.127665
200 0.127637
201 0.127612
202 0.127583
203 0.127558
204 0.12753
205 0.127504
206 0.12748
207 0.127455
208 0.12743
209 0.127402
210 0.127377
211 0.127352
212 0.127328
213 0.127301
214 0.127277
215 0.127254
216 0.127229
217 0.127207
218 0.127185
219 0.12716
220 0.127135
221 0.127111
222 0.127086
223 0.127061
224 0.127037
225 0.127014
226 0.126991
227 0.126967
228 0.126947
229 0.126928
230 0.126907
231 0.126886
232 0.126869
233 0.126844
234 0.126823
235 0.126801
236 0.126778
237 0.126757
238 0.126733
239 0.126713
240 0.126693
241 0.126673
242 0.126653
243 0.126632
244 0.126612
245 0.126592
246 0.126574
247 0.126554
248 0.126537
249 0.12652
250 0.126503
251 0.126484
252 0.126462
253 0.126441
254 0.126421
255 0.126402
256 0.126384
257 0.126369
258 0.126352
259 0.126338
260 0.126322
261 0.126304
262 0.126289
263 0.126272
264 0.126255
265 0.12624
266 0.126223
267 0.126207
268 0.126189
269 0.126176
270 0.126155
271 0.126141
272 0.126123
273 0.12611
274 0.126093
275 0.126076
276 0.126059
277 0.126043
278 0.126023
279 0.12601
280 0.125993
281 0.125978
282 0.125964
283 0.125949
284 0.125934
285 0.125918
286 0.125905
287 0.125892
288 0.125878
289 0.125864
290 0.125849
291 0.125834
292 0.125822
293 0.125807
294 0.125796
295 0.125782
296 0.125768
297 0.125755
298 0.125741
299 0.125727
300 0.125714
