1 0.437538
2 0.395784
3 0.367945
4 0.347334
5 0.331269
6 0.316963
7 0.304846
8 0.294201
9 0.284945
10 0.276658
11 0.269306
12 0.262757
13 0.256907
14 0.251629
15 0.247238
16 0.243658
17 0.241221
18 0.238631
19 0.236035
20 0.233492
21 0.231019
22 0.228623
23 0.226315
24 0.224081
25 0.221903
26 0.219799
27 0.218708
28 0.218154
29 0.217682
30 0.217276
31 0.216918
32 0.216617
33 0.216377
34 0.216034
35 0.215821
36 0.215493
37 0.215241
38 0.215024
39 0.214646
40 0.21416
41 0.213742
42 0.213208
43 0.212763
44 0.212188
45 0.211506
46 0.210896
47 0.210163
48 0.20932
49 0.2084
50 0.207552
51 0.206582
52 0.205523
53 0.204387
54 0.203307
55 0.202125
56 0.20088
57 0.199577
58 0.198222
59 0.19682
60 0.195473
61 0.194061
62 0.192599
63 0.19111
64 0.189597
65 0.188063
66 0.18652
67 0.185007
68 0.18348
69 0.181949
70 0.180425
71 0.178911
72 0.177415
73 0.175941
74 0.174496
75 0.173061
76 0.171641
77 0.17025
78 0.168871
79 0.167513
80 0.16618
81 0.164874
82 0.163632
83 0.1624
84 0.161186
85 0.159989
86 0.158809
87 0.157653
88 0.156519
89 0.155405
90 0.154319
91 0.153255
92 0.152222
93 0.151207
94 0.150212
95 0.14924
96 0.14829
97 0.147353
98 0.14644
99 0.145541
100 0.144656
101 0.143795
102 0.142946
103 0.142114
104 0.141297
105 0.140498
106 0.139718
107 0.138956
108 0.138213
109 0.137481
110 0.13676
111 0.136052
112 0.135364
113 0.134688
114 0.134023
115 0.133365
116 0.132723
117 0.132089
118 0.131465
119 0.130852
120 0.130252
121 0.129666
122 0.129085
123 0.128512
124 0.12795
125 0.127401
126 0.126862
127 0.126336
128 0.125828
129 0.125325
130 0.124822
131 0.124323
132 0.123824
133 0.123334
134 0.122849
135 0.12237
136 0.121896
137 0.121431
138 0.120974
139 0.120521
140 0.120074
141 0.11963
142 0.11919
143 0.118751
144 0.118317
145 0.117893
146 0.11747
147 0.11705
148 0.116639
149 0.116227
150 0.115825
151 0.115427
152 0.115038
153 0.114658
154 0.114285
155 0.113921
156 0.113561
157 0.113209
158 0.112863
159 0.112523
160 0.112191
161 0.111865
162 0.111564
163 0.111254
164 0.110936
165 0.110616
166 0.11029
167 0.109961
168 0.109631
169 0.109306
170 0.108979
171 0.108656
172 0.108339
173 0.108026
174 0.107714
175 0.107405
176 0.107096
177 0.10679
178 0.106487
179 0.106189
180 0.105893
181 0.105601
182 0.10531
183 0.10502
184 0.104733
185 0.10445
186 0.104166
187 0.10389
188 0.103613
189 0.10334
190 0.103072
191 0.102807
192 0.102544
193 0.102285
194 0.102029
195 0.101774
196 0.101521
197 0.101272
198 0.101026
199 0.100781
200 0.100536
201 0.100296
202 0.100057
203 0.099821
204 0.0995852
205 0.0993529
206 0.0991244
207 0.0988971
208 0.0986721
209 0.0984507
210 0.0982319
211 0.0980156
212 0.0978026
213 0.0975919
214 0.0973843
215 0.0971777
216 0.0969738
217 0.0967723
218 0.0965735
219 0.0963766
220 0.0961801
221 0.0959867
222 0.0957976
223 0.0956074
224 0.0954193
225 0.0952312
226 0.095046
227 0.0948607
228 0.0946764
229 0.0944906
230 0.0943057
231 0.0941232
232 0.0939427
233 0.0937624
234 0.0935835
235 0.0934052
236 0.0932277
237 0.0930519
238 0.0928776
239 0.092705
240 0.0925336
241 0.0923649
242 0.0921994
243 0.0920365
244 0.0918775
245 0.0917166
246 0.0915541
247 0.0913907
248 0.0912276
249 0.091064
250 0.0909025
251 0.0907421
252 0.0905805
253 0.0904202
254 0.0902597
255 0.0900986
256 0.0899372
257 0.0897764
258 0.0896146
259 0.0894545
260 0.0892936
261 0.0891343
262 0.088974
263 0.0888148
264 0.0886563
265 0.0884991
266 0.0883421
267 0.0881849
268 0.0880283
269 0.0878732
270 0.0877208
271 0.0875714
272 0.0874259
273 0.087285
274 0.0871509
275 0.0870162
276 0.086882
277 0.0867466
278 0.0866107
279 0.0864741
280 0.0863377
281 0.0862003
282 0.0860624
283 0.0859238
284 0.085785
285 0.0856461
286 0.0855078
287 0.0853691
288 0.0852302
289 0.0850922
290 0.0849538
291 0.0848158
292 0.0846791
293 0.0845434
294 0.0844096
295 0.0842769
296 0.084147
297 0.0840204
298 0.0838955
299 0.083775
300 0.0836578
