1 0.066826
2 0.098057
3 0.122416
4 0.143511
5 0.161871
6 0.178755
7 0.193923
8 0.208697
9 0.222129
10 0.235079
11 0.246988
12 0.258032
13 0.268446
14 0.278423
15 0.284578
16 0.288892
17 0.286726
18 0.295582
19 0.304135
20 0.311684
21 0.319283
22 0.326129
23 0.33271
24 0.338702
25 0.345154
26 0.350939
27 0.320862
28 0.298508
29 0.290501
30 0.283706
31 0.277544
32 0.271016
33 0.264547
34 0.266081
35 0.25778
36 0.260395
37 0.254464
38 0.250145
39 0.256537
40 0.262685
41 0.262115
42 0.270463
43 0.270867
44 0.280948
45 0.290898
46 0.293798
47 0.30544
48 0.316846
49 0.327786
50 0.332725
51 0.345125
52 0.356906
53 0.368143
54 0.373866
55 0.385584
56 0.396469
57 0.406697
58 0.416542
59 0.426809
60 0.432763
61 0.441424
62 0.450483
63 0.45811
64 0.465998
65 0.473362
66 0.480127
67 0.484932
68 0.491124
69 0.495424
70 0.499131
71 0.501907
72 0.504062
73 0.505293
74 0.505756
75 0.50806
76 0.510769
77 0.511737
78 0.514404
79 0.513971
80 0.515345
81 0.515052
82 0.507273
83 0.507378
84 0.51199
85 0.512773
86 0.516212
87 0.516008
88 0.515051
89 0.517886
90 0.519194
91 0.519367
92 0.5166
93 0.518309
94 0.518887
95 0.517746
96 0.518211
97 0.519892
98 0.520323
99 0.522468
100 0.522956
101 0.522127
102 0.524988
103 0.524583
104 0.526529
105 0.527279
106 0.526536
107 0.525008
108 0.52171
109 0.523982
110 0.526207
111 0.527198
112 0.525561
113 0.528042
114 0.528978
115 0.531489
116 0.529794
117 0.532903
118 0.53266
119 0.53396
120 0.533615
121 0.533306
122 0.534846
123 0.534689
124 0.534881
125 0.534263
126 0.534954
127 0.534102
128 0.53237
129 0.533238
130 0.535674
131 0.537001
132 0.539363
133 0.539707
134 0.539955
135 0.538409
136 0.539423
137 0.53891
138 0.5397
139 0.54145
140 0.542135
141 0.543794
142 0.545315
143 0.547418
144 0.549334
145 0.548026
146 0.549898
147 0.551009
148 0.551167
149 0.552298
150 0.552175
151 0.55349
152 0.552823
153 0.552827
154 0.551129
155 0.549685
156 0.550291
157 0.549574
158 0.550251
159 0.548079
160 0.54847
161 0.547243
162 0.54202
163 0.545061
164 0.549569
165 0.55062
166 0.554887
167 0.558163
168 0.559949
169 0.560317
170 0.562352
171 0.564129
172 0.561754
173 0.563552
174 0.56366
175 0.56442
176 0.56596
177 0.566248
178 0.566304
179 0.566378
180 0.566524
181 0.566609
182 0.567684
183 0.56944
184 0.569381
185 0.569828
186 0.571628
187 0.569928
188 0.57181
189 0.572841
190 0.571631
191 0.572735
192 0.573891
193 0.573797
194 0.573967
195 0.574409
196 0.575596
197 0.575032
198 0.574891
199 0.575775
200 0.576615
201 0.576536
202 0.575464
203 0.575523
204 0.576722
205 0.576093
206 0.576363
207 0.576873
208 0.577356
209 0.577256
210 0.577521
211 0.577393
212 0.577698
213 0.577466
214 0.577612
215 0.577879
216 0.57764
217 0.577308
218 0.577651
219 0.578179
220 0.57859
221 0.578007
222 0.57576
223 0.577473
224 0.577471
225 0.578694
226 0.577785
227 0.578659
228 0.579896
229 0.5814
230 0.582459
231 0.582238
232 0.582082
233 0.583783
234 0.583484
235 0.585221
236 0.584577
237 0.585551
238 0.585657
239 0.585864
240 0.585951
241 0.586304
242 0.585196
243 0.586079
244 0.585155
245 0.587148
246 0.585329
247 0.58754
248 0.588074
249 0.589017
250 0.587918
251 0.589037
252 0.589714
253 0.590166
254 0.590628
255 0.591326
256 0.591121
257 0.592813
258 0.594013
259 0.593538
260 0.595224
261 0.59559
262 0.596012
263 0.597525
264 0.59774
265 0.59777
266 0.598622
267 0.600095
268 0.59978
269 0.600177
270 0.59905
271 0.599166
272 0.597941
273 0.596402
274 0.593452
275 0.594127
276 0.594089
277 0.59604
278 0.596325
279 0.598371
280 0.597972
281 0.599783
282 0.599946
283 0.601174
284 0.601342
285 0.602362
286 0.602265
287 0.603296
288 0.603606
289 0.60411
290 0.605454
291 0.606218
292 0.605409
293 0.605506
294 0.605669
295 0.606234
296 0.604702
297 0.60394
298 0.602498
299 0.60175
300 0.599644
