1 0.066826
2 0.0824415
3 0.0957663
4 0.107702
5 0.118536
6 0.128573
7 0.137908
8 0.146757
9 0.155132
10 0.163126
11 0.17075
12 0.178024
13 0.184979
14 0.191654
15 0.197849
16 0.203539
17 0.208432
18 0.213274
19 0.218056
20 0.222737
21 0.227335
22 0.231826
23 0.236212
24 0.240482
25 0.244669
26 0.248756
27 0.251427
28 0.253108
29 0.254398
30 0.255375
31 0.25609
32 0.256556
33 0.256799
34 0.257072
35 0.257092
36 0.257184
37 0.25711
38 0.256927
39 0.256917
40 0.257061
41 0.257184
42 0.2575
43 0.257811
44 0.258337
45 0.259061
46 0.259816
47 0.260787
48 0.261954
49 0.263298
50 0.264686
51 0.266264
52 0.268007
53 0.269896
54 0.271822
55 0.27389
56 0.276079
57 0.27837
58 0.280753
59 0.283228
60 0.28572
61 0.288273
62 0.290889
63 0.293544
64 0.296238
65 0.298963
66 0.301708
67 0.304443
68 0.307188
69 0.309916
70 0.312619
71 0.315285
72 0.317907
73 0.320474
74 0.322978
75 0.325446
76 0.327884
77 0.330272
78 0.332632
79 0.334928
80 0.337183
81 0.339379
82 0.341426
83 0.343426
84 0.345433
85 0.347401
86 0.349364
87 0.35128
88 0.353141
89 0.354992
90 0.356816
91 0.358603
92 0.36032
93 0.362019
94 0.363688
95 0.365309
96 0.366902
97 0.368479
98 0.370029
99 0.371568
100 0.373082
101 0.374558
102 0.376033
103 0.377475
104 0.378908
105 0.380321
106 0.381701
107 0.38304
108 0.384324
109 0.385605
110 0.386883
111 0.388147
112 0.389374
113 0.390602
114 0.391815
115 0.39303
116 0.394209
117 0.395394
118 0.396558
119 0.397712
120 0.398845
121 0.399956
122 0.401062
123 0.402148
124 0.403219
125 0.404267
126 0.405304
127 0.406318
128 0.407303
129 0.408279
130 0.409259
131 0.410234
132 0.411213
133 0.412179
134 0.413132
135 0.41406
136 0.414982
137 0.415887
138 0.416784
139 0.417681
140 0.41857
141 0.419458
142 0.420344
143 0.421233
144 0.422122
145 0.422991
146 0.42386
147 0.424725
148 0.425579
149 0.42643
150 0.427268
151 0.428104
152 0.428924
153 0.429734
154 0.430522
155 0.431291
156 0.432054
157 0.432803
158 0.433546
159 0.434266
160 0.43498
161 0.435677
162 0.436334
163 0.437001
164 0.437687
165 0.438372
166 0.439074
167 0.439787
168 0.440502
169 0.441211
170 0.441923
171 0.442638
172 0.443331
173 0.444026
174 0.444713
175 0.445397
176 0.446082
177 0.446761
178 0.447433
179 0.448097
180 0.448755
181 0.449406
182 0.450056
183 0.450708
184 0.451353
185 0.451994
186 0.452637
187 0.453264
188 0.453895
189 0.454524
190 0.45514
191 0.455756
192 0.456371
193 0.45698
194 0.457583
195 0.458182
196 0.458781
197 0.459371
198 0.459955
199 0.460537
200 0.461117
201 0.461691
202 0.462254
203 0.462812
204 0.463371
205 0.463921
206 0.464467
207 0.46501
208 0.46555
209 0.466084
210 0.466615
211 0.46714
212 0.467661
213 0.468177
214 0.468688
215 0.469196
216 0.469698
217 0.470194
218 0.470687
219 0.471178
220 0.471666
221 0.472147
222 0.472614
223 0.473084
224 0.47355
225 0.474017
226 0.474477
227 0.474936
228 0.475396
229 0.475859
230 0.476322
231 0.476781
232 0.477235
233 0.477692
234 0.478144
235 0.4786
236 0.479049
237 0.479498
238 0.479944
239 0.480387
240 0.480827
241 0.481265
242 0.481694
243 0.482124
244 0.482546
245 0.482973
246 0.483389
247 0.483811
248 0.484231
249 0.484652
250 0.485065
251 0.485479
252 0.485893
253 0.486305
254 0.486716
255 0.487126
256 0.487532
257 0.487942
258 0.488353
259 0.488759
260 0.489169
261 0.489576
262 0.489983
263 0.490392
264 0.490798
265 0.491202
266 0.491606
267 0.492012
268 0.492414
269 0.492815
270 0.493208
271 0.493599
272 0.493983
273 0.494358
274 0.49472
275 0.495081
276 0.49544
277 0.495803
278 0.496165
279 0.496531
280 0.496893
281 0.497259
282 0.497624
283 0.497989
284 0.498353
285 0.498718
286 0.49908
287 0.499444
288 0.499805
289 0.500166
290 0.500529
291 0.500892
292 0.50125
293 0.501606
294 0.50196
295 0.502314
296 0.502659
297 0.503
298 0.503334
299 0.503663
300 0.503983
