1 0.499878
2 0.541682
3 0.569799
4 0.59009
5 0.606152
6 0.620557
7 0.632771
8 0.643432
9 0.652694
10 0.660856
11 0.668203
12 0.674778
13 0.680642
14 0.685894
15 0.690288
16 0.693894
17 0.696351
18 0.698914
19 0.701509
20 0.704032
21 0.706512
22 0.7089
23 0.711213
24 0.713471
25 0.715658
26 0.717743
27 0.718834
28 0.719394
29 0.719857
30 0.720263
31 0.720636
32 0.720931
33 0.72116
34 0.721493
35 0.721709
36 0.722045
37 0.722311
38 0.722525
39 0.722895
40 0.723385
41 0.723799
42 0.724327
43 0.724769
44 0.72534
45 0.726025
46 0.726633
47 0.727382
48 0.728212
49 0.729133
50 0.729985
51 0.730956
52 0.732029
53 0.733165
54 0.734238
55 0.735424
56 0.736668
57 0.73797
58 0.739325
59 0.740725
60 0.742071
61 0.743478
62 0.744938
63 0.746431
64 0.747943
65 0.749476
66 0.751021
67 0.752526
68 0.754057
69 0.755593
70 0.757119
71 0.758628
72 0.760125
73 0.761593
74 0.763046
75 0.764482
76 0.765898
77 0.767287
78 0.768667
79 0.770021
80 0.771346
81 0.772647
82 0.77389
83 0.775122
84 0.776337
85 0.777537
86 0.778711
87 0.779872
88 0.781007
89 0.78212
90 0.783205
91 0.784267
92 0.785297
93 0.786315
94 0.787305
95 0.788274
96 0.789224
97 0.790168
98 0.791082
99 0.79198
100 0.79286
101 0.793721
102 0.794571
103 0.795405
104 0.796217
105 0.797017
106 0.797798
107 0.798556
108 0.799299
109 0.800028
110 0.800749
111 0.801458
112 0.802147
113 0.802821
114 0.803486
115 0.804145
116 0.804788
117 0.80542
118 0.806044
119 0.806653
120 0.807253
121 0.80784
122 0.808417
123 0.808994
124 0.809557
125 0.810107
126 0.810646
127 0.811173
128 0.811686
129 0.812187
130 0.812687
131 0.813178
132 0.813678
133 0.81417
134 0.814653
135 0.81513
136 0.815609
137 0.816076
138 0.816536
139 0.816989
140 0.817436
141 0.817879
142 0.818317
143 0.818752
144 0.819183
145 0.819607
146 0.82003
147 0.820449
148 0.82086
149 0.821273
150 0.821677
151 0.822076
152 0.822463
153 0.822843
154 0.823222
155 0.823584
156 0.823944
157 0.824292
158 0.824638
159 0.824979
160 0.82531
161 0.825636
162 0.825937
163 0.826248
164 0.826564
165 0.82688
166 0.827205
167 0.827533
168 0.827863
169 0.828186
170 0.828512
171 0.828837
172 0.829155
173 0.829465
174 0.829777
175 0.830085
176 0.830394
177 0.8307
178 0.831002
179 0.831299
180 0.831594
181 0.831887
182 0.832179
183 0.832468
184 0.832756
185 0.83304
186 0.833325
187 0.833601
188 0.833878
189 0.83415
190 0.834418
191 0.834682
192 0.834945
193 0.835205
194 0.835463
195 0.835719
196 0.835971
197 0.836218
198 0.836464
199 0.83671
200 0.836954
201 0.837195
202 0.837431
203 0.837667
204 0.837905
205 0.83814
206 0.83837
207 0.838599
208 0.838824
209 0.839049
210 0.839268
211 0.839483
212 0.839696
213 0.839904
214 0.84011
215 0.840317
216 0.840522
217 0.840724
218 0.840922
219 0.841118
220 0.841315
221 0.841506
222 0.841697
223 0.841888
224 0.842078
225 0.842265
226 0.842449
227 0.842636
228 0.84282
229 0.843007
230 0.843191
231 0.843372
232 0.843555
233 0.843737
234 0.843914
235 0.844093
236 0.844272
237 0.844447
238 0.844621
239 0.844792
240 0.844963
241 0.845134
242 0.845302
243 0.845465
244 0.845625
245 0.845785
246 0.845947
247 0.846109
248 0.846273
249 0.846437
250 0.846598
251 0.846758
252 0.846917
253 0.847079
254 0.847241
255 0.847401
256 0.847563
257 0.847722
258 0.847884
259 0.848045
260 0.848203
261 0.848363
262 0.848524
263 0.848683
264 0.848841
265 0.848996
266 0.849152
267 0.849311
268 0.849468
269 0.849623
270 0.849776
271 0.849925
272 0.850071
273 0.850213
274 0.850345
275 0.850481
276 0.850614
277 0.850751
278 0.850886
279 0.851023
280 0.85116
281 0.851297
282 0.851435
283 0.851574
284 0.851712
285 0.851851
286 0.851988
287 0.852127
288 0.852266
289 0.852404
290 0.852544
291 0.852682
292 0.852818
293 0.852953
294 0.853086
295 0.853221
296 0.85335
297 0.853479
298 0.853604
299 0.853724
300 0.85384
