1 0.499878
2 0.583486
3 0.626033
4 0.650964
5 0.670401
6 0.692579
7 0.706057
8 0.71806
9 0.726789
10 0.734311
11 0.741673
12 0.7471
13 0.751017
14 0.754169
15 0.75181
16 0.747972
17 0.735669
18 0.742483
19 0.748223
20 0.751957
21 0.756113
22 0.759066
23 0.762098
24 0.765386
25 0.768168
26 0.769865
27 0.747191
28 0.73451
29 0.732819
30 0.732051
31 0.73182
32 0.730082
33 0.728468
34 0.732502
35 0.729048
36 0.733793
37 0.731904
38 0.73043
39 0.736944
40 0.742505
41 0.740358
42 0.745981
43 0.743341
44 0.749872
45 0.756167
46 0.754019
47 0.761811
48 0.767216
49 0.773367
50 0.77174
51 0.779492
52 0.786752
53 0.792237
54 0.79112
55 0.799459
56 0.805091
57 0.810852
58 0.816572
59 0.821913
60 0.821477
61 0.827916
62 0.83403
63 0.838992
64 0.843214
65 0.847573
66 0.85142
67 0.851888
68 0.856615
69 0.860021
70 0.862428
71 0.864262
72 0.866382
73 0.867294
74 0.869161
75 0.870723
76 0.872117
77 0.872796
78 0.874968
79 0.875622
80 0.876043
81 0.876736
82 0.874568
83 0.876152
84 0.877188
85 0.87832
86 0.878521
87 0.879694
88 0.879763
89 0.880009
90 0.879792
91 0.879849
92 0.879025
93 0.879966
94 0.879377
95 0.879352
96 0.879534
97 0.880729
98 0.879727
99 0.87998
100 0.880069
101 0.879743
102 0.880467
103 0.880483
104 0.879806
105 0.880242
106 0.879807
107 0.878856
108 0.878791
109 0.878756
110 0.87937
111 0.879522
112 0.878579
113 0.878356
114 0.878523
115 0.879382
116 0.878656
117 0.878775
118 0.87902
119 0.878581
120 0.878554
121 0.878285
122 0.878285
123 0.87937
124 0.878809
125 0.878286
126 0.878029
127 0.877557
128 0.876821
129 0.876326
130 0.877247
131 0.877019
132 0.879088
133 0.879222
134 0.878797
135 0.879028
136 0.880321
137 0.879589
138 0.879564
139 0.879474
140 0.879609
141 0.879902
142 0.880098
143 0.880426
144 0.880918
145 0.880605
146 0.881348
147 0.881685
148 0.881226
149 0.882478
150 0.881849
151 0.881842
152 0.880916
153 0.880674
154 0.881116
155 0.879429
156 0.87977
157 0.878559
158 0.878921
159 0.878899
160 0.877902
161 0.877782
162 0.874411
163 0.876559
164 0.878187
165 0.878738
166 0.880737
167 0.882019
168 0.882955
169 0.882452
170 0.883565
171 0.884184
172 0.883445
173 0.882884
174 0.883733
175 0.883667
176 0.884413
177 0.884553
178 0.884459
179 0.884226
180 0.8844
181 0.884653
182 0.884948
183 0.885045
184 0.885567
185 0.885188
186 0.886107
187 0.884929
188 0.885571
189 0.885309
190 0.885136
191 0.884889
192 0.885209
193 0.885046
194 0.88523
195 0.885309
196 0.885273
197 0.88463
198 0.884854
199 0.885463
200 0.885444
201 0.885475
202 0.884804
203 0.885446
204 0.886158
205 0.885997
206 0.885508
207 0.885882
208 0.885381
209 0.885902
210 0.884939
211 0.884641
212 0.884744
213 0.883866
214 0.883995
215 0.884746
216 0.884552
217 0.884264
218 0.883965
219 0.883827
220 0.884425
221 0.883583
222 0.883821
223 0.884317
224 0.884396
225 0.884234
226 0.883922
227 0.884759
228 0.884548
229 0.885717
230 0.885244
231 0.88518
232 0.885652
233 0.886081
234 0.885057
235 0.886077
236 0.886294
237 0.885653
238 0.886051
239 0.885364
240 0.885887
241 0.886236
242 0.885617
243 0.885067
244 0.884353
245 0.884913
246 0.885679
247 0.885987
248 0.886702
249 0.887209
250 0.886612
251 0.886656
252 0.886997
253 0.887712
254 0.888313
255 0.888177
256 0.888743
257 0.888393
258 0.889676
259 0.889377
260 0.889294
261 0.889871
262 0.890512
263 0.890489
264 0.890245
265 0.890029
266 0.890513
267 0.891448
268 0.891384
269 0.891317
270 0.890778
271 0.890363
272 0.889564
273 0.88873
274 0.886433
275 0.887729
276 0.887213
277 0.888537
278 0.888388
279 0.889156
280 0.889185
281 0.889687
282 0.890239
283 0.890659
284 0.891014
285 0.891258
286 0.890906
287 0.891961
288 0.89215
289 0.892203
290 0.892863
291 0.89293
292 0.892261
293 0.892468
294 0.892006
295 0.892733
296 0.891677
297 0.891378
298 0.890773
299 0.889563
300 0.888684
