1 0.499258
2 0.516335
3 0.52465
4 0.533045
5 0.53861
6 0.543952
7 0.54873
8 0.554518
9 0.558538
10 0.561742
11 0.564864
12 0.567732
13 0.571761
14 0.574234
15 0.576313
16 0.579277
17 0.581418
18 0.584087
19 0.585146
20 0.587615
21 0.588121
22 0.591239
23 0.592152
24 0.593609
25 0.595445
26 0.596992
27 0.598117
28 0.600822
29 0.600519
30 0.602078
31 0.603286
32 0.60436
33 0.60538
34 0.606828
35 0.607584
36 0.609443
37 0.609739
38 0.610216
39 0.610937
40 0.611963
41 0.613042
42 0.613912
43 0.61427
44 0.615555
45 0.616502
46 0.616897
47 0.617359
48 0.618524
49 0.618812
50 0.619883
51 0.621025
52 0.621236
53 0.622267
54 0.623074
55 0.62349
56 0.623023
57 0.624402
58 0.624772
59 0.625599
60 0.626058
61 0.625937
62 0.627413
63 0.626468
64 0.628423
65 0.627799
66 0.628977
67 0.6292
68 0.631214
69 0.630028
70 0.630897
71 0.630644
72 0.631728
73 0.632298
74 0.631891
75 0.632789
76 0.632486
77 0.633308
78 0.634689
79 0.635039
80 0.634514
81 0.635373
82 0.634834
83 0.635809
84 0.636198
85 0.636254
86 0.636829
87 0.637322
88 0.637827
89 0.637983
90 0.63746
91 0.638123
92 0.638918
93 0.638762
94 0.640239
95 0.639976
96 0.640744
97 0.640723
98 0.640317
99 0.640977
100 0.641682
101 0.641963
102 0.642547
103 0.641626
104 0.642169
105 0.643352
106 0.643019
107 0.64346
108 0.643508
109 0.643494
110 0.644621
111 0.644403
112 0.644078
113 0.644768
114 0.644705
115 0.644636
116 0.646199
117 0.645435
118 0.646888
119 0.646796
120 0.646763
121 0.647285
122 0.647202
123 0.647278
124 0.647238
125 0.647324
126 0.647825
127 0.648399
128 0.648532
129 0.648117
130 0.648945
131 0.649097
132 0.648509
133 0.649781
134 0.649831
135 0.649709
136 0.649815
137 0.649699
138 0.65006
139 0.650723
140 0.650383
141 0.651295
142 0.651032
143 0.651036
144 0.651649
145 0.651341
146 0.651277
147 0.651248
148 0.651002
149 0.652209
150 0.652205
151 0.652673
152 0.65274
153 0.652707
154 0.652916
155 0.652835
156 0.653383
157 0.652948
158 0.653902
159 0.653359
160 0.653144
161 0.653287
162 0.654433
163 0.655372
164 0.654379
165 0.654977
166 0.654815
167 0.655105
168 0.655264
169 0.654758
170 0.655408
171 0.656248
172 0.65572
173 0.655422
174 0.655609
175 0.656235
176 0.656556
177 0.657016
178 0.656245
179 0.656073
180 0.657089
181 0.656924
182 0.657038
183 0.657145
184 0.65753
185 0.657123
186 0.657997
187 0.658046
188 0.658142
189 0.657676
190 0.65774
191 0.658027
192 0.657976
193 0.658893
194 0.658243
195 0.658788
196 0.65857
197 0.658263
198 0.659103
199 0.65869
200 0.658782
201 0.65835
202 0.659822
203 0.659107
204 0.659952
205 0.659508
206 0.659841
207 0.660498
208 0.659577
209 0.659713
210 0.659235
211 0.660337
212 0.660842
213 0.66037
214 0.659844
215 0.660538
216 0.659884
217 0.660705
218 0.660425
219 0.661182
220 0.661457
221 0.661106
222 0.660363
223 0.661985
224 0.661369
225 0.661784
226 0.661644
227 0.661752
228 0.661803
229 0.66214
230 0.663345
231 0.66186
232 0.662343
233 0.662449
234 0.662455
235 0.662933
236 0.662774
237 0.662465
238 0.662745
239 0.663485
240 0.663833
241 0.662947
242 0.663074
243 0.662943
244 0.663543
245 0.662503
246 0.664013
247 0.66412
248 0.663557
249 0.664133
250 0.6636
251 0.663991
252 0.663615
253 0.664662
254 0.663886
255 0.66406
256 0.663124
257 0.664311
258 0.664532
259 0.664737
260 0.66489
261 0.664315
262 0.664488
263 0.665405
264 0.664618
265 0.665464
266 0.664415
267 0.665261
268 0.66587
269 0.665581
270 0.664857
271 0.665345
272 0.665812
273 0.665698
274 0.666381
275 0.666073
276 0.666137
277 0.665201
278 0.666422
279 0.665577
280 0.665264
281 0.666067
282 0.666413
283 0.66715
284 0.665963
285 0.665994
286 0.66681
287 0.667119
288 0.667578
289 0.667542
290 0.666409
291 0.667303
292 0.666201
293 0.666664
294 0.667041
295 0.667168
296 0.667351
297 0.667559
298 0.667101
299 0.666517
300 0.667027
