1 0.499258
2 0.508014
3 0.513382
4 0.518337
5 0.522244
6 0.525905
7 0.529089
8 0.53236
9 0.53514
10 0.537862
11 0.540183
12 0.542393
13 0.544752
14 0.546923
15 0.548904
16 0.550704
17 0.552639
18 0.554484
19 0.555951
20 0.557589
21 0.559098
22 0.560576
23 0.561942
24 0.56331
25 0.564459
26 0.56578
27 0.567002
28 0.568179
29 0.569233
30 0.570498
31 0.571516
32 0.572692
33 0.573607
34 0.574473
35 0.575633
36 0.576408
37 0.577331
38 0.578131
39 0.579082
40 0.580053
41 0.580707
42 0.581657
43 0.582342
44 0.583105
45 0.584005
46 0.584676
47 0.585296
48 0.585998
49 0.586641
50 0.587441
51 0.588102
52 0.588799
53 0.589454
54 0.59005
55 0.590776
56 0.591113
57 0.591935
58 0.592385
59 0.593018
60 0.593648
61 0.594223
62 0.594658
63 0.595252
64 0.595892
65 0.596333
66 0.596695
67 0.597156
68 0.597754
69 0.598236
70 0.598673
71 0.599198
72 0.599719
73 0.60013
74 0.600547
75 0.600976
76 0.601354
77 0.601932
78 0.602375
79 0.60267
80 0.60306
81 0.60346
82 0.603946
83 0.604334
84 0.604811
85 0.605046
86 0.605491
87 0.605982
88 0.606226
89 0.606694
90 0.60706
91 0.607306
92 0.607779
93 0.608123
94 0.608549
95 0.608881
96 0.609153
97 0.609495
98 0.609811
99 0.610157
100 0.610523
101 0.610854
102 0.611343
103 0.61155
104 0.611738
105 0.61213
106 0.612389
107 0.612732
108 0.612991
109 0.613261
110 0.613572
111 0.613947
112 0.614285
113 0.614429
114 0.614635
115 0.614989
116 0.615267
117 0.615467
118 0.615868
119 0.616141
120 0.616407
121 0.616534
122 0.61694
123 0.617118
124 0.617292
125 0.617633
126 0.617931
127 0.618198
128 0.618274
129 0.618563
130 0.618803
131 0.619087
132 0.619433
133 0.619726
134 0.619828
135 0.620024
136 0.620254
137 0.620626
138 0.620771
139 0.621037
140 0.621174
141 0.621517
142 0.621604
143 0.621775
144 0.622147
145 0.622233
146 0.622488
147 0.622658
148 0.622747
149 0.623099
150 0.623347
151 0.623542
152 0.623698
153 0.623888
154 0.624179
155 0.624293
156 0.624576
157 0.624704
158 0.624981
159 0.625146
160 0.625246
161 0.625471
162 0.625726
163 0.625888
164 0.626062
165 0.626225
166 0.626403
167 0.626595
168 0.626684
169 0.626966
170 0.627149
171 0.627302
172 0.627498
173 0.627714
174 0.627798
175 0.627958
176 0.628189
177 0.62831
178 0.628501
179 0.628723
180 0.628814
181 0.629037
182 0.629142
183 0.629351
184 0.629423
185 0.6295
186 0.629689
187 0.629923
188 0.630091
189 0.630374
190 0.630386
191 0.630558
192 0.630652
193 0.630891
194 0.630966
195 0.63112
196 0.631293
197 0.63146
198 0.63162
199 0.631693
200 0.631896
201 0.632052
202 0.632174
203 0.632282
204 0.632432
205 0.632591
206 0.632736
207 0.632863
208 0.633091
209 0.633231
210 0.633243
211 0.633442
212 0.633537
213 0.633617
214 0.633855
215 0.633976
216 0.634056
217 0.634346
218 0.63435
219 0.63442
220 0.634646
221 0.634756
222 0.634924
223 0.635031
224 0.635124
225 0.635285
226 0.635309
227 0.635535
228 0.635568
229 0.63575
230 0.635907
231 0.635998
232 0.63606
233 0.636349
234 0.636353
235 0.636555
236 0.63659
237 0.63677
238 0.63681
239 0.637004
240 0.637015
241 0.637199
242 0.637181
243 0.637463
244 0.637466
245 0.637699
246 0.63774
247 0.637829
248 0.638009
249 0.637956
250 0.638145
251 0.63838
252 0.638362
253 0.638429
254 0.638573
255 0.638659
256 0.638831
257 0.638848
258 0.639017
259 0.639141
260 0.639198
261 0.639421
262 0.63951
263 0.639459
264 0.639652
265 0.639681
266 0.639918
267 0.640024
268 0.640058
269 0.640074
270 0.640254
271 0.64029
272 0.640374
273 0.640595
274 0.640749
275 0.64077
276 0.640844
277 0.640893
278 0.641023
279 0.641277
280 0.641188
281 0.641281
282 0.641451
283 0.641577
284 0.641554
285 0.641729
286 0.641789
287 0.641838
288 0.642025
289 0.642045
290 0.64216
291 0.642295
292 0.642337
293 0.642468
294 0.642522
295 0.642657
296 0.642609
297 0.64281
298 0.642881
299 0.642969
300 0.64303
