1 0.19711
2 0.180272
3 0.172012
4 0.163747
5 0.157924
6 0.15207
7 0.147299
8 0.142673
9 0.138704
10 0.134966
11 0.131602
12 0.128582
13 0.12562
14 0.122518
15 0.120249
16 0.117684
17 0.115643
18 0.113383
19 0.111561
20 0.109518
21 0.10795
22 0.106011
23 0.104448
24 0.102877
25 0.101613
26 0.0998577
27 0.0987154
28 0.0974023
29 0.0961103
30 0.0947969
31 0.0937511
32 0.0924421
33 0.0914516
34 0.0904553
35 0.0892966
36 0.088335
37 0.0872669
38 0.0865813
39 0.0855586
40 0.0845687
41 0.0838301
42 0.0828108
43 0.0820934
44 0.0812345
45 0.0803747
46 0.0798436
47 0.0789895
48 0.0783806
49 0.0777153
50 0.076843
51 0.0762791
52 0.0754739
53 0.0748112
54 0.0741842
55 0.073693
56 0.0731938
57 0.0725969
58 0.0721491
59 0.0715125
60 0.0708593
61 0.070242
62 0.0698665
63 0.0693483
64 0.0688485
65 0.0683216
66 0.0680126
67 0.0675586
68 0.0669011
69 0.0663729
70 0.0660421
71 0.0655698
72 0.0650712
73 0.064845
74 0.0643605
75 0.0639102
76 0.0635678
77 0.0630274
78 0.0626148
79 0.0623574
80 0.0619836
81 0.0616644
82 0.0612472
83 0.0608902
84 0.0604164
85 0.0602316
86 0.0598644
87 0.0594455
88 0.0592146
89 0.058817
90 0.0584712
91 0.0582056
92 0.0578133
93 0.0574358
94 0.0570816
95 0.0568079
96 0.0565245
97 0.0561512
98 0.0559616
99 0.0556097
100 0.055304
101 0.0550338
102 0.0545744
103 0.0544647
104 0.0541851
105 0.0539858
106 0.0536854
107 0.0533874
108 0.0531777
109 0.0529088
110 0.0526248
111 0.0524264
112 0.0520982
113 0.0519564
114 0.0518026
115 0.0514353
116 0.0511826
117 0.0510571
118 0.0507423
119 0.050471
120 0.050172
121 0.0501793
122 0.0498018
123 0.0496404
124 0.0494648
125 0.0491916
126 0.0490114
127 0.0487614
128 0.0486901
129 0.0484856
130 0.0482568
131 0.0480014
132 0.0477185
133 0.0475681
134 0.0473976
135 0.0472458
136 0.0470076
137 0.0468127
138 0.0466589
139 0.0463758
140 0.0462757
141 0.0460427
142 0.0459279
143 0.0458209
144 0.0454987
145 0.0454825
146 0.0452091
147 0.0451036
148 0.0449382
149 0.0446973
150 0.0445375
151 0.0444007
152 0.0442025
153 0.0440918
154 0.0438614
155 0.0437896
156 0.0434275
157 0.0434381
158 0.0431628
159 0.043062
160 0.0430262
161 0.0427996
162 0.0426045
163 0.0424764
164 0.0422938
165 0.0422425
166 0.0420234
167 0.0419263
168 0.0417876
169 0.0415079
170 0.0414879
171 0.0413579
172 0.0412088
173 0.0410462
174 0.0409516
175 0.0408749
176 0.0406701
177 0.040521
178 0.0404051
179 0.0402666
180 0.0401947
181 0.0399785
182 0.0398544
183 0.039696
184 0.0396714
185 0.0396149
186 0.0394667
187 0.0392903
188 0.0391123
189 0.038914
190 0.0389885
191 0.0388184
192 0.0387622
193 0.0385055
194 0.0384694
195 0.0383385
196 0.0382175
197 0.0380829
198 0.0379543
199 0.0379199
200 0.0377509
201 0.0376334
202 0.0375783
203 0.0374232
204 0.0373542
205 0.0371647
206 0.0371424
207 0.0369335
208 0.0368505
209 0.0367121
210 0.0367041
211 0.0365546
212 0.0364324
213 0.0364042
214 0.0362323
215 0.0361306
216 0.0361235
217 0.0358803
218 0.0358585
219 0.0358355
220 0.0355589
221 0.0356186
222 0.0354559
223 0.0353496
224 0.0353016
225 0.0351778
226 0.0350979
227 0.0349703
228 0.0349303
229 0.0348042
230 0.0346793
231 0.0345679
232 0.0346017
233 0.0343575
234 0.0343295
235 0.0341825
236 0.0342322
237 0.0340468
238 0.0340229
239 0.0338575
240 0.0338644
241 0.0337277
242 0.0336943
243 0.0335539
244 0.0335007
245 0.0333162
246 0.0332917
247 0.0332245
248 0.0331423
249 0.0331985
250 0.0330579
251 0.0328098
252 0.0329055
253 0.0328357
254 0.0326883
255 0.0326396
256 0.0325503
257 0.0325649
258 0.0323835
259 0.0323075
260 0.0322698
261 0.0320978
262 0.0321022
263 0.032095
264 0.031908
265 0.0319098
266 0.0316945
267 0.0316915
268 0.0316658
269 0.0315945
270 0.0314961
271 0.0315039
272 0.0313964
273 0.0312182
274 0.031108
275 0.03109
276 0.0310626
277 0.0310666
278 0.0309271
279 0.0307361
280 0.0308058
281 0.0307268
282 0.030593
283 0.0305278
284 0.0305529
285 0.0304482
286 0.030373
287 0.0302783
288 0.0302423
289 0.0301831
290 0.03011
291 0.0300688
292 0.0300008
293 0.029887
294 0.0298389
295 0.029753
296 0.0297803
297 0.0296776
298 0.029579
299 0.0295477
300 0.0294926
