1 0.5
2 0.35914
3 0.297702
4 0.261614
5 0.23743
6 0.219486
7 0.205823
8 0.194839
9 0.185987
10 0.178368
11 0.172011
12 0.166597
13 0.161819
14 0.157486
15 0.153804
16 0.150486
17 0.147282
18 0.144476
19 0.141913
20 0.139674
21 0.13748
22 0.135478
23 0.133512
24 0.131803
25 0.130246
26 0.128821
27 0.127479
28 0.126193
29 0.125017
30 0.123577
31 0.122655
32 0.121554
33 0.120763
34 0.119705
35 0.11882
36 0.118253
37 0.117269
38 0.116525
39 0.115836
40 0.115151
41 0.114435
42 0.113824
43 0.11308
44 0.112621
45 0.112032
46 0.111422
47 0.11086
48 0.110525
49 0.109895
50 0.1094
51 0.109066
52 0.108473
53 0.108171
54 0.10763
55 0.107239
56 0.106985
57 0.106538
58 0.106233
59 0.105736
60 0.105423
61 0.105007
62 0.104741
63 0.104497
64 0.104108
65 0.10383
66 0.103586
67 0.103218
68 0.102942
69 0.102694
70 0.102405
71 0.102328
72 0.101973
73 0.101576
74 0.101346
75 0.101191
76 0.100917
77 0.100713
78 0.100532
79 0.100165
80 0.100004
81 0.0998536
82 0.0996195
83 0.0994754
84 0.0992724
85 0.0990445
86 0.0989101
87 0.0986221
88 0.0984788
89 0.0983545
90 0.098123
91 0.0978996
92 0.0978257
93 0.0976768
94 0.0975033
95 0.0972419
96 0.0970942
97 0.0969928
98 0.0968361
99 0.0967223
100 0.0965454
101 0.0963226
102 0.0961864
103 0.0960649
104 0.0959507
105 0.0958231
106 0.0956548
107 0.0955584
108 0.0954637
109 0.0953132
110 0.0951522
111 0.0951239
112 0.094897
113 0.0948281
114 0.0946427
115 0.0946028
116 0.0944037
117 0.0944078
118 0.0942583
119 0.0940332
120 0.0939554
121 0.093877
122 0.0938269
123 0.0936855
124 0.093433
125 0.0934439
126 0.0933449
127 0.0931653
128 0.0930899
129 0.0929457
130 0.0928819
131 0.0927238
132 0.0926386
133 0.0926095
134 0.0925689
135 0.0924268
136 0.0924207
137 0.0922121
138 0.0921515
139 0.0920778
140 0.0919739
141 0.0918561
142 0.0917723
143 0.0916477
144 0.091687
145 0.0915807
146 0.0915269
147 0.091313
148 0.0913529
149 0.0912431
150 0.0911851
151 0.0910535
152 0.0909779
153 0.0910241
154 0.0908881
155 0.0907657
156 0.0906936
157 0.090614
158 0.090551
159 0.0904384
160 0.090408
161 0.0903165
162 0.0902776
163 0.0901086
164 0.0901293
165 0.0901106
166 0.0899758
167 0.0899229
168 0.0898687
169 0.0897629
170 0.0897028
171 0.0896783
172 0.0896303
173 0.0894363
174 0.0894451
175 0.0893754
176 0.0892743
177 0.0892498
178 0.0891495
179 0.0891245
180 0.0890211
181 0.0890511
182 0.0888968
183 0.0888559
184 0.0888556
185 0.0888213
186 0.0886895
187 0.088709
188 0.088551
189 0.0885065
190 0.0884203
191 0.0885118
192 0.0883524
193 0.0882188
194 0.0883833
195 0.0881779
196 0.0881531
197 0.0881299
198 0.0880462
199 0.0879681
200 0.0880229
201 0.0879642
202 0.0878481
203 0.0877718
204 0.0877623
205 0.0876706
206 0.0876683
207 0.0876194
208 0.0875936
209 0.0875843
210 0.0874904
211 0.0874308
212 0.087471
213 0.0873412
214 0.0872149
215 0.0873027
216 0.0872874
217 0.0871307
218 0.0871644
219 0.0871311
220 0.0869881
221 0.0870545
222 0.0868854
223 0.0868726
224 0.0868303
225 0.0868276
226 0.0867232
227 0.086732
228 0.0867237
229 0.0865879
230 0.0866149
231 0.086644
232 0.0864762
233 0.0864131
234 0.0863868
235 0.0863637
236 0.0864326
237 0.0863353
238 0.0861903
239 0.0862167
240 0.086216
241 0.0861456
242 0.0861662
243 0.0860906
244 0.0860416
245 0.0860196
246 0.0859629
247 0.0859209
248 0.0858736
249 0.0858395
250 0.0858296
251 0.0857816
252 0.0857668
253 0.0857123
254 0.0856459
255 0.0856572
256 0.0856098
257 0.0855421
258 0.0855026
259 0.0855679
260 0.0854817
261 0.085374
262 0.0854041
263 0.0853668
264 0.0852505
265 0.085256
266 0.0852839
267 0.0851568
268 0.0851158
269 0.0851896
270 0.085193
271 0.0850754
272 0.0850978
273 0.0849729
274 0.0849652
275 0.0849558
276 0.084909
277 0.0849685
278 0.0848055
279 0.0848161
280 0.0848025
281 0.0848381
282 0.0847145
283 0.0847307
284 0.0846597
285 0.0846884
286 0.0845946
287 0.0845893
288 0.0845288
289 0.084477
290 0.0844439
291 0.0844445
292 0.0844375
293 0.0843817
294 0.0843415
295 0.0843841
296 0.0843747
297 0.0843213
298 0.0842769
299 0.0843293
300 0.0842028
