1 0.19711
2 0.188691
3 0.183129
4 0.178267
5 0.174262
6 0.170547
7 0.167242
8 0.164132
9 0.161323
10 0.158729
11 0.15631
12 0.154137
13 0.151873
14 0.149663
15 0.147704
16 0.14588
17 0.144057
18 0.142351
19 0.140767
20 0.139169
21 0.137624
22 0.136177
23 0.134828
24 0.133488
25 0.132339
26 0.130964
27 0.129833
28 0.128632
29 0.127502
30 0.126353
31 0.125355
32 0.124239
33 0.123224
34 0.122371
35 0.121209
36 0.120396
37 0.119457
38 0.118703
39 0.117775
40 0.116827
41 0.116124
42 0.115169
43 0.114505
44 0.113721
45 0.112803
46 0.112211
47 0.111503
48 0.110849
49 0.110199
50 0.109401
51 0.108732
52 0.107963
53 0.10735
54 0.106693
55 0.106103
56 0.105673
57 0.104958
58 0.104422
59 0.103827
60 0.103193
61 0.102623
62 0.102138
63 0.101639
64 0.100977
65 0.100533
66 0.10015
67 0.099684
68 0.0990799
69 0.0985237
70 0.0981701
71 0.0976166
72 0.0971126
73 0.0967317
74 0.096297
75 0.0957894
76 0.0954407
77 0.0948948
78 0.094434
79 0.094113
80 0.0936887
81 0.0933395
82 0.0928834
83 0.0924129
84 0.0919931
85 0.0917478
86 0.0913072
87 0.0908284
88 0.090597
89 0.0901129
90 0.0897457
91 0.0894773
92 0.0890555
93 0.0886668
94 0.088291
95 0.0879172
96 0.0876652
97 0.0873056
98 0.086988
99 0.0866348
100 0.0863022
101 0.0859903
102 0.0855059
103 0.0853258
104 0.0850482
105 0.0846841
106 0.0844211
107 0.0841113
108 0.0838414
109 0.0835475
110 0.0832364
111 0.082874
112 0.0825509
113 0.0823806
114 0.0822104
115 0.0818137
116 0.0815356
117 0.0813096
118 0.0809686
119 0.0806614
120 0.0803679
121 0.0803003
122 0.0798699
123 0.0796966
124 0.0795101
125 0.0791641
126 0.0789239
127 0.0786293
128 0.0785231
129 0.0782377
130 0.0780011
131 0.0777334
132 0.0773809
133 0.0771553
134 0.076979
135 0.0768125
136 0.0765361
137 0.0762257
138 0.0760751
139 0.075786
140 0.0756424
141 0.0753305
142 0.075238
143 0.0750553
144 0.0746932
145 0.0746084
146 0.074339
147 0.0741735
148 0.0740295
149 0.0737055
150 0.0734792
151 0.0733044
152 0.0731507
153 0.0729466
154 0.0726605
155 0.0725605
156 0.0722243
157 0.0721201
158 0.0718564
159 0.0717038
160 0.0716061
161 0.071364
162 0.0710703
163 0.0709284
164 0.0707443
165 0.0706042
166 0.070401
167 0.070265
168 0.0701468
169 0.0698642
170 0.0696778
171 0.0695128
172 0.0693302
173 0.069122
174 0.0690362
175 0.0688946
176 0.0686898
177 0.0685196
178 0.0683219
179 0.0681159
180 0.0680104
181 0.0677942
182 0.0677134
183 0.0674881
184 0.0674141
185 0.0673294
186 0.0671284
187 0.0669189
188 0.0667471
189 0.066456
190 0.0664498
191 0.0662893
192 0.0661901
193 0.0659551
194 0.0658361
195 0.065703
196 0.065522
197 0.0653673
198 0.0652363
199 0.0651346
200 0.0649167
201 0.0647764
202 0.0646587
203 0.0645345
204 0.0643953
205 0.064251
206 0.0640903
207 0.0639526
208 0.0637801
209 0.0635972
210 0.0635626
211 0.0633883
212 0.0632937
213 0.0632206
214 0.0629756
215 0.0628631
216 0.0627902
217 0.0624842
218 0.0624955
219 0.0624263
220 0.0621927
221 0.0620967
222 0.0618997
223 0.0618105
224 0.0617373
225 0.0615654
226 0.0615303
227 0.0613163
228 0.0612597
229 0.0611034
230 0.0609172
231 0.0608076
232 0.0607848
233 0.0604818
234 0.0604926
235 0.0602814
236 0.0602515
237 0.0600593
238 0.0600337
239 0.0598201
240 0.0598216
241 0.0596071
242 0.0596126
243 0.0593771
244 0.0593692
245 0.0591177
246 0.0590765
247 0.059007
248 0.0588428
249 0.0589039
250 0.0586891
251 0.0584567
252 0.0584958
253 0.0583926
254 0.0582567
255 0.0581788
256 0.0580048
257 0.0580003
258 0.0578019
259 0.0577006
260 0.0576524
261 0.0574216
262 0.0573481
263 0.0573798
264 0.0571748
265 0.0571608
266 0.0569299
267 0.0568354
268 0.0567915
269 0.0567394
270 0.0565741
271 0.0565477
272 0.056446
273 0.0562386
274 0.0560949
275 0.0560854
276 0.0559915
277 0.0559348
278 0.0558322
279 0.0555844
280 0.0556572
281 0.0555612
282 0.0553923
283 0.0552643
284 0.0552997
285 0.0551348
286 0.0550698
287 0.054979
288 0.0548252
289 0.0548087
290 0.0546872
291 0.0545625
292 0.0544991
293 0.0543666
294 0.0543212
295 0.0541958
296 0.0542243
297 0.0540545
298 0.0539857
299 0.0538765
300 0.0538094
