1 0.5
2 0.499734
3 0.499393
4 0.498907
5 0.498508
6 0.498065
7 0.49762
8 0.497019
9 0.496562
10 0.496174
11 0.495775
12 0.495392
13 0.494824
14 0.494459
15 0.494143
16 0.493676
17 0.493327
18 0.492879
19 0.492697
20 0.492264
21 0.492174
22 0.491606
23 0.491435
24 0.49116
25 0.490806
26 0.490503
27 0.490279
28 0.48973
29 0.489792
30 0.48947
31 0.489216
32 0.488988
33 0.48877
34 0.488455
35 0.488289
36 0.487876
37 0.487809
38 0.487702
39 0.487538
40 0.487304
41 0.487055
42 0.486852
43 0.486768
44 0.486464
45 0.486239
46 0.486144
47 0.486032
48 0.48575
49 0.485679
50 0.485416
51 0.485133
52 0.48508
53 0.484821
54 0.484617
55 0.484511
56 0.48463
57 0.484278
58 0.484182
59 0.483969
60 0.483849
61 0.483881
62 0.483494
63 0.483742
64 0.483227
65 0.483392
66 0.483079
67 0.48302
68 0.482476
69 0.482797
70 0.482563
71 0.482631
72 0.482336
73 0.48218
74 0.482292
75 0.482045
76 0.482129
77 0.481902
78 0.481518
79 0.48142
80 0.481567
81 0.481326
82 0.481477
83 0.481203
84 0.481093
85 0.481077
86 0.480914
87 0.480774
88 0.480629
89 0.480584
90 0.480734
91 0.480544
92 0.480315
93 0.48036
94 0.479931
95 0.480008
96 0.479783
97 0.479789
98 0.479908
99 0.479715
100 0.479507
101 0.479424
102 0.47925
103 0.479523
104 0.479363
105 0.47901
106 0.47911
107 0.478978
108 0.478964
109 0.478968
110 0.478629
111 0.478694
112 0.478792
113 0.478584
114 0.478603
115 0.478624
116 0.478149
117 0.478382
118 0.477938
119 0.477966
120 0.477976
121 0.477816
122 0.477841
123 0.477818
124 0.47783
125 0.477804
126 0.477649
127 0.477471
128 0.477429
129 0.477558
130 0.477301
131 0.477253
132 0.477437
133 0.477039
134 0.477023
135 0.477062
136 0.477028
137 0.477065
138 0.476951
139 0.476742
140 0.47685
141 0.476561
142 0.476645
143 0.476643
144 0.476449
145 0.476546
146 0.476567
147 0.476576
148 0.476654
149 0.47627
150 0.476271
151 0.476121
152 0.4761
153 0.476111
154 0.476043
155 0.476069
156 0.475893
157 0.476033
158 0.475726
159 0.475901
160 0.47597
161 0.475924
162 0.475553
163 0.475248
164 0.475571
165 0.475376
166 0.475429
167 0.475335
168 0.475283
169 0.475448
170 0.475236
171 0.47496
172 0.475134
173 0.475231
174 0.47517
175 0.474965
176 0.474859
177 0.474707
178 0.474961
179 0.475018
180 0.474683
181 0.474737
182 0.4747
183 0.474664
184 0.474537
185 0.474671
186 0.474381
187 0.474365
188 0.474333
189 0.474488
190 0.474467
191 0.474371
192 0.474388
193 0.474082
194 0.474299
195 0.474117
196 0.47419
197 0.474293
198 0.474011
199 0.47415
200 0.474119
201 0.474264
202 0.47377
203 0.47401
204 0.473726
205 0.473875
206 0.473763
207 0.473541
208 0.473852
209 0.473806
210 0.473967
211 0.473596
212 0.473424
213 0.473584
214 0.473762
215 0.473527
216 0.473749
217 0.473471
218 0.473566
219 0.473309
220 0.473215
221 0.473334
222 0.473587
223 0.473034
224 0.473245
225 0.473103
226 0.473151
227 0.473114
228 0.473097
229 0.472981
230 0.472566
231 0.473077
232 0.472912
233 0.472875
234 0.472873
235 0.472709
236 0.472763
237 0.47287
238 0.472773
239 0.472518
240 0.472398
241 0.472704
242 0.47266
243 0.472705
244 0.472498
245 0.472857
246 0.472335
247 0.472298
248 0.472493
249 0.472293
250 0.472478
251 0.472343
252 0.472473
253 0.472109
254 0.472379
255 0.472319
256 0.472643
257 0.472231
258 0.472155
259 0.472083
260 0.47203
261 0.47223
262 0.47217
263 0.471849
264 0.472125
265 0.471829
266 0.472195
267 0.4719
268 0.471686
269 0.471788
270 0.472041
271 0.47187
272 0.471707
273 0.471747
274 0.471506
275 0.471615
276 0.471592
277 0.471921
278 0.471492
279 0.471789
280 0.471899
281 0.471617
282 0.471495
283 0.471234
284 0.471653
285 0.471643
286 0.471355
287 0.471245
288 0.471082
289 0.471095
290 0.471496
291 0.47118
292 0.47157
293 0.471406
294 0.471273
295 0.471228
296 0.471163
297 0.471089
298 0.471251
299 0.471458
300 0.471278
