1 0.099032
2 0.121522
3 0.132672
4 0.14597
5 0.155065
6 0.165134
7 0.174658
8 0.183693
9 0.19166
10 0.199072
11 0.206433
12 0.21282
13 0.21934
14 0.225859
15 0.231937
16 0.237898
17 0.24218
18 0.246735
19 0.251192
20 0.255731
21 0.258885
22 0.264268
23 0.267867
24 0.271611
25 0.274417
26 0.279066
27 0.282081
28 0.285255
29 0.288473
30 0.292097
31 0.29481
32 0.29786
33 0.301699
34 0.304199
35 0.306879
36 0.309541
37 0.312862
38 0.314487
39 0.317052
40 0.320034
41 0.322706
42 0.325721
43 0.327038
44 0.330359
45 0.332813
46 0.334471
47 0.336779
48 0.338624
49 0.340304
50 0.343464
51 0.344948
52 0.347615
53 0.350032
54 0.35202
55 0.353271
56 0.354967
57 0.357029
58 0.358739
59 0.3604
60 0.362687
61 0.364822
62 0.365924
63 0.367861
64 0.369568
65 0.37192
66 0.372736
67 0.3737
68 0.375155
69 0.37831
70 0.379229
71 0.381652
72 0.382983
73 0.383202
74 0.385249
75 0.386999
76 0.388127
77 0.390642
78 0.392308
79 0.392913
80 0.394273
81 0.39568
82 0.39697
83 0.397922
84 0.400704
85 0.400507
86 0.402882
87 0.403605
88 0.405147
89 0.406222
90 0.407911
91 0.409403
92 0.410517
93 0.411995
94 0.414401
95 0.415024
96 0.415986
97 0.417166
98 0.417702
99 0.419479
100 0.420881
101 0.421927
102 0.423898
103 0.42478
104 0.425378
105 0.42681
106 0.427823
107 0.428858
108 0.429861
109 0.430903
110 0.43273
111 0.43343
112 0.435313
113 0.435727
114 0.43574
115 0.437559
116 0.437964
117 0.438468
118 0.440631
119 0.441903
120 0.443869
121 0.443141
122 0.444936
123 0.445769
124 0.446345
125 0.447994
126 0.448358
127 0.449569
128 0.449674
129 0.451085
130 0.452852
131 0.45297
132 0.454328
133 0.455314
134 0.456297
135 0.45662
136 0.45789
137 0.459306
138 0.45928
139 0.461158
140 0.461906
141 0.462638
142 0.463081
143 0.464141
144 0.464974
145 0.465253
146 0.467076
147 0.46787
148 0.46795
149 0.46937
150 0.469674
151 0.470682
152 0.471644
153 0.472347
154 0.472972
155 0.47443
156 0.475836
157 0.47551
158 0.476746
159 0.477187
160 0.477526
161 0.478875
162 0.479487
163 0.48036
164 0.481373
165 0.481602
166 0.482566
167 0.483311
168 0.484329
169 0.485614
170 0.485943
171 0.485668
172 0.487785
173 0.488053
174 0.488306
175 0.488539
176 0.489405
177 0.490545
178 0.491062
179 0.491789
180 0.492369
181 0.494184
182 0.494535
183 0.495197
184 0.495206
185 0.495722
186 0.496851
187 0.497905
188 0.498743
189 0.500171
190 0.499056
191 0.499966
192 0.500224
193 0.501982
194 0.502074
195 0.502809
196 0.503208
197 0.504208
198 0.50501
199 0.505109
200 0.505755
201 0.506678
202 0.507108
203 0.507403
204 0.508175
205 0.509615
206 0.50989
207 0.510806
208 0.511287
209 0.512445
210 0.511798
211 0.51298
212 0.513969
213 0.513445
214 0.514969
215 0.515451
216 0.515407
217 0.517017
218 0.517088
219 0.517437
220 0.519323
221 0.518659
222 0.519619
223 0.519966
224 0.520209
225 0.52151
226 0.521801
227 0.522677
228 0.522611
229 0.523656
230 0.523811
231 0.525057
232 0.524759
233 0.526109
234 0.526599
235 0.526947
236 0.526388
237 0.527518
238 0.52783
239 0.529061
240 0.528777
241 0.530049
242 0.53048
243 0.531354
244 0.531152
245 0.532549
246 0.532693
247 0.533062
248 0.53348
249 0.533437
250 0.534274
251 0.535531
252 0.535103
253 0.535335
254 0.53657
255 0.536543
256 0.537309
257 0.537083
258 0.537976
259 0.538889
260 0.53926
261 0.540274
262 0.540049
263 0.540538
264 0.541529
265 0.541395
266 0.54317
267 0.542858
268 0.543524
269 0.54329
270 0.544436
271 0.54433
272 0.544353
273 0.5457
274 0.546191
275 0.547235
276 0.547447
277 0.546688
278 0.547863
279 0.549045
280 0.548657
281 0.548921
282 0.55033
283 0.550711
284 0.55008
285 0.551127
286 0.551493
287 0.55199
288 0.552333
289 0.552809
290 0.553391
291 0.55325
292 0.554036
293 0.554147
294 0.555096
295 0.555707
296 0.555464
297 0.55596
298 0.557048
299 0.55734
300 0.557599
