1 0.099032
2 0.110277
3 0.117738
4 0.125595
5 0.131923
6 0.138094
7 0.144145
8 0.149779
9 0.154865
10 0.159456
11 0.164094
12 0.168163
13 0.172509
14 0.176834
15 0.181021
16 0.184578
17 0.188434
18 0.191349
19 0.194837
20 0.197946
21 0.200833
22 0.204469
23 0.207237
24 0.210158
25 0.212395
26 0.215719
27 0.21847
28 0.221173
29 0.223565
30 0.226484
31 0.228733
32 0.231003
33 0.234271
34 0.23618
35 0.238887
36 0.240876
37 0.243414
38 0.245061
39 0.247146
40 0.249653
41 0.25202
42 0.254403
43 0.255624
44 0.258025
45 0.260473
46 0.261934
47 0.263822
48 0.26556
49 0.267165
50 0.269425
51 0.27107
52 0.273216
53 0.275543
54 0.277074
55 0.278456
56 0.279759
57 0.28175
58 0.283415
59 0.284782
60 0.286586
61 0.288438
62 0.289591
63 0.291123
64 0.293054
65 0.294955
66 0.295864
67 0.296605
68 0.297824
69 0.300339
70 0.30119
71 0.30353
72 0.304608
73 0.305099
74 0.30685
75 0.30843
76 0.30936
77 0.31148
78 0.313142
79 0.313721
80 0.315114
81 0.316198
82 0.317511
83 0.318536
84 0.32064
85 0.320784
86 0.322831
87 0.323659
88 0.325043
89 0.326241
90 0.327893
91 0.328772
92 0.330029
93 0.331299
94 0.333298
95 0.33426
96 0.334876
97 0.335944
98 0.336722
99 0.338153
100 0.339522
101 0.340367
102 0.342001
103 0.342986
104 0.343623
105 0.345215
106 0.345742
107 0.346693
108 0.347774
109 0.348706
110 0.350286
111 0.351167
112 0.352791
113 0.353233
114 0.353214
115 0.354924
116 0.355202
117 0.356082
118 0.357877
119 0.358854
120 0.360582
121 0.360143
122 0.361839
123 0.36254
124 0.363019
125 0.364608
126 0.364991
127 0.36629
128 0.366272
129 0.367626
130 0.369079
131 0.369436
132 0.370654
133 0.371758
134 0.372603
135 0.372749
136 0.374008
137 0.375396
138 0.375702
139 0.377193
140 0.37774
141 0.378641
142 0.378714
143 0.379831
144 0.38093
145 0.381278
146 0.382568
147 0.383348
148 0.383398
149 0.38489
150 0.385216
151 0.386264
152 0.386978
153 0.387769
154 0.388392
155 0.389585
156 0.390629
157 0.39073
158 0.391628
159 0.392308
160 0.392727
161 0.393892
162 0.394901
163 0.395419
164 0.396276
165 0.396728
166 0.397399
167 0.398197
168 0.39881
169 0.399948
170 0.400723
171 0.400853
172 0.402448
173 0.402753
174 0.40303
175 0.40343
176 0.404093
177 0.405205
178 0.405704
179 0.406507
180 0.407273
181 0.408618
182 0.408555
183 0.409449
184 0.40954
185 0.410152
186 0.411221
187 0.411996
188 0.412935
189 0.41434
190 0.41347
191 0.414419
192 0.414551
193 0.415849
194 0.416097
195 0.416862
196 0.417442
197 0.418267
198 0.419057
199 0.419252
200 0.42
201 0.420888
202 0.4214
203 0.421488
204 0.422212
205 0.423143
206 0.423883
207 0.424558
208 0.425295
209 0.426203
210 0.425794
211 0.426642
212 0.427582
213 0.42715
214 0.428739
215 0.429195
216 0.429373
217 0.43083
218 0.430794
219 0.431081
220 0.43254
221 0.432572
222 0.433336
223 0.433638
224 0.433878
225 0.435066
226 0.435363
227 0.436182
228 0.436026
229 0.436969
230 0.437425
231 0.438486
232 0.438427
233 0.439733
234 0.439962
235 0.44042
236 0.440265
237 0.441292
238 0.441346
239 0.442628
240 0.442412
241 0.443709
242 0.443939
243 0.444765
244 0.444514
245 0.445977
246 0.445989
247 0.446345
248 0.447218
249 0.446782
250 0.448004
251 0.448728
252 0.448473
253 0.448866
254 0.449791
255 0.449707
256 0.450704
257 0.450529
258 0.451476
259 0.45216
260 0.452512
261 0.453722
262 0.453647
263 0.45394
264 0.454733
265 0.454717
266 0.456241
267 0.456314
268 0.456814
269 0.45665
270 0.457631
271 0.457801
272 0.457744
273 0.459081
274 0.459623
275 0.460336
276 0.460678
277 0.460305
278 0.461226
279 0.462427
280 0.461988
281 0.462223
282 0.463468
283 0.464183
284 0.463482
285 0.464579
286 0.464652
287 0.465154
288 0.46583
289 0.466097
290 0.466836
291 0.466865
292 0.467436
293 0.467869
294 0.468328
295 0.468822
296 0.468827
297 0.469444
298 0.470258
299 0.470657
300 0.470881
