1 0
2 0
3 0
4 0.0526316
5 0.0789474
6 0.0757576
7 0.0909091
8 0.0941176
9 0.0862745
10 0.0931507
11 0.0919765
12 0.0880231
13 0.0844156
14 0.0880399
15 0.0839793
16 0.0858896
17 0.0809816
18 0.079602
19 0.0792402
20 0.07789
21 0.0744482
22 0.0745517
23 0.0730636
24 0.0723848
25 0.0705047
26 0.0704639
27 0.0674664
28 0.0672791
29 0.0663525
30 0.0649123
31 0.0641125
32 0.0626714
33 0.0610586
34 0.0605758
35 0.0599303
36 0.0587707
37 0.0575016
38 0.0573034
39 0.0563938
40 0.0556706
41 0.0549484
42 0.0538244
43 0.0531088
44 0.052727
45 0.0517305
46 0.0511709
47 0.0504857
48 0.0497602
49 0.0490242
50 0.0485076
51 0.047934
52 0.0472575
53 0.046542
54 0.0459903
55 0.0454652
56 0.0449365
57 0.0442437
58 0.0437688
59 0.0433236
60 0.0427524
61 0.0422475
62 0.0417483
63 0.041259
64 0.0409018
65 0.0403781
66 0.0399185
67 0.0394293
68 0.039106
69 0.0386217
70 0.0381871
71 0.0378027
72 0.037401
73 0.0369999
74 0.0365722
75 0.0361892
76 0.0358572
77 0.0354104
78 0.035072
79 0.0347372
80 0.0343933
81 0.0339998
82 0.0336791
83 0.0333412
84 0.0330277
85 0.032653
86 0.0323798
87 0.0320204
88 0.0316809
89 0.0313846
90 0.0310459
91 0.0307849
92 0.0304915
93 0.0301834
94 0.0299155
95 0.0296237
96 0.0293365
97 0.0290176
98 0.02878
99 0.0285261
100 0.0282584
