1 0
2 0.499451
3 0
4 0.166667
5 0
6 0.083153
7 0
8 0.10193
9 0.05916
10 0.051708
11 0.103202
12 0.066684
13 0.06739
14 0.101457
15 0.058044
16 0.100854
17 0.089124
18 0.066424
19 0.090163
20 0.075556
21 0.072552
22 0.071305
23 0.091213
24 0.081771
25 0.069067
26 0.100256
27 0.061619
28 0.107026
29 0.082542
30 0.083224
31 0.060627
32 0.091637
33 0.068734
34 0.077134
35 0.064869
36 0.082728
37 0.065978
38 0.082015
39 0.071567
40 0.086107
41 0.06602
42 0.069442
43 0.079382
44 0.068042
45 0.069919
46 0.075555
47 0.060359
48 0.080913
49 0.056647
50 0.073413
51 0.072617
52 0.065565
53 0.063782
54 0.069286
55 0.064267
56 0.071346
57 0.062543
58 0.065464
59 0.066329
60 0.063582
61 0.061004
62 0.070215
63 0.0764
64 0.064743
65 0.070419
66 0.065724
67 0.067552
68 0.065208
69 0.064273
70 0.062826
71 0.065222
72 0.062741
73 0.060924
74 0.066329
75 0.060335
76 0.06927
77 0.068526
78 0.071119
79 0.063196
80 0.062495
81 0.0615
82 0.068005
83 0.056568
84 0.063535
85 0.058474
86 0.063122
87 0.059008
88 0.070511
89 0.059748
90 0.062341
91 0.060486
92 0.057976
93 0.056538
94 0.061104
95 0.057977
96 0.057198
97 0.068556
98 0.060661
99 0.060398
100 0.055164
