1 0
2 0.249725
3 0.166529
4 0.166532
5 0.133328
6 0.12494
7 0.106956
8 0.106422
9 0.0969732
10 0.0925387
11 0.0932417
12 0.0930269
13 0.0912615
14 0.0914331
15 0.0858827
16 0.0865034
17 0.0855901
18 0.0939729
19 0.0912158
20 0.0880957
21 0.0855837
22 0.0847389
23 0.086156
24 0.0853343
25 0.0836448
26 0.083826
27 0.0819283
28 0.0822701
29 0.0812881
30 0.0830505
31 0.0810846
32 0.0815977
33 0.0811138
34 0.0799545
35 0.0792083
36 0.0791116
37 0.0791035
38 0.0787676
39 0.0788223
40 0.0782933
41 0.0775317
42 0.0770078
43 0.0777191
44 0.0774174
45 0.0765794
46 0.0759743
47 0.0754622
48 0.0754762
49 0.0749101
50 0.0744039
51 0.0740584
52 0.0738248
53 0.0734092
54 0.0732555
55 0.0726586
56 0.0728703
57 0.0720157
58 0.0715329
59 0.072261
60 0.0717249
61 0.0714505
62 0.0709878
63 0.0707928
64 0.0705585
65 0.070245
66 0.0700126
67 0.0699082
68 0.0699351
69 0.0699712
70 0.0695735
71 0.0702581
72 0.0710877
73 0.0711264
74 0.0707273
75 0.070366
76 0.0707869
77 0.0707908
78 0.0705419
79 0.0704264
80 0.0702133
81 0.07013
82 0.0702964
83 0.0698544
84 0.0696431
85 0.0701944
86 0.069916
87 0.0696375
88 0.0694709
89 0.069488
90 0.0690192
91 0.0689021
92 0.0685907
93 0.0689477
94 0.0688728
95 0.0685488
96 0.0684106
97 0.0688624
98 0.0686192
99 0.0686397
100 0.0682605
