1 0
2 0.249715
3 0.416377
4 0.312284
5 0.303194
6 0.341254
7 0.365184
8 0.384184
9 0.397222
10 0.39405
11 0.387617
12 0.391895
13 0.393061
14 0.40413
15 0.410248
16 0.407125
17 0.408326
18 0.411133
19 0.414921
20 0.41746
21 0.41888
22 0.419826
23 0.42055
24 0.421297
25 0.421993
26 0.422651
27 0.423153
28 0.423426
29 0.42559
30 0.425547
31 0.425321
32 0.425446
33 0.426046
34 0.426676
35 0.426514
36 0.426719
37 0.427435
38 0.428202
39 0.428866
40 0.429511
41 0.42944
42 0.429852
43 0.42995
44 0.430043
45 0.430301
46 0.430642
47 0.430752
48 0.43123
49 0.431651
50 0.431975
51 0.432086
52 0.43234
53 0.432534
54 0.432715
55 0.432997
56 0.433251
57 0.433283
58 0.433484
59 0.433541
60 0.433808
61 0.434089
62 0.434247
63 0.4345
64 0.434513
65 0.434377
66 0.434002
67 0.434145
68 0.433899
69 0.434024
70 0.434045
71 0.433904
72 0.433692
73 0.433699
74 0.433792
75 0.433695
76 0.433675
77 0.433622
78 0.433627
79 0.433577
80 0.433494
81 0.433691
82 0.43343
83 0.43356
84 0.433547
85 0.433419
86 0.433418
87 0.433413
88 0.433349
89 0.433187
90 0.433396
91 0.433245
92 0.433195
93 0.433186
94 0.433094
95 0.433037
96 0.433004
97 0.432936
98 0.43292
99 0.432794
100 0.432787
