1 0
2 0.499431
3 0.749587
4 0
5 0.266265
6 0.531624
7 0.50855
8 0.516323
9 0.503773
10 0.364285
11 0.439338
12 0.501456
13 0.4046
14 0.552433
15 0.494162
16 0.415432
17 0.449749
18 0.485126
19 0.483738
20 0.475779
21 0.467098
22 0.464265
23 0.44686
24 0.452077
25 0.438974
26 0.45574
27 0.480329
28 0.464917
29 0.487361
30 0.461666
31 0.449529
32 0.455065
33 0.453603
34 0.452731
35 0.446379
36 0.456908
37 0.460258
38 0.475524
39 0.465544
40 0.465422
41 0.452927
42 0.450084
43 0.449495
44 0.445164
45 0.446848
46 0.456962
47 0.454201
48 0.460494
49 0.457736
50 0.454014
51 0.45307
52 0.452129
53 0.452895
54 0.451484
55 0.449213
56 0.452051
57 0.448345
58 0.449604
59 0.449711
60 0.452848
61 0.450578
62 0.449234
63 0.455037
64 0.450621
65 0.447189
66 0.449189
67 0.442
68 0.443701
69 0.444694
70 0.445713
71 0.443809
72 0.441707
73 0.442646
74 0.444564
75 0.442055
76 0.441219
77 0.441912
78 0.440111
79 0.442119
80 0.441312
81 0.441483
82 0.438752
83 0.438927
84 0.439852
85 0.438917
86 0.437571
87 0.438893
88 0.435676
89 0.437093
90 0.437943
91 0.435336
92 0.434412
93 0.434483
94 0.433869
95 0.434636
96 0.43593
97 0.432312
98 0.430511
99 0.431778
100 0.430146
