1 0
2 0.166464
3 0.147041
4 0.212443
5 0.210571
6 0.224452
7 0.219503
8 0.229255
9 0.226842
10 0.233494
11 0.230453
12 0.234661
13 0.232446
14 0.234019
15 0.232339
16 0.233502
17 0.232062
18 0.231796
19 0.230499
20 0.23055
21 0.229539
22 0.228799
23 0.227807
24 0.22731
25 0.226934
26 0.227125
27 0.226214
28 0.225712
29 0.225433
30 0.224934
31 0.224017
32 0.223153
33 0.222955
34 0.222728
35 0.22181
36 0.221343
37 0.220677
38 0.220108
39 0.219336
40 0.21881
41 0.218081
42 0.217515
43 0.21697
44 0.216498
45 0.215852
46 0.215344
47 0.214591
48 0.214091
49 0.213564
50 0.213064
51 0.21254
52 0.212046
53 0.21113
54 0.210893
55 0.210321
56 0.209659
57 0.209305
58 0.208716
59 0.208469
60 0.207884
61 0.208057
62 0.207908
63 0.207304
64 0.206966
65 0.206643
66 0.206318
67 0.20602
68 0.20578
69 0.205201
70 0.204673
71 0.204251
72 0.204152
73 0.203918
74 0.203407
75 0.20319
76 0.202748
77 0.202141
78 0.201766
79 0.201488
80 0.200989
81 0.200801
82 0.20063
83 0.200009
84 0.199684
85 0.199205
86 0.198674
87 0.19822
88 0.198132
89 0.197845
90 0.197469
91 0.197061
92 0.197065
93 0.196665
94 0.196223
95 0.19573
96 0.195261
97 0.195073
98 0.194574
99 0.194363
100 0.194011
