1 0
2 0.332927
3 0.108179
4 0.291107
5 0.203605
6 0.271541
7 0.189381
8 0.259475
9 0.208431
10 0.250811
11 0.20217
12 0.245468
13 0.208594
14 0.230175
15 0.204067
16 0.225581
17 0.206825
18 0.212833
19 0.198998
20 0.215059
21 0.197945
22 0.209329
23 0.195009
24 0.201993
25 0.193885
26 0.201672
27 0.18898
28 0.194421
29 0.187037
30 0.192383
31 0.185653
32 0.190812
33 0.181005
34 0.188045
35 0.180293
36 0.182052
37 0.179785
38 0.180015
39 0.176201
40 0.181054
41 0.174533
42 0.177037
43 0.171274
44 0.175612
45 0.16932
46 0.174972
47 0.169329
48 0.169151
49 0.167501
50 0.168173
51 0.165045
52 0.168215
53 0.163065
54 0.164476
55 0.16311
56 0.164403
57 0.159316
58 0.161469
59 0.159477
60 0.159375
61 0.158035
62 0.159347
63 0.154351
64 0.156888
65 0.154764
66 0.155265
67 0.153414
68 0.153918
69 0.150677
70 0.153159
71 0.150222
72 0.150142
73 0.148867
74 0.151274
75 0.148239
76 0.149079
77 0.146538
78 0.146454
79 0.146423
80 0.146978
81 0.144503
82 0.1459
83 0.143231
84 0.144494
85 0.142613
86 0.143086
87 0.140616
88 0.141799
89 0.140929
90 0.140575
91 0.140065
92 0.139631
93 0.137978
94 0.138956
95 0.138192
96 0.137919
97 0.137354
98 0.136639
99 0.135147
100 0.136758
