1 0.067107
2 0.067317
3 0.066841
4 0.06675
5 0.066198
6 0.066915
7 0.066253
8 0.06651
9 0.066532
10 0.066433
11 0.066141
12 0.066968
13 0.066612
14 0.066921
15 0.066502
16 0.132082
17 0.130993
18 0.129298
19 0.127642
20 0.122588
21 0.11212
22 0.096809
23 0.080675
24 0.065566
25 0.054258
26 0.047907
27 0.044179
28 0.042297
29 0.040744
30 0.040794
31 0.050742
32 0.100208
33 0.11945
34 0.118539
35 0.107504
36 0.104139
37 0.109257
38 0.120057
39 0.132921
40 0.142811
41 0.145894
42 0.142223
43 0.136333
44 0.126543
45 0.115913
46 0.104822
47 0.094508
48 0.085633
49 0.07846
50 0.062577
51 0.059781
52 0.059161
53 0.061341
54 0.065612
55 0.074145
56 0.085991
57 0.099491
58 0.108941
59 0.118904
60 0.127051
61 0.134655
62 0.139027
63 0.142499
64 0.144973
65 0.14403
66 0.142792
67 0.139397
68 0.134243
69 0.128363
70 0.122246
71 0.114937
72 0.108155
73 0.101567
74 0.096272
75 0.092399
76 0.088729
77 0.088095
78 0.089528
79 0.092224
80 0.096577
81 0.091886
82 0.099851
83 0.100196
84 0.109774
85 0.119001
86 0.128403
87 0.135596
88 0.140674
89 0.144426
90 0.141687
91 0.142353
92 0.140547
93 0.139866
94 0.138536
95 0.136045
96 0.132324
97 0.130606
98 0.129135
99 0.125965
100 0.125383
101 0.12103
102 0.121352
103 0.121522
104 0.121947
105 0.11961
106 0.121926
107 0.115861
108 0.119743
109 0.121466
110 0.125135
111 0.128601
112 0.125291
113 0.128101
114 0.1302
115 0.132872
116 0.134107
117 0.136276
118 0.137358
119 0.137991
120 0.139831
121 0.140757
122 0.140532
123 0.141248
124 0.139942
125 0.133047
126 0.132902
127 0.129623
128 0.13128
129 0.132453
130 0.134928
131 0.131133
132 0.130318
133 0.130744
134 0.131391
135 0.133544
136 0.132032
137 0.131702
138 0.133011
139 0.134805
140 0.134689
141 0.133166
142 0.134979
143 0.136247
144 0.136293
145 0.134439
146 0.133922
147 0.136835
148 0.139121
149 0.137126
150 0.139171
151 0.140309
152 0.14057
153 0.139945
154 0.140774
155 0.14114
156 0.14164
157 0.141751
158 0.143642
159 0.143366
160 0.143612
161 0.14378
162 0.14481
163 0.145781
164 0.146312
165 0.146624
166 0.144437
167 0.144704
168 0.143619
169 0.143554
170 0.143595
171 0.144898
172 0.14555
173 0.146406
174 0.146547
175 0.146382
176 0.144976
177 0.144901
178 0.144652
179 0.145339
180 0.145027
181 0.145725
182 0.147035
183 0.146142
184 0.147081
185 0.148072
186 0.148768
187 0.14821
188 0.148034
189 0.148106
190 0.149019
191 0.148457
192 0.148873
193 0.148961
194 0.149707
195 0.14971
196 0.150869
197 0.152636
198 0.152686
199 0.153478
200 0.153955
201 0.15446
202 0.153629
203 0.154093
204 0.155776
205 0.156905
206 0.156985
207 0.156553
208 0.156134
209 0.156426
210 0.157401
211 0.157024
212 0.156997
213 0.156831
214 0.156947
215 0.158871
216 0.159202
217 0.159871
218 0.160133
219 0.159161
220 0.158778
221 0.15898
222 0.158909
223 0.158524
224 0.158867
225 0.158914
226 0.159838
227 0.160406
228 0.160871
229 0.161846
230 0.162066
231 0.161812
232 0.161384
233 0.160313
234 0.159298
235 0.160823
236 0.162039
237 0.162
238 0.162347
239 0.163735
240 0.164168
241 0.166125
242 0.166431
243 0.165576
244 0.163955
245 0.163674
246 0.163171
247 0.163259
248 0.163907
249 0.164574
250 0.165736
251 0.165841
252 0.167466
253 0.16859
254 0.168599
255 0.168574
256 0.170137
257 0.170236
258 0.170263
259 0.170731
260 0.17058
261 0.170162
262 0.170095
263 0.170183
264 0.169919
265 0.170889
266 0.170301
267 0.171235
268 0.171275
269 0.170889
270 0.170085
271 0.170106
272 0.169908
273 0.170832
274 0.172191
275 0.173174
276 0.173593
277 0.173042
278 0.173667
279 0.174893
280 0.175853
281 0.176752
282 0.176027
283 0.176239
284 0.176524
285 0.175824
286 0.175931
287 0.175269
288 0.175829
289 0.176246
290 0.177288
291 0.17777
292 0.177732
293 0.177948
294 0.178562
295 0.179308
296 0.178761
297 0.178304
298 0.177929
299 0.178987
300 0.178992
