1 0.067107
2 0.067212
3 0.0670883
4 0.0670038
5 0.0668426
6 0.0668547
7 0.0667687
8 0.0667364
9 0.0667137
10 0.0666856
11 0.0666361
12 0.0666637
13 0.0666598
14 0.0666784
15 0.0666667
16 0.0707551
17 0.0742985
18 0.0773541
19 0.0800008
20 0.0821302
21 0.0835582
22 0.0841605
23 0.084009
24 0.0832405
25 0.0820812
26 0.0807668
27 0.0794117
28 0.0780862
29 0.0767986
30 0.0755984
31 0.0747966
32 0.0755907
33 0.0769198
34 0.0781439
35 0.0789827
36 0.0796815
37 0.0804808
38 0.0815223
39 0.0828402
40 0.0843395
41 0.0858408
42 0.0871833
43 0.0883263
44 0.0891948
45 0.0897886
46 0.0901154
47 0.0902089
48 0.0901135
49 0.0898757
50 0.0893297
51 0.0887503
52 0.0881813
53 0.0876749
54 0.0872663
55 0.0870277
56 0.0870092
57 0.0872282
58 0.0876026
59 0.0881331
60 0.0887817
61 0.0895338
62 0.090332
63 0.0911601
64 0.0920009
65 0.0928014
66 0.0935588
67 0.0942429
68 0.0948312
69 0.0953171
70 0.0957018
71 0.0959728
72 0.096142
73 0.0962163
74 0.096217
75 0.0961661
76 0.0960683
77 0.0959647
78 0.0958822
79 0.0958359
80 0.0958451
81 0.0957963
82 0.0958457
83 0.0958981
84 0.0960633
85 0.0963332
86 0.0967061
87 0.0971531
88 0.0976476
89 0.0981732
90 0.0986567
91 0.0991369
92 0.099587
93 0.10002
94 0.10043
95 0.100805
96 0.101133
97 0.101437
98 0.10172
99 0.101964
100 0.102199
101 0.102385
102 0.102571
103 0.102755
104 0.10294
105 0.103098
106 0.103276
107 0.103394
108 0.103545
109 0.103709
110 0.103904
111 0.104127
112 0.104316
113 0.104526
114 0.104751
115 0.104996
116 0.105247
117 0.105512
118 0.105782
119 0.106053
120 0.106334
121 0.106619
122 0.106897
123 0.107176
124 0.10744
125 0.107645
126 0.107845
127 0.108017
128 0.108199
129 0.108387
130 0.108591
131 0.108763
132 0.108926
133 0.10909
134 0.109257
135 0.109437
136 0.109603
137 0.109764
138 0.109932
139 0.110111
140 0.110287
141 0.110449
142 0.110622
143 0.110801
144 0.110978
145 0.11114
146 0.111296
147 0.11147
148 0.111657
149 0.111827
150 0.11201
151 0.112197
152 0.112384
153 0.112564
154 0.112747
155 0.11293
156 0.113114
157 0.113297
158 0.113489
159 0.113677
160 0.113864
161 0.11405
162 0.11424
163 0.114433
164 0.114627
165 0.114821
166 0.115
167 0.115178
168 0.115347
169 0.115514
170 0.115679
171 0.11585
172 0.116023
173 0.116198
174 0.116373
175 0.116544
176 0.116706
177 0.116865
178 0.117021
179 0.117179
180 0.117334
181 0.117491
182 0.117653
183 0.117809
184 0.117968
185 0.118131
186 0.118295
187 0.118455
188 0.118613
189 0.118769
190 0.118928
191 0.119083
192 0.119238
193 0.119392
194 0.119548
195 0.119703
196 0.119862
197 0.120028
198 0.120193
199 0.12036
200 0.120528
201 0.120697
202 0.12086
203 0.121024
204 0.121194
205 0.121368
206 0.121541
207 0.12171
208 0.121876
209 0.122041
210 0.12221
211 0.122374
212 0.122538
213 0.122699
214 0.122859
215 0.123026
216 0.123194
217 0.123363
218 0.123532
219 0.123694
220 0.123854
221 0.124013
222 0.12417
223 0.124324
224 0.124478
225 0.124631
226 0.124787
227 0.124944
228 0.125101
229 0.125262
230 0.125422
231 0.125579
232 0.125734
233 0.125882
234 0.126025
235 0.126173
236 0.126325
237 0.126476
238 0.126626
239 0.126782
240 0.126937
241 0.1271
242 0.127262
243 0.12742
244 0.12757
245 0.127717
246 0.127861
247 0.128005
248 0.128149
249 0.128296
250 0.128445
251 0.128594
252 0.128749
253 0.128906
254 0.129062
255 0.129217
256 0.129377
257 0.129536
258 0.129694
259 0.129852
260 0.130009
261 0.130163
262 0.130315
263 0.130467
264 0.130616
265 0.130768
266 0.130917
267 0.131068
268 0.131218
269 0.131366
270 0.131509
271 0.131651
272 0.131792
273 0.131935
274 0.132082
275 0.132231
276 0.132381
277 0.132528
278 0.132676
279 0.132827
280 0.132981
281 0.133137
282 0.133289
283 0.133441
284 0.133592
285 0.13374
286 0.133888
287 0.134032
288 0.134177
289 0.134323
290 0.134471
291 0.13462
292 0.134767
293 0.134915
294 0.135063
295 0.135213
296 0.13536
297 0.135505
298 0.135647
299 0.135792
300 0.135936
