1 0.45841
2 0.458399
3 0.458267
4 0.458332
5 0.458052
6 0.458368
7 0.458236
8 0.458187
9 0.458367
10 0.458143
11 0.458437
12 0.458587
13 0.458087
14 0.458236
15 0.457923
16 0.480731
17 0.480756
18 0.480066
19 0.47878
20 0.477043
21 0.473825
22 0.46908
23 0.462966
24 0.457386
25 0.452928
26 0.449479
27 0.447642
28 0.446511
29 0.445545
30 0.445464
31 0.450735
32 0.466708
33 0.474873
34 0.477043
35 0.475963
36 0.474934
37 0.475502
38 0.477516
39 0.479329
40 0.481037
41 0.481077
42 0.479956
43 0.477895
44 0.474898
45 0.471345
46 0.467532
47 0.464382
48 0.461508
49 0.459757
50 0.454758
51 0.45505
52 0.455793
53 0.457134
54 0.459889
55 0.46329
56 0.467252
57 0.471653
58 0.474332
59 0.476735
60 0.478601
61 0.48078
62 0.481362
63 0.482125
64 0.482417
65 0.482301
66 0.48206
67 0.481099
68 0.480329
69 0.47909
70 0.477383
71 0.475541
72 0.473669
73 0.471956
74 0.470165
75 0.468761
76 0.467258
77 0.466569
78 0.466073
79 0.466421
80 0.467075
81 0.461749
82 0.464373
83 0.465082
84 0.468376
85 0.471689
86 0.475139
87 0.477987
88 0.480029
89 0.48151
90 0.481512
91 0.481693
92 0.481829
93 0.481304
94 0.481115
95 0.480107
96 0.47946
97 0.47871
98 0.478039
99 0.477376
100 0.476412
101 0.47548
102 0.475241
103 0.474864
104 0.474276
105 0.473369
106 0.473958
107 0.471717
108 0.472711
109 0.473518
110 0.474148
111 0.475124
112 0.474774
113 0.4754
114 0.475972
115 0.476256
116 0.477104
117 0.477497
118 0.477696
119 0.478211
120 0.478461
121 0.478462
122 0.478491
123 0.478789
124 0.478509
125 0.477403
126 0.477358
127 0.476602
128 0.476721
129 0.47725
130 0.477454
131 0.476067
132 0.4756
133 0.475619
134 0.475856
135 0.476145
136 0.476587
137 0.476473
138 0.476729
139 0.477403
140 0.477281
141 0.477125
142 0.477571
143 0.477636
144 0.477751
145 0.477293
146 0.476671
147 0.477185
148 0.477628
149 0.477026
150 0.477734
151 0.478167
152 0.477788
153 0.47766
154 0.477643
155 0.478056
156 0.478126
157 0.47836
158 0.479015
159 0.47939
160 0.479656
161 0.479866
162 0.479886
163 0.480133
164 0.480071
165 0.480094
166 0.479479
167 0.479381
168 0.47902
169 0.479339
170 0.479476
171 0.479743
172 0.479727
173 0.479971
174 0.479698
175 0.479125
176 0.478796
177 0.479039
178 0.47919
179 0.479386
180 0.47905
181 0.479278
182 0.479446
183 0.479054
184 0.478929
185 0.479427
186 0.479809
187 0.479698
188 0.479771
189 0.479588
190 0.479773
191 0.479568
192 0.478927
193 0.478546
194 0.479339
195 0.479622
196 0.479831
197 0.480424
198 0.480735
199 0.480963
200 0.480617
201 0.480693
202 0.480799
203 0.480946
204 0.481232
205 0.481181
206 0.481262
207 0.481345
208 0.481439
209 0.481635
210 0.481347
211 0.481553
212 0.481565
213 0.481385
214 0.481489
215 0.482174
216 0.481792
217 0.481872
218 0.481809
219 0.481433
220 0.481678
221 0.481691
222 0.481525
223 0.481711
224 0.482016
225 0.481612
226 0.48173
227 0.481909
228 0.481965
229 0.482136
230 0.482442
231 0.481889
232 0.48178
233 0.481515
234 0.481253
235 0.481524
236 0.481782
237 0.481949
238 0.482213
239 0.482461
240 0.482414
241 0.482679
242 0.481962
243 0.481479
244 0.481503
245 0.481909
246 0.482029
247 0.482252
248 0.482235
249 0.482561
250 0.482789
251 0.482865
252 0.482999
253 0.483099
254 0.483219
255 0.483226
256 0.483291
257 0.483352
258 0.483249
259 0.483018
260 0.482945
261 0.483125
262 0.483393
263 0.483229
264 0.483237
265 0.483296
266 0.483393
267 0.483655
268 0.483566
269 0.483606
270 0.483208
271 0.482843
272 0.48277
273 0.483033
274 0.48325
275 0.483632
276 0.483835
277 0.483599
278 0.483718
279 0.48393
280 0.483783
281 0.484123
282 0.48411
283 0.483737
284 0.483923
285 0.48415
286 0.48399
287 0.484111
288 0.483825
289 0.484012
290 0.484176
291 0.484135
292 0.484198
293 0.484287
294 0.484352
295 0.484593
296 0.484182
297 0.484295
298 0.484398
299 0.484259
300 0.484345
