1 0.300349
2 0.300323
3 0.300021
4 0.300169
5 0.29953
6 0.300252
7 0.29995
8 0.299838
9 0.30025
10 0.299736
11 0.300412
12 0.300755
13 0.299609
14 0.299949
15 0.299235
16 0.36253
17 0.362616
18 0.360226
19 0.355882
20 0.350232
21 0.340343
22 0.326897
23 0.311153
24 0.298013
25 0.288206
26 0.280982
27 0.277251
28 0.274992
29 0.273087
30 0.272928
31 0.283578
32 0.3206
33 0.343489
34 0.350231
35 0.346836
36 0.343672
37 0.34541
38 0.351747
39 0.357718
40 0.363606
41 0.363747
42 0.359849
43 0.352973
44 0.343564
45 0.333165
46 0.322759
47 0.314664
48 0.307618
49 0.30347
50 0.292164
51 0.292805
52 0.294445
53 0.297444
54 0.30378
55 0.311951
56 0.322022
57 0.334038
58 0.341855
59 0.349254
60 0.355288
61 0.3627
62 0.364755
63 0.367501
64 0.368569
65 0.368144
66 0.367266
67 0.363824
68 0.361131
69 0.356917
70 0.351321
71 0.345529
72 0.339881
73 0.3349
74 0.329866
75 0.326037
76 0.322038
77 0.32024
78 0.318959
79 0.319855
80 0.321559
81 0.308197
82 0.314642
83 0.316426
84 0.325003
85 0.334139
86 0.344297
87 0.353273
88 0.360097
89 0.365282
90 0.365292
91 0.365938
92 0.366429
93 0.364551
94 0.363878
95 0.360365
96 0.358162
97 0.355651
98 0.353443
99 0.351298
100 0.348238
101 0.345343
102 0.344608
103 0.34346
104 0.341688
105 0.338997
106 0.340739
107 0.334219
108 0.337074
109 0.339434
110 0.341306
111 0.344253
112 0.343188
113 0.345095
114 0.346862
115 0.347749
116 0.350427
117 0.351685
118 0.35233
119 0.354005
120 0.354827
121 0.354828
122 0.354925
123 0.355913
124 0.354985
125 0.351384
126 0.351239
127 0.348835
128 0.349211
129 0.350894
130 0.351548
131 0.347159
132 0.34571
133 0.34577
134 0.346504
135 0.347403
136 0.348788
137 0.348428
138 0.349235
139 0.351384
140 0.350994
141 0.350493
142 0.351925
143 0.352135
144 0.352505
145 0.351032
146 0.349054
147 0.350687
148 0.35211
149 0.350179
150 0.352451
151 0.353862
152 0.352626
153 0.352212
154 0.352158
155 0.353497
156 0.353728
157 0.354494
158 0.356666
159 0.357923
160 0.358825
161 0.35954
162 0.359609
163 0.360455
164 0.360241
165 0.360321
166 0.358226
167 0.357895
168 0.356681
169 0.357752
170 0.358216
171 0.359119
172 0.359067
173 0.3599
174 0.358968
175 0.357032
176 0.355936
177 0.356744
178 0.35725
179 0.35791
180 0.356782
181 0.357547
182 0.358113
183 0.356794
184 0.356378
185 0.358048
186 0.359347
187 0.358966
188 0.359217
189 0.358595
190 0.359222
191 0.358527
192 0.356372
193 0.355106
194 0.357753
195 0.35871
196 0.359421
197 0.36146
198 0.362544
199 0.363345
200 0.36213
201 0.362398
202 0.362767
203 0.363283
204 0.364293
205 0.364114
206 0.364401
207 0.364694
208 0.365031
209 0.36573
210 0.364701
211 0.365436
212 0.36548
213 0.364837
214 0.365209
215 0.36768
216 0.366297
217 0.366586
218 0.366356
219 0.365008
220 0.365886
221 0.365933
222 0.365339
223 0.366003
224 0.367105
225 0.365649
226 0.366073
227 0.366718
228 0.36692
229 0.367542
230 0.368662
231 0.366647
232 0.366252
233 0.3653
234 0.364367
235 0.365334
236 0.36626
237 0.366861
238 0.367822
239 0.368729
240 0.368559
241 0.369534
242 0.366909
243 0.365174
244 0.365258
245 0.366718
246 0.367152
247 0.367963
248 0.367902
249 0.3691
250 0.369942
251 0.370226
252 0.370722
253 0.371098
254 0.371549
255 0.371576
256 0.371818
257 0.37205
258 0.371663
259 0.370795
260 0.370523
261 0.371195
262 0.372205
263 0.371586
264 0.371616
265 0.371839
266 0.372204
267 0.373202
268 0.37286
269 0.373014
270 0.371508
271 0.370143
272 0.36987
273 0.370852
274 0.371665
275 0.373114
276 0.373888
277 0.372986
278 0.373439
279 0.374254
280 0.373689
281 0.375
282 0.374947
283 0.373514
284 0.374226
285 0.375105
286 0.374484
287 0.374954
288 0.373851
289 0.374569
290 0.375204
291 0.375045
292 0.375291
293 0.375634
294 0.37589
295 0.376834
296 0.375226
297 0.375667
298 0.376067
299 0.375527
300 0.375863
