1 0
2 0
3 0
4 0
5 0
6 0.0194175
7 0.0204082
8 0.0344828
9 0.0423729
10 0.0489583
11 0.0557769
12 0.0624454
13 0.0666077
14 0.0697248
15 0.0718503
16 0.073153
17 0.073796
18 0.0742432
19 0.0744202
20 0.0741425
21 0.0741353
22 0.0738585
23 0.0737697
24 0.0734247
25 0.0729975
26 0.0725458
27 0.0721767
28 0.0717583
29 0.0712962
30 0.0708441
31 0.0702695
32 0.0697743
33 0.0692633
34 0.0687339
35 0.068206
36 0.0677279
37 0.0671708
38 0.0666711
39 0.0661309
40 0.0655889
41 0.0650583
42 0.0645664
43 0.0640345
44 0.0635683
45 0.0630623
46 0.0625973
47 0.0621082
48 0.0616558
49 0.0611807
50 0.0607269
51 0.0602707
52 0.0598185
53 0.0593695
54 0.0589326
55 0.0584883
56 0.0580702
57 0.0576433
58 0.0572277
59 0.0568118
60 0.0564045
61 0.0559926
62 0.0555969
63 0.0551943
64 0.0548016
65 0.0544048
66 0.0540242
67 0.0536326
68 0.0532575
69 0.0528752
70 0.0524985
71 0.0521246
72 0.0517629
73 0.0513954
74 0.0510402
75 0.050682
76 0.0503303
77 0.0499802
78 0.0496353
79 0.0492876
80 0.0489502
81 0.04861
82 0.048277
83 0.0479452
84 0.0476168
85 0.0472868
86 0.0469649
87 0.0466432
88 0.0463248
89 0.0460087
90 0.0456982
91 0.0453871
92 0.0450816
93 0.044778
94 0.0444766
95 0.0441774
96 0.0438823
97 0.0435873
98 0.0432972
99 0.043009
100 0.0427235
