2 0.150044
3 0.169634
4 0.221275
5 0.17733
6 0.180092
7 0.178107
8 0.170782
9 0.163543
10 0.192263
11 0.193261
12 0.191002
13 0.190517
14 0.204627
15 0.166159
16 0.174977
17 0.194008
18 0.19585
19 0.195947
20 0.201349
21 0.19
22 0.188468
23 0.183497
24 0.185782
25 0.18253
26 0.178423
27 0.179548
28 0.18165
29 0.180667
30 0.17696
31 0.178273
32 0.178557
33 0.176818
34 0.181516
35 0.180229
36 0.179082
37 0.179956
38 0.183921
39 0.183649
40 0.183926
41 0.186758
42 0.187984
43 0.189539
44 0.189966
45 0.192373
46 0.191811
47 0.193987
48 0.193811
49 0.194624
50 0.197434
51 0.199432
52 0.200752
53 0.200226
54 0.201991
55 0.202298
56 0.201747
57 0.203042
58 0.202274
59 0.204216
60 0.204454
61 0.205587
62 0.20742
63 0.207537
64 0.208252
65 0.209592
66 0.207809
67 0.208745
68 0.2094
69 0.210284
70 0.210148
71 0.211185
72 0.21128
73 0.212362
74 0.213867
75 0.21663
76 0.218612
77 0.218581
78 0.219445
79 0.219027
80 0.219138
81 0.219743
82 0.220095
83 0.219553
84 0.221171
85 0.221007
86 0.221135
87 0.221099
88 0.221884
89 0.222289
90 0.223212
91 0.222761
92 0.222445
93 0.224326
94 0.224622
95 0.225311
96 0.2257
97 0.226686
98 0.226882
99 0.227932
100 0.22899
