2 0.300088
3 0.209369
4 0.376251
6 0.194505
7 0.16753
8 0.118323
9 0.104319
10 0.262922
11 0.204774
12 0.178271
13 0.164198
14 0.255146
15 0.156679
16 0.19669
17 0.166777
18 0.156266
19 0.15206
20 0.142876
21 0.151836
22 0.134548
23 0.118571
24 0.146292
25 0.133072
26 0.102302
27 0.122309
28 0.141511
29 0.118942
30 0.117162
31 0.114136
32 0.110672
33 0.111071
34 0.122989
35 0.112823
36 0.097792
37 0.099172
38 0.118686
39 0.112955
40 0.105666
41 0.101448
42 0.117274
43 0.108692
44 0.097035
45 0.109856
46 0.110179
47 0.106946
48 0.10728
49 0.105262
50 0.106889
51 0.104536
52 0.106327
53 0.104338
54 0.108127
55 0.104386
56 0.100214
57 0.104016
58 0.107003
59 0.102625
60 0.106358
61 0.101792
62 0.108014
63 0.105887
64 0.10823
65 0.099449
66 0.097802
67 0.10268
68 0.098406
69 0.093498
70 0.099518
71 0.095725
72 0.099957
73 0.096952
74 0.099934
75 0.099195
76 0.095672
77 0.094984
78 0.103638
79 0.098097
80 0.093458
81 0.09129
82 0.090937
83 0.089332
84 0.097011
85 0.092567
86 0.09169
87 0.09016
88 0.095674
89 0.093011
90 0.094088
91 0.088622
92 0.090051
93 0.087377
94 0.088752
95 0.085728
96 0.088195
97 0.086324
98 0.083646
99 0.087873
100 0.085269
