1 0
2 0.166944
3 0.215758
4 0.24804
5 0.280823
6 0.299771
7 0.310116
8 0.315425
9 0.321174
10 0.324804
11 0.327074
12 0.329712
13 0.33095
14 0.333294
15 0.334147
16 0.335035
17 0.334789
18 0.335515
19 0.335415
20 0.33532
21 0.335186
22 0.334905
23 0.334612
24 0.334131
25 0.333577
26 0.332775
27 0.332337
28 0.331646
29 0.330837
30 0.330428
31 0.329991
32 0.329194
33 0.328896
34 0.32802
35 0.327851
36 0.326893
37 0.326106
38 0.325863
39 0.325185
40 0.32443
41 0.323674
42 0.323123
43 0.322454
44 0.321865
45 0.321051
46 0.320306
47 0.319721
48 0.319007
49 0.318366
50 0.317586
51 0.317011
52 0.316372
53 0.315625
54 0.314888
55 0.314357
56 0.313579
57 0.312862
58 0.312265
59 0.311605
60 0.310873
61 0.310239
62 0.30965
63 0.30907
64 0.30837
65 0.308022
66 0.307309
67 0.306836
68 0.306469
69 0.305724
70 0.305062
71 0.30456
72 0.304032
73 0.303547
74 0.302909
75 0.302459
76 0.301988
77 0.301699
78 0.301173
79 0.300637
80 0.300209
81 0.299882
82 0.299216
83 0.298496
84 0.298135
85 0.297657
86 0.29712
87 0.296515
88 0.296172
89 0.295634
90 0.295197
91 0.294624
92 0.294107
93 0.293873
94 0.293107
95 0.292602
96 0.292201
97 0.29171
98 0.29122
99 0.290667
100 0.290396
