1 0
2 0.333888
3 0.313595
4 0.297968
5 0.335167
6 0.345901
7 0.34726
8 0.335797
9 0.339057
10 0.338138
11 0.339491
12 0.337464
13 0.33511
14 0.334365
15 0.332231
16 0.329864
17 0.327113
18 0.326734
19 0.323534
20 0.322171
21 0.319399
22 0.317846
23 0.315381
24 0.315243
25 0.311802
26 0.310619
27 0.308436
28 0.307067
29 0.304336
30 0.30451
31 0.30081
32 0.299267
33 0.298426
34 0.296733
35 0.296064
36 0.293255
37 0.292226
38 0.290263
39 0.288256
40 0.287213
41 0.285342
42 0.283486
43 0.283019
44 0.281798
45 0.280134
46 0.278808
47 0.277121
48 0.275966
49 0.27523
50 0.274421
51 0.272527
52 0.270921
53 0.269747
54 0.269387
55 0.266176
56 0.266971
57 0.264656
58 0.264294
59 0.263379
60 0.261035
61 0.260105
62 0.258953
63 0.258048
64 0.256746
65 0.255947
66 0.255682
67 0.253901
68 0.25283
69 0.25226
70 0.251557
71 0.251173
72 0.249945
73 0.24847
74 0.247059
75 0.246214
76 0.245559
77 0.245276
78 0.244801
79 0.242883
80 0.241774
81 0.241558
82 0.240694
83 0.23953
84 0.238333
85 0.238472
86 0.237764
87 0.237218
88 0.235376
89 0.235172
90 0.23408
91 0.233926
92 0.232879
93 0.232125
94 0.23163
95 0.229606
96 0.230433
97 0.229082
98 0.228836
99 0.227202
100 0.226182
