1 0.458236
2 0.336811
3 0.283978
4 0.252977
5 0.23185
6 0.216718
7 0.205109
8 0.195881
9 0.187989
10 0.181852
11 0.176565
12 0.171903
13 0.167856
14 0.164488
15 0.161276
16 0.158623
17 0.156105
18 0.153849
19 0.15162
20 0.149639
21 0.148081
22 0.146593
23 0.145017
24 0.14375
25 0.142241
26 0.141346
27 0.140052
28 0.138954
29 0.137939
30 0.13701
31 0.136146
32 0.135321
33 0.134585
34 0.133667
35 0.132993
36 0.132296
37 0.131689
38 0.13116
39 0.130461
40 0.129977
41 0.129342
42 0.128709
43 0.128395
44 0.127785
45 0.127352
46 0.126866
47 0.126429
48 0.125946
49 0.125613
50 0.125218
51 0.12484
52 0.124424
53 0.124085
54 0.123679
55 0.123451
56 0.123048
57 0.122844
58 0.122455
59 0.122213
60 0.121965
61 0.12164
62 0.121252
63 0.121173
64 0.120903
65 0.120598
66 0.120365
67 0.120211
68 0.11984
69 0.119597
70 0.119436
71 0.119128
72 0.119064
73 0.118713
74 0.118481
75 0.118343
76 0.11826
77 0.118094
78 0.117849
79 0.117516
80 0.117452
81 0.117257
82 0.117156
83 0.117076
84 0.11688
85 0.116785
86 0.116468
87 0.116452
88 0.116073
89 0.115983
90 0.115941
91 0.115797
92 0.115497
93 0.11548
94 0.11541
95 0.115249
96 0.115108
97 0.114923
98 0.114936
99 0.114886
100 0.114732
101 0.114499
102 0.114512
103 0.11446
104 0.114183
105 0.114127
106 0.114023
107 0.113841
108 0.1138
109 0.113591
110 0.113556
111 0.113548
112 0.113429
113 0.113451
114 0.113238
115 0.113187
116 0.113114
117 0.112982
118 0.112894
119 0.11289
120 0.112791
121 0.112646
122 0.11273
123 0.112602
124 0.112437
125 0.112291
126 0.112281
127 0.112286
128 0.112112
129 0.111913
130 0.11206
131 0.111931
132 0.111858
133 0.111762
134 0.111677
135 0.111669
136 0.111616
137 0.111451
138 0.111441
139 0.111469
140 0.111284
141 0.111156
142 0.111253
143 0.111235
144 0.111131
145 0.111069
146 0.111
147 0.110907
148 0.110966
149 0.110778
150 0.110721
151 0.110679
152 0.110601
153 0.110604
154 0.110372
155 0.110487
156 0.110417
157 0.110299
158 0.110322
159 0.110241
160 0.110219
161 0.110286
162 0.110287
163 0.110104
164 0.110151
165 0.110064
166 0.109886
167 0.109945
168 0.110019
169 0.109912
170 0.109899
171 0.109803
172 0.109815
173 0.109783
174 0.109698
175 0.109619
176 0.109542
177 0.109539
178 0.109514
179 0.109526
180 0.10943
181 0.10937
182 0.109405
183 0.109427
184 0.109229
185 0.109216
186 0.109212
187 0.109097
188 0.109159
189 0.109154
190 0.109097
191 0.108885
192 0.109018
193 0.109082
194 0.108973
195 0.108914
196 0.108918
197 0.108903
198 0.108807
199 0.108819
200 0.108784
201 0.108651
202 0.1087
203 0.108728
204 0.108549
205 0.108655
206 0.108579
207 0.108691
208 0.108525
209 0.108595
210 0.108503
211 0.108433
212 0.10844
213 0.108477
214 0.108298
215 0.10836
216 0.108291
217 0.108346
218 0.108382
219 0.108232
220 0.108139
221 0.108241
222 0.108348
223 0.108136
224 0.108212
225 0.108171
226 0.108036
227 0.108079
228 0.107986
229 0.107901
230 0.107991
231 0.108019
232 0.107988
233 0.107913
234 0.107886
235 0.107942
236 0.107908
237 0.107782
238 0.107837
239 0.107832
240 0.107779
241 0.107724
242 0.107767
243 0.107727
244 0.107693
245 0.107783
246 0.107574
247 0.107672
248 0.107606
249 0.10767
250 0.107591
251 0.107434
252 0.107581
253 0.107619
254 0.107556
255 0.107507
256 0.107372
257 0.107435
258 0.107451
259 0.107439
260 0.107405
261 0.107346
262 0.107416
263 0.107398
264 0.107332
265 0.107347
266 0.107262
267 0.107328
268 0.107312
269 0.107168
270 0.107236
271 0.107194
272 0.107182
273 0.107265
274 0.107214
275 0.107158
276 0.107089
277 0.107192
278 0.107018
279 0.10709
280 0.106945
281 0.106961
282 0.106883
283 0.106849
284 0.106887
285 0.106889
286 0.106829
287 0.106754
288 0.106683
289 0.106684
290 0.106734
291 0.106594
292 0.106616
293 0.106427
294 0.106475
295 0.106541
296 0.106552
297 0.106506
298 0.106499
299 0.1065
300 0.106481
