1 0.29995
2 0.318733
3 0.331732
4 0.341436
5 0.349873
6 0.356633
7 0.36274
8 0.367854
9 0.37301
10 0.377673
11 0.380989
12 0.384622
13 0.388894
14 0.391685
15 0.393162
16 0.397196
17 0.399877
18 0.400931
19 0.403769
20 0.406472
21 0.407198
22 0.408637
23 0.410885
24 0.411728
25 0.413304
26 0.414987
27 0.416484
28 0.417483
29 0.419082
30 0.421005
31 0.421643
32 0.422855
33 0.424358
34 0.424851
35 0.425316
36 0.426298
37 0.42675
38 0.42695
39 0.429558
40 0.429286
41 0.429724
42 0.431357
43 0.431935
44 0.431735
45 0.432316
46 0.433407
47 0.433298
48 0.434063
49 0.434616
50 0.435631
51 0.43617
52 0.436402
53 0.437035
54 0.436819
55 0.438125
56 0.438343
57 0.439061
58 0.438718
59 0.439743
60 0.439114
61 0.439866
62 0.440486
63 0.44032
64 0.441099
65 0.442462
66 0.441761
67 0.442009
68 0.442764
69 0.442656
70 0.442833
71 0.442983
72 0.443241
73 0.443404
74 0.443896
75 0.443995
76 0.445266
77 0.44519
78 0.444888
79 0.443976
80 0.4455
81 0.445109
82 0.445552
83 0.445992
84 0.446191
85 0.445763
86 0.446465
87 0.446293
88 0.4471
89 0.446726
90 0.447254
91 0.447497
92 0.446834
93 0.447838
94 0.448065
95 0.447582
96 0.447741
97 0.448428
98 0.448108
99 0.448681
100 0.449595
101 0.449381
102 0.449784
103 0.449934
104 0.449054
105 0.448486
106 0.449965
107 0.44961
108 0.449205
109 0.450322
110 0.449792
111 0.450035
112 0.450289
113 0.450758
114 0.45058
115 0.450809
116 0.451055
117 0.4514
118 0.450013
119 0.451751
120 0.451087
121 0.450322
122 0.451757
123 0.451343
124 0.451818
125 0.451194
126 0.451024
127 0.452932
128 0.451687
129 0.452307
130 0.452259
131 0.45237
132 0.452054
133 0.453206
134 0.452858
135 0.453264
136 0.4521
137 0.451728
138 0.452137
139 0.452987
140 0.45239
141 0.452883
142 0.453431
143 0.453267
144 0.45342
145 0.454199
146 0.452327
147 0.453286
148 0.45388
149 0.453177
150 0.453208
151 0.453247
152 0.45435
153 0.45417
154 0.453033
155 0.45388
156 0.454235
157 0.454134
158 0.453693
159 0.453755
160 0.453901
161 0.454463
162 0.454375
163 0.45407
164 0.454366
165 0.454408
166 0.454986
167 0.454505
168 0.454771
169 0.454451
170 0.455006
171 0.454675
172 0.454295
173 0.454256
174 0.454352
175 0.454606
176 0.454118
177 0.454344
178 0.45461
179 0.455315
180 0.454851
181 0.45578
182 0.45484
183 0.454676
184 0.455191
185 0.454408
186 0.455124
187 0.455788
188 0.454936
189 0.455828
190 0.455478
191 0.455443
192 0.455789
193 0.455243
194 0.455329
195 0.455811
196 0.454933
197 0.456196
198 0.456231
199 0.45542
200 0.455487
201 0.456279
202 0.455923
203 0.455662
204 0.456598
205 0.454953
206 0.455196
207 0.457252
208 0.456364
209 0.456297
210 0.45623
211 0.456106
212 0.456084
213 0.4562
214 0.456809
215 0.455318
216 0.456266
217 0.456082
218 0.456406
219 0.45657
220 0.456242
221 0.456707
222 0.456207
223 0.456996
224 0.456888
225 0.455976
226 0.455959
227 0.456667
228 0.457468
229 0.456046
230 0.456774
231 0.456917
232 0.456816
233 0.45687
234 0.456792
235 0.456511
236 0.456726
237 0.456986
238 0.456605
239 0.456786
240 0.45788
241 0.457106
242 0.456659
243 0.45755
244 0.4575
245 0.457538
246 0.457521
247 0.456531
248 0.457174
249 0.457664
250 0.457776
251 0.45748
252 0.456664
253 0.457747
254 0.456807
255 0.457163
256 0.457101
257 0.458092
258 0.458013
259 0.457421
260 0.458137
261 0.458397
262 0.457737
263 0.457835
264 0.457609
265 0.458502
266 0.457989
267 0.457042
268 0.457186
269 0.457565
270 0.457882
271 0.457408
272 0.458413
273 0.458425
274 0.459187
275 0.458899
276 0.459985
277 0.459676
278 0.460337
279 0.460958
280 0.460338
281 0.461619
282 0.46161
283 0.462313
284 0.462024
285 0.462892
286 0.464747
287 0.464217
288 0.464086
289 0.465041
290 0.467007
291 0.465477
292 0.46638
293 0.467227
294 0.466161
295 0.466863
296 0.468315
297 0.466878
298 0.467508
299 0.468988
300 0.469142
