1 0.099819
2 0.125107
3 0.143814
4 0.157198
5 0.170395
6 0.182038
7 0.19215
8 0.202881
9 0.211746
10 0.220455
11 0.226542
12 0.234765
13 0.240945
14 0.24552
15 0.251165
16 0.258084
17 0.261338
18 0.265736
19 0.271375
20 0.27463
21 0.278725
22 0.282487
23 0.285757
24 0.288581
25 0.292169
26 0.296162
27 0.297272
28 0.301196
29 0.30418
30 0.305872
31 0.308503
32 0.310715
33 0.31356
34 0.315131
35 0.317306
36 0.3197
37 0.321509
38 0.322847
39 0.325337
40 0.326612
41 0.327985
42 0.329639
43 0.331469
44 0.332384
45 0.334784
46 0.335834
47 0.337162
48 0.338054
49 0.339824
50 0.339703
51 0.341812
52 0.342617
53 0.343853
54 0.344002
55 0.345491
56 0.346462
57 0.347797
58 0.348548
59 0.349899
60 0.350357
61 0.351961
62 0.352255
63 0.35321
64 0.353848
65 0.355672
66 0.355323
67 0.356176
68 0.357341
69 0.358292
70 0.358791
71 0.359115
72 0.360548
73 0.360589
74 0.36081
75 0.361751
76 0.362818
77 0.363466
78 0.363893
79 0.363164
80 0.365199
81 0.364072
82 0.365329
83 0.366083
84 0.366764
85 0.367652
86 0.367209
87 0.367821
88 0.368377
89 0.369483
90 0.369183
91 0.369826
92 0.370314
93 0.370403
94 0.370318
95 0.371168
96 0.371489
97 0.371839
98 0.372805
99 0.372864
100 0.372142
101 0.373238
102 0.373309
103 0.374172
104 0.375323
105 0.374818
106 0.375388
107 0.374306
108 0.375044
109 0.375432
110 0.376106
111 0.376326
112 0.376791
113 0.37707
114 0.377052
115 0.378323
116 0.378024
117 0.378295
118 0.377608
119 0.378456
120 0.378878
121 0.378717
122 0.380565
123 0.380583
124 0.380109
125 0.380371
126 0.380027
127 0.381202
128 0.380685
129 0.380199
130 0.381912
131 0.381546
132 0.382184
133 0.381966
134 0.382495
135 0.382276
136 0.382847
137 0.382216
138 0.382783
139 0.383039
140 0.383616
141 0.383808
142 0.384324
143 0.384403
144 0.384188
145 0.384293
146 0.384507
147 0.384991
148 0.384988
149 0.3847
150 0.385407
151 0.385263
152 0.385349
153 0.385838
154 0.385614
155 0.385836
156 0.385132
157 0.385807
158 0.386286
159 0.386497
160 0.386881
161 0.387003
162 0.387297
163 0.386772
164 0.386771
165 0.387481
166 0.386627
167 0.387771
168 0.387776
169 0.387971
170 0.387784
171 0.387769
172 0.388461
173 0.387887
174 0.388933
175 0.388613
176 0.388461
177 0.388552
178 0.388294
179 0.388537
180 0.388455
181 0.389075
182 0.38917
183 0.389071
184 0.389843
185 0.389787
186 0.390477
187 0.390247
188 0.390611
189 0.389407
190 0.390433
191 0.389817
192 0.390246
193 0.39091
194 0.390369
195 0.391006
196 0.390244
197 0.39107
198 0.391022
199 0.391235
200 0.391278
201 0.391158
202 0.391516
203 0.392025
204 0.391392
205 0.391226
206 0.391669
207 0.391926
208 0.391955
209 0.392688
210 0.391729
211 0.392243
212 0.392543
213 0.392926
214 0.392117
215 0.392849
216 0.393261
217 0.392458
218 0.393142
219 0.393459
220 0.392766
221 0.393625
222 0.393129
223 0.393985
224 0.39307
225 0.3934
226 0.394349
227 0.393929
228 0.3938
229 0.392885
230 0.394836
231 0.393876
232 0.395185
233 0.395068
234 0.394545
235 0.394024
236 0.395102
237 0.394183
238 0.394306
239 0.395165
240 0.395685
241 0.395293
242 0.395403
243 0.395304
244 0.394611
245 0.395971
246 0.395984
247 0.395328
248 0.396022
249 0.395657
250 0.395301
251 0.395043
252 0.395816
253 0.395937
254 0.397754
255 0.39649
256 0.396162
257 0.396047
258 0.396763
259 0.397031
260 0.39651
261 0.396425
262 0.397132
263 0.396657
264 0.396959
265 0.39763
266 0.39719
267 0.397459
268 0.398136
269 0.396575
270 0.397493
271 0.39692
272 0.397563
273 0.398561
274 0.399609
275 0.401147
276 0.403433
277 0.404139
278 0.406459
279 0.408165
280 0.410538
281 0.412641
282 0.414616
283 0.416219
284 0.419223
285 0.420708
286 0.422782
287 0.425604
288 0.426709
289 0.428818
290 0.430055
291 0.431464
292 0.433409
293 0.434682
294 0.436305
295 0.437455
296 0.438128
297 0.440074
298 0.440816
299 0.442287
300 0.443248
