1 0.230605
2 0.221092
3 0.213423
4 0.207353
5 0.202138
6 0.1974
7 0.193235
8 0.189173
9 0.18579
10 0.182349
11 0.179446
12 0.176582
13 0.173756
14 0.171472
15 0.169183
16 0.166619
17 0.164742
18 0.162953
19 0.16096
20 0.159139
21 0.157448
22 0.15574
23 0.154239
24 0.152577
25 0.151329
26 0.149777
27 0.1487
28 0.147318
29 0.145999
30 0.144762
31 0.143691
32 0.142509
33 0.141426
34 0.140382
35 0.139529
36 0.138536
37 0.137628
38 0.136601
39 0.135764
40 0.134856
41 0.134098
42 0.133289
43 0.132426
44 0.131649
45 0.130916
46 0.130229
47 0.129456
48 0.128785
49 0.128104
50 0.127617
51 0.126725
52 0.126172
53 0.125638
54 0.125106
55 0.124448
56 0.123744
57 0.123221
58 0.122702
59 0.122114
60 0.121702
61 0.121176
62 0.120691
63 0.120096
64 0.119728
65 0.119115
66 0.118725
67 0.11822
68 0.117719
69 0.117229
70 0.116962
71 0.116497
72 0.116048
73 0.115746
74 0.115268
75 0.114922
76 0.114496
77 0.114195
78 0.113731
79 0.113648
80 0.113085
81 0.11282
82 0.112377
83 0.112165
84 0.11167
85 0.111357
86 0.111181
87 0.110821
88 0.110509
89 0.110029
90 0.10976
91 0.109517
92 0.109313
93 0.10903
94 0.108816
95 0.108418
96 0.108109
97 0.107921
98 0.107503
99 0.10733
100 0.107216
101 0.10691
102 0.106771
103 0.106319
104 0.105938
105 0.105769
106 0.10555
107 0.105529
108 0.105191
109 0.105024
110 0.104767
111 0.104567
112 0.104304
113 0.104023
114 0.103947
115 0.103602
116 0.103467
117 0.103245
118 0.103178
119 0.102875
120 0.102658
121 0.10257
122 0.102181
123 0.102015
124 0.101743
125 0.101708
126 0.101556
127 0.101121
128 0.101199
129 0.101114
130 0.100791
131 0.100574
132 0.100405
133 0.100309
134 0.100063
135 0.0999761
136 0.0998732
137 0.0996924
138 0.0993817
139 0.0992796
140 0.0991123
141 0.0991723
142 0.0987731
143 0.0986805
144 0.0985526
145 0.0984088
146 0.0983373
147 0.0980967
148 0.0979422
149 0.0978761
150 0.0977061
151 0.0975632
152 0.0974955
153 0.0972645
154 0.0972481
155 0.096955
156 0.0970015
157 0.0968344
158 0.0967019
159 0.0964687
160 0.0963729
161 0.0963176
162 0.0960214
163 0.0961114
164 0.095929
165 0.0956325
166 0.0958139
167 0.0955798
168 0.0954279
169 0.0952348
170 0.0952733
171 0.0950081
172 0.0950389
173 0.0949175
174 0.0945964
175 0.0946392
176 0.0946931
177 0.0944806
178 0.0943755
179 0.0942739
180 0.0941905
181 0.0939639
182 0.0939182
183 0.0937903
184 0.0936987
185 0.0936518
186 0.0933245
187 0.0933339
188 0.0931598
189 0.0933382
190 0.0931154
191 0.0931133
192 0.0928276
193 0.0927746
194 0.092703
195 0.0926524
196 0.0926784
197 0.0924723
198 0.0924172
199 0.0922228
200 0.0922283
201 0.0921966
202 0.0920091
203 0.0917679
204 0.0919323
205 0.0918198
206 0.0917505
207 0.0915039
208 0.091652
209 0.0913567
210 0.0914224
211 0.0913268
212 0.0911467
213 0.091066
214 0.0911085
215 0.0908397
216 0.090715
217 0.0907956
218 0.0907439
219 0.0905629
220 0.0906223
221 0.0904377
222 0.0903618
223 0.0902753
224 0.0902064
225 0.0901929
226 0.0900619
227 0.0900523
228 0.0898586
229 0.0899749
230 0.0895687
231 0.0898091
232 0.0895526
233 0.0895113
234 0.0895038
235 0.0894409
236 0.0893082
237 0.0894204
238 0.0892743
239 0.0891948
240 0.0890679
241 0.0889266
242 0.0890244
243 0.0887816
244 0.0888982
245 0.0887318
246 0.0886346
247 0.0887712
248 0.0885404
249 0.0884465
250 0.0884746
251 0.0885859
252 0.0883656
253 0.0882913
254 0.0880192
255 0.0881632
256 0.0881668
257 0.0880532
258 0.088012
259 0.0878085
260 0.0878424
261 0.0877358
262 0.0876196
263 0.0877572
264 0.0876475
265 0.0875428
266 0.0875273
267 0.0873664
268 0.0874132
269 0.087425
270 0.0873725
271 0.0874
272 0.0872154
273 0.0869917
274 0.0869202
275 0.0868916
276 0.0866757
277 0.0866299
278 0.0865447
279 0.0863418
280 0.0862818
281 0.0861849
282 0.0860554
283 0.0859326
284 0.0856308
285 0.0855937
286 0.0853586
287 0.0852544
288 0.0851908
289 0.0851025
290 0.0848846
291 0.0848339
292 0.0846102
293 0.0845699
294 0.0844304
295 0.0842856
296 0.0842851
297 0.0841349
298 0.0840722
299 0.0838034
300 0.0836622
