1 0.458236
2 0.465986
3 0.470836
4 0.474192
5 0.47693
6 0.479005
7 0.480791
8 0.482222
9 0.483605
10 0.484806
11 0.48563
12 0.486506
13 0.4875
14 0.488127
15 0.488453
16 0.489318
17 0.489873
18 0.490087
19 0.490653
20 0.491175
21 0.491313
22 0.491582
23 0.491995
24 0.492147
25 0.492427
26 0.49272
27 0.492976
28 0.493144
29 0.493409
30 0.493721
31 0.493822
32 0.494013
33 0.494246
34 0.494321
35 0.494391
36 0.494539
37 0.494606
38 0.494635
39 0.495013
40 0.494975
41 0.495037
42 0.495266
43 0.495346
44 0.495318
45 0.495398
46 0.495546
47 0.495531
48 0.495634
49 0.495707
50 0.49584
51 0.495909
52 0.495939
53 0.49602
54 0.495993
55 0.496157
56 0.496184
57 0.496273
58 0.496231
59 0.496356
60 0.496279
61 0.496371
62 0.496446
63 0.496426
64 0.496519
65 0.496679
66 0.496597
67 0.496626
68 0.496714
69 0.496701
70 0.496722
71 0.496739
72 0.496768
73 0.496787
74 0.496843
75 0.496854
76 0.496996
77 0.496987
78 0.496954
79 0.496852
80 0.497021
81 0.496978
82 0.497027
83 0.497075
84 0.497097
85 0.49705
86 0.497126
87 0.497108
88 0.497194
89 0.497154
90 0.497211
91 0.497236
92 0.497166
93 0.497272
94 0.497296
95 0.497245
96 0.497262
97 0.497334
98 0.4973
99 0.49736
100 0.497453
101 0.497432
102 0.497472
103 0.497488
104 0.497398
105 0.49734
106 0.497491
107 0.497455
108 0.497414
109 0.497526
110 0.497473
111 0.497498
112 0.497523
113 0.49757
114 0.497552
115 0.497575
116 0.497599
117 0.497633
118 0.497495
119 0.497667
120 0.497602
121 0.497526
122 0.497668
123 0.497627
124 0.497674
125 0.497613
126 0.497596
127 0.49778
128 0.497661
129 0.497721
130 0.497716
131 0.497727
132 0.497696
133 0.497806
134 0.497773
135 0.497811
136 0.497701
137 0.497665
138 0.497704
139 0.497785
140 0.497729
141 0.497775
142 0.497827
143 0.497812
144 0.497826
145 0.497898
146 0.497723
147 0.497813
148 0.497869
149 0.497803
150 0.497806
151 0.49781
152 0.497912
153 0.497896
154 0.49779
155 0.497869
156 0.497902
157 0.497892
158 0.497851
159 0.497857
160 0.497871
161 0.497923
162 0.497914
163 0.497886
164 0.497914
165 0.497917
166 0.49797
167 0.497926
168 0.497951
169 0.497921
170 0.497972
171 0.497942
172 0.497907
173 0.497904
174 0.497912
175 0.497936
176 0.497891
177 0.497912
178 0.497936
179 0.498
180 0.497958
181 0.498041
182 0.497957
183 0.497942
184 0.497989
185 0.497917
186 0.497983
187 0.498042
188 0.497966
189 0.498045
190 0.498014
191 0.498011
192 0.498042
193 0.497993
194 0.498001
195 0.498044
196 0.497965
197 0.498078
198 0.498081
199 0.498009
200 0.498015
201 0.498085
202 0.498054
203 0.498031
204 0.498113
205 0.497967
206 0.497989
207 0.49817
208 0.498093
209 0.498087
210 0.498081
211 0.49807
212 0.498068
213 0.498078
214 0.498132
215 0.498
216 0.498084
217 0.498068
218 0.498096
219 0.498111
220 0.498082
221 0.498123
222 0.498079
223 0.498148
224 0.498138
225 0.498059
226 0.498057
227 0.498119
228 0.498188
229 0.498065
230 0.498128
231 0.498141
232 0.498132
233 0.498137
234 0.49813
235 0.498106
236 0.498124
237 0.498147
238 0.498114
239 0.49813
240 0.498223
241 0.498157
242 0.498118
243 0.498195
244 0.498191
245 0.498194
246 0.498193
247 0.498107
248 0.498163
249 0.498205
250 0.498214
251 0.498189
252 0.498119
253 0.498212
254 0.498131
255 0.498162
256 0.498157
257 0.498241
258 0.498234
259 0.498184
260 0.498245
261 0.498267
262 0.498211
263 0.498219
264 0.4982
265 0.498275
266 0.498232
267 0.498152
268 0.498164
269 0.498196
270 0.498223
271 0.498183
272 0.498268
273 0.498269
274 0.498332
275 0.498308
276 0.498397
277 0.498372
278 0.498425
279 0.498474
280 0.498425
281 0.498525
282 0.498524
283 0.498578
284 0.498556
285 0.498622
286 0.498756
287 0.498718
288 0.498709
289 0.498777
290 0.498911
291 0.498807
292 0.498869
293 0.498925
294 0.498854
295 0.498901
296 0.498996
297 0.498902
298 0.498944
299 0.499038
300 0.499047
