1 0.29995
2 0.308981
3 0.316941
4 0.322825
5 0.328315
6 0.332969
7 0.337208
8 0.341171
9 0.344545
10 0.348035
11 0.350945
12 0.353782
13 0.35673
14 0.358972
15 0.361214
16 0.363891
17 0.36571
18 0.367481
19 0.369543
20 0.371498
21 0.373056
22 0.374699
23 0.37629
24 0.378016
25 0.379119
26 0.380795
27 0.38183
28 0.38313
29 0.3845
30 0.385765
31 0.386819
32 0.387941
33 0.389137
34 0.390153
35 0.390968
36 0.392021
37 0.392961
38 0.39395
39 0.394764
40 0.395627
41 0.396443
42 0.397293
43 0.398108
44 0.398856
45 0.399648
46 0.400302
47 0.401093
48 0.40171
49 0.402388
50 0.40291
51 0.403823
52 0.404326
53 0.404934
54 0.405388
55 0.406044
56 0.406783
57 0.407306
58 0.407862
59 0.408427
60 0.408799
61 0.409333
62 0.409811
63 0.410438
64 0.410763
65 0.411445
66 0.411761
67 0.412314
68 0.412832
69 0.413362
70 0.413493
71 0.413979
72 0.414457
73 0.414849
74 0.415253
75 0.415573
76 0.416059
77 0.416322
78 0.41677
79 0.416864
80 0.417416
81 0.417702
82 0.418163
83 0.418379
84 0.418828
85 0.419147
86 0.419321
87 0.419666
88 0.419971
89 0.420505
90 0.420792
91 0.421018
92 0.421188
93 0.421475
94 0.421676
95 0.422059
96 0.422395
97 0.422517
98 0.422956
99 0.423127
100 0.423286
101 0.423571
102 0.423722
103 0.424191
104 0.424552
105 0.424734
106 0.424959
107 0.425007
108 0.425354
109 0.425479
110 0.425739
111 0.425958
112 0.426218
113 0.426451
114 0.426539
115 0.426847
116 0.427044
117 0.427258
118 0.427328
119 0.427586
120 0.427839
121 0.427879
122 0.428311
123 0.428461
124 0.428738
125 0.428805
126 0.428938
127 0.429375
128 0.429258
129 0.429349
130 0.429739
131 0.429927
132 0.430067
133 0.430238
134 0.430462
135 0.430512
136 0.430648
137 0.430798
138 0.431099
139 0.431238
140 0.431371
141 0.431348
142 0.43177
143 0.431835
144 0.431995
145 0.432147
146 0.432215
147 0.432442
148 0.432582
149 0.432629
150 0.432819
151 0.432936
152 0.433021
153 0.43326
154 0.43328
155 0.433569
156 0.433552
157 0.43371
158 0.433824
159 0.434083
160 0.434158
161 0.434212
162 0.434513
163 0.434423
164 0.43462
165 0.434865
166 0.434733
167 0.434955
168 0.435069
169 0.435287
170 0.435245
171 0.435507
172 0.435501
173 0.435582
174 0.435893
175 0.435901
176 0.435828
177 0.436063
178 0.436168
179 0.436276
180 0.436326
181 0.436548
182 0.4366
183 0.436743
184 0.436796
185 0.436859
186 0.437229
187 0.437198
188 0.437367
189 0.43718
190 0.437422
191 0.437385
192 0.437686
193 0.437757
194 0.437821
195 0.437878
196 0.437852
197 0.438087
198 0.438119
199 0.438317
200 0.438329
201 0.438319
202 0.438531
203 0.438753
204 0.438605
205 0.438736
206 0.438774
207 0.439046
208 0.438879
209 0.43914
210 0.439083
211 0.439178
212 0.439377
213 0.439443
214 0.439426
215 0.439703
216 0.439798
217 0.439721
218 0.439801
219 0.439962
220 0.439886
221 0.440089
222 0.440174
223 0.440236
224 0.440334
225 0.44032
226 0.440437
227 0.440454
228 0.440657
229 0.440535
230 0.440958
231 0.440733
232 0.440936
233 0.440979
234 0.441017
235 0.441106
236 0.44118
237 0.441111
238 0.441265
239 0.441346
240 0.441424
241 0.441573
242 0.441484
243 0.441721
244 0.441604
245 0.441794
246 0.441868
247 0.44175
248 0.441941
249 0.442092
250 0.442033
251 0.441942
252 0.442172
253 0.442229
254 0.442507
255 0.442387
256 0.442375
257 0.44246
258 0.442517
259 0.442713
260 0.442674
261 0.442766
262 0.442907
263 0.442739
264 0.44286
265 0.442973
266 0.443011
267 0.443184
268 0.443116
269 0.443099
270 0.443149
271 0.443129
272 0.443312
273 0.443509
274 0.443592
275 0.443595
276 0.443833
277 0.443849
278 0.443979
279 0.444158
280 0.444227
281 0.444319
282 0.444458
283 0.444581
284 0.444846
285 0.444897
286 0.445159
287 0.445268
288 0.445328
289 0.445412
290 0.445627
291 0.445698
292 0.445899
293 0.445939
294 0.446092
295 0.446211
296 0.446234
297 0.446389
298 0.446444
299 0.44669
300 0.446833
