1 0.230605
2 0.211579
3 0.198191
4 0.188822
5 0.181074
6 0.173877
7 0.167781
8 0.162247
9 0.157439
10 0.152511
11 0.149334
12 0.145426
13 0.141903
14 0.139142
15 0.1368
16 0.133414
17 0.131218
18 0.129388
19 0.126993
20 0.124926
21 0.123211
22 0.121369
23 0.119825
24 0.118192
25 0.116792
26 0.115174
27 0.114053
28 0.112686
29 0.111364
30 0.11023
31 0.109253
32 0.10806
33 0.107063
34 0.1061
35 0.105313
36 0.104376
37 0.103596
38 0.102818
39 0.101969
40 0.101204
41 0.100575
42 0.099886
43 0.0990347
44 0.0984448
45 0.0980513
46 0.0973464
47 0.0967045
48 0.0962667
49 0.0956892
50 0.0952819
51 0.0946766
52 0.0941777
53 0.093684
54 0.0933887
55 0.0928902
56 0.0924364
57 0.0919331
58 0.0915993
59 0.0911813
60 0.0908825
61 0.0904685
62 0.0901507
63 0.0897629
64 0.0894779
65 0.0889766
66 0.0888161
67 0.0884027
68 0.0880564
69 0.0877841
70 0.087497
71 0.087321
72 0.0869112
73 0.0867943
74 0.0865202
75 0.0863064
76 0.0859227
77 0.0858186
78 0.08556
79 0.0855533
80 0.0850133
81 0.085053
82 0.0847322
83 0.084623
84 0.0841946
85 0.0841223
86 0.0839651
87 0.0837045
88 0.0836606
89 0.0832682
90 0.0830575
91 0.0829441
92 0.0829217
93 0.0827996
94 0.0826834
95 0.0823367
96 0.0822178
97 0.0822081
98 0.0818831
99 0.081654
100 0.0817586
101 0.081569
102 0.0815866
103 0.0811597
104 0.0809965
105 0.0809139
106 0.080771
107 0.0809114
108 0.0807549
109 0.0806084
110 0.0803612
111 0.0803581
112 0.0802119
113 0.0800123
114 0.0800708
115 0.0797889
116 0.0797531
117 0.0796334
118 0.0797426
119 0.0794553
120 0.0793513
121 0.0793959
122 0.0790353
123 0.0789776
124 0.0787623
125 0.0788721
126 0.0788493
127 0.0784278
128 0.0786251
129 0.0786988
130 0.0783768
131 0.0783239
132 0.0781753
133 0.0782362
134 0.0780797
135 0.0780381
136 0.0780366
137 0.0780124
138 0.0777644
139 0.0776931
140 0.0776327
141 0.077735
142 0.0774564
143 0.0774674
144 0.0773964
145 0.0772889
146 0.0773892
147 0.0772105
148 0.077103
149 0.0771493
150 0.077045
151 0.076972
152 0.0768972
153 0.0768308
154 0.0768554
155 0.0766827
156 0.0768332
157 0.0766766
158 0.0766243
159 0.0765094
160 0.0764225
161 0.0764713
162 0.0763228
163 0.0764019
164 0.0763359
165 0.0760727
166 0.0762947
167 0.0761148
168 0.076075
169 0.0759078
170 0.0760018
171 0.0758773
172 0.0758922
173 0.0758763
174 0.0756141
175 0.0757767
176 0.0758386
177 0.0756291
178 0.0756714
179 0.0756203
180 0.0755744
181 0.0753719
182 0.0754528
183 0.0753869
184 0.0753156
185 0.075364
186 0.0750749
187 0.0751246
188 0.0750486
189 0.0753234
190 0.0750951
191 0.075182
192 0.074973
193 0.0749222
194 0.0749573
195 0.0749562
196 0.0750306
197 0.0748688
198 0.0748125
199 0.0746531
200 0.0747495
201 0.074787
202 0.0746662
203 0.0744994
204 0.0746389
205 0.0745915
206 0.0745733
207 0.0743904
208 0.07459
209 0.0742865
210 0.0744462
211 0.0743817
212 0.0742764
213 0.0742542
214 0.0743588
215 0.0741222
216 0.0739967
217 0.0742312
218 0.0741672
219 0.0739743
220 0.0741133
221 0.0739906
222 0.0739853
223 0.0739238
224 0.0738954
225 0.0739622
226 0.0738039
227 0.0738773
228 0.0737495
229 0.0739352
230 0.0735486
231 0.0738193
232 0.0735587
233 0.0735763
234 0.0736198
235 0.0736309
236 0.0734883
237 0.0736557
238 0.0735597
239 0.0734798
240 0.0733816
241 0.0733757
242 0.0734566
243 0.0732951
244 0.0733742
245 0.0733342
246 0.073215
247 0.0733772
248 0.0731647
249 0.0732043
250 0.0731872
251 0.073354
252 0.073196
253 0.0731652
254 0.0728535
255 0.0731143
256 0.0731191
257 0.0730409
258 0.0730096
259 0.0728855
260 0.0729584
261 0.0728898
262 0.0727839
263 0.0729159
264 0.0728871
265 0.0728023
266 0.0727772
267 0.0726704
268 0.0727391
269 0.072802
270 0.0727773
271 0.0727851
272 0.0726624
273 0.0723056
274 0.0721218
275 0.0717569
276 0.071339
277 0.0709824
278 0.0704909
279 0.0699082
280 0.069526
281 0.0689577
282 0.0684678
283 0.0681038
284 0.0674228
285 0.0669605
286 0.0664874
287 0.0660223
288 0.0657398
289 0.0653581
290 0.0649422
291 0.0646563
292 0.0642024
293 0.0639464
294 0.0636293
295 0.0632931
296 0.0632209
297 0.0629335
298 0.0626919
299 0.0623095
300 0.062016
