1 0.099819
2 0.112463
3 0.123031
4 0.131386
5 0.139241
6 0.146402
7 0.152854
8 0.159456
9 0.165117
10 0.17075
11 0.17571
12 0.180537
13 0.185408
14 0.18947
15 0.19333
16 0.198021
17 0.201412
18 0.204821
19 0.208304
20 0.211713
21 0.215184
22 0.217979
23 0.220978
24 0.223821
25 0.226486
26 0.229772
27 0.231225
28 0.234325
29 0.236909
30 0.238818
31 0.241291
32 0.243364
33 0.245863
34 0.247376
35 0.249238
36 0.251788
37 0.253832
38 0.255079
39 0.257343
40 0.259198
41 0.260295
42 0.261962
43 0.263999
44 0.265191
45 0.267036
46 0.268528
47 0.270258
48 0.271228
49 0.272734
50 0.27328
51 0.275425
52 0.276313
53 0.277456
54 0.278049
55 0.279972
56 0.281553
57 0.282509
58 0.283638
59 0.285054
60 0.28573
61 0.28724
62 0.287666
63 0.289482
64 0.290135
65 0.291568
66 0.29214
67 0.292958
68 0.294364
69 0.295586
70 0.29595
71 0.297075
72 0.298084
73 0.298755
74 0.299394
75 0.300439
76 0.301516
77 0.302381
78 0.303165
79 0.302761
80 0.304728
81 0.304431
82 0.305578
83 0.306353
84 0.307436
85 0.308546
86 0.308052
87 0.308945
88 0.310069
89 0.311307
90 0.311154
91 0.311787
92 0.312815
93 0.313294
94 0.313196
95 0.314326
96 0.314997
97 0.315444
98 0.31647
99 0.316619
100 0.316494
101 0.317552
102 0.317904
103 0.318899
104 0.320258
105 0.320053
106 0.320789
107 0.320088
108 0.321058
109 0.321376
110 0.322275
111 0.322773
112 0.323629
113 0.323999
114 0.323966
115 0.32535
116 0.325375
117 0.325805
118 0.32549
119 0.326351
120 0.326941
121 0.327197
122 0.328868
123 0.329177
124 0.328919
125 0.329211
126 0.329353
127 0.330564
128 0.330294
129 0.330102
130 0.331644
131 0.331808
132 0.332252
133 0.332395
134 0.33309
135 0.333035
136 0.333778
137 0.333576
138 0.334163
139 0.334395
140 0.335322
141 0.335317
142 0.336229
143 0.336499
144 0.336634
145 0.336575
146 0.337114
147 0.33776
148 0.337813
149 0.337951
150 0.338441
151 0.338643
152 0.338665
153 0.33964
154 0.339285
155 0.339914
156 0.339455
157 0.340166
158 0.340653
159 0.341139
160 0.341612
161 0.341917
162 0.342405
163 0.341933
164 0.342263
165 0.343116
166 0.342238
167 0.343411
168 0.343669
169 0.34404
170 0.343907
171 0.344084
172 0.34467
173 0.344481
174 0.345745
175 0.345543
176 0.345362
177 0.345496
178 0.345513
179 0.345832
180 0.345972
181 0.34648
182 0.346865
183 0.346991
184 0.347646
185 0.347768
186 0.348679
187 0.348508
188 0.348864
189 0.348064
190 0.348885
191 0.34859
192 0.34921
193 0.349812
194 0.349489
195 0.350247
196 0.349718
197 0.350437
198 0.350479
199 0.350658
200 0.350892
201 0.351034
202 0.351396
203 0.352206
204 0.35136
205 0.351537
206 0.351913
207 0.352393
208 0.352466
209 0.3531
210 0.352359
211 0.352951
212 0.353476
213 0.353899
214 0.353233
215 0.354078
216 0.354453
217 0.3539
218 0.354536
219 0.354964
220 0.354394
221 0.355258
222 0.355098
223 0.35592
224 0.355147
225 0.355629
226 0.356425
227 0.356171
228 0.356298
229 0.355458
230 0.357501
231 0.356595
232 0.357709
233 0.357898
234 0.357352
235 0.357192
236 0.358085
237 0.357312
238 0.357564
239 0.358319
240 0.358835
241 0.358667
242 0.358865
243 0.358947
244 0.358141
245 0.359739
246 0.35977
247 0.359144
248 0.359827
249 0.359817
250 0.359371
251 0.359134
252 0.360125
253 0.360257
254 0.36176
255 0.360932
256 0.360515
257 0.360588
258 0.361232
259 0.361537
260 0.36128
261 0.361382
262 0.362016
263 0.361572
264 0.361884
265 0.362705
266 0.362253
267 0.362625
268 0.36324
269 0.361971
270 0.362868
271 0.362217
272 0.362924
273 0.363537
274 0.363857
275 0.364313
276 0.365506
277 0.36513
278 0.365848
279 0.365993
280 0.36708
281 0.367383
282 0.367818
283 0.36816
284 0.369865
285 0.369517
286 0.37071
287 0.371803
288 0.371911
289 0.372749
290 0.373157
291 0.373426
292 0.374425
293 0.374733
294 0.37554
295 0.375834
296 0.376059
297 0.377183
298 0.377242
299 0.378177
300 0.378434
