1 0.393681
2 0.438464
3 0.437559
4 0.46299
5 0.487129
6 0.489532
7 0.503302
8 0.519107
9 0.52625
10 0.530694
11 0.541552
12 0.551517
13 0.557002
14 0.560862
15 0.569124
16 0.576994
17 0.580458
18 0.585395
19 0.592489
20 0.597845
21 0.601409
22 0.605426
23 0.610489
24 0.615338
25 0.618119
26 0.620767
27 0.625276
28 0.629995
29 0.632937
30 0.635916
31 0.638589
32 0.641927
33 0.644597
34 0.647306
35 0.650638
36 0.653582
37 0.656635
38 0.658063
39 0.66129
40 0.664347
41 0.665615
42 0.668507
43 0.670259
44 0.672628
45 0.674902
46 0.677021
47 0.679456
48 0.681362
49 0.683191
50 0.684832
51 0.686721
52 0.68886
53 0.690544
54 0.692289
55 0.694583
56 0.696632
57 0.697424
58 0.699464
59 0.700651
60 0.703214
61 0.704801
62 0.705885
63 0.706575
64 0.708418
65 0.709728
66 0.711495
67 0.712191
68 0.714295
69 0.714685
70 0.716218
71 0.717425
72 0.719794
73 0.720766
74 0.722417
75 0.723535
76 0.724141
77 0.725016
78 0.726959
79 0.727251
80 0.728272
81 0.730197
82 0.732166
83 0.731809
84 0.733018
85 0.734961
86 0.735668
87 0.736134
88 0.738069
89 0.738808
90 0.739727
91 0.740755
92 0.741287
93 0.742586
94 0.742699
95 0.74454
96 0.745326
97 0.745537
98 0.747372
99 0.747631
100 0.748831
101 0.749877
102 0.750619
103 0.751206
104 0.75259
105 0.75227
106 0.754205
107 0.754833
108 0.755352
109 0.755925
110 0.757229
111 0.757107
112 0.758364
113 0.758671
114 0.759441
115 0.760459
116 0.760944
117 0.76137
118 0.763057
119 0.763323
120 0.764389
121 0.764457
122 0.76583
123 0.7665
124 0.766745
125 0.767339
126 0.767782
127 0.768875
128 0.76962
129 0.770313
130 0.770091
131 0.771104
132 0.771843
133 0.772501
134 0.773331
135 0.773781
136 0.774999
137 0.774724
138 0.775508
139 0.776275
140 0.777168
141 0.776707
142 0.777626
143 0.778917
144 0.778931
145 0.779008
146 0.780317
147 0.780312
148 0.78058
149 0.781425
150 0.782876
151 0.782019
152 0.782775
153 0.783678
154 0.784371
155 0.785134
156 0.784809
157 0.786326
158 0.786532
159 0.786146
160 0.787061
161 0.788195
162 0.78787
163 0.788361
164 0.789034
165 0.790226
166 0.789633
167 0.790632
168 0.791434
169 0.791498
170 0.792015
171 0.792768
172 0.792958
173 0.793326
174 0.793486
175 0.794215
176 0.794886
177 0.794402
178 0.794596
179 0.796286
180 0.796454
181 0.796583
182 0.797405
183 0.796939
184 0.798011
185 0.798773
186 0.799413
187 0.799128
188 0.799562
189 0.799607
190 0.800014
191 0.80065
192 0.801063
193 0.801202
194 0.802113
195 0.802286
196 0.802764
197 0.803008
198 0.80377
199 0.80375
200 0.804606
201 0.804733
202 0.804663
203 0.805788
204 0.805282
205 0.805973
206 0.806008
207 0.806548
208 0.806733
209 0.8075
210 0.807442
211 0.807968
212 0.808586
213 0.807958
214 0.808888
215 0.808912
216 0.809822
217 0.810196
218 0.81017
219 0.811281
220 0.811572
221 0.8115
222 0.811042
223 0.811547
224 0.812247
225 0.811561
226 0.812376
227 0.812921
228 0.814049
229 0.813581
230 0.814436
231 0.81473
232 0.814631
233 0.81483
234 0.81582
235 0.815615
236 0.816079
237 0.816079
238 0.816508
239 0.817383
240 0.817262
241 0.81729
242 0.817343
243 0.81826
244 0.817666
245 0.818624
246 0.819016
247 0.819131
248 0.819273
249 0.819491
250 0.819756
251 0.820655
252 0.820359
253 0.82079
254 0.821105
255 0.821641
256 0.82178
257 0.821645
258 0.822273
259 0.822296
260 0.822901
261 0.823601
262 0.823162
263 0.823402
264 0.823796
265 0.824167
266 0.824301
267 0.824819
268 0.824896
269 0.824901
270 0.825176
271 0.825825
272 0.825271
273 0.825928
274 0.826026
275 0.826013
276 0.826617
277 0.827242
278 0.826956
279 0.827395
280 0.827449
281 0.828408
282 0.827557
283 0.828296
284 0.828872
285 0.828646
286 0.82884
287 0.829406
288 0.829845
289 0.830394
290 0.829498
291 0.829656
292 0.830202
293 0.830621
294 0.830034
295 0.831166
296 0.830575
297 0.831373
298 0.831632
299 0.83169
300 0.832085
