1 0.458075
2 0.337044
3 0.284063
4 0.254637
5 0.234932
6 0.22023
7 0.209431
8 0.20082
9 0.193689
10 0.188122
11 0.183569
12 0.179272
13 0.175501
14 0.172439
15 0.169494
16 0.167294
17 0.165099
18 0.163032
19 0.161244
20 0.15969
21 0.157931
22 0.156601
23 0.155424
24 0.154318
25 0.152893
26 0.152043
27 0.151054
28 0.150037
29 0.149337
30 0.148615
31 0.148089
32 0.147105
33 0.14659
34 0.145859
35 0.144999
36 0.144617
37 0.144119
38 0.143491
39 0.14312
40 0.142624
41 0.141983
42 0.141623
43 0.141297
44 0.140997
45 0.140616
46 0.140191
47 0.139779
48 0.139528
49 0.139184
50 0.138801
51 0.138424
52 0.138396
53 0.138086
54 0.137908
55 0.137435
56 0.137235
57 0.137019
58 0.136712
59 0.136467
60 0.136271
61 0.136133
62 0.135866
63 0.13559
64 0.135341
65 0.135253
66 0.135107
67 0.134903
68 0.134778
69 0.13447
70 0.13445
71 0.134339
72 0.133976
73 0.133769
74 0.133747
75 0.133576
76 0.133449
77 0.133326
78 0.133163
79 0.133049
80 0.132859
81 0.132877
82 0.13255
83 0.132537
84 0.132453
85 0.132175
86 0.132138
87 0.132016
88 0.13193
89 0.131774
90 0.131764
91 0.131555
92 0.131453
93 0.131636
94 0.131291
95 0.131093
96 0.131132
97 0.131054
98 0.130771
99 0.13081
100 0.130707
101 0.130595
102 0.130518
103 0.130504
104 0.130313
105 0.130242
106 0.130182
107 0.130039
108 0.130109
109 0.129918
110 0.129796
111 0.129753
112 0.129763
113 0.129741
114 0.129721
115 0.129421
116 0.129419
117 0.129376
118 0.129263
119 0.129233
120 0.129259
121 0.129108
122 0.129115
123 0.128974
124 0.128893
125 0.128837
126 0.128743
127 0.128697
128 0.128565
129 0.128594
130 0.128572
131 0.128527
132 0.128558
133 0.128402
134 0.128401
135 0.128264
136 0.128233
137 0.128225
138 0.128145
139 0.128024
140 0.12809
141 0.128046
142 0.12802
143 0.127851
144 0.127813
145 0.127735
146 0.127572
147 0.127665
148 0.127621
149 0.127567
150 0.127553
151 0.127522
152 0.127483
153 0.127525
154 0.127401
155 0.127318
156 0.127378
157 0.127283
158 0.127209
159 0.127281
160 0.127105
161 0.127105
162 0.127067
163 0.126989
164 0.126956
165 0.126928
166 0.126983
167 0.126823
168 0.126903
169 0.126783
170 0.126687
171 0.126852
172 0.126625
173 0.126688
174 0.126674
175 0.126576
176 0.126626
177 0.126486
178 0.126534
179 0.126442
180 0.126477
181 0.126296
182 0.126344
183 0.126316
184 0.126361
185 0.126301
186 0.126263
187 0.126202
188 0.12622
189 0.12609
190 0.126079
191 0.126026
192 0.126079
193 0.12591
194 0.125969
195 0.125944
196 0.125853
197 0.12596
198 0.125913
199 0.12582
200 0.1258
201 0.125816
202 0.125794
203 0.125775
204 0.125756
205 0.125468
206 0.125675
207 0.125594
208 0.125632
209 0.125642
210 0.12562
211 0.125535
212 0.125472
213 0.125592
214 0.125446
215 0.125434
216 0.125473
217 0.125403
218 0.125332
219 0.125397
220 0.12528
221 0.125264
222 0.125299
223 0.125305
224 0.125225
225 0.125217
226 0.125187
227 0.1252
228 0.125148
229 0.125164
230 0.125182
231 0.125093
232 0.125114
233 0.125022
234 0.125087
235 0.124979
236 0.124911
237 0.124988
238 0.124987
239 0.124915
240 0.124875
241 0.12495
242 0.124866
243 0.124861
244 0.124875
245 0.124802
246 0.124764
247 0.1248
248 0.124717
249 0.124722
250 0.124706
251 0.124688
252 0.124644
253 0.124637
254 0.124578
255 0.124609
256 0.124562
257 0.124549
258 0.124501
259 0.124478
260 0.124459
261 0.124543
262 0.124551
263 0.124464
264 0.12453
265 0.124462
266 0.124357
267 0.124367
268 0.124358
269 0.124347
270 0.124359
271 0.124306
272 0.124366
273 0.124277
274 0.124235
275 0.124329
276 0.12423
277 0.124227
278 0.124169
279 0.124241
280 0.124196
281 0.124132
282 0.124125
283 0.124154
284 0.124138
285 0.124104
286 0.124099
287 0.124116
288 0.12405
289 0.124003
290 0.124065
291 0.124103
292 0.124038
293 0.124075
294 0.123888
295 0.123971
296 0.123991
297 0.123946
298 0.123894
299 0.123885
300 0.123909
