1 0.333334
2 0.363903
3 0.38784
4 0.401062
5 0.413775
6 0.425425
7 0.435361
8 0.442736
9 0.451673
10 0.459304
11 0.466192
12 0.472649
13 0.479081
14 0.48416
15 0.489202
16 0.494714
17 0.499851
18 0.503914
19 0.508751
20 0.512722
21 0.517396
22 0.521212
23 0.524648
24 0.528647
25 0.532071
26 0.535636
27 0.538822
28 0.54187
29 0.54539
30 0.548233
31 0.550774
32 0.553634
33 0.556412
34 0.559105
35 0.562105
36 0.564137
37 0.566996
38 0.568829
39 0.571365
40 0.574169
41 0.575609
42 0.578408
43 0.58033
44 0.582471
45 0.584872
46 0.586808
47 0.588746
48 0.590604
49 0.592703
50 0.594182
51 0.596267
52 0.597915
53 0.599824
54 0.601933
55 0.603652
56 0.605577
57 0.606931
58 0.608451
59 0.609737
60 0.611892
61 0.613763
62 0.614961
63 0.616066
64 0.617506
65 0.618898
66 0.620921
67 0.621865
68 0.623533
69 0.624692
70 0.625737
71 0.627086
72 0.628894
73 0.630345
74 0.631519
75 0.632786
76 0.633539
77 0.634854
78 0.636318
79 0.636962
80 0.638171
81 0.639705
82 0.641638
83 0.641774
84 0.642951
85 0.644784
86 0.64546
87 0.646021
88 0.648125
89 0.648659
90 0.649728
91 0.65082
92 0.651663
93 0.652827
94 0.653327
95 0.654825
96 0.656094
97 0.656288
98 0.65799
99 0.658125
100 0.659706
101 0.660617
102 0.661558
103 0.661902
104 0.663649
105 0.663414
106 0.665335
107 0.665921
108 0.666809
109 0.667163
110 0.668353
111 0.668802
112 0.670062
113 0.670577
114 0.67141
115 0.672502
116 0.672766
117 0.673431
118 0.674991
119 0.675472
120 0.676527
121 0.676924
122 0.678125
123 0.678777
124 0.679128
125 0.679957
126 0.68079
127 0.681309
128 0.682304
129 0.683035
130 0.683259
131 0.684298
132 0.685213
133 0.685845
134 0.686697
135 0.686923
136 0.688008
137 0.688196
138 0.688808
139 0.689668
140 0.690342
141 0.690577
142 0.691604
143 0.692664
144 0.6929
145 0.693241
146 0.694263
147 0.694522
148 0.69482
149 0.696116
150 0.697288
151 0.69689
152 0.697615
153 0.698193
154 0.699129
155 0.699851
156 0.699998
157 0.701073
158 0.701527
159 0.701284
160 0.702266
161 0.703391
162 0.703328
163 0.703971
164 0.704567
165 0.705611
166 0.705493
167 0.706121
168 0.707321
169 0.707443
170 0.707975
171 0.708644
172 0.708969
173 0.709339
174 0.709635
175 0.710549
176 0.711064
177 0.711012
178 0.711104
179 0.712741
180 0.713128
181 0.713281
182 0.714102
183 0.713722
184 0.715041
185 0.715628
186 0.716201
187 0.716504
188 0.716891
189 0.716975
190 0.717597
191 0.718182
192 0.718603
193 0.718828
194 0.719505
195 0.719885
196 0.720465
197 0.720766
198 0.721381
199 0.721742
200 0.722406
201 0.722862
202 0.722989
203 0.723846
204 0.723768
205 0.724414
206 0.724608
207 0.724933
208 0.725319
209 0.726229
210 0.726381
211 0.726623
212 0.727444
213 0.727131
214 0.727956
215 0.728264
216 0.728995
217 0.729295
218 0.729422
219 0.730504
220 0.730643
221 0.730694
222 0.730717
223 0.731257
224 0.731815
225 0.7314
226 0.73221
227 0.732665
228 0.734021
229 0.73372
230 0.734287
231 0.734822
232 0.734868
233 0.735131
234 0.735903
235 0.735975
236 0.736522
237 0.736648
238 0.737171
239 0.737862
240 0.737824
241 0.738088
242 0.73829
243 0.739101
244 0.738907
245 0.739683
246 0.74009
247 0.740275
248 0.740362
249 0.740723
250 0.740943
251 0.741808
252 0.741769
253 0.742469
254 0.742847
255 0.743366
256 0.743449
257 0.74364
258 0.743855
259 0.744127
260 0.744877
261 0.745243
262 0.745208
263 0.745261
264 0.745729
265 0.746394
266 0.746427
267 0.746984
268 0.747393
269 0.747297
270 0.747497
271 0.748149
272 0.747902
273 0.748658
274 0.748698
275 0.748947
276 0.749371
277 0.75006
278 0.750055
279 0.750379
280 0.75069
281 0.751229
282 0.750961
283 0.751695
284 0.752355
285 0.751911
286 0.752097
287 0.752669
288 0.752997
289 0.753714
290 0.753331
291 0.753269
292 0.753938
293 0.754613
294 0.75415
295 0.754951
296 0.754672
297 0.755378
298 0.755633
299 0.755968
300 0.756242
