1 0.178311
2 0.0882436
3 0.165365
4 0.116505
5 0.0743962
6 0.101323
7 0.0954187
8 0.0657817
9 0.0762387
10 0.0858923
11 0.0729754
12 0.0649315
13 0.0583277
14 0.0750685
15 0.0625568
16 0.0536798
17 0.0552379
18 0.0606917
19 0.0514999
20 0.0509055
21 0.0482142
22 0.0527538
23 0.0478695
24 0.0440583
25 0.0452325
26 0.04679
27 0.0444294
28 0.0406382
29 0.040619
30 0.0429504
31 0.0413863
32 0.0376929
33 0.0376207
34 0.0383869
35 0.0381696
36 0.0364651
37 0.0349571
38 0.0355867
39 0.0344421
40 0.0344527
41 0.0332739
42 0.0333781
43 0.0324715
44 0.0317802
45 0.0317743
46 0.0311936
47 0.0309397
48 0.030249
49 0.0297054
50 0.0297861
51 0.0295531
52 0.0285976
53 0.0282911
54 0.0283016
55 0.0280672
56 0.0274261
57 0.0270011
58 0.026778
59 0.0265967
60 0.0263516
61 0.0260577
62 0.0257063
63 0.0253992
64 0.0251094
65 0.024934
66 0.024762
67 0.0245728
68 0.0242769
69 0.0240052
70 0.0239122
71 0.0236163
72 0.0233186
73 0.0230888
74 0.0229269
75 0.0228011
76 0.0225657
77 0.0223777
78 0.0220942
79 0.0219681
80 0.0217983
81 0.0216103
82 0.0213551
83 0.021292
84 0.0211223
85 0.0208767
86 0.0207161
87 0.020609
88 0.0203321
89 0.0201912
90 0.0200817
91 0.0200407
92 0.0198776
93 0.0196778
94 0.0195477
95 0.0193836
96 0.0192675
97 0.019171
98 0.0189297
99 0.0188538
100 0.0187105
101 0.0185801
102 0.0184772
103 0.0183857
104 0.0182055
105 0.0182078
106 0.0179848
107 0.0178521
108 0.0177631
109 0.0176803
110 0.0175706
111 0.0175186
112 0.0173264
113 0.017221
114 0.0171751
115 0.0171177
116 0.0169684
117 0.0168937
118 0.0167608
119 0.0166502
120 0.0165801
121 0.0165048
122 0.0163917
123 0.0162314
124 0.0162089
125 0.0161246
126 0.0160655
127 0.0159176
128 0.0157617
129 0.0157251
130 0.0156916
131 0.0156205
132 0.0155055
133 0.0153715
134 0.0153036
135 0.015263
136 0.0151604
137 0.0150994
138 0.0150162
139 0.0149598
140 0.0148889
141 0.0148656
142 0.0147286
143 0.0146193
144 0.0146036
145 0.0145657
146 0.0144481
147 0.0143996
148 0.0143519
149 0.0142702
150 0.0141516
151 0.0141557
152 0.014067
153 0.0139765
154 0.013933
155 0.0138399
156 0.0138119
157 0.0136745
158 0.0136443
159 0.013678
160 0.0135497
161 0.0134221
162 0.0134519
163 0.0133712
164 0.0133325
165 0.0132199
166 0.0132279
167 0.0131454
168 0.0130756
169 0.0130185
170 0.0129808
171 0.0129077
172 0.0128287
173 0.0128219
174 0.0127883
175 0.0127144
176 0.0126176
177 0.0126336
178 0.0126303
179 0.0124605
180 0.0124445
181 0.0124576
182 0.0123387
183 0.0123688
184 0.0123135
185 0.0122164
186 0.0121547
187 0.0121523
188 0.0120734
189 0.0120898
190 0.0119805
191 0.0119287
192 0.0118601
193 0.0118585
194 0.0118149
195 0.0117479
196 0.0116902
197 0.0116946
198 0.0116305
199 0.0115842
200 0.0115157
201 0.011489
202 0.011472
203 0.0113869
204 0.0114061
205 0.011362
206 0.0113261
207 0.0112935
208 0.0112595
209 0.0111708
210 0.0111655
211 0.0111354
212 0.0110473
213 0.0110896
214 0.0110183
215 0.0110053
216 0.0108904
217 0.0108604
218 0.0108722
219 0.0107924
220 0.0107755
221 0.0107775
222 0.0107723
223 0.0106978
224 0.0106828
225 0.0106781
226 0.0106334
227 0.0106014
228 0.0104676
229 0.0105136
230 0.0104158
231 0.010423
232 0.0103957
233 0.0103748
234 0.0102891
235 0.0103034
236 0.0102715
237 0.0102221
238 0.0102059
239 0.0101369
240 0.0101311
241 0.0101024
242 0.010098
243 0.0100123
244 0.0100767
245 0.00996202
246 0.00993313
247 0.00993992
248 0.00990784
249 0.00990864
250 0.00985419
251 0.00979935
252 0.00979147
253 0.00972709
254 0.00970881
255 0.00969502
256 0.00964359
257 0.00965395
258 0.00960078
259 0.00957804
260 0.00952545
261 0.009494
262 0.00951111
263 0.00951004
264 0.00942769
265 0.00941611
266 0.00938956
267 0.0093457
268 0.0093322
269 0.00935704
270 0.00931288
271 0.00928633
272 0.00925234
273 0.0092565
274 0.00919359
275 0.00921653
276 0.00916492
277 0.00908953
278 0.00913449
279 0.00906895
280 0.0090825
281 0.00901388
282 0.00904484
283 0.00896531
284 0.0089191
285 0.00898186
286 0.00892936
287 0.00889531
288 0.00884839
289 0.00881142
290 0.0088368
291 0.00882086
292 0.00882783
293 0.00872946
294 0.0087852
295 0.00869144
296 0.00873315
297 0.0086889
298 0.00865231
299 0.00862492
300 0.00861598
