1 0.458075
2 0.46603
3 0.47096
4 0.47105
5 0.473641
6 0.475715
7 0.475876
8 0.47686
9 0.478566
10 0.479005
11 0.479525
12 0.480585
13 0.481014
14 0.481336
15 0.481756
16 0.482365
17 0.482609
18 0.482866
19 0.483322
20 0.48384
21 0.483804
22 0.484143
23 0.484474
24 0.484976
25 0.484851
26 0.484907
27 0.485432
28 0.485557
29 0.485782
30 0.486059
31 0.485934
32 0.486174
33 0.486349
34 0.486254
35 0.486648
36 0.486617
37 0.486676
38 0.487022
39 0.486985
40 0.48694
41 0.487405
42 0.4874
43 0.487363
44 0.487613
45 0.487751
46 0.487721
47 0.487782
48 0.488054
49 0.48795
50 0.488106
51 0.488165
52 0.488292
53 0.48837
54 0.488348
55 0.48859
56 0.488637
57 0.488515
58 0.488673
59 0.488642
60 0.488711
61 0.488727
62 0.488875
63 0.488702
64 0.489112
65 0.489123
66 0.488964
67 0.489134
68 0.489127
69 0.489435
70 0.489229
71 0.489222
72 0.48946
73 0.489434
74 0.489364
75 0.489695
76 0.489702
77 0.489584
78 0.48963
79 0.489701
80 0.489505
81 0.489664
82 0.489795
83 0.489866
84 0.489755
85 0.48975
86 0.489902
87 0.48978
88 0.490011
89 0.490041
90 0.490055
91 0.489858
92 0.489918
93 0.490154
94 0.489977
95 0.490009
96 0.490107
97 0.490205
98 0.490381
99 0.490273
100 0.490223
101 0.490118
102 0.49024
103 0.490476
104 0.490493
105 0.490469
106 0.490654
107 0.490431
108 0.490473
109 0.490554
110 0.490511
111 0.490528
112 0.490767
113 0.490407
114 0.49057
115 0.490457
116 0.490542
117 0.490505
118 0.490696
119 0.49066
120 0.490654
121 0.490778
122 0.490704
123 0.490819
124 0.490542
125 0.490867
126 0.490799
127 0.491024
128 0.49094
129 0.490994
130 0.49094
131 0.490882
132 0.490986
133 0.490996
134 0.490851
135 0.490824
136 0.490968
137 0.490895
138 0.49088
139 0.490929
140 0.490966
141 0.490991
142 0.490964
143 0.491004
144 0.490955
145 0.490958
146 0.491067
147 0.490972
148 0.491245
149 0.491066
150 0.49101
151 0.491096
152 0.491235
153 0.491159
154 0.491169
155 0.491334
156 0.49102
157 0.491253
158 0.491195
159 0.491399
160 0.491343
161 0.491361
162 0.491183
163 0.491403
164 0.491204
165 0.491333
166 0.491448
167 0.491375
168 0.491419
169 0.491408
170 0.491389
171 0.491477
172 0.491466
173 0.491404
174 0.491338
175 0.491426
176 0.491509
177 0.49122
178 0.491452
179 0.491371
180 0.491426
181 0.491457
182 0.491622
183 0.491485
184 0.491353
185 0.491514
186 0.491436
187 0.491589
188 0.491427
189 0.49166
190 0.491499
191 0.491606
192 0.491522
193 0.491649
194 0.491425
195 0.4916
196 0.49173
197 0.491582
198 0.49165
199 0.491714
200 0.491527
201 0.491562
202 0.491647
203 0.491708
204 0.491668
205 0.491655
206 0.491638
207 0.491618
208 0.491641
209 0.491671
210 0.491708
211 0.491876
212 0.491715
213 0.491689
214 0.49178
215 0.491759
216 0.49176
217 0.491884
218 0.491599
219 0.491799
220 0.491685
221 0.49145
222 0.491845
223 0.491729
224 0.49192
225 0.49195
226 0.491721
227 0.491848
228 0.491797
229 0.491672
230 0.491841
231 0.491806
232 0.491843
233 0.491958
234 0.492059
235 0.491864
236 0.491996
237 0.491801
238 0.492014
239 0.491858
240 0.491985
241 0.492031
242 0.491876
243 0.491921
244 0.491863
245 0.491852
246 0.491985
247 0.49198
248 0.491965
249 0.491933
250 0.491718
251 0.492093
252 0.492079
253 0.491965
254 0.491998
255 0.492033
256 0.492058
257 0.491868
258 0.491943
259 0.492052
260 0.491951
261 0.491916
262 0.491874
263 0.491913
264 0.492072
265 0.491993
266 0.492032
267 0.492174
268 0.492038
269 0.49213
270 0.492042
271 0.491982
272 0.491932
273 0.492083
274 0.492009
275 0.492001
276 0.492045
277 0.491994
278 0.491945
279 0.492106
280 0.492118
281 0.492126
282 0.492117
283 0.49202
284 0.492234
285 0.492095
286 0.492131
287 0.492125
288 0.492192
289 0.492076
290 0.492151
291 0.492165
292 0.492098
293 0.492165
294 0.492306
295 0.492162
296 0.492097
297 0.492168
298 0.492286
299 0.492256
300 0.492231
