1 0.333334
2 0.394473
3 0.437043
4 0.438924
5 0.463783
6 0.486072
7 0.490349
8 0.502762
9 0.519662
10 0.526513
11 0.53138
12 0.543992
13 0.553857
14 0.556615
15 0.563504
16 0.573406
17 0.577703
18 0.581443
19 0.589119
20 0.595589
21 0.599417
22 0.602496
23 0.607917
24 0.613173
25 0.616933
26 0.618889
27 0.623368
28 0.628518
29 0.631304
30 0.634047
31 0.637318
32 0.640547
33 0.643697
34 0.645639
35 0.64947
36 0.652674
37 0.655663
38 0.65685
39 0.660357
40 0.663254
41 0.664779
42 0.667466
43 0.669604
44 0.671806
45 0.674288
46 0.676184
47 0.678975
48 0.680485
49 0.6825
50 0.684117
51 0.686226
52 0.688336
53 0.690047
54 0.691859
55 0.694033
56 0.69615
57 0.696946
58 0.699014
59 0.700054
60 0.702661
61 0.704367
62 0.705556
63 0.705982
64 0.708035
65 0.709273
66 0.7112
67 0.711798
68 0.713908
69 0.7144
70 0.715851
71 0.717174
72 0.719498
73 0.720391
74 0.722055
75 0.723263
76 0.723842
77 0.724753
78 0.726501
79 0.727037
80 0.728057
81 0.729869
82 0.731916
83 0.73151
84 0.73286
85 0.734726
86 0.735279
87 0.735787
88 0.737701
89 0.73848
90 0.739454
91 0.740515
92 0.741042
93 0.742274
94 0.742444
95 0.744401
96 0.745107
97 0.7453
98 0.747131
99 0.747333
100 0.748703
101 0.749645
102 0.750375
103 0.750938
104 0.75227
105 0.752181
106 0.75399
107 0.754584
108 0.755315
109 0.755674
110 0.757072
111 0.756901
112 0.758177
113 0.758566
114 0.759352
115 0.760236
116 0.760717
117 0.761128
118 0.762954
119 0.763153
120 0.764241
121 0.764164
122 0.765591
123 0.766251
124 0.766557
125 0.767014
126 0.767669
127 0.768767
128 0.769511
129 0.770195
130 0.769961
131 0.771063
132 0.771604
133 0.772311
134 0.773213
135 0.77369
136 0.774811
137 0.774713
138 0.775351
139 0.776186
140 0.777019
141 0.77661
142 0.777566
143 0.778926
144 0.778822
145 0.779086
146 0.780152
147 0.780228
148 0.780471
149 0.781375
150 0.782936
151 0.781939
152 0.782674
153 0.783648
154 0.784276
155 0.785063
156 0.784769
157 0.786192
158 0.78646
159 0.786166
160 0.787041
161 0.788056
162 0.787793
163 0.788239
164 0.788984
165 0.790075
166 0.78958
167 0.790525
168 0.791342
169 0.791521
170 0.792003
171 0.792815
172 0.792863
173 0.793167
174 0.79343
175 0.794125
176 0.794847
177 0.794339
178 0.794509
179 0.79616
180 0.796484
181 0.796384
182 0.797412
183 0.796819
184 0.798052
185 0.798649
186 0.79933
187 0.799115
188 0.799507
189 0.799495
190 0.799863
191 0.800564
192 0.800853
193 0.801137
194 0.802049
195 0.802231
196 0.802685
197 0.802999
198 0.803646
199 0.803698
200 0.804608
201 0.80463
202 0.804524
203 0.805719
204 0.805251
205 0.805953
206 0.805973
207 0.806429
208 0.80668
209 0.807366
210 0.807378
211 0.807987
212 0.808656
213 0.807938
214 0.808797
215 0.808853
216 0.809742
217 0.810145
218 0.810206
219 0.811217
220 0.811531
221 0.811511
222 0.811012
223 0.8115
224 0.812173
225 0.811508
226 0.812361
227 0.812822
228 0.814028
229 0.813578
230 0.814333
231 0.814719
232 0.814608
233 0.814774
234 0.815705
235 0.815596
236 0.815923
237 0.81606
238 0.816523
239 0.817306
240 0.817157
241 0.817188
242 0.817433
243 0.818214
244 0.817643
245 0.818598
246 0.818929
247 0.819096
248 0.81918
249 0.819424
250 0.819587
251 0.820584
252 0.820229
253 0.820755
254 0.821148
255 0.821657
256 0.821713
257 0.821661
258 0.822261
259 0.822307
260 0.822875
261 0.82363
262 0.82308
263 0.823359
264 0.823762
265 0.824178
266 0.824223
267 0.824746
268 0.824957
269 0.824932
270 0.825191
271 0.825869
272 0.82521
273 0.825938
274 0.825883
275 0.82601
276 0.826624
277 0.827217
278 0.826981
279 0.827299
280 0.82743
281 0.828348
282 0.82759
283 0.82827
284 0.828872
285 0.828583
286 0.828762
287 0.829329
288 0.829817
289 0.830354
290 0.829399
291 0.829587
292 0.830146
293 0.830673
294 0.830031
295 0.831146
296 0.830557
297 0.831387
298 0.831648
299 0.831608
300 0.831972
