1 0.299581
2 0.318846
3 0.332081
4 0.332332
5 0.339799
6 0.346066
7 0.346566
8 0.349652
9 0.355174
10 0.356632
11 0.358379
12 0.36202
13 0.363525
14 0.364664
15 0.366165
16 0.368377
17 0.369274
18 0.370226
19 0.371937
20 0.373907
21 0.373768
22 0.375078
23 0.376365
24 0.37835
25 0.377853
26 0.378076
27 0.380181
28 0.38069
29 0.381609
30 0.382753
31 0.382236
32 0.383232
33 0.383961
34 0.383564
35 0.385223
36 0.38509
37 0.38534
38 0.386821
39 0.386658
40 0.386467
41 0.388479
42 0.388456
43 0.388298
44 0.389393
45 0.390005
46 0.389869
47 0.390139
48 0.391357
49 0.390888
50 0.391591
51 0.391855
52 0.392428
53 0.392784
54 0.392686
55 0.393791
56 0.394008
57 0.393447
58 0.394172
59 0.394029
60 0.394351
61 0.394424
62 0.395112
63 0.394308
64 0.396224
65 0.396276
66 0.395526
67 0.396326
68 0.396293
69 0.397757
70 0.396776
71 0.396742
72 0.397875
73 0.39775
74 0.397415
75 0.399009
76 0.399045
77 0.398471
78 0.398692
79 0.39904
80 0.398091
81 0.39886
82 0.399497
83 0.399844
84 0.399299
85 0.399275
86 0.400018
87 0.399422
88 0.400554
89 0.400699
90 0.400772
91 0.399804
92 0.400095
93 0.401262
94 0.400387
95 0.400543
96 0.40103
97 0.401514
98 0.402394
99 0.401852
100 0.401603
101 0.40108
102 0.401687
103 0.402873
104 0.40296
105 0.402839
106 0.403777
107 0.402646
108 0.402859
109 0.403267
110 0.40305
111 0.403138
112 0.404353
113 0.402524
114 0.40335
115 0.402775
116 0.403209
117 0.40302
118 0.40399
119 0.403807
120 0.403776
121 0.404409
122 0.404033
123 0.40462
124 0.403205
125 0.40487
126 0.404518
127 0.405685
128 0.405247
129 0.405525
130 0.405248
131 0.404948
132 0.405487
133 0.405537
134 0.404788
135 0.404649
136 0.405392
137 0.405014
138 0.404938
139 0.40519
140 0.405381
141 0.405509
142 0.405373
143 0.405576
144 0.405326
145 0.40534
146 0.405904
147 0.405414
148 0.406842
149 0.405901
150 0.405608
151 0.406058
152 0.406788
153 0.40639
154 0.406438
155 0.40731
156 0.40566
157 0.406884
158 0.406579
159 0.407654
160 0.407356
161 0.407452
162 0.406512
163 0.407678
164 0.406622
165 0.407308
166 0.407916
167 0.407526
168 0.407761
169 0.407706
170 0.407604
171 0.408071
172 0.408015
173 0.407681
174 0.407333
175 0.407801
176 0.408242
177 0.406711
178 0.407939
179 0.407506
180 0.407801
181 0.407965
182 0.408851
183 0.408113
184 0.407413
185 0.408269
186 0.407852
187 0.408672
188 0.407803
189 0.409058
190 0.40819
191 0.408765
192 0.408315
193 0.408996
194 0.407796
195 0.408732
196 0.409436
197 0.408633
198 0.409
199 0.409346
200 0.408338
201 0.40853
202 0.408985
203 0.409315
204 0.409101
205 0.409027
206 0.408936
207 0.408827
208 0.408953
209 0.409113
210 0.409316
211 0.410229
212 0.409351
213 0.409214
214 0.409705
215 0.409593
216 0.409596
217 0.410275
218 0.408726
219 0.409808
220 0.409192
221 0.40793
222 0.410064
223 0.409428
224 0.410474
225 0.410636
226 0.409387
227 0.410078
228 0.409802
229 0.409118
230 0.410038
231 0.409848
232 0.410049
233 0.41068
234 0.41124
235 0.410163
236 0.410889
237 0.40982
238 0.410989
239 0.410135
240 0.410833
241 0.411087
242 0.410232
243 0.410478
244 0.410161
245 0.410101
246 0.41083
247 0.410803
248 0.41072
249 0.410546
250 0.409368
251 0.41143
252 0.411349
253 0.410723
254 0.410905
255 0.411097
256 0.411237
257 0.41019
258 0.410598
259 0.411199
260 0.410645
261 0.410449
262 0.41022
263 0.410435
264 0.41131
265 0.410877
266 0.411089
267 0.411878
268 0.411122
269 0.411634
270 0.411148
271 0.410812
272 0.410537
273 0.411373
274 0.410965
275 0.410917
276 0.411163
277 0.410883
278 0.410608
279 0.411501
280 0.411565
281 0.411614
282 0.411564
283 0.411026
284 0.412216
285 0.411441
286 0.411641
287 0.411604
288 0.41198
289 0.411336
290 0.411752
291 0.411832
292 0.411457
293 0.411831
294 0.412621
295 0.411813
296 0.411448
297 0.411846
298 0.412506
299 0.41234
300 0.412197
