1 0.120584
2 0.101348
3 0.0884786
4 0.0880578
5 0.0809967
6 0.0747289
7 0.0733386
8 0.070237
9 0.0657068
10 0.0637082
11 0.0625794
12 0.0593331
13 0.0567583
14 0.0561531
15 0.054433
16 0.0520888
17 0.0510288
18 0.0501214
19 0.0484587
20 0.0469089
21 0.0461587
22 0.045396
23 0.0442643
24 0.0430141
25 0.0422138
26 0.0417584
27 0.0408537
28 0.0398217
29 0.0392331
30 0.0386137
31 0.0380369
32 0.0372937
33 0.0367858
34 0.0362506
35 0.035581
36 0.0349228
37 0.0343486
38 0.0340541
39 0.0334578
40 0.0329017
41 0.0325224
42 0.0320575
43 0.0315913
44 0.0313113
45 0.0308363
46 0.0303461
47 0.0300288
48 0.0296182
49 0.0292895
50 0.0289455
51 0.0286059
52 0.0282243
53 0.0279571
54 0.0276253
55 0.0273267
56 0.0269087
57 0.0267231
58 0.0263842
59 0.0262332
60 0.0258161
61 0.0255643
62 0.0253554
63 0.025163
64 0.0248307
65 0.0246308
66 0.0243424
67 0.0242334
68 0.0239695
69 0.0237953
70 0.0236336
71 0.0233201
72 0.0230566
73 0.0228959
74 0.0226876
75 0.0224966
76 0.0223295
77 0.0222122
78 0.021911
79 0.0217688
80 0.021612
81 0.0214255
82 0.0211562
83 0.0211161
84 0.0209276
85 0.0207165
86 0.0205711
87 0.0204569
88 0.0202089
89 0.0200762
90 0.0199193
91 0.0198773
92 0.0197267
93 0.019571
94 0.0194428
95 0.0192689
96 0.0191101
97 0.0190528
98 0.018827
99 0.0187657
100 0.0186098
101 0.0184732
102 0.0183677
103 0.0182775
104 0.0181249
105 0.0181127
106 0.0178912
107 0.0177785
108 0.0176723
109 0.0176185
110 0.0174715
111 0.0174361
112 0.0172587
113 0.0171414
114 0.0170923
115 0.0170383
116 0.0169026
117 0.0168164
118 0.0166935
119 0.0165976
120 0.0165036
121 0.0164613
122 0.0163247
123 0.0161732
124 0.0161537
125 0.0160768
126 0.0160023
127 0.0158597
128 0.0157165
129 0.0156801
130 0.0156349
131 0.0155625
132 0.0154601
133 0.0153306
134 0.0152465
135 0.0152167
136 0.0151218
137 0.0150557
138 0.014964
139 0.0149093
140 0.0148408
141 0.0148152
142 0.0146825
143 0.0145707
144 0.0145652
145 0.0145082
146 0.0144085
147 0.0143677
148 0.0143221
149 0.0142295
150 0.0140925
151 0.0141194
152 0.0140374
153 0.0139422
154 0.0138935
155 0.0138112
156 0.0137815
157 0.013647
158 0.0136151
159 0.0136295
160 0.013508
161 0.0133956
162 0.0134183
163 0.0133368
164 0.013305
165 0.0131919
166 0.0131953
167 0.0131216
168 0.0130477
169 0.0129824
170 0.0129502
171 0.0128798
172 0.0128092
173 0.0127997
174 0.0127553
175 0.0126841
176 0.0125944
177 0.0126075
178 0.0126053
179 0.0124418
180 0.0124164
181 0.0124453
182 0.0123163
183 0.0123487
184 0.0122833
185 0.0121984
186 0.0121274
187 0.0121262
188 0.0120561
189 0.012075
190 0.0119632
191 0.011905
192 0.0118535
193 0.0118425
194 0.0117963
195 0.0117277
196 0.0116747
197 0.0116798
198 0.0116192
199 0.0115632
200 0.0114959
201 0.0114775
202 0.0114581
203 0.011376
204 0.0113919
205 0.0113388
206 0.0113106
207 0.0112832
208 0.0112471
209 0.0111595
210 0.0111479
211 0.0111202
212 0.0110292
213 0.0110779
214 0.011004
215 0.01099
216 0.0108797
217 0.0108518
218 0.0108532
219 0.010781
220 0.0107626
221 0.0107643
222 0.010757
223 0.0106862
224 0.010677
225 0.0106668
226 0.0106196
227 0.0105897
228 0.0104519
229 0.0105034
230 0.0104054
231 0.0104079
232 0.0103804
233 0.0103667
234 0.0102827
235 0.010286
236 0.0102733
237 0.0102131
238 0.0101926
239 0.01013
240 0.0101218
241 0.0100926
242 0.0100819
243 0.0100009
244 0.0100648
245 0.00995195
246 0.00992749
247 0.00993332
248 0.00989928
249 0.00990533
250 0.0098527
251 0.00978818
252 0.00978952
253 0.00972108
254 0.00969822
255 0.0096838
256 0.00963879
257 0.00964431
258 0.00959402
259 0.00956873
260 0.00951933
261 0.00948463
262 0.00950587
263 0.00949993
264 0.00941473
265 0.00940784
266 0.00938273
267 0.00934154
268 0.00932533
269 0.00934703
270 0.00930302
271 0.00927433
272 0.00924587
273 0.00924798
274 0.00918991
275 0.0092055
276 0.00915743
277 0.00908336
278 0.00912516
279 0.00906555
280 0.00907763
281 0.00900913
282 0.00903719
283 0.00896013
284 0.00891144
285 0.00897548
286 0.00892432
287 0.0088918
288 0.00884172
289 0.00880964
290 0.00883242
291 0.00881542
292 0.00882595
293 0.00872039
294 0.00877747
295 0.00868362
296 0.0087258
297 0.00868612
298 0.00864749
299 0.00862446
300 0.00861406
