1 0.299581
2 0.309718
3 0.316896
4 0.320748
5 0.324483
6 0.327931
7 0.330811
8 0.333089
9 0.335641
10 0.337685
11 0.339519
12 0.341344
13 0.342993
14 0.344483
15 0.345669
16 0.347251
17 0.348603
18 0.349797
19 0.350839
20 0.351954
21 0.352992
22 0.354013
23 0.354993
24 0.356007
25 0.35693
26 0.357764
27 0.358444
28 0.359191
29 0.360112
30 0.360777
31 0.361268
32 0.362038
33 0.36254
34 0.363337
35 0.364026
36 0.364486
37 0.365068
38 0.365553
39 0.366175
40 0.366819
41 0.367342
42 0.367834
43 0.36817
44 0.368699
45 0.369158
46 0.369702
47 0.370105
48 0.370499
49 0.370997
50 0.371343
51 0.371692
52 0.372148
53 0.372469
54 0.372875
55 0.373242
56 0.37369
57 0.374042
58 0.374281
59 0.374611
60 0.374938
61 0.375372
62 0.375641
63 0.375996
64 0.376205
65 0.376651
66 0.376884
67 0.377218
68 0.377389
69 0.377765
70 0.377925
71 0.378218
72 0.378574
73 0.378782
74 0.379062
75 0.379208
76 0.379521
77 0.379697
78 0.38006
79 0.380267
80 0.380526
81 0.380684
82 0.380971
83 0.381093
84 0.381363
85 0.38161
86 0.381779
87 0.381927
88 0.382292
89 0.382484
90 0.382615
91 0.382764
92 0.382989
93 0.383125
94 0.383389
95 0.383565
96 0.383828
97 0.383961
98 0.384182
99 0.384295
100 0.384524
101 0.384683
102 0.384852
103 0.385002
104 0.385205
105 0.385244
106 0.385546
107 0.385735
108 0.385871
109 0.385928
110 0.386085
111 0.38624
112 0.386433
113 0.386602
114 0.386697
115 0.386823
116 0.386976
117 0.38712
118 0.387247
119 0.38741
120 0.387563
121 0.387715
122 0.387789
123 0.388041
124 0.388082
125 0.3882
126 0.388327
127 0.388448
128 0.38866
129 0.38871
130 0.388825
131 0.388997
132 0.389103
133 0.389284
134 0.389389
135 0.38947
136 0.389567
137 0.389657
138 0.389755
139 0.389835
140 0.389977
141 0.390077
142 0.390267
143 0.390323
144 0.390435
145 0.390508
146 0.390731
147 0.390755
148 0.390879
149 0.390999
150 0.391142
151 0.3912
152 0.391276
153 0.391332
154 0.391468
155 0.391575
156 0.391646
157 0.391814
158 0.391844
159 0.391883
160 0.392039
161 0.392193
162 0.392242
163 0.392327
164 0.3924
165 0.392569
166 0.392587
167 0.392661
168 0.392825
169 0.392869
170 0.392924
171 0.392973
172 0.393154
173 0.393197
174 0.393227
175 0.393377
176 0.393453
177 0.393537
178 0.393517
179 0.393734
180 0.393823
181 0.393828
182 0.393939
183 0.393912
184 0.394069
185 0.394145
186 0.394204
187 0.39431
188 0.39441
189 0.394419
190 0.394599
191 0.39459
192 0.394721
193 0.394758
194 0.394786
195 0.394911
196 0.395005
197 0.395018
198 0.395094
199 0.395176
200 0.395266
201 0.395338
202 0.395405
203 0.395468
204 0.395508
205 0.395655
206 0.395652
207 0.395682
208 0.395765
209 0.395873
210 0.395925
211 0.395961
212 0.396069
213 0.39606
214 0.396172
215 0.396246
216 0.396328
217 0.396385
218 0.396381
219 0.396515
220 0.396559
221 0.396532
222 0.396631
223 0.396728
224 0.396752
225 0.396799
226 0.396834
227 0.396875
228 0.397046
229 0.397025
230 0.397104
231 0.397143
232 0.397199
233 0.39727
234 0.397368
235 0.397389
236 0.397414
237 0.397537
238 0.397566
239 0.397624
240 0.397644
241 0.397696
242 0.397746
243 0.397831
244 0.39786
245 0.39794
246 0.397986
247 0.398007
248 0.398055
249 0.398088
250 0.398142
251 0.39824
252 0.39824
253 0.398375
254 0.398399
255 0.39846
256 0.398476
257 0.398513
258 0.398558
259 0.398597
260 0.398657
261 0.398728
262 0.398731
263 0.398769
264 0.398876
265 0.398906
266 0.398946
267 0.398984
268 0.39899
269 0.399064
270 0.399088
271 0.399153
272 0.399192
273 0.399271
274 0.39929
275 0.399317
276 0.399358
277 0.39944
278 0.399438
279 0.399509
280 0.399559
281 0.399579
282 0.399625
283 0.399688
284 0.399779
285 0.399721
286 0.399803
287 0.39981
288 0.399872
289 0.39992
290 0.399911
291 0.399976
292 0.400012
293 0.400121
294 0.400058
295 0.400147
296 0.400171
297 0.400197
298 0.400258
299 0.400328
300 0.400346
