1 0.120584
2 0.110966
3 0.103532
4 0.0995603
5 0.0958426
6 0.0924287
7 0.0895995
8 0.08734
9 0.0848482
10 0.0827186
11 0.080897
12 0.0791237
13 0.0773579
14 0.0759718
15 0.0745792
16 0.0731811
17 0.0717829
18 0.0706746
19 0.0695548
20 0.0684479
21 0.0673742
22 0.0663562
23 0.0654725
24 0.064473
25 0.0635955
26 0.0627104
27 0.0619681
28 0.0612328
29 0.0603695
30 0.0596947
31 0.0590957
32 0.0583866
33 0.0578205
34 0.0571045
35 0.0564707
36 0.0559175
37 0.055325
38 0.0548831
39 0.0542637
40 0.053676
41 0.0532446
42 0.052708
43 0.0522272
44 0.0518072
45 0.0512823
46 0.050763
47 0.0504294
48 0.0499559
49 0.0494896
50 0.049134
51 0.0487209
52 0.048343
53 0.0479525
54 0.0475387
55 0.0472139
56 0.0467397
57 0.0464224
58 0.0461352
59 0.0458203
60 0.0454511
61 0.0450822
62 0.0448111
63 0.0444494
64 0.0442244
65 0.043882
66 0.043531
67 0.0433157
68 0.04304
69 0.0427282
70 0.0425275
71 0.0422316
72 0.0419399
73 0.0416818
74 0.0414344
75 0.0412027
76 0.0409708
77 0.0407682
78 0.0404492
79 0.0402459
80 0.0399765
81 0.039788
82 0.0394932
83 0.0393405
84 0.0391252
85 0.0388433
86 0.0386451
87 0.0385259
88 0.0381565
89 0.0380115
90 0.0378188
91 0.0376948
92 0.037494
93 0.0372474
94 0.0370809
95 0.0369102
96 0.0366306
97 0.0365237
98 0.0362874
99 0.036189
100 0.035966
101 0.0357994
102 0.0356214
103 0.0354865
104 0.0352614
105 0.0352191
106 0.0349454
107 0.0347866
108 0.034626
109 0.0345346
110 0.0343831
111 0.0342473
112 0.0340234
113 0.0338774
114 0.0337505
115 0.0336349
116 0.0335078
117 0.0333768
118 0.0332123
119 0.033065
120 0.0329237
121 0.0327876
122 0.0326486
123 0.0324734
124 0.0324065
125 0.0322651
126 0.0321437
127 0.032023
128 0.0318215
129 0.0317439
130 0.0316225
131 0.0314924
132 0.0313467
133 0.0311843
134 0.0310808
135 0.0310198
136 0.0308848
137 0.0308054
138 0.030705
139 0.0305855
140 0.0304882
141 0.0303725
142 0.0302078
143 0.030095
144 0.0300246
145 0.0299198
146 0.0298037
147 0.029696
148 0.0296274
149 0.029464
150 0.0293363
151 0.0292817
152 0.0291711
153 0.0290975
154 0.028984
155 0.0288808
156 0.0287823
157 0.0286468
158 0.0286017
159 0.0285529
160 0.0284179
161 0.0282469
162 0.0282183
163 0.02811
164 0.0280549
165 0.0279097
166 0.0278645
167 0.0277922
168 0.0276411
169 0.0275707
170 0.0275212
171 0.0274181
172 0.0273013
173 0.0272518
174 0.0271997
175 0.0270822
176 0.0269992
177 0.0269352
178 0.0269281
179 0.0267048
180 0.0266559
181 0.0266353
182 0.0265292
183 0.0265118
184 0.0263861
185 0.0263051
186 0.0262021
187 0.0261498
188 0.0260586
189 0.0260412
190 0.0259014
191 0.0258299
192 0.0257455
193 0.0257097
194 0.0256634
195 0.0255493
196 0.0254623
197 0.0254288
198 0.0253571
199 0.0252879
200 0.0252029
201 0.0251368
202 0.0250654
203 0.0249898
204 0.0249522
205 0.0248819
206 0.0248084
207 0.0247788
208 0.0246933
209 0.0245814
210 0.0245415
211 0.0244966
212 0.024397
213 0.0244022
214 0.0242937
215 0.0242547
216 0.024135
217 0.0240991
218 0.0240743
219 0.023956
220 0.0239273
221 0.0239159
222 0.0238521
223 0.0237448
224 0.0237232
225 0.0236954
226 0.0236429
227 0.0235658
228 0.0234022
229 0.0234312
230 0.0233464
231 0.0233082
232 0.0232584
233 0.0232151
234 0.023119
235 0.0230802
236 0.0230414
237 0.0229509
238 0.0229159
239 0.0228335
240 0.0228271
241 0.0227622
242 0.0227179
243 0.0226359
244 0.0226265
245 0.0225364
246 0.0224905
247 0.0224679
248 0.0224058
249 0.022391
250 0.0223282
251 0.022252
252 0.022212
253 0.0220978
254 0.0220703
255 0.0220262
256 0.0219851
257 0.0219514
258 0.0218998
259 0.0218534
260 0.021786
261 0.0217424
262 0.0217281
263 0.0217234
264 0.0215997
265 0.0215741
266 0.0215335
267 0.0214843
268 0.021436
269 0.0214317
270 0.0213727
271 0.0213332
272 0.0212694
273 0.0212333
274 0.0211866
275 0.0211617
276 0.0211167
277 0.0210315
278 0.0210323
279 0.0209564
280 0.0209379
281 0.0208823
282 0.0208589
283 0.0207655
284 0.0206931
285 0.020751
286 0.0207008
287 0.0206394
288 0.0205963
289 0.0205307
290 0.0205148
291 0.0205062
292 0.0204529
293 0.0203507
294 0.0204111
295 0.0203073
296 0.0203057
297 0.0202754
298 0.0202157
299 0.0201448
300 0.0201237
