1 0.437412
2 0.437688
3 0.437537
4 0.437456
5 0.437598
6 0.437551
7 0.437492
8 0.437462
9 0.437468
10 0.437432
11 0.437424
12 0.437404
13 0.437445
14 0.43741
15 0.437395
16 0.426972
17 0.417786
18 0.409601
19 0.402235
20 0.395419
21 0.388877
22 0.382317
23 0.375584
24 0.368592
25 0.361524
26 0.35449
27 0.347609
28 0.340918
29 0.334452
30 0.328145
31 0.322007
32 0.31604
33 0.310246
34 0.304666
35 0.299276
36 0.294065
37 0.289054
38 0.284258
39 0.279647
40 0.275278
41 0.271118
42 0.26712
43 0.263337
44 0.259714
45 0.256298
46 0.253068
47 0.250048
48 0.247138
49 0.244342
50 0.241813
51 0.239349
52 0.236962
53 0.234672
54 0.232658
55 0.23068
56 0.228824
57 0.227029
58 0.2253
59 0.223665
60 0.22214
61 0.220618
62 0.219196
63 0.21783
64 0.216447
65 0.215143
66 0.213847
67 0.212721
68 0.211586
69 0.210412
70 0.209221
71 0.208028
72 0.206831
73 0.205673
74 0.204585
75 0.203474
76 0.20235
77 0.201311
78 0.200236
79 0.199138
80 0.198069
81 0.196987
82 0.195965
83 0.194922
84 0.193875
85 0.192816
86 0.191771
87 0.19074
88 0.189696
89 0.188652
90 0.187622
91 0.186591
92 0.185641
93 0.184675
94 0.183703
95 0.182733
96 0.181774
97 0.180822
98 0.179897
99 0.178992
100 0.178161
101 0.177338
102 0.176521
103 0.175715
104 0.174927
105 0.174139
106 0.173357
107 0.172592
108 0.171831
109 0.171074
110 0.170318
111 0.169576
112 0.168854
113 0.168156
114 0.167471
115 0.166801
116 0.166156
117 0.165531
118 0.164922
119 0.164341
120 0.163779
121 0.163244
122 0.162729
123 0.162238
124 0.161766
125 0.161325
126 0.160907
127 0.160525
128 0.160182
129 0.159898
130 0.15961
131 0.159316
132 0.159022
133 0.158728
134 0.158432
135 0.158133
136 0.157832
137 0.157527
138 0.157222
139 0.156922
140 0.156622
141 0.156329
142 0.156033
143 0.155747
144 0.155465
145 0.155192
146 0.154919
147 0.154649
148 0.154389
149 0.154132
150 0.153884
151 0.153639
152 0.153396
153 0.153158
154 0.152926
155 0.152697
156 0.152465
157 0.152239
158 0.152022
159 0.1518
160 0.151582
161 0.15137
162 0.151181
163 0.150992
164 0.150801
165 0.150606
166 0.150408
167 0.150203
168 0.149997
169 0.149791
170 0.149583
171 0.149364
172 0.149158
173 0.148938
174 0.148723
175 0.148491
176 0.148264
177 0.14803
178 0.147795
179 0.147552
180 0.147305
181 0.147059
182 0.146797
183 0.146544
184 0.146279
185 0.146023
186 0.145752
187 0.145485
188 0.145213
189 0.144934
190 0.14465
191 0.144366
192 0.144081
193 0.143786
194 0.14349
195 0.143189
196 0.142881
197 0.142577
198 0.142271
199 0.141962
200 0.14165
201 0.141338
202 0.141023
203 0.140705
204 0.140384
205 0.140062
206 0.139737
207 0.139406
208 0.139078
209 0.138745
210 0.138413
211 0.138081
212 0.137745
213 0.137407
214 0.13707
215 0.136733
216 0.136392
217 0.13605
218 0.135711
219 0.135371
220 0.135029
221 0.134691
222 0.134355
223 0.134016
224 0.133677
225 0.13334
226 0.133001
227 0.132662
228 0.132326
229 0.13199
230 0.131655
231 0.13132
232 0.130985
233 0.130654
234 0.130323
235 0.129992
236 0.129663
237 0.129336
238 0.129013
239 0.12869
240 0.128369
241 0.128051
242 0.127735
243 0.127421
244 0.127112
245 0.126802
246 0.126488
247 0.126175
248 0.125862
249 0.125547
250 0.125236
251 0.124927
252 0.124618
253 0.124311
254 0.124005
255 0.1237
256 0.123398
257 0.123098
258 0.122799
259 0.122502
260 0.122208
261 0.121915
262 0.121624
263 0.121334
264 0.121047
265 0.120761
266 0.120478
267 0.120195
268 0.119914
269 0.119634
270 0.119357
271 0.11908
272 0.118808
273 0.118537
274 0.118268
275 0.118002
276 0.117737
277 0.117474
278 0.117211
279 0.116948
280 0.116687
281 0.116426
282 0.116166
283 0.115907
284 0.115651
285 0.115395
286 0.115142
287 0.114889
288 0.114639
289 0.11439
290 0.114143
291 0.113896
292 0.113652
293 0.113408
294 0.113166
295 0.112924
296 0.112685
297 0.112447
298 0.11221
299 0.111975
300 0.111741
