1 0.437412
2 0.437964
3 0.437235
4 0.437213
5 0.438167
6 0.437316
7 0.437136
8 0.43725
9 0.437518
10 0.437111
11 0.437344
12 0.43718
13 0.437934
14 0.436959
15 0.437187
16 0.27063
17 0.270806
18 0.270456
19 0.26964
20 0.265922
21 0.258044
22 0.244548
23 0.227457
24 0.20778
25 0.191883
26 0.178641
27 0.168704
28 0.160265
29 0.153399
30 0.145241
31 0.137876
32 0.131055
33 0.12484
34 0.120521
35 0.11601
36 0.1117
37 0.108653
38 0.106811
39 0.104408
40 0.104888
41 0.104717
42 0.103238
43 0.104429
44 0.103933
45 0.105982
46 0.107728
47 0.111133
48 0.110375
49 0.110126
50 0.117874
51 0.116169
52 0.115213
53 0.115593
54 0.125892
55 0.123904
56 0.12672
57 0.126531
58 0.126739
59 0.128827
60 0.132153
61 0.129334
62 0.132437
63 0.133127
64 0.129327
65 0.131716
66 0.129612
67 0.138361
68 0.135577
69 0.130567
70 0.126999
71 0.124517
72 0.121908
73 0.122255
74 0.125193
75 0.121277
76 0.118043
77 0.122337
78 0.117412
79 0.113492
80 0.113635
81 0.110424
82 0.113206
83 0.109422
84 0.10692
85 0.103862
86 0.102957
87 0.102092
88 0.0988243
89 0.0968285
90 0.0959854
91 0.0937575
92 0.099166
93 0.095855
94 0.0932714
95 0.091583
96 0.0906336
97 0.0894496
98 0.0901185
99 0.0903726
100 0.0959077
101 0.0950147
102 0.0939989
103 0.0934548
104 0.0937886
105 0.09217
106 0.0913045
107 0.0915085
108 0.0904067
109 0.0892407
110 0.087962
111 0.0879636
112 0.088675
113 0.0900157
114 0.0900987
115 0.0903841
116 0.0919757
117 0.0930041
118 0.0936932
119 0.0957784
120 0.0969517
121 0.0989497
122 0.100487
123 0.102341
124 0.103673
125 0.10667
126 0.108596
127 0.112386
128 0.116607
129 0.123619
130 0.122456
131 0.121038
132 0.120542
133 0.119983
134 0.118986
135 0.118036
136 0.117208
137 0.116068
138 0.115445
139 0.115565
140 0.114919
141 0.115277
142 0.114347
143 0.115128
144 0.115069
145 0.115941
146 0.115299
147 0.115274
148 0.11607
149 0.116106
150 0.116988
151 0.116939
152 0.116616
153 0.116986
154 0.117431
155 0.117531
156 0.116409
157 0.117055
158 0.117844
159 0.116862
160 0.116804
161 0.117565
162 0.120749
163 0.120249
164 0.119695
165 0.118666
166 0.117786
167 0.116167
168 0.115533
169 0.115127
170 0.114493
171 0.112195
172 0.113794
173 0.111229
174 0.111392
175 0.108248
176 0.108523
177 0.106762
178 0.106309
179 0.10433
180 0.102922
181 0.10292
182 0.0994033
183 0.100367
184 0.0978625
185 0.0989132
186 0.0956798
187 0.0957553
188 0.094254
189 0.0924606
190 0.0911538
191 0.0903836
192 0.089613
193 0.0871534
194 0.0863906
195 0.0846981
196 0.082763
197 0.0830528
198 0.0820764
199 0.0808021
200 0.0795262
201 0.0789012
202 0.0776518
203 0.0765554
204 0.0751671
205 0.0742999
206 0.0731659
207 0.0711865
208 0.0711592
209 0.0695911
210 0.0689895
211 0.0684031
212 0.0668507
213 0.0656965
214 0.0653741
215 0.0644619
216 0.0631631
217 0.0621512
218 0.0620814
219 0.0613496
220 0.0602186
221 0.0601717
222 0.060262
223 0.058573
224 0.0581996
225 0.0577231
226 0.0567873
227 0.0561376
228 0.0559308
229 0.0554606
230 0.0548649
231 0.0542665
232 0.0537696
233 0.0537936
234 0.0530709
235 0.0526526
236 0.0523298
237 0.0522643
238 0.0522614
239 0.0518498
240 0.0517526
241 0.0516061
242 0.0516069
243 0.0514174
244 0.0521602
245 0.0511393
246 0.0496103
247 0.0491567
248 0.0484075
249 0.0474891
250 0.0477592
251 0.0476943
252 0.0470252
253 0.0469611
254 0.0466313
255 0.046336
256 0.0463017
257 0.0462266
258 0.0459174
259 0.0460145
260 0.0459188
261 0.0459676
262 0.0454696
263 0.0454398
264 0.0455084
265 0.0453929
266 0.0453705
267 0.0448812
268 0.0448871
269 0.0446767
270 0.0447373
271 0.0444477
272 0.0451189
273 0.0448592
274 0.0448437
275 0.045021
276 0.0449539
277 0.0446915
278 0.0444309
279 0.0438099
280 0.0439339
281 0.0434031
282 0.0429967
283 0.0428885
284 0.0431525
285 0.0425972
286 0.0430558
287 0.042746
288 0.0427454
289 0.0428146
290 0.0426222
291 0.0423306
292 0.0426563
293 0.0420793
294 0.0422949
295 0.0419263
296 0.0420408
297 0.0419822
298 0.0417589
299 0.0420305
300 0.0418578
