1 0.500374
2 0.499824
3 0.500228
4 0.500765
5 0.499101
6 0.499065
7 0.500124
8 0.500323
9 0.500195
10 0.5003
11 0.499083
12 0.500498
13 0.499115
14 0.500183
15 0.500712
16 0.667049
17 0.666632
18 0.666657
19 0.667388
20 0.671791
21 0.679084
22 0.693135
23 0.710572
24 0.729725
25 0.746573
26 0.758789
27 0.768424
28 0.777344
29 0.783642
30 0.792174
31 0.799868
32 0.806143
33 0.812261
34 0.816236
35 0.82111
36 0.825693
37 0.828898
38 0.830497
39 0.833204
40 0.832863
41 0.83251
42 0.833747
43 0.832274
44 0.834056
45 0.831043
46 0.830202
47 0.826318
48 0.827718
49 0.826923
50 0.819485
51 0.821546
52 0.822068
53 0.821724
54 0.811935
55 0.813864
56 0.810663
57 0.81099
58 0.810942
59 0.808183
60 0.804755
61 0.808226
62 0.804973
63 0.804629
64 0.808199
65 0.806259
66 0.807442
67 0.799066
68 0.801821
69 0.806426
70 0.81089
71 0.812566
72 0.815389
73 0.814299
74 0.812215
75 0.816185
76 0.819205
77 0.8149
78 0.820092
79 0.823511
80 0.824101
81 0.826471
82 0.824055
83 0.828493
84 0.830181
85 0.833723
86 0.833403
87 0.835928
88 0.838149
89 0.840784
90 0.841304
91 0.843858
92 0.837958
93 0.842101
94 0.844325
95 0.845233
96 0.847125
97 0.847526
98 0.847215
99 0.8467
100 0.842006
101 0.842937
102 0.844403
103 0.84389
104 0.844058
105 0.845031
106 0.846167
107 0.846099
108 0.847228
109 0.848079
110 0.849423
111 0.849206
112 0.849021
113 0.847367
114 0.847063
115 0.847077
116 0.844846
117 0.844581
118 0.843664
119 0.841039
120 0.840295
121 0.838431
122 0.836938
123 0.834902
124 0.833274
125 0.831278
126 0.828875
127 0.824835
128 0.820541
129 0.813894
130 0.814741
131 0.816588
132 0.816974
133 0.817117
134 0.818512
135 0.818923
136 0.821005
137 0.821734
138 0.821814
139 0.822134
140 0.822042
141 0.82206
142 0.822907
143 0.82247
144 0.822828
145 0.821694
146 0.822086
147 0.822943
148 0.821747
149 0.821177
150 0.820501
151 0.820295
152 0.82054
153 0.819664
154 0.819624
155 0.819678
156 0.820462
157 0.820277
158 0.819217
159 0.820372
160 0.820723
161 0.820175
162 0.816598
163 0.817512
164 0.817396
165 0.81903
166 0.819532
167 0.821503
168 0.821539
169 0.822418
170 0.82288
171 0.825533
172 0.82428
173 0.825999
174 0.826458
175 0.829431
176 0.829314
177 0.830435
178 0.831551
179 0.833291
180 0.834426
181 0.835383
182 0.837608
183 0.836839
184 0.839928
185 0.838468
186 0.841892
187 0.842137
188 0.843708
189 0.845271
190 0.846086
191 0.846366
192 0.847935
193 0.849922
194 0.851353
195 0.852915
196 0.854649
197 0.854792
198 0.854988
199 0.856487
200 0.857556
201 0.857911
202 0.860024
203 0.860551
204 0.862681
205 0.863217
206 0.863927
207 0.86639
208 0.865931
209 0.867901
210 0.868401
211 0.86899
212 0.87075
213 0.871753
214 0.872643
215 0.873288
216 0.874483
217 0.87515
218 0.875391
219 0.876234
220 0.877769
221 0.877148
222 0.87709
223 0.878827
224 0.879691
225 0.879506
226 0.8806
227 0.881567
228 0.881713
229 0.882585
230 0.881975
231 0.883234
232 0.883626
233 0.883788
234 0.884443
235 0.884825
236 0.88543
237 0.885057
238 0.885383
239 0.886021
240 0.885904
241 0.885809
242 0.885891
243 0.886218
244 0.884788
245 0.885967
246 0.887609
247 0.888061
248 0.888727
249 0.889681
250 0.889962
251 0.889606
252 0.890422
253 0.890527
254 0.890534
255 0.89107
256 0.891357
257 0.890872
258 0.891693
259 0.891985
260 0.891648
261 0.891084
262 0.89132
263 0.892713
264 0.892332
265 0.892292
266 0.892029
267 0.892476
268 0.892936
269 0.892707
270 0.892736
271 0.89302
272 0.892275
273 0.892127
274 0.891954
275 0.892682
276 0.892244
277 0.892442
278 0.892252
279 0.893541
280 0.893653
281 0.894626
282 0.894053
283 0.894762
284 0.894012
285 0.89478
286 0.894228
287 0.894635
288 0.894647
289 0.894739
290 0.894699
291 0.895357
292 0.895
293 0.895643
294 0.8951
295 0.895313
296 0.895643
297 0.895736
298 0.895945
299 0.895611
300 0.895699
