1 0.500374
2 0.500099
3 0.500142
4 0.500298
5 0.500058
6 0.499893
7 0.499926
8 0.499976
9 0.5
10 0.50003
11 0.499944
12 0.49999
13 0.499923
14 0.499941
15 0.499993
16 0.510434
17 0.519622
18 0.52779
19 0.535138
20 0.54197
21 0.5485
22 0.555074
23 0.561835
24 0.56883
25 0.57594
26 0.582972
27 0.589841
28 0.596538
29 0.602989
30 0.609296
31 0.615443
32 0.621402
33 0.627186
34 0.632746
35 0.638128
36 0.643338
37 0.648353
38 0.653147
39 0.657764
40 0.662141
41 0.666296
42 0.670283
43 0.674051
44 0.677687
45 0.681095
46 0.684336
47 0.687357
48 0.690281
49 0.69307
50 0.695598
51 0.698068
52 0.700453
53 0.702741
54 0.704763
55 0.706746
56 0.708602
57 0.710398
58 0.712132
59 0.71376
60 0.715276
61 0.7168
62 0.718222
63 0.719594
64 0.720978
65 0.72229
66 0.723581
67 0.724707
68 0.725841
69 0.727009
70 0.728207
71 0.729396
72 0.73059
73 0.731737
74 0.732824
75 0.733936
76 0.735058
77 0.736095
78 0.737171
79 0.738264
80 0.739337
81 0.740413
82 0.741433
83 0.742482
84 0.743526
85 0.744587
86 0.74562
87 0.746658
88 0.747698
89 0.748743
90 0.749772
91 0.750806
92 0.751753
93 0.752725
94 0.753699
95 0.754663
96 0.755626
97 0.756573
98 0.757498
99 0.758399
100 0.759235
101 0.760064
102 0.760891
103 0.761697
104 0.762489
105 0.763275
106 0.764057
107 0.764823
108 0.765586
109 0.766343
110 0.767099
111 0.767838
112 0.768563
113 0.76926
114 0.769943
115 0.770614
116 0.771254
117 0.77188
118 0.772489
119 0.773065
120 0.773625
121 0.774161
122 0.774675
123 0.775165
124 0.775633
125 0.776079
126 0.776498
127 0.776878
128 0.777219
129 0.777504
130 0.77779
131 0.778086
132 0.778381
133 0.778672
134 0.778969
135 0.779265
136 0.779572
137 0.77988
138 0.780184
139 0.780486
140 0.780782
141 0.781075
142 0.78137
143 0.781657
144 0.781943
145 0.782217
146 0.78249
147 0.782766
148 0.783029
149 0.783285
150 0.783533
151 0.783777
152 0.784018
153 0.784251
154 0.784481
155 0.784708
156 0.784937
157 0.785162
158 0.785378
159 0.785598
160 0.785818
161 0.786031
162 0.78622
163 0.786412
164 0.786601
165 0.786797
166 0.786994
167 0.787201
168 0.787405
169 0.787613
170 0.78782
171 0.788041
172 0.788251
173 0.788469
174 0.788688
175 0.788921
176 0.78915
177 0.789383
178 0.78962
179 0.789864
180 0.790112
181 0.790362
182 0.790621
183 0.790874
184 0.791141
185 0.791396
186 0.791668
187 0.791938
188 0.792213
189 0.792494
190 0.792776
191 0.793057
192 0.793342
193 0.793636
194 0.793933
195 0.794236
196 0.794544
197 0.79485
198 0.795153
199 0.795462
200 0.795772
201 0.796081
202 0.796398
203 0.796714
204 0.797037
205 0.79736
206 0.797683
207 0.798015
208 0.798341
209 0.798674
210 0.799006
211 0.799338
212 0.799675
213 0.800013
214 0.800353
215 0.800692
216 0.801034
217 0.801375
218 0.801715
219 0.802055
220 0.802399
221 0.802737
222 0.803072
223 0.803412
224 0.803752
225 0.804089
226 0.804428
227 0.804767
228 0.805105
229 0.805443
230 0.805776
231 0.806111
232 0.806445
233 0.806777
234 0.807109
235 0.80744
236 0.80777
237 0.808097
238 0.808421
239 0.808746
240 0.809067
241 0.809386
242 0.809702
243 0.810017
244 0.810323
245 0.810632
246 0.810945
247 0.811257
248 0.81157
249 0.811883
250 0.812196
251 0.812504
252 0.812813
253 0.81312
254 0.813425
255 0.81373
256 0.814033
257 0.814332
258 0.814632
259 0.81493
260 0.815225
261 0.815516
262 0.815805
263 0.816098
264 0.816387
265 0.816673
266 0.816956
267 0.817239
268 0.817522
269 0.817801
270 0.818079
271 0.818355
272 0.818627
273 0.818896
274 0.819163
275 0.81943
276 0.819694
277 0.819957
278 0.820217
279 0.82048
280 0.820741
281 0.821004
282 0.821263
283 0.821523
284 0.821778
285 0.822034
286 0.822286
287 0.822538
288 0.822789
289 0.823038
290 0.823285
291 0.823533
292 0.823777
293 0.824023
294 0.824264
295 0.824505
296 0.824746
297 0.824985
298 0.825223
299 0.825458
300 0.825692
