1 0.388654
2 0.418802
3 0.418675
4 0.455016
5 0.46192
6 0.474173
7 0.488465
8 0.494037
9 0.505367
10 0.514785
11 0.52518
12 0.530218
13 0.540196
14 0.545288
15 0.550164
16 0.557554
17 0.563138
18 0.568521
19 0.574878
20 0.580419
21 0.584918
22 0.589778
23 0.594365
24 0.598295
25 0.603149
26 0.606964
27 0.610919
28 0.614946
29 0.618632
30 0.622276
31 0.626127
32 0.629745
33 0.632599
34 0.635639
35 0.638795
36 0.641697
37 0.644938
38 0.647718
39 0.650616
40 0.653494
41 0.656428
42 0.658976
43 0.661709
44 0.664027
45 0.666328
46 0.66868
47 0.670991
48 0.673403
49 0.675766
50 0.678003
51 0.680309
52 0.682518
53 0.684366
54 0.686517
55 0.688212
56 0.690406
57 0.692212
58 0.694078
59 0.695807
60 0.697488
61 0.699373
62 0.701118
63 0.702549
64 0.70432
65 0.705985
66 0.707742
67 0.709192
68 0.710912
69 0.71219
70 0.713966
71 0.715505
72 0.716799
73 0.718425
74 0.719869
75 0.721251
76 0.722638
77 0.724019
78 0.725255
79 0.726798
80 0.727892
81 0.729173
82 0.730381
83 0.73147
84 0.732817
85 0.734056
86 0.73547
87 0.7365
88 0.737609
89 0.738883
90 0.739942
91 0.741198
92 0.742519
93 0.743559
94 0.744492
95 0.745624
96 0.746685
97 0.747732
98 0.748679
99 0.749681
100 0.750868
101 0.751852
102 0.752815
103 0.753832
104 0.754781
105 0.755782
106 0.756815
107 0.757662
108 0.758534
109 0.759413
110 0.760427
111 0.761058
112 0.762017
113 0.762778
114 0.763578
115 0.764609
116 0.76544
117 0.766273
118 0.766885
119 0.767804
120 0.768635
121 0.769231
122 0.770272
123 0.770868
124 0.771665
125 0.772642
126 0.77329
127 0.774018
128 0.775009
129 0.775626
130 0.776185
131 0.777035
132 0.777655
133 0.778329
134 0.779068
135 0.77986
136 0.780599
137 0.781601
138 0.782216
139 0.782985
140 0.783608
141 0.784276
142 0.785026
143 0.785594
144 0.786247
145 0.786916
146 0.787547
147 0.78805
148 0.788704
149 0.789478
150 0.790043
151 0.790826
152 0.791331
153 0.791825
154 0.792341
155 0.792756
156 0.793587
157 0.794318
158 0.794689
159 0.795219
160 0.795882
161 0.796463
162 0.797089
163 0.797667
164 0.798092
165 0.798574
166 0.799127
167 0.79956
168 0.80004
169 0.800667
170 0.801107
171 0.801508
172 0.802051
173 0.802545
174 0.803004
175 0.803511
176 0.804118
177 0.804655
178 0.805053
179 0.805534
180 0.80595
181 0.806363
182 0.807134
183 0.80733
184 0.807982
185 0.808326
186 0.808798
187 0.809483
188 0.809863
189 0.810304
190 0.810764
191 0.811186
192 0.811754
193 0.812304
194 0.81264
195 0.813077
196 0.813475
197 0.814026
198 0.814468
199 0.81477
200 0.815181
201 0.815577
202 0.81579
203 0.816352
204 0.816794
205 0.816954
206 0.817693
207 0.818015
208 0.818355
209 0.818781
210 0.819317
211 0.819739
212 0.820126
213 0.820449
214 0.820831
215 0.821097
216 0.821664
217 0.821903
218 0.822403
219 0.822613
220 0.823052
221 0.823591
222 0.823946
223 0.824206
224 0.824575
225 0.824796
226 0.825141
227 0.825491
228 0.825845
229 0.826172
230 0.826477
231 0.826823
232 0.827317
233 0.827602
234 0.827937
235 0.828328
236 0.828699
237 0.828858
238 0.829262
239 0.829603
240 0.82992
241 0.830404
242 0.830685
243 0.831009
244 0.831297
245 0.831651
246 0.83198
247 0.832192
248 0.832466
249 0.832708
250 0.833064
251 0.833368
252 0.833757
253 0.833939
254 0.834212
255 0.834367
256 0.834847
257 0.835245
258 0.835568
259 0.835848
260 0.836126
261 0.836523
262 0.836779
263 0.837034
264 0.837374
265 0.837604
266 0.837805
267 0.83808
268 0.838357
269 0.838612
270 0.838833
271 0.839236
272 0.83945
273 0.83958
274 0.839829
275 0.840208
276 0.840571
277 0.840765
278 0.841082
279 0.841328
280 0.841566
281 0.841703
282 0.841891
283 0.842369
284 0.842373
285 0.843013
286 0.84308
287 0.843581
288 0.843647
289 0.844047
290 0.844296
291 0.844608
292 0.844866
293 0.845055
294 0.845342
295 0.8456
296 0.845881
297 0.846169
298 0.84628
299 0.84658
300 0.846698
