1 0.5
2 0.353441
3 0.288396
4 0.252858
5 0.228882
6 0.213548
7 0.201743
8 0.190494
9 0.179408
10 0.170641
11 0.164295
12 0.159529
13 0.155316
14 0.151583
15 0.14833
16 0.144742
17 0.14156
18 0.138337
19 0.135869
20 0.13366
21 0.131375
22 0.129814
23 0.128223
24 0.126545
25 0.12516
26 0.123905
27 0.122405
28 0.121059
29 0.12017
30 0.119011
31 0.117855
32 0.116909
33 0.11599
34 0.115422
35 0.114449
36 0.113476
37 0.11273
38 0.112147
39 0.11157
40 0.11085
41 0.110334
42 0.109472
43 0.108982
44 0.10869
45 0.108103
46 0.107491
47 0.106917
48 0.106567
49 0.106251
50 0.105854
51 0.105445
52 0.105029
53 0.104761
54 0.10411
55 0.104059
56 0.103634
57 0.103374
58 0.103134
59 0.102689
60 0.102406
61 0.102129
62 0.101735
63 0.101387
64 0.100881
65 0.101106
66 0.100828
67 0.100577
68 0.100361
69 0.100118
70 0.100007
71 0.0997206
72 0.0993754
73 0.0991327
74 0.0990927
75 0.0988759
76 0.0988798
77 0.0986293
78 0.0985101
79 0.0984795
80 0.0981878
81 0.097986
82 0.0980418
83 0.0977906
84 0.09755
85 0.0975853
86 0.0972707
87 0.0971876
88 0.0970971
89 0.0969447
90 0.0968552
91 0.0967167
92 0.0965015
93 0.0963538
94 0.0962869
95 0.0962537
96 0.0960542
97 0.0959423
98 0.0960097
99 0.0958495
100 0.0957713
101 0.0955977
102 0.0957274
103 0.0954173
104 0.0954229
105 0.0952902
106 0.0952319
107 0.0952704
108 0.0950523
109 0.0948804
110 0.0950319
111 0.0947385
112 0.0947311
113 0.0946354
114 0.0944854
115 0.0945291
116 0.0945724
117 0.0945147
118 0.0944365
119 0.094345
120 0.0941975
121 0.0941128
122 0.0940935
123 0.0940666
124 0.0939588
125 0.0938302
126 0.0937274
127 0.0937907
128 0.0936877
129 0.0937115
130 0.0935919
131 0.0936581
132 0.0937168
133 0.0934912
134 0.0935118
135 0.0934576
136 0.0933646
137 0.0933982
138 0.0932282
139 0.0930366
140 0.0932806
141 0.0930957
142 0.0931671
143 0.0931047
144 0.0929605
145 0.0930823
146 0.0929828
147 0.0928555
148 0.092907
149 0.0927823
150 0.0927901
151 0.0927624
152 0.0927019
153 0.0926588
154 0.0926531
155 0.0927301
156 0.0926029
157 0.0925819
158 0.0926143
159 0.0925939
160 0.0925229
161 0.0924592
162 0.0923996
163 0.092386
164 0.0924892
165 0.0924179
166 0.092321
167 0.09237
168 0.0922569
169 0.0922239
170 0.0925016
171 0.0923767
172 0.092068
173 0.0921286
174 0.0921375
175 0.0922034
176 0.0921451
177 0.0921357
178 0.0920763
179 0.0921528
180 0.0920109
181 0.0919364
182 0.0920141
183 0.0920153
184 0.0919555
185 0.0918512
186 0.0917431
187 0.0920833
188 0.0918331
189 0.0918053
190 0.0918495
191 0.0918001
192 0.091657
193 0.0919137
194 0.0918022
195 0.0918881
196 0.0918795
197 0.0917642
198 0.0917621
199 0.0917121
200 0.0917409
201 0.0916659
202 0.0916497
203 0.0917677
204 0.0915835
205 0.0919385
206 0.0915114
207 0.0916913
208 0.0916181
209 0.0915212
210 0.0915597
211 0.091584
212 0.0915571
213 0.0914338
214 0.0916349
215 0.091533
216 0.0915155
217 0.0915316
218 0.0914686
219 0.0914881
220 0.0915728
221 0.0915008
222 0.0914387
223 0.0914676
224 0.0914715
225 0.0913487
226 0.0914638
227 0.0915435
228 0.0914695
229 0.0914081
230 0.0913623
231 0.0914104
232 0.0914944
233 0.0914461
234 0.0913936
235 0.091345
236 0.091376
237 0.0913751
238 0.0913407
239 0.0913523
240 0.0913265
241 0.0913295
242 0.0913187
243 0.091354
244 0.0913378
245 0.0914791
246 0.0914011
247 0.0913557
248 0.0913818
249 0.0913301
250 0.0913636
251 0.0913097
252 0.0912681
253 0.0913032
254 0.0913109
255 0.0915867
256 0.0913484
257 0.0908884
258 0.0911909
259 0.0912346
260 0.0911994
261 0.0912061
262 0.0911663
263 0.091343
264 0.0913234
265 0.0912008
266 0.0912884
267 0.0913779
268 0.0912924
269 0.091177
270 0.091152
271 0.0911441
272 0.0912083
273 0.0912075
274 0.0912784
275 0.0912815
276 0.0911698
277 0.0912069
278 0.0910108
279 0.0912196
280 0.091265
281 0.0912341
282 0.0912033
283 0.0911106
284 0.0912417
285 0.0912123
286 0.0912051
287 0.0911233
288 0.0911153
289 0.0912258
290 0.0912918
291 0.0910995
292 0.0911842
293 0.0911619
294 0.0911225
295 0.0910658
296 0.0911941
297 0.0911345
298 0.0911264
299 0.0912421
300 0.0911649
