1 0.333823
2 0.333497
3 0.333238
4 0.354709
5 0.368944
6 0.37271
7 0.374329
8 0.375358
9 0.374507
10 0.378122
11 0.383009
12 0.38683
13 0.390157
14 0.391228
15 0.392387
16 0.39486
17 0.396839
18 0.39802
19 0.399507
20 0.401209
21 0.403268
22 0.404935
23 0.406985
24 0.408534
25 0.41017
26 0.41146
27 0.41252
28 0.413775
29 0.41462
30 0.415976
31 0.41735
32 0.418839
33 0.420095
34 0.421445
35 0.422694
36 0.423827
37 0.424755
38 0.425485
39 0.426461
40 0.42737
41 0.428482
42 0.42956
43 0.430616
44 0.431721
45 0.432792
46 0.433656
47 0.434571
48 0.435375
49 0.436236
50 0.437138
51 0.438025
52 0.438867
53 0.439693
54 0.440499
55 0.441338
56 0.442062
57 0.442862
58 0.443643
59 0.444406
60 0.445124
61 0.445837
62 0.446551
63 0.447222
64 0.447889
65 0.4486
66 0.449285
67 0.450038
68 0.450746
69 0.451437
70 0.452121
71 0.452807
72 0.4535
73 0.454174
74 0.454837
75 0.455517
76 0.456186
77 0.456841
78 0.457506
79 0.458135
80 0.458734
81 0.459344
82 0.459976
83 0.460567
84 0.461178
85 0.461776
86 0.462349
87 0.462934
88 0.463523
89 0.464105
90 0.464671
91 0.46525
92 0.465825
93 0.466386
94 0.466968
95 0.467509
96 0.468053
97 0.468606
98 0.469166
99 0.469705
100 0.470247
101 0.470775
102 0.471318
103 0.471835
104 0.472357
105 0.472882
106 0.473385
107 0.4739
108 0.474403
109 0.474917
110 0.475409
111 0.475902
112 0.47639
113 0.476882
114 0.477367
115 0.477857
116 0.478336
117 0.478818
118 0.479302
119 0.479777
120 0.480248
121 0.480717
122 0.48118
123 0.481644
124 0.482108
125 0.482564
126 0.483023
127 0.483486
128 0.483941
129 0.484395
130 0.484837
131 0.48528
132 0.485718
133 0.486157
134 0.486594
135 0.487025
136 0.487452
137 0.487881
138 0.488311
139 0.488739
140 0.489165
141 0.489595
142 0.490022
143 0.490447
144 0.490871
145 0.491282
146 0.491696
147 0.492105
148 0.492511
149 0.49291
150 0.493312
151 0.493714
152 0.494116
153 0.494513
154 0.494907
155 0.4953
156 0.495691
157 0.496086
158 0.496474
159 0.496861
160 0.497246
161 0.497629
162 0.498011
163 0.498389
164 0.498769
165 0.499145
166 0.49952
167 0.499894
168 0.500264
169 0.500633
170 0.501002
171 0.501369
172 0.501728
173 0.502091
174 0.502451
175 0.50281
176 0.503169
177 0.503522
178 0.503873
179 0.504227
180 0.504575
181 0.504922
182 0.505273
183 0.505623
184 0.505971
185 0.506321
186 0.506666
187 0.50701
188 0.507352
189 0.507691
190 0.508031
191 0.508369
192 0.508708
193 0.509043
194 0.509375
195 0.509706
196 0.510037
197 0.510365
198 0.510692
199 0.511017
200 0.511338
201 0.51166
202 0.511984
203 0.51231
204 0.512631
205 0.512948
206 0.513268
207 0.513586
208 0.5139
209 0.514213
210 0.514527
211 0.514838
212 0.515155
213 0.515472
214 0.515786
215 0.516101
216 0.516412
217 0.516724
218 0.517032
219 0.51734
220 0.517645
221 0.517951
222 0.518254
223 0.518556
224 0.518857
225 0.519158
226 0.519456
227 0.519751
228 0.520048
229 0.52034
230 0.52063
231 0.520923
232 0.521217
233 0.521509
234 0.521795
235 0.522079
236 0.522367
237 0.522655
238 0.52294
239 0.523222
240 0.523509
241 0.523794
242 0.524073
243 0.524354
244 0.524631
245 0.524911
246 0.525187
247 0.525464
248 0.525737
249 0.526013
250 0.526288
251 0.526564
252 0.526837
253 0.527111
254 0.527384
255 0.527642
256 0.52792
257 0.528196
258 0.528454
259 0.528727
260 0.528991
261 0.529256
262 0.529519
263 0.529783
264 0.530045
265 0.530307
266 0.530567
267 0.530828
268 0.531089
269 0.531349
270 0.531609
271 0.531868
272 0.532124
273 0.532372
274 0.532633
275 0.532887
276 0.533143
277 0.533395
278 0.533646
279 0.533897
280 0.534152
281 0.534403
282 0.534651
283 0.534901
284 0.535149
285 0.535397
286 0.535644
287 0.535894
288 0.536142
289 0.536387
290 0.536633
291 0.536877
292 0.537121
293 0.537362
294 0.537609
295 0.537849
296 0.53809
297 0.538329
298 0.538569
299 0.538808
300 0.539049
