1 0.110013
2 0.110051
3 0.110114
4 0.10383
5 0.0996862
6 0.0986532
7 0.0982753
8 0.0979144
9 0.0982241
10 0.0972057
11 0.0957738
12 0.0946757
13 0.0937194
14 0.0933645
15 0.0930981
16 0.0924936
17 0.0919571
18 0.0916419
19 0.0912072
20 0.0907436
21 0.0901613
22 0.0896954
23 0.0891631
24 0.0887715
25 0.0883681
26 0.088006
27 0.0877031
28 0.0873855
29 0.0871352
30 0.0867862
31 0.0864092
32 0.0860393
33 0.0856995
34 0.085374
35 0.0850445
36 0.0847534
37 0.0845103
38 0.0843116
39 0.0840644
40 0.0838278
41 0.0835616
42 0.0832717
43 0.0830144
44 0.0827382
45 0.0824703
46 0.0822371
47 0.0820093
48 0.0818068
49 0.0815871
50 0.0813647
51 0.0811373
52 0.080913
53 0.0806992
54 0.0804892
55 0.0802875
56 0.0801074
57 0.0799091
58 0.079712
59 0.0795237
60 0.0793415
61 0.0791589
62 0.0789789
63 0.0788165
64 0.0786493
65 0.0784713
66 0.0782947
67 0.0781115
68 0.0779336
69 0.077761
70 0.0775875
71 0.0774191
72 0.077249
73 0.0770821
74 0.0769198
75 0.0767534
76 0.0765884
77 0.0764271
78 0.0762642
79 0.0761118
80 0.075964
81 0.0758138
82 0.0756601
83 0.0755109
84 0.0753631
85 0.0752207
86 0.0750771
87 0.0749361
88 0.074793
89 0.0746529
90 0.0745156
91 0.0743794
92 0.0742419
93 0.0741047
94 0.073971
95 0.0738391
96 0.0737083
97 0.0735741
98 0.0734394
99 0.0733089
100 0.0731785
101 0.0730514
102 0.0729236
103 0.0727974
104 0.0726714
105 0.0725477
106 0.0724272
107 0.072306
108 0.0721857
109 0.0720649
110 0.0719479
111 0.0718301
112 0.0717127
113 0.0715938
114 0.0714764
115 0.0713611
116 0.0712465
117 0.0711328
118 0.0710192
119 0.0709063
120 0.0707955
121 0.0706847
122 0.0705764
123 0.0704693
124 0.0703606
125 0.0702534
126 0.0701456
127 0.0700383
128 0.0699314
129 0.0698246
130 0.0697198
131 0.0696167
132 0.0695145
133 0.0694126
134 0.0693111
135 0.0692106
136 0.0691104
137 0.0690103
138 0.0689102
139 0.0688117
140 0.0687137
141 0.0686155
142 0.0685176
143 0.0684195
144 0.0683221
145 0.068227
146 0.0681326
147 0.0680375
148 0.0679433
149 0.0678508
150 0.0677586
151 0.0676666
152 0.0675739
153 0.0674826
154 0.0673919
155 0.0673019
156 0.0672123
157 0.0671216
158 0.0670331
159 0.066944
160 0.0668559
161 0.0667673
162 0.0666794
163 0.0665926
164 0.066506
165 0.0664199
166 0.0663345
167 0.0662502
168 0.0661658
169 0.0660821
170 0.0659994
171 0.0659157
172 0.0658334
173 0.0657513
174 0.0656699
175 0.0655887
176 0.0655078
177 0.065428
178 0.0653485
179 0.0652691
180 0.06519
181 0.0651116
182 0.0650323
183 0.0649534
184 0.0648753
185 0.0647971
186 0.0647192
187 0.0646412
188 0.064564
189 0.0644879
190 0.0644114
191 0.0643358
192 0.0642598
193 0.064185
194 0.0641107
195 0.0640366
196 0.0639631
197 0.0638895
198 0.0638166
199 0.0637442
200 0.0636724
201 0.0636005
202 0.0635285
203 0.0634563
204 0.0633849
205 0.0633134
206 0.0632434
207 0.063173
208 0.0631032
209 0.0630337
210 0.0629639
211 0.0628946
212 0.0628253
213 0.062756
214 0.0626867
215 0.0626177
216 0.0625494
217 0.062481
218 0.0624136
219 0.0623461
220 0.062279
221 0.0622122
222 0.0621453
223 0.062079
224 0.0620132
225 0.0619476
226 0.0618821
227 0.0618172
228 0.0617521
229 0.0616878
230 0.0616237
231 0.0615591
232 0.0614947
233 0.061431
234 0.061368
235 0.0613055
236 0.061243
237 0.0611801
238 0.0611176
239 0.0610554
240 0.0609932
241 0.0609321
242 0.0608701
243 0.0608094
244 0.0607487
245 0.0606878
246 0.0606272
247 0.0605671
248 0.0605076
249 0.0604481
250 0.0603881
251 0.0603283
252 0.0602687
253 0.0602091
254 0.0601508
255 0.0600922
256 0.0600338
257 0.0599758
258 0.059918
259 0.05986
260 0.0598029
261 0.059746
262 0.0596891
263 0.059632
264 0.0595754
265 0.0595188
266 0.0594626
267 0.0594066
268 0.0593503
269 0.0592946
270 0.0592388
271 0.0591833
272 0.059128
273 0.0590729
274 0.0590179
275 0.0589634
276 0.0589084
277 0.0588541
278 0.0588003
279 0.0587462
280 0.0586917
281 0.0586376
282 0.0585841
283 0.0585301
284 0.0584766
285 0.058423
286 0.0583698
287 0.0583164
288 0.0582633
289 0.0582104
290 0.0581581
291 0.0581061
292 0.0580542
293 0.0580023
294 0.0579504
295 0.0578993
296 0.0578477
297 0.0577966
298 0.057746
299 0.0576954
300 0.0576447
