1 0.143088
2 0.109303
3 0.171364
4 0.0873439
5 0.0931472
6 0.0979487
7 0.0773988
8 0.0863114
9 0.0840895
10 0.0718022
11 0.0669316
12 0.0750716
13 0.0612819
14 0.0653974
15 0.065676
16 0.0577525
17 0.0578945
18 0.0577905
19 0.0536316
20 0.0518969
21 0.0527272
22 0.0500472
23 0.0482714
24 0.0479499
25 0.0453626
26 0.0447325
27 0.0442203
28 0.0426201
29 0.041668
30 0.04126
31 0.0395838
32 0.0389371
33 0.0385958
34 0.0376875
35 0.0366871
36 0.0364524
37 0.0351724
38 0.034751
39 0.0341896
40 0.033499
41 0.0328155
42 0.0324845
43 0.0316672
44 0.0312799
45 0.0308863
46 0.0302623
47 0.029781
48 0.0294135
49 0.0288639
50 0.0285611
51 0.028166
52 0.0276552
53 0.0272344
54 0.0268876
55 0.0265243
56 0.0261189
57 0.0258043
58 0.0253629
59 0.0251326
60 0.0248339
61 0.0245012
62 0.0242129
63 0.0239511
64 0.0236233
65 0.0233675
66 0.0231116
67 0.0228001
68 0.0225637
69 0.0223033
70 0.0220242
71 0.0217841
72 0.0215792
73 0.0212779
74 0.0210967
75 0.0208466
76 0.0206717
77 0.0204646
78 0.0202494
79 0.01999
80 0.0198504
81 0.0195893
82 0.0193904
83 0.0192528
84 0.0190348
85 0.0188667
86 0.0186772
87 0.0185386
88 0.0183314
89 0.0181697
90 0.0180099
91 0.0178175
92 0.0176909
93 0.0175222
94 0.0173645
95 0.0172177
96 0.0170945
97 0.016917
98 0.0168363
99 0.0166735
100 0.0165038
101 0.0163708
102 0.016244
103 0.0160816
104 0.0159585
105 0.0158294
106 0.0156845
107 0.0155605
108 0.0154561
109 0.0153248
110 0.0152072
111 0.0151172
112 0.0149811
113 0.0148601
114 0.0147513
115 0.0146353
116 0.0145436
117 0.0144424
118 0.01433
119 0.0142381
120 0.01412
121 0.0140246
122 0.013915
123 0.0138297
124 0.013729
125 0.013637
126 0.0135653
127 0.0134521
128 0.0133535
129 0.0132699
130 0.013203
131 0.0131112
132 0.0130367
133 0.0129312
134 0.0128488
135 0.012769
136 0.0126665
137 0.0125681
138 0.0125091
139 0.0124131
140 0.0123428
141 0.012261
142 0.0121678
143 0.0121004
144 0.0120258
145 0.011945
146 0.0118627
147 0.0118046
148 0.011729
149 0.0116519
150 0.0115791
151 0.0115083
152 0.0114328
153 0.0113747
154 0.0113112
155 0.0112553
156 0.0111604
157 0.0110833
158 0.0110346
159 0.0109888
160 0.0109245
161 0.0108584
162 0.0107945
163 0.0107217
164 0.0106771
165 0.0106237
166 0.0105669
167 0.0105213
168 0.0104778
169 0.0103984
170 0.0103616
171 0.0103124
172 0.0102527
173 0.0101938
174 0.0101512
175 0.0100878
176 0.0100386
177 0.00998516
178 0.00993146
179 0.00989637
180 0.00984181
181 0.00979173
182 0.009721
183 0.00969624
184 0.00963682
185 0.00959552
186 0.00954479
187 0.00948683
188 0.00944882
189 0.00940491
190 0.00935772
191 0.0093097
192 0.00925722
193 0.00921016
194 0.00916833
195 0.00912662
196 0.00909
197 0.00904032
198 0.00900217
199 0.00896591
200 0.00892585
201 0.0088867
202 0.0088531
203 0.00880485
204 0.00876346
205 0.00873775
206 0.00867879
207 0.00863515
208 0.00860515
209 0.0085702
210 0.00852144
211 0.0084811
212 0.00843503
213 0.008403
214 0.00836079
215 0.008339
216 0.00828217
217 0.00826166
218 0.00821778
219 0.00819488
220 0.00814499
221 0.00810223
222 0.00807519
223 0.00804278
224 0.00801439
225 0.00798496
226 0.00794946
227 0.00791587
228 0.00788487
229 0.00785069
230 0.00781767
231 0.00779201
232 0.00774331
233 0.00772067
234 0.00769031
235 0.00765658
236 0.00762022
237 0.00760848
238 0.00757511
239 0.00754465
240 0.00751149
241 0.00747531
242 0.0074434
243 0.00741471
244 0.0073875
245 0.00735619
246 0.00732717
247 0.00730021
248 0.00728124
249 0.00724751
250 0.00721932
251 0.00719364
252 0.00716744
253 0.0071441
254 0.00712828
255 0.0071039
256 0.00706919
257 0.00703811
258 0.00700695
259 0.00698213
260 0.00695341
261 0.00692455
262 0.00690144
263 0.00688115
264 0.00685136
265 0.00683008
266 0.00681919
267 0.00679721
268 0.00677236
269 0.00675482
270 0.00672587
271 0.00670532
272 0.00668165
273 0.00666935
274 0.00664471
275 0.00661864
276 0.00658513
277 0.00656098
278 0.00653929
279 0.00652146
280 0.00649215
281 0.00647538
282 0.00645566
283 0.00642382
284 0.00641812
285 0.00637497
286 0.00635972
287 0.00632552
288 0.00631856
289 0.00628969
290 0.00627539
291 0.0062518
292 0.006227
293 0.0062069
294 0.00618731
295 0.00616137
296 0.006143
297 0.00612488
298 0.00611368
299 0.00609071
300 0.00607893
