1 0
2 0.333333
3 0.444444
4 0.434783
5 0.470588
6 0.533981
7 0.545918
8 0.568966
9 0.579661
10 0.584375
11 0.587649
12 0.593013
13 0.594459
14 0.595923
15 0.596256
16 0.59569
17 0.595146
18 0.594622
19 0.593747
20 0.593205
21 0.592281
22 0.591005
23 0.589496
24 0.587985
25 0.58655
26 0.585313
27 0.583911
28 0.582613
29 0.581252
30 0.579835
31 0.57831
32 0.576828
33 0.57525
34 0.573645
35 0.572046
36 0.570512
37 0.568976
38 0.567448
39 0.565879
40 0.564349
41 0.562847
42 0.56141
43 0.559932
44 0.558505
45 0.557021
46 0.55558
47 0.554118
48 0.552682
49 0.551235
50 0.549846
51 0.548464
52 0.547091
53 0.545719
54 0.544364
55 0.543009
56 0.541695
57 0.54037
58 0.539085
59 0.537818
60 0.536557
61 0.535302
62 0.534072
63 0.532844
64 0.531633
65 0.530433
66 0.529263
67 0.528096
68 0.526949
69 0.525805
70 0.524668
71 0.523544
72 0.522436
73 0.521324
74 0.520237
75 0.519154
76 0.518084
77 0.51702
78 0.515968
79 0.51492
80 0.513889
81 0.512866
82 0.511855
83 0.510851
84 0.509858
85 0.508868
86 0.507892
87 0.506924
88 0.505965
89 0.505013
90 0.50407
91 0.503133
92 0.502208
93 0.501286
94 0.500373
95 0.499467
96 0.498571
97 0.497679
98 0.496796
99 0.49592
100 0.495047
