1 0.500804
2 0.508436
3 0.5111
4 0.514249
5 0.516472
6 0.518526
7 0.520177
8 0.521816
9 0.52305
10 0.524509
11 0.525385
12 0.526495
13 0.527295
14 0.528294
15 0.529252
16 0.529945
17 0.530685
18 0.531332
19 0.532153
20 0.532738
21 0.533422
22 0.533961
23 0.534609
24 0.535084
25 0.53561
26 0.536158
27 0.536587
28 0.537053
29 0.537516
30 0.537922
31 0.538331
32 0.538633
33 0.539125
34 0.539404
35 0.539687
36 0.540207
37 0.540504
38 0.540861
39 0.541054
40 0.541485
41 0.541644
42 0.542112
43 0.542419
44 0.54249
45 0.542918
46 0.543188
47 0.543403
48 0.543557
49 0.543786
50 0.54404
51 0.544356
52 0.544556
53 0.544782
54 0.544928
55 0.545203
56 0.545452
57 0.545478
58 0.545799
59 0.545993
60 0.546216
61 0.546337
62 0.54654
63 0.546792
64 0.546981
65 0.547101
66 0.547296
67 0.547479
68 0.547652
69 0.547775
70 0.54796
71 0.548146
72 0.548246
73 0.548546
74 0.548562
75 0.548713
76 0.548883
77 0.548977
78 0.549197
79 0.549253
80 0.549343
81 0.549553
82 0.549707
83 0.549871
84 0.549944
85 0.550115
86 0.550165
87 0.550318
88 0.550403
89 0.550497
90 0.550681
91 0.550732
92 0.550927
93 0.551002
94 0.551152
95 0.551282
96 0.551339
97 0.551464
98 0.551518
99 0.551648
100 0.551776
101 0.551864
102 0.55185
103 0.55207
104 0.552138
105 0.552246
106 0.552416
107 0.552443
108 0.552542
109 0.552617
110 0.552699
111 0.552856
112 0.553002
113 0.553051
114 0.553083
115 0.553144
116 0.553281
117 0.553329
118 0.553361
119 0.553549
120 0.553567
121 0.553736
122 0.553755
123 0.553815
124 0.55393
125 0.55394
126 0.554065
127 0.554126
128 0.554269
129 0.554305
130 0.554473
131 0.55439
132 0.554526
133 0.554582
134 0.554685
135 0.554654
136 0.554835
137 0.554882
138 0.55493
139 0.554969
140 0.555111
141 0.555114
142 0.555147
143 0.555242
144 0.555307
145 0.555378
146 0.555421
147 0.555475
148 0.555594
149 0.555584
150 0.555691
151 0.555739
152 0.5558
153 0.555906
154 0.555938
155 0.555989
156 0.55605
157 0.55608
158 0.556132
159 0.556207
160 0.556268
161 0.556331
162 0.556369
163 0.556378
164 0.556499
165 0.556552
166 0.556559
167 0.556689
168 0.55665
169 0.556755
170 0.556705
171 0.556772
172 0.556882
173 0.556931
174 0.55702
175 0.556991
176 0.557065
177 0.557124
178 0.557155
179 0.557222
180 0.557243
181 0.557308
182 0.557385
183 0.557405
184 0.557422
185 0.557499
186 0.557512
187 0.55762
188 0.557622
189 0.557658
190 0.557684
191 0.557783
192 0.557755
193 0.557798
194 0.557901
195 0.557894
196 0.557949
197 0.557972
198 0.558061
199 0.558078
200 0.558092
201 0.558193
202 0.558225
203 0.55824
204 0.558281
205 0.558297
206 0.558316
207 0.558377
208 0.558459
209 0.558483
210 0.558517
211 0.558542
212 0.558589
213 0.558652
214 0.558634
215 0.558702
216 0.558758
217 0.558757
218 0.558775
219 0.558829
220 0.558888
221 0.558933
222 0.55897
223 0.558967
224 0.559021
225 0.559016
226 0.55908
227 0.559155
228 0.559165
229 0.559186
230 0.559201
231 0.559235
232 0.55931
233 0.559333
234 0.559381
235 0.559414
236 0.559423
237 0.559481
238 0.559535
239 0.559484
240 0.559596
241 0.559603
242 0.559647
243 0.559675
244 0.559703
245 0.55971
246 0.559728
247 0.559768
248 0.559777
249 0.559811
250 0.559892
251 0.559917
252 0.559924
253 0.559949
254 0.559984
255 0.559986
256 0.560082
257 0.560083
258 0.560127
259 0.560109
260 0.560132
261 0.56018
262 0.56024
263 0.560231
264 0.560304
265 0.56029
266 0.560321
267 0.560336
268 0.56038
269 0.560412
270 0.560456
271 0.560445
272 0.56049
273 0.560503
274 0.56047
275 0.560546
276 0.560595
277 0.560587
278 0.560628
279 0.560697
280 0.56065
281 0.560719
282 0.560734
283 0.560779
284 0.5608
285 0.560771
286 0.560867
287 0.560857
288 0.560894
289 0.560973
290 0.560939
291 0.560956
292 0.561015
293 0.561021
294 0.561039
295 0.561061
296 0.561081
297 0.561121
298 0.561112
299 0.561131
300 0.56118
