1 0.0733145
2 0.0649602
3 0.0623028
4 0.0589452
5 0.0568985
6 0.0549159
7 0.053271
8 0.0516871
9 0.0504335
10 0.0491009
11 0.0480856
12 0.0470186
13 0.0460527
14 0.0451408
15 0.0442438
16 0.0435451
17 0.0427797
18 0.0420644
19 0.0413567
20 0.0408075
21 0.0400852
22 0.0395581
23 0.0389355
24 0.0384094
25 0.0378997
26 0.0374659
27 0.0369155
28 0.036473
29 0.0360597
30 0.0356558
31 0.035227
32 0.034908
33 0.0344234
34 0.0341267
35 0.0338202
36 0.0333625
37 0.0330702
38 0.0327156
39 0.0324507
40 0.0320759
41 0.0318693
42 0.0315451
43 0.0311896
44 0.0310324
45 0.0306261
46 0.0303987
47 0.0301487
48 0.0299879
49 0.0297048
50 0.0294784
51 0.0291648
52 0.0289991
53 0.0287768
54 0.0285314
55 0.0283625
56 0.0280965
57 0.0279415
58 0.0277175
59 0.0275156
60 0.0272716
61 0.0271535
62 0.0269669
63 0.026737
64 0.0265763
65 0.0264298
66 0.026231
67 0.0261008
68 0.0258831
69 0.025706
70 0.0255731
71 0.0253958
72 0.025266
73 0.0250643
74 0.0249628
75 0.0248257
76 0.0246656
77 0.0245304
78 0.0243704
79 0.0242726
80 0.0241436
81 0.0239745
82 0.0238337
83 0.0236783
84 0.0236026
85 0.0234282
86 0.0233389
87 0.0232165
88 0.0231153
89 0.0230007
90 0.0228325
91 0.022741
92 0.0225951
93 0.0225374
94 0.0223997
95 0.0222237
96 0.0221803
97 0.0220322
98 0.0219772
99 0.0218667
100 0.0217571
101 0.0216644
102 0.0215959
103 0.0214381
104 0.0213813
105 0.0212411
106 0.0211301
107 0.0210979
108 0.0210156
109 0.020903
110 0.0207985
111 0.0206579
112 0.0205598
113 0.0204928
114 0.0204404
115 0.0203581
116 0.0202484
117 0.0202065
118 0.0201235
119 0.019984
120 0.0199196
121 0.0197951
122 0.0197493
123 0.0197007
124 0.0196154
125 0.0195839
126 0.0194635
127 0.0194157
128 0.0192712
129 0.019254
130 0.0191273
131 0.0191031
132 0.0190305
133 0.0189463
134 0.0188845
135 0.0188602
136 0.0187554
137 0.0186696
138 0.0186229
139 0.0185404
140 0.0184277
141 0.0184005
142 0.018382
143 0.0183069
144 0.0182048
145 0.0181593
146 0.0181008
147 0.0180762
148 0.0179578
149 0.0179346
150 0.0178519
151 0.0177959
152 0.0176854
153 0.0176361
154 0.0176036
155 0.0175761
156 0.0174624
157 0.0174396
158 0.0173891
159 0.0173288
160 0.01726
161 0.0171717
162 0.0171427
163 0.0171263
164 0.0170196
165 0.016965
166 0.0169654
167 0.0168569
168 0.0168558
169 0.0167771
170 0.0167817
171 0.0167166
172 0.0166641
173 0.0165861
174 0.0165255
175 0.0165213
176 0.0164583
177 0.0164104
178 0.0163636
179 0.0162707
180 0.0162495
181 0.0162046
182 0.0161221
183 0.0161097
184 0.0160778
185 0.016034
186 0.0160092
187 0.0159004
188 0.0158836
189 0.0158229
190 0.0157961
191 0.0157335
192 0.0157347
193 0.0156899
194 0.0155961
195 0.0156072
196 0.0155292
197 0.0155094
198 0.0154305
199 0.0154228
200 0.0153922
201 0.0152851
202 0.0152952
203 0.0152441
204 0.0152215
205 0.0151835
206 0.0151437
207 0.0150996
208 0.0150467
209 0.0150038
210 0.0149823
211 0.0149531
212 0.0149104
213 0.0148664
214 0.0148489
215 0.0148079
216 0.0147301
217 0.0147395
218 0.0146893
219 0.0146203
220 0.0145994
221 0.0145576
222 0.0145583
223 0.0145252
224 0.0144459
225 0.0144606
226 0.0144232
227 0.014327
228 0.0143423
229 0.0142892
230 0.0142842
231 0.0142453
232 0.0141916
233 0.0141657
234 0.0141503
235 0.0140897
236 0.0140609
237 0.0140106
238 0.0139535
239 0.0139968
240 0.0139211
241 0.0139159
242 0.0138641
243 0.0138279
244 0.0138106
245 0.0138067
246 0.0137541
247 0.0137583
248 0.0137025
249 0.0136806
250 0.0136067
251 0.0135918
252 0.0135581
253 0.0135507
254 0.0135103
255 0.0134598
256 0.0134358
257 0.0134645
258 0.0133735
259 0.0133811
260 0.0133515
261 0.0133146
262 0.0132777
263 0.0132619
264 0.0132138
265 0.013207
266 0.0131773
267 0.0131544
268 0.0131141
269 0.0130834
270 0.0130485
271 0.0130413
272 0.0129985
273 0.0129975
274 0.0130292
275 0.0129458
276 0.0129199
277 0.0128938
278 0.0128724
279 0.0128432
280 0.0128359
281 0.0127796
282 0.0127669
283 0.0127366
284 0.0126997
285 0.0127105
286 0.0126193
287 0.0126317
288 0.0126194
289 0.0125683
290 0.0125794
291 0.0125437
292 0.0125032
293 0.0124997
294 0.0124838
295 0.0124493
296 0.0124061
297 0.0124037
298 0.012392
299 0.0123641
300 0.0123312
