1 0.50031
2 0.537103
3 0.549097
4 0.564156
5 0.573415
6 0.58218
7 0.589969
8 0.597091
9 0.603171
10 0.609134
11 0.61391
12 0.618881
13 0.623827
14 0.627823
15 0.632575
16 0.635825
17 0.639794
18 0.642887
19 0.646565
20 0.649507
21 0.652724
22 0.655616
23 0.658512
24 0.661441
25 0.663813
26 0.666377
27 0.669174
28 0.671309
29 0.673359
30 0.675534
31 0.677884
32 0.679884
33 0.682079
34 0.683698
35 0.68546
36 0.688247
37 0.689462
38 0.691505
39 0.692789
40 0.694695
41 0.696072
42 0.697574
43 0.699786
44 0.700497
45 0.703031
46 0.704295
47 0.705587
48 0.706663
49 0.707943
50 0.709192
51 0.711155
52 0.712263
53 0.713513
54 0.714798
55 0.715903
56 0.717375
57 0.717932
58 0.719339
59 0.720775
60 0.722214
61 0.722451
62 0.723701
63 0.724912
64 0.726215
65 0.727323
66 0.728354
67 0.728801
68 0.730214
69 0.731654
70 0.732107
71 0.733278
72 0.734092
73 0.735262
74 0.735847
75 0.736676
76 0.737483
77 0.738402
78 0.739379
79 0.740026
80 0.740616
81 0.741916
82 0.742898
83 0.743812
84 0.744201
85 0.745374
86 0.745907
87 0.746468
88 0.747123
89 0.74789
90 0.749128
91 0.749347
92 0.750852
93 0.750709
94 0.751903
95 0.7528
96 0.753202
97 0.753794
98 0.754559
99 0.755331
100 0.755608
101 0.756424
102 0.757313
103 0.757838
104 0.758616
105 0.759281
106 0.759839
107 0.760074
108 0.760652
109 0.761704
110 0.761938
111 0.763256
112 0.764024
113 0.764217
114 0.764472
115 0.765208
116 0.765506
117 0.765854
118 0.766735
119 0.767508
120 0.767848
121 0.768941
122 0.769692
123 0.769533
124 0.770345
125 0.770465
126 0.771205
127 0.771504
128 0.772377
129 0.772402
130 0.773294
131 0.773222
132 0.773835
133 0.774527
134 0.775491
135 0.775028
136 0.775826
137 0.776651
138 0.776787
139 0.7775
140 0.778132
141 0.778205
142 0.7787
143 0.779398
144 0.779849
145 0.779973
146 0.780666
147 0.780603
148 0.781532
149 0.781818
150 0.782338
151 0.78246
152 0.783524
153 0.783934
154 0.783925
155 0.784248
156 0.785099
157 0.784732
158 0.785738
159 0.785956
160 0.786312
161 0.786964
162 0.787551
163 0.787418
164 0.788327
165 0.788347
166 0.788604
167 0.789569
168 0.78945
169 0.789746
170 0.790031
171 0.790505
172 0.791018
173 0.791104
174 0.791978
175 0.791636
176 0.79208
177 0.792521
178 0.792849
179 0.793804
180 0.793756
181 0.794312
182 0.794715
183 0.794796
184 0.795234
185 0.795268
186 0.795377
187 0.796426
188 0.796339
189 0.796969
190 0.797081
191 0.79758
192 0.797493
193 0.797965
194 0.79896
195 0.798481
196 0.799122
197 0.799265
198 0.800142
199 0.79967
200 0.800041
201 0.800991
202 0.801177
203 0.801221
204 0.801793
205 0.801836
206 0.802246
207 0.802324
208 0.802791
209 0.803447
210 0.803341
211 0.803351
212 0.803829
213 0.804353
214 0.804303
215 0.804755
216 0.80555
217 0.805082
218 0.805718
219 0.806222
220 0.806486
221 0.806633
222 0.806579
223 0.806964
224 0.807334
225 0.807237
226 0.807485
227 0.80832
228 0.808164
229 0.808771
230 0.808531
231 0.80888
232 0.809393
233 0.809586
234 0.8097
235 0.810329
236 0.810599
237 0.810753
238 0.811633
239 0.810904
240 0.811492
241 0.811514
242 0.811855
243 0.812269
244 0.812338
245 0.812366
246 0.812919
247 0.812657
248 0.813275
249 0.813675
250 0.814191
251 0.814235
252 0.814512
253 0.814732
254 0.815049
255 0.815105
256 0.815678
257 0.814864
258 0.815854
259 0.816073
260 0.815956
261 0.81619
262 0.816863
263 0.816722
264 0.817179
265 0.817004
266 0.817691
267 0.817609
268 0.817952
269 0.8183
270 0.818554
271 0.818556
272 0.818487
273 0.818882
274 0.81836
275 0.819107
276 0.819351
277 0.819779
278 0.819675
279 0.820167
280 0.820282
281 0.820803
282 0.820774
283 0.8213
284 0.821451
285 0.820938
286 0.822053
287 0.82193
288 0.821747
289 0.822638
290 0.822201
291 0.822389
292 0.822552
293 0.823002
294 0.822934
295 0.823319
296 0.82378
297 0.823589
298 0.823755
299 0.824111
300 0.824378
