1 0.5
2 0.359087
3 0.301197
4 0.266251
5 0.243429
6 0.226274
7 0.213807
8 0.204162
9 0.195754
10 0.189145
11 0.183409
12 0.178504
13 0.174368
14 0.170529
15 0.167425
16 0.164277
17 0.161753
18 0.159176
19 0.157115
20 0.155152
21 0.153047
22 0.151663
23 0.149992
24 0.148533
25 0.14724
26 0.145908
27 0.144896
28 0.143642
29 0.143073
30 0.142027
31 0.140944
32 0.140093
33 0.139334
34 0.13871
35 0.137665
36 0.13696
37 0.136379
38 0.135794
39 0.135376
40 0.134729
41 0.134112
42 0.133337
43 0.133012
44 0.132671
45 0.132332
46 0.131689
47 0.131053
48 0.1308
49 0.130541
50 0.130073
51 0.129792
52 0.129252
53 0.129132
54 0.128471
55 0.128421
56 0.128118
57 0.127743
58 0.127564
59 0.127145
60 0.126916
61 0.126649
62 0.126276
63 0.126
64 0.125547
65 0.12567
66 0.125341
67 0.125065
68 0.124965
69 0.124741
70 0.124635
71 0.124241
72 0.123934
73 0.123808
74 0.123669
75 0.12346
76 0.123342
77 0.12324
78 0.123078
79 0.122979
80 0.122792
81 0.122518
82 0.122515
83 0.122324
84 0.122037
85 0.122116
86 0.121892
87 0.121661
88 0.12162
89 0.121396
90 0.121348
91 0.121283
92 0.120951
93 0.120864
94 0.120745
95 0.120658
96 0.120423
97 0.12041
98 0.120318
99 0.120217
100 0.120135
101 0.119981
102 0.120015
103 0.11977
104 0.119741
105 0.119571
106 0.119543
107 0.119462
108 0.11931
109 0.119143
110 0.119322
111 0.119042
112 0.11895
113 0.118839
114 0.1187
115 0.1187
116 0.118772
117 0.118758
118 0.118648
119 0.118463
120 0.118291
121 0.118284
122 0.118215
123 0.11808
124 0.118051
125 0.117909
126 0.117799
127 0.117753
128 0.117714
129 0.117685
130 0.117547
131 0.117574
132 0.117609
133 0.117426
134 0.117373
135 0.11735
136 0.117255
137 0.117262
138 0.117084
139 0.116857
140 0.117045
141 0.11681
142 0.116894
143 0.116799
144 0.116692
145 0.116836
146 0.116668
147 0.116541
148 0.11661
149 0.116466
150 0.116363
151 0.11636
152 0.116315
153 0.116212
154 0.116197
155 0.116231
156 0.116072
157 0.116073
158 0.116066
159 0.116063
160 0.115938
161 0.115825
162 0.115756
163 0.115844
164 0.11586
165 0.11578
166 0.115663
167 0.115679
168 0.115506
169 0.115463
170 0.115738
171 0.115604
172 0.115296
173 0.115348
174 0.11526
175 0.11534
176 0.115252
177 0.115258
178 0.115261
179 0.115218
180 0.115088
181 0.115049
182 0.115034
183 0.115031
184 0.114922
185 0.114886
186 0.114755
187 0.11505
188 0.114813
189 0.114741
190 0.114783
191 0.114757
192 0.114567
193 0.114778
194 0.114648
195 0.114675
196 0.114666
197 0.1146
198 0.114482
199 0.114479
200 0.114442
201 0.114404
202 0.114311
203 0.114433
204 0.114247
205 0.114507
206 0.114158
207 0.114303
208 0.114221
209 0.114086
210 0.114084
211 0.114074
212 0.114045
213 0.113948
214 0.114043
215 0.113982
216 0.113923
217 0.113953
218 0.113888
219 0.113981
220 0.113928
221 0.113856
222 0.11384
223 0.113818
224 0.113778
225 0.113642
226 0.113768
227 0.11376
228 0.11372
229 0.11368
230 0.113595
231 0.113617
232 0.113641
233 0.113684
234 0.113534
235 0.113529
236 0.11359
237 0.113482
238 0.113444
239 0.113449
240 0.113437
241 0.113368
242 0.113341
243 0.113361
244 0.113311
245 0.113449
246 0.113351
247 0.113291
248 0.113342
249 0.113229
250 0.113285
251 0.113207
252 0.11315
253 0.113126
254 0.113085
255 0.113297
256 0.113115
257 0.112831
258 0.113048
259 0.113011
260 0.11297
261 0.112987
262 0.112902
263 0.112998
264 0.112914
265 0.112851
266 0.112927
267 0.112981
268 0.112889
269 0.112797
270 0.112809
271 0.11277
272 0.112841
273 0.112755
274 0.112811
275 0.112807
276 0.112675
277 0.11271
278 0.112545
279 0.11267
280 0.112663
281 0.112634
282 0.112624
283 0.112556
284 0.112606
285 0.11257
286 0.112598
287 0.11246
288 0.112514
289 0.112514
290 0.112546
291 0.112375
292 0.112484
293 0.11246
294 0.112346
295 0.112308
296 0.112397
297 0.112326
298 0.112384
299 0.112403
300 0.112296
