1 0.0568293
2 0.0909525
3 0.0493892
4 0.0613837
5 0.0442414
6 0.050618
7 0.0407737
8 0.0443443
9 0.0381434
10 0.0398846
11 0.0357284
12 0.0367152
13 0.0336004
14 0.0342194
15 0.0317434
16 0.0322983
17 0.0314847
18 0.0306465
19 0.0287336
20 0.0296019
21 0.0276466
22 0.0278635
23 0.0268402
24 0.0264975
25 0.0253859
26 0.0258091
27 0.0248517
28 0.024664
29 0.0239823
30 0.0236876
31 0.0229223
32 0.0233845
33 0.0221883
34 0.0222058
35 0.0219983
36 0.021577
37 0.0211619
38 0.0210491
39 0.0204551
40 0.0203129
41 0.020024
42 0.0199674
43 0.0193179
44 0.0195457
45 0.0188191
46 0.018767
47 0.0186382
48 0.018461
49 0.0181492
50 0.0181318
51 0.017621
52 0.0177288
53 0.0174179
54 0.0171798
55 0.017015
56 0.0169599
57 0.0167204
58 0.0164928
59 0.016372
60 0.01622
61 0.015951
62 0.0160842
63 0.0157585
64 0.0156775
65 0.015485
66 0.015323
67 0.0152299
68 0.0151316
69 0.0148223
70 0.0148534
71 0.0147197
72 0.0146488
73 0.0143826
74 0.0143953
75 0.0141813
76 0.0141303
77 0.0141089
78 0.0138835
79 0.0137651
80 0.0137765
81 0.0135406
82 0.0135016
83 0.0133426
84 0.0133031
85 0.0131379
86 0.0131335
87 0.0130386
88 0.012947
89 0.0128775
90 0.0126675
91 0.0126382
92 0.0125531
93 0.0124715
94 0.0124293
95 0.0122609
96 0.0122296
97 0.0121332
98 0.012099
99 0.0120089
100 0.0119785
101 0.0118795
102 0.0118461
103 0.0116742
104 0.0116927
105 0.011538
106 0.0114923
107 0.0114814
108 0.0114089
109 0.0112613
110 0.0112642
111 0.0110767
112 0.0110601
113 0.0109985
114 0.0109968
115 0.010926
116 0.0108846
117 0.0108201
118 0.0107377
119 0.0106696
120 0.0106182
121 0.0104929
122 0.01053
123 0.0104605
124 0.0104297
125 0.0104278
126 0.0103312
127 0.010269
128 0.0101934
129 0.0101444
130 0.0100854
131 0.0100559
132 0.0100161
133 0.0099851
134 0.00993479
135 0.0098819
136 0.00983635
137 0.00978532
138 0.00975536
139 0.00967434
140 0.00959651
141 0.00954243
142 0.00959951
143 0.00952822
144 0.00946122
145 0.00940553
146 0.00940702
147 0.00938297
148 0.00928856
149 0.0092968
150 0.00923507
151 0.0092026
152 0.00911568
153 0.00903479
154 0.00909808
155 0.00903356
156 0.0089842
157 0.008977
158 0.00892428
159 0.00887705
160 0.00884725
161 0.00878203
162 0.00874087
163 0.0087479
164 0.00868117
165 0.00861052
166 0.00863888
167 0.00856473
168 0.00859075
169 0.00849641
170 0.00854635
171 0.00848043
172 0.00844657
173 0.00841402
174 0.00832343
175 0.0083604
176 0.00831071
177 0.00831188
178 0.00824093
179 0.00817522
180 0.0081928
181 0.00812875
182 0.00811741
183 0.00805403
184 0.00809316
185 0.00805588
186 0.00805271
187 0.00795584
188 0.0079441
189 0.00791023
190 0.0078832
191 0.00785125
192 0.00787427
193 0.00782334
194 0.00774845
195 0.00776794
196 0.00771568
197 0.00771011
198 0.00764463
199 0.00765962
200 0.00765561
201 0.00756324
202 0.0076063
203 0.00754721
204 0.00751622
205 0.00751107
206 0.00749147
207 0.00746162
208 0.00743616
209 0.00738503
210 0.00738007
211 0.00735409
212 0.00734877
213 0.0073168
214 0.00729157
215 0.00728024
216 0.00721244
217 0.007246
218 0.0071985
219 0.00715353
220 0.00714473
221 0.00711154
222 0.00711437
223 0.00710529
224 0.00705099
225 0.00708096
226 0.0070744
227 0.00696363
228 0.00699945
229 0.00693607
230 0.00695847
231 0.00691541
232 0.00687987
233 0.00690893
234 0.00686505
235 0.00681341
236 0.00682389
237 0.00678035
238 0.00674928
239 0.00676179
240 0.00673363
241 0.00673363
242 0.00672154
243 0.00663622
244 0.00665795
245 0.00665829
246 0.00663037
247 0.0066597
248 0.00658658
249 0.00660448
250 0.00654887
251 0.00652374
252 0.00650983
253 0.00650145
254 0.00649431
255 0.00643665
256 0.00644294
257 0.00645574
258 0.00639119
259 0.00639824
260 0.00640287
261 0.00637268
262 0.0063299
263 0.006339
264 0.00629411
265 0.00629973
266 0.00626825
267 0.00627106
268 0.00624285
269 0.00623346
270 0.00621055
271 0.00620891
272 0.0061806
273 0.00618518
274 0.00621127
275 0.00613639
276 0.00614157
277 0.006118
278 0.00611167
279 0.00609059
280 0.00608916
281 0.00603333
282 0.00604976
283 0.00603512
284 0.00601119
285 0.00603694
286 0.00595345
287 0.00595932
288 0.00594675
289 0.00592624
290 0.00594376
291 0.00591368
292 0.00590159
293 0.00589305
294 0.00588552
295 0.00587027
296 0.00584874
297 0.00583397
298 0.00584042
299 0.00580646
300 0.00579126
