1 0.573362
2 0.573752
3 0.60779
4 0.609188
5 0.631194
6 0.632495
7 0.647561
8 0.65124
9 0.66057
10 0.66668
11 0.672676
12 0.678717
13 0.683591
14 0.688945
15 0.693516
16 0.697262
17 0.701846
18 0.705086
19 0.709547
20 0.712695
21 0.716471
22 0.719621
23 0.72287
24 0.725271
25 0.727616
26 0.730776
27 0.733796
28 0.736082
29 0.738376
30 0.740135
31 0.742565
32 0.744781
33 0.746759
34 0.748507
35 0.750567
36 0.753478
37 0.754734
38 0.756694
39 0.757919
40 0.759882
41 0.761597
42 0.762932
43 0.765287
44 0.766011
45 0.768488
46 0.769829
47 0.771293
48 0.771962
49 0.773214
50 0.774086
51 0.776243
52 0.77738
53 0.778534
54 0.780092
55 0.780702
56 0.782485
57 0.782981
58 0.784338
59 0.785735
60 0.787142
61 0.787637
62 0.788468
63 0.789379
64 0.790538
65 0.791986
66 0.792898
67 0.793435
68 0.794808
69 0.796267
70 0.796443
71 0.797412
72 0.798321
73 0.799344
74 0.800016
75 0.800881
76 0.801398
77 0.801915
78 0.803425
79 0.803811
80 0.804219
81 0.805711
82 0.806318
83 0.807636
84 0.807868
85 0.808578
86 0.809264
87 0.809517
88 0.810256
89 0.811083
90 0.8125
91 0.812504
92 0.81431
93 0.813977
94 0.81468
95 0.815673
96 0.816176
97 0.816369
98 0.817313
99 0.817723
100 0.817833
101 0.818519
102 0.8198
103 0.820018
104 0.820816
105 0.821591
106 0.821855
107 0.822043
108 0.822657
109 0.823825
110 0.82381
111 0.825378
112 0.825845
113 0.825934
114 0.825805
115 0.826801
116 0.826797
117 0.827053
118 0.828104
119 0.828642
120 0.829207
121 0.830159
122 0.830616
123 0.830541
124 0.831258
125 0.831179
126 0.831865
127 0.832332
128 0.83304
129 0.833363
130 0.833712
131 0.833754
132 0.834116
133 0.834648
134 0.835576
135 0.835262
136 0.835971
137 0.836525
138 0.836684
139 0.837367
140 0.838315
141 0.838237
142 0.838426
143 0.839106
144 0.839354
145 0.839594
146 0.840159
147 0.840056
148 0.84098
149 0.840972
150 0.841536
151 0.841431
152 0.842716
153 0.843141
154 0.842709
155 0.84312
156 0.843691
157 0.843286
158 0.844407
159 0.844608
160 0.844732
161 0.845537
162 0.846119
163 0.845809
164 0.846578
165 0.846611
166 0.846821
167 0.847691
168 0.847395
169 0.847779
170 0.847997
171 0.848526
172 0.849261
173 0.848821
174 0.849994
175 0.849488
176 0.84985
177 0.849998
178 0.850739
179 0.851481
180 0.851137
181 0.851941
182 0.851888
183 0.852412
184 0.852381
185 0.852372
186 0.852292
187 0.853413
188 0.853535
189 0.853892
190 0.854149
191 0.854219
192 0.854231
193 0.85482
194 0.85583
195 0.855216
196 0.855926
197 0.855782
198 0.856732
199 0.855964
200 0.856197
201 0.857196
202 0.857108
203 0.85739
204 0.858292
205 0.857747
206 0.858235
207 0.858293
208 0.858629
209 0.859452
210 0.859308
211 0.859029
212 0.859476
213 0.859792
214 0.859986
215 0.860256
216 0.86122
217 0.860506
218 0.861069
219 0.861591
220 0.861859
221 0.862033
222 0.861814
223 0.862238
224 0.862462
225 0.862168
226 0.862249
227 0.863402
228 0.862831
229 0.863714
230 0.863305
231 0.863771
232 0.864319
233 0.863925
234 0.8645
235 0.865029
236 0.865241
237 0.865129
238 0.865952
239 0.865622
240 0.865914
241 0.865577
242 0.865873
243 0.866795
244 0.866422
245 0.866656
246 0.866975
247 0.866368
248 0.867469
249 0.867525
250 0.867925
251 0.868062
252 0.868272
253 0.868438
254 0.868586
255 0.868746
256 0.869222
257 0.868543
258 0.869655
259 0.869703
260 0.869249
261 0.86959
262 0.870332
263 0.87005
264 0.870548
265 0.870297
266 0.87132
267 0.870832
268 0.87109
269 0.87133
270 0.871559
271 0.871594
272 0.871355
273 0.871762
274 0.871395
275 0.872022
276 0.872016
277 0.872546
278 0.87251
279 0.872914
280 0.872927
281 0.873515
282 0.873224
283 0.873771
284 0.87375
285 0.87307
286 0.8743
287 0.874497
288 0.874116
289 0.874891
290 0.874448
291 0.874654
292 0.874681
293 0.874951
294 0.874868
295 0.87513
296 0.875657
297 0.875519
298 0.875601
299 0.876056
300 0.876224
