1 0.500804
2 0.51657
3 0.516704
4 0.524738
5 0.524255
6 0.529645
7 0.528979
8 0.532691
9 0.532864
10 0.535793
11 0.536505
12 0.538774
13 0.539194
14 0.540192
15 0.540849
16 0.542428
17 0.542871
18 0.543864
19 0.543429
20 0.544499
21 0.545236
22 0.546031
23 0.547081
24 0.54717
25 0.548102
26 0.548287
27 0.548925
28 0.548989
29 0.549884
30 0.550497
31 0.550235
32 0.55046
33 0.551347
34 0.551772
35 0.551331
36 0.552773
37 0.552469
38 0.553313
39 0.552747
40 0.553347
41 0.553263
42 0.55372
43 0.55385
44 0.553619
45 0.553782
46 0.553887
47 0.554921
48 0.554844
49 0.554907
50 0.555082
51 0.555734
52 0.556336
53 0.555973
54 0.556393
55 0.556699
56 0.556082
57 0.556654
58 0.557601
59 0.557215
60 0.557824
61 0.557028
62 0.557069
63 0.558914
64 0.558309
65 0.558591
66 0.558388
67 0.558466
68 0.558556
69 0.559766
70 0.557134
71 0.559457
72 0.559327
73 0.560411
74 0.559527
75 0.559377
76 0.559783
77 0.559086
78 0.559504
79 0.56064
80 0.559973
81 0.559529
82 0.560015
83 0.559867
84 0.559592
85 0.560807
86 0.559901
87 0.560859
88 0.560676
89 0.560139
90 0.561144
91 0.561061
92 0.561326
93 0.561135
94 0.56112
95 0.561317
96 0.560983
97 0.56135
98 0.561155
99 0.561094
100 0.561811
101 0.560954
102 0.561646
103 0.562038
104 0.562323
105 0.56224
106 0.563252
107 0.561443
108 0.562107
109 0.562693
110 0.562842
111 0.563074
112 0.561625
113 0.56277
114 0.562914
115 0.562932
116 0.562838
117 0.562925
118 0.563039
119 0.562661
120 0.562496
121 0.562894
122 0.562995
123 0.562444
124 0.563028
125 0.563148
126 0.563399
127 0.562752
128 0.563926
129 0.563473
130 0.563814
131 0.563377
132 0.563252
133 0.562694
134 0.563204
135 0.563654
136 0.562798
137 0.564522
138 0.563584
139 0.564014
140 0.563741
141 0.563229
142 0.563715
143 0.564198
144 0.563944
145 0.565021
146 0.564497
147 0.563801
148 0.563523
149 0.564121
150 0.563577
151 0.563738
152 0.564074
153 0.564833
154 0.565373
155 0.564864
156 0.565089
157 0.564162
158 0.56453
159 0.5639
160 0.56546
161 0.564673
162 0.564567
163 0.565421
164 0.564637
165 0.564573
166 0.565896
167 0.564766
168 0.565373
169 0.564622
170 0.564709
171 0.565908
172 0.565314
173 0.56491
174 0.564682
175 0.564773
176 0.56435
177 0.564749
178 0.565423
179 0.565945
180 0.565188
181 0.564942
182 0.564549
183 0.564838
184 0.565437
185 0.564927
186 0.566226
187 0.564942
188 0.566208
189 0.565794
190 0.565891
191 0.564985
192 0.565192
193 0.565913
194 0.565589
195 0.56607
196 0.565603
197 0.565297
198 0.566011
199 0.565853
200 0.565287
201 0.565427
202 0.566213
203 0.566753
204 0.565926
205 0.565454
206 0.566487
207 0.566878
208 0.565709
209 0.566245
210 0.56579
211 0.566072
212 0.566532
213 0.565985
214 0.566026
215 0.565862
216 0.565824
217 0.566878
218 0.566452
219 0.566823
220 0.566986
221 0.565829
222 0.565781
223 0.566122
224 0.565915
225 0.566409
226 0.566536
227 0.566449
228 0.566936
229 0.566357
230 0.566468
231 0.566156
232 0.566465
233 0.567253
234 0.566339
235 0.566145
236 0.566612
237 0.566557
238 0.567438
239 0.565894
240 0.566312
241 0.566457
242 0.566639
243 0.566931
244 0.56651
245 0.566156
246 0.566647
247 0.566465
248 0.567093
249 0.567246
250 0.566767
251 0.567176
252 0.566803
253 0.567078
254 0.56673
255 0.566856
256 0.566972
257 0.56713
258 0.567557
259 0.567454
260 0.567002
261 0.566461
262 0.567519
263 0.568281
264 0.568068
265 0.566439
266 0.567547
267 0.566976
268 0.567526
269 0.567064
270 0.568156
271 0.566998
272 0.566844
273 0.567314
274 0.566491
275 0.567998
276 0.566668
277 0.567942
278 0.567864
279 0.567778
280 0.566905
281 0.567274
282 0.568228
283 0.567702
284 0.568495
285 0.566529
286 0.567967
287 0.567778
288 0.568436
289 0.566807
290 0.567874
291 0.567668
292 0.567547
293 0.566687
294 0.567787
295 0.567438
296 0.567651
297 0.567292
298 0.567147
299 0.567847
300 0.56763
