1 0.50031
2 0.573896
3 0.573626
4 0.609257
5 0.609537
6 0.630484
7 0.633162
8 0.648215
9 0.651824
10 0.661663
11 0.66585
12 0.673369
13 0.679328
14 0.684206
15 0.689584
16 0.693275
17 0.698032
18 0.701462
19 0.706172
20 0.709978
21 0.713112
22 0.716628
23 0.720267
24 0.723278
25 0.72571
26 0.728989
27 0.731412
28 0.734618
29 0.736256
30 0.738712
31 0.740934
32 0.743463
33 0.745482
34 0.747185
35 0.749486
36 0.752199
37 0.753374
38 0.755782
39 0.756624
40 0.759017
41 0.760801
42 0.762076
43 0.764276
44 0.765176
45 0.767669
46 0.768944
47 0.770428
48 0.771269
49 0.772405
50 0.773467
51 0.775575
52 0.776814
53 0.777878
54 0.779627
55 0.779941
56 0.781807
57 0.782541
58 0.78365
59 0.785205
60 0.786689
61 0.787041
62 0.787983
63 0.789033
64 0.790239
65 0.791679
66 0.792576
67 0.792965
68 0.794435
69 0.795764
70 0.796071
71 0.797056
72 0.798101
73 0.7987
74 0.799718
75 0.80048
76 0.800969
77 0.80159
78 0.802989
79 0.803478
80 0.803819
81 0.805465
82 0.806183
83 0.807316
84 0.807604
85 0.808229
86 0.809156
87 0.809278
88 0.809993
89 0.81077
90 0.812183
91 0.812239
92 0.814126
93 0.813741
94 0.814457
95 0.815412
96 0.81582
97 0.816165
98 0.817135
99 0.817554
100 0.817802
101 0.818364
102 0.819553
103 0.820016
104 0.820861
105 0.821424
106 0.821795
107 0.821834
108 0.822564
109 0.823574
110 0.823556
111 0.825236
112 0.825565
113 0.825755
114 0.825647
115 0.826647
116 0.826723
117 0.826942
118 0.827994
119 0.828501
120 0.829021
121 0.829981
122 0.830557
123 0.830345
124 0.831074
125 0.830953
126 0.831718
127 0.832137
128 0.832872
129 0.833219
130 0.833577
131 0.833569
132 0.833925
133 0.83449
134 0.835499
135 0.835103
136 0.835822
137 0.836446
138 0.83662
139 0.837233
140 0.838219
141 0.838159
142 0.838298
143 0.838981
144 0.83926
145 0.8395
146 0.840048
147 0.839963
148 0.840823
149 0.840985
150 0.841303
151 0.841346
152 0.842493
153 0.84306
154 0.842648
155 0.843043
156 0.843632
157 0.843182
158 0.844305
159 0.844489
160 0.844642
161 0.845351
162 0.846043
163 0.845687
164 0.846528
165 0.846511
166 0.846769
167 0.847539
168 0.847241
169 0.847628
170 0.847892
171 0.848521
172 0.849203
173 0.8487
174 0.850016
175 0.849413
176 0.84963
177 0.849915
178 0.850591
179 0.851398
180 0.851166
181 0.85176
182 0.851839
183 0.852302
184 0.852236
185 0.852337
186 0.852263
187 0.853363
188 0.853437
189 0.853779
190 0.854114
191 0.85415
192 0.854184
193 0.854749
194 0.85576
195 0.855164
196 0.855806
197 0.855714
198 0.856718
199 0.85586
200 0.856144
201 0.857031
202 0.857005
203 0.85741
204 0.858209
205 0.857719
206 0.858192
207 0.858252
208 0.858563
209 0.859342
210 0.859162
211 0.858902
212 0.859473
213 0.859753
214 0.859915
215 0.860143
216 0.861178
217 0.860359
218 0.861093
219 0.861604
220 0.861816
221 0.86205
222 0.861757
223 0.862212
224 0.862355
225 0.862141
226 0.862126
227 0.863367
228 0.862776
229 0.863744
230 0.863299
231 0.863643
232 0.864275
233 0.863953
234 0.864505
235 0.86496
236 0.865194
237 0.865111
238 0.865946
239 0.865499
240 0.865809
241 0.865645
242 0.865893
243 0.866744
244 0.866368
245 0.86651
246 0.866896
247 0.866355
248 0.86741
249 0.867499
250 0.867914
251 0.868082
252 0.868201
253 0.868358
254 0.868641
255 0.868748
256 0.869168
257 0.868547
258 0.869574
259 0.869569
260 0.869182
261 0.869552
262 0.87035
263 0.869976
264 0.870444
265 0.87026
266 0.871327
267 0.87076
268 0.871123
269 0.871269
270 0.871472
271 0.871533
272 0.871395
273 0.871769
274 0.871364
275 0.871932
276 0.871955
277 0.872497
278 0.872501
279 0.872871
280 0.872858
281 0.873498
282 0.873193
283 0.873777
284 0.873722
285 0.873062
286 0.874271
287 0.874451
288 0.874132
289 0.874865
290 0.874429
291 0.874557
292 0.874659
293 0.874909
294 0.874787
295 0.875065
296 0.875632
297 0.875473
298 0.875624
299 0.876024
300 0.876252
