1 0.0733145
2 0.056606
3 0.0567394
4 0.0489353
5 0.0488647
6 0.0442435
7 0.0438554
8 0.0406639
9 0.0400461
10 0.0378593
11 0.0370558
12 0.035462
13 0.0344791
14 0.0334482
15 0.0324582
16 0.0316893
17 0.030867
18 0.030136
19 0.0293611
20 0.0286877
21 0.027982
22 0.0274125
23 0.0267937
24 0.0262497
25 0.02575
26 0.0252794
27 0.0248467
28 0.0243044
29 0.0239925
30 0.0235395
31 0.0231918
32 0.0228421
33 0.0224232
34 0.0221564
35 0.0218158
36 0.0214462
37 0.0211718
38 0.0208013
39 0.0206581
40 0.020229
41 0.0199771
42 0.0197615
43 0.0194573
44 0.0193172
45 0.0189471
46 0.0187493
47 0.0185464
48 0.0184327
49 0.0181563
50 0.0180135
51 0.0177228
52 0.01758
53 0.0174018
54 0.0171763
55 0.0171242
56 0.0168141
57 0.0166968
58 0.0164975
59 0.0163712
60 0.0161587
61 0.0160398
62 0.0159464
63 0.0157497
64 0.0156501
65 0.0154755
66 0.0153111
67 0.0152274
68 0.015039
69 0.0148853
70 0.014806
71 0.0146877
72 0.0145849
73 0.0144539
74 0.0143403
75 0.0142316
76 0.0140978
77 0.0140608
78 0.0138882
79 0.0138044
80 0.0137256
81 0.0135672
82 0.013451
83 0.0133348
84 0.013256
85 0.0131703
86 0.0130912
87 0.0130365
88 0.01294
89 0.012856
90 0.0126672
91 0.0126475
92 0.0124844
93 0.0124892
94 0.0124303
95 0.0122539
96 0.0122342
97 0.0121335
98 0.0120608
99 0.0120293
100 0.0119563
101 0.0118814
102 0.0118207
103 0.011687
104 0.0116463
105 0.0115408
106 0.0114789
107 0.01146
108 0.0113902
109 0.0112885
110 0.0112563
111 0.0111002
112 0.0110378
113 0.0110021
114 0.0109963
115 0.0109314
116 0.0108564
117 0.0108251
118 0.0107382
119 0.0106651
120 0.0106104
121 0.0105145
122 0.0104994
123 0.0104787
124 0.0104261
125 0.0104249
126 0.0103187
127 0.0102732
128 0.010173
129 0.0101581
130 0.0100856
131 0.010057
132 0.0100102
133 0.00999134
134 0.00992438
135 0.00989802
136 0.00983893
137 0.00977289
138 0.00975363
139 0.0096884
140 0.00957382
141 0.00954534
142 0.00958958
143 0.00952746
144 0.00945979
145 0.00941412
146 0.00940049
147 0.00938039
148 0.00928431
149 0.00929345
150 0.00924412
151 0.00921044
152 0.00910787
153 0.00904218
154 0.00909149
155 0.0090361
156 0.00897826
157 0.00897608
158 0.00891967
159 0.00888092
160 0.0088474
161 0.00878289
162 0.00873386
163 0.00875787
164 0.00867236
165 0.00862225
166 0.00864196
167 0.00856292
168 0.0085964
169 0.00850615
170 0.00854052
171 0.00848246
172 0.00844337
173 0.00841966
174 0.00832202
175 0.00836245
176 0.0083127
177 0.00831884
178 0.00824669
179 0.00817219
180 0.0081882
181 0.00813933
182 0.00810337
183 0.00805994
184 0.00809434
185 0.00805682
186 0.00805431
187 0.00795954
188 0.00793886
189 0.00791488
190 0.00787776
191 0.0078524
192 0.0078691
193 0.0078289
194 0.00774511
195 0.0077745
196 0.00771802
197 0.00770666
198 0.00764582
199 0.00766401
200 0.00765447
201 0.00757484
202 0.0076075
203 0.00753948
204 0.00751714
205 0.00751379
206 0.007487
207 0.00746122
208 0.00743459
209 0.0073869
210 0.00738211
211 0.00736301
212 0.00734149
213 0.0073209
214 0.0072953
215 0.00728464
216 0.00720997
217 0.00725042
218 0.00719063
219 0.00715458
220 0.00714277
221 0.00710926
222 0.00711066
223 0.00710609
224 0.00704995
225 0.00708223
226 0.00707883
227 0.00696548
228 0.00699541
229 0.0069379
230 0.00695632
231 0.00692202
232 0.00687859
233 0.00690552
234 0.00686277
235 0.00681781
236 0.00681836
237 0.00677833
238 0.00674714
239 0.00676635
240 0.00673775
241 0.00673183
242 0.00671206
243 0.00664198
244 0.00665948
245 0.00666074
246 0.0066334
247 0.00665807
248 0.00658813
249 0.00660703
250 0.00654667
251 0.00651842
252 0.00651078
253 0.00651055
254 0.00648988
255 0.00643715
256 0.00644569
257 0.00645421
258 0.00639511
259 0.00640539
260 0.00640081
261 0.00637484
262 0.00632706
263 0.00634086
264 0.00629935
265 0.00630209
266 0.00626052
267 0.00627332
268 0.00623878
269 0.00623393
270 0.00621406
271 0.00620883
272 0.00617419
273 0.00618427
274 0.00620933
275 0.00614005
276 0.00614128
277 0.0061205
278 0.00610879
279 0.00609381
280 0.00609027
281 0.00603561
282 0.00604844
283 0.00603676
284 0.00600876
285 0.00603832
286 0.0059527
287 0.00595639
288 0.00594546
289 0.00592911
290 0.005944
291 0.00591835
292 0.0058987
293 0.0058952
294 0.00588972
295 0.00587389
296 0.00584846
297 0.00583569
298 0.00583832
299 0.00580707
300 0.00578757
