1 0.5
2 0.499726
3 0.499721
4 0.499388
5 0.499412
6 0.499121
7 0.49916
8 0.498931
9 0.498919
10 0.498718
11 0.498666
12 0.498495
13 0.498462
14 0.498383
15 0.498329
16 0.498197
17 0.498159
18 0.498073
19 0.498111
20 0.498016
21 0.49795
22 0.497877
23 0.497779
24 0.497771
25 0.497681
26 0.497663
27 0.497601
28 0.497595
29 0.497506
30 0.497444
31 0.497471
32 0.497448
33 0.497357
34 0.497313
35 0.497359
36 0.497208
37 0.49724
38 0.49715
39 0.497211
40 0.497146
41 0.497156
42 0.497106
43 0.497092
44 0.497117
45 0.4971
46 0.497088
47 0.496975
48 0.496984
49 0.496977
50 0.496957
51 0.496885
52 0.496817
53 0.496858
54 0.49681
55 0.496775
56 0.496845
57 0.496781
58 0.496672
59 0.496716
60 0.496646
61 0.496738
62 0.496733
63 0.496518
64 0.496589
65 0.496556
66 0.49658
67 0.49657
68 0.49656
69 0.496416
70 0.496726
71 0.496453
72 0.496468
73 0.496338
74 0.496444
75 0.496462
76 0.496414
77 0.496497
78 0.496447
79 0.49631
80 0.496391
81 0.496444
82 0.496386
83 0.496404
84 0.496437
85 0.496289
86 0.496399
87 0.496283
88 0.496305
89 0.496371
90 0.496248
91 0.496258
92 0.496225
93 0.496249
94 0.496251
95 0.496227
96 0.496268
97 0.496222
98 0.496247
99 0.496254
100 0.496165
101 0.496271
102 0.496186
103 0.496137
104 0.496101
105 0.496112
106 0.495984
107 0.496211
108 0.496128
109 0.496055
110 0.496036
111 0.496006
112 0.496188
113 0.496045
114 0.496027
115 0.496024
116 0.496036
117 0.496025
118 0.496011
119 0.496059
120 0.496079
121 0.496029
122 0.496016
123 0.496086
124 0.496012
125 0.495997
126 0.495965
127 0.496047
128 0.495897
129 0.495955
130 0.495912
131 0.495968
132 0.495984
133 0.496054
134 0.49599
135 0.495932
136 0.496041
137 0.49582
138 0.495941
139 0.495886
140 0.495921
141 0.495987
142 0.495924
143 0.495862
144 0.495895
145 0.495755
146 0.495823
147 0.495913
148 0.495949
149 0.495872
150 0.495942
151 0.495921
152 0.495878
153 0.495779
154 0.495708
155 0.495775
156 0.495746
157 0.495867
158 0.495819
159 0.495901
160 0.495697
161 0.4958
162 0.495814
163 0.495702
164 0.495805
165 0.495813
166 0.495639
167 0.495788
168 0.495708
169 0.495807
170 0.495796
171 0.495638
172 0.495716
173 0.495769
174 0.495799
175 0.495787
176 0.495842
177 0.49579
178 0.495702
179 0.495633
180 0.495733
181 0.495765
182 0.495816
183 0.495779
184 0.4957
185 0.495767
186 0.495595
187 0.495765
188 0.495598
189 0.495653
190 0.49564
191 0.49576
192 0.495732
193 0.495637
194 0.49568
195 0.495616
196 0.495678
197 0.495719
198 0.495624
199 0.495645
200 0.49572
201 0.495701
202 0.495597
203 0.495525
204 0.495635
205 0.495698
206 0.49556
207 0.495508
208 0.495664
209 0.495593
210 0.495653
211 0.495616
212 0.495554
213 0.495627
214 0.495622
215 0.495644
216 0.495649
217 0.495508
218 0.495565
219 0.495515
220 0.495493
221 0.495648
222 0.495655
223 0.495609
224 0.495637
225 0.495571
226 0.495554
227 0.495565
228 0.4955
229 0.495578
230 0.495563
231 0.495605
232 0.495563
233 0.495457
234 0.49558
235 0.495606
236 0.495544
237 0.495551
238 0.495432
239 0.49564
240 0.495584
241 0.495564
242 0.49554
243 0.495501
244 0.495557
245 0.495605
246 0.495539
247 0.495563
248 0.495479
249 0.495458
250 0.495523
251 0.495467
252 0.495518
253 0.495481
254 0.495528
255 0.495511
256 0.495495
257 0.495474
258 0.495416
259 0.49543
260 0.495491
261 0.495564
262 0.495421
263 0.495316
264 0.495346
265 0.495567
266 0.495417
267 0.495494
268 0.49542
269 0.495483
270 0.495334
271 0.495491
272 0.495512
273 0.495449
274 0.49556
275 0.495355
276 0.495536
277 0.495363
278 0.495374
279 0.495385
280 0.495504
281 0.495454
282 0.495324
283 0.495396
284 0.495287
285 0.495555
286 0.49536
287 0.495385
288 0.495295
289 0.495517
290 0.495372
291 0.4954
292 0.495417
293 0.495533
294 0.495384
295 0.495432
296 0.495403
297 0.495452
298 0.495471
299 0.495376
300 0.495406
