1 0.26207
2 0.252537
3 0.244917
4 0.239051
5 0.233844
6 0.229436
7 0.225385
8 0.221608
9 0.218225
10 0.215019
11 0.212034
12 0.209207
13 0.206593
14 0.204093
15 0.201726
16 0.199463
17 0.197324
18 0.195255
19 0.193298
20 0.191393
21 0.189587
22 0.18785
23 0.186213
24 0.184622
25 0.183106
26 0.181592
27 0.180171
28 0.178736
29 0.177381
30 0.176022
31 0.174746
32 0.173465
33 0.172241
34 0.171025
35 0.169862
36 0.168714
37 0.167615
38 0.166525
39 0.165481
40 0.164442
41 0.163445
42 0.162444
43 0.161492
44 0.160546
45 0.159639
46 0.158736
47 0.15787
48 0.15701
49 0.156178
50 0.155355
51 0.154563
52 0.153777
53 0.153012
54 0.152258
55 0.151519
56 0.150794
57 0.150082
58 0.14938
59 0.148691
60 0.148016
61 0.147348
62 0.146691
63 0.146039
64 0.1454
65 0.144767
66 0.144144
67 0.143527
68 0.142921
69 0.142322
70 0.141731
71 0.141153
72 0.14058
73 0.140018
74 0.13946
75 0.138913
76 0.13837
77 0.137841
78 0.137313
79 0.136797
80 0.136284
81 0.135779
82 0.135281
83 0.134791
84 0.13431
85 0.133833
86 0.133364
87 0.132896
88 0.132439
89 0.131986
90 0.131543
91 0.1311
92 0.130665
93 0.130233
94 0.129806
95 0.129385
96 0.128968
97 0.128558
98 0.128154
99 0.127756
100 0.127362
101 0.126974
102 0.126587
103 0.126204
104 0.125826
105 0.125451
106 0.125078
107 0.124709
108 0.124341
109 0.123979
110 0.123618
111 0.123261
112 0.122905
113 0.122552
114 0.122203
115 0.121856
116 0.121514
117 0.121172
118 0.120836
119 0.1205
120 0.120169
121 0.119837
122 0.11951
123 0.119184
124 0.118861
125 0.118543
126 0.118228
127 0.117915
128 0.117605
129 0.117298
130 0.116993
131 0.11669
132 0.11639
133 0.116094
134 0.115798
135 0.115504
136 0.115211
137 0.114921
138 0.114632
139 0.114346
140 0.114062
141 0.113781
142 0.113504
143 0.113226
144 0.112952
145 0.112678
146 0.112406
147 0.112136
148 0.111868
149 0.111602
150 0.111338
151 0.111076
152 0.110816
153 0.110558
154 0.110301
155 0.110046
156 0.109792
157 0.109541
158 0.109292
159 0.109044
160 0.108798
161 0.108553
162 0.108311
163 0.108071
164 0.107832
165 0.107595
166 0.10736
167 0.107126
168 0.106894
169 0.106664
170 0.106435
171 0.106208
172 0.105982
173 0.105758
174 0.105535
175 0.105314
176 0.105093
177 0.104874
178 0.104656
179 0.10444
180 0.104224
181 0.10401
182 0.103798
183 0.103586
184 0.103376
185 0.103167
186 0.10296
187 0.102754
188 0.102549
189 0.102345
190 0.102142
191 0.101941
192 0.101742
193 0.101544
194 0.101347
195 0.101152
196 0.100958
197 0.100765
198 0.100573
199 0.100382
200 0.100192
201 0.100004
202 0.0998164
203 0.0996308
204 0.0994458
205 0.0992621
206 0.099079
207 0.0988978
208 0.0987181
209 0.0985401
210 0.0983628
211 0.0981868
212 0.0980114
213 0.0978368
214 0.0976633
215 0.0974906
216 0.0973186
217 0.097148
218 0.0969786
219 0.0968098
220 0.0966422
221 0.096475
222 0.0963087
223 0.0961433
224 0.0959787
225 0.0958146
226 0.0956512
227 0.0954888
228 0.0953269
229 0.095166
230 0.0950059
231 0.0948463
232 0.0946877
233 0.0945299
234 0.0943725
235 0.0942165
236 0.094061
237 0.093906
238 0.0937519
239 0.0935983
240 0.0934453
241 0.0932931
242 0.093142
243 0.0929919
244 0.0928421
245 0.0926931
246 0.092545
247 0.0923976
248 0.0922509
249 0.0921046
250 0.0919593
251 0.0918151
252 0.091672
253 0.0915294
254 0.0913875
255 0.0912466
256 0.0911061
257 0.0909663
258 0.090827
259 0.0906885
260 0.0905508
261 0.0904138
262 0.090277
263 0.0901415
264 0.0900063
265 0.089872
266 0.0897381
267 0.089605
268 0.0894725
269 0.0893404
270 0.0892089
271 0.0890782
272 0.088948
273 0.0888185
274 0.0886896
275 0.0885613
276 0.0884334
277 0.0883057
278 0.0881784
279 0.0880516
280 0.0879252
281 0.0877995
282 0.0876743
283 0.08755
284 0.0874261
285 0.0873029
286 0.0871804
287 0.0870582
288 0.0869364
289 0.086815
290 0.0866942
291 0.0865738
292 0.0864537
293 0.0863345
294 0.0862154
295 0.086097
296 0.0859792
297 0.0858617
298 0.0857447
299 0.0856284
300 0.0855125
