1 0.067056
2 0.085927
3 0.099027
4 0.110002
5 0.120799
6 0.130021
7 0.138919
8 0.147022
9 0.154609
10 0.162402
11 0.169463
12 0.176311
13 0.182817
14 0.189617
15 0.196111
16 0.201994
17 0.207806
18 0.213779
19 0.219122
20 0.22451
21 0.229636
22 0.23428
23 0.238602
24 0.242959
25 0.247067
26 0.252155
27 0.255725
28 0.260407
29 0.264001
30 0.268545
31 0.271443
32 0.276077
33 0.279164
34 0.283545
35 0.286586
36 0.290088
37 0.292669
38 0.296509
39 0.298697
40 0.302453
41 0.304831
42 0.30882
43 0.310792
44 0.31417
45 0.316177
46 0.319342
47 0.321269
48 0.324144
49 0.326153
50 0.328945
51 0.330701
52 0.333676
53 0.33604
54 0.338422
55 0.340873
56 0.343056
57 0.345169
58 0.347278
59 0.34974
60 0.351509
61 0.354223
62 0.355969
63 0.358622
64 0.360027
65 0.362333
66 0.364089
67 0.366696
68 0.368366
69 0.370505
70 0.372423
71 0.373997
72 0.376066
73 0.377448
74 0.379697
75 0.381155
76 0.383515
77 0.384446
78 0.386717
79 0.387982
80 0.39006
81 0.391687
82 0.393142
83 0.394713
84 0.396059
85 0.397931
86 0.399136
87 0.401291
88 0.401929
89 0.40373
90 0.40484
91 0.406649
92 0.408064
93 0.409396
94 0.411179
95 0.412061
96 0.413566
97 0.414742
98 0.415958
99 0.416933
100 0.418343
101 0.419611
102 0.421254
103 0.422587
104 0.424087
105 0.425249
106 0.427036
107 0.427881
108 0.429484
109 0.430468
110 0.432067
111 0.433127
112 0.434907
113 0.436101
114 0.437296
115 0.438674
116 0.43969
117 0.441242
118 0.441844
119 0.443498
120 0.444219
121 0.445964
122 0.446692
123 0.448291
124 0.449146
125 0.450123
126 0.450563
127 0.451969
128 0.45291
129 0.453892
130 0.454967
131 0.456035
132 0.45728
133 0.457932
134 0.459698
135 0.460504
136 0.462068
137 0.462472
138 0.46387
139 0.464901
140 0.466039
141 0.466877
142 0.467493
143 0.468738
144 0.469708
145 0.470909
146 0.472185
147 0.473363
148 0.474423
149 0.474932
150 0.476214
151 0.477094
152 0.47782
153 0.478686
154 0.479624
155 0.480407
156 0.48151
157 0.48195
158 0.483132
159 0.484079
160 0.484959
161 0.48605
162 0.486343
163 0.487204
164 0.487919
165 0.488631
166 0.489673
167 0.490388
168 0.491479
169 0.492069
170 0.492885
171 0.49376
172 0.494283
173 0.495189
174 0.495897
175 0.496745
176 0.497741
177 0.498515
178 0.499225
179 0.500049
180 0.500789
181 0.501648
182 0.502333
183 0.503263
184 0.503963
185 0.504698
186 0.505238
187 0.505873
188 0.506657
189 0.507323
190 0.508035
191 0.508566
192 0.509496
193 0.509883
194 0.510654
195 0.51145
196 0.512022
197 0.51288
198 0.513572
199 0.514347
200 0.51497
201 0.515341
202 0.516024
203 0.51655
204 0.517324
205 0.517761
206 0.518571
207 0.519066
208 0.519781
209 0.52056
210 0.521323
211 0.521763
212 0.522551
213 0.523105
214 0.523469
215 0.524081
216 0.524752
217 0.525312
218 0.52572
219 0.526199
220 0.52678
221 0.527586
222 0.528046
223 0.528404
224 0.529089
225 0.529898
226 0.530276
227 0.530983
228 0.53185
229 0.532098
230 0.532655
231 0.53338
232 0.533934
233 0.534283
234 0.535137
235 0.535493
236 0.536189
237 0.536724
238 0.537471
239 0.538071
240 0.53877
241 0.539103
242 0.539669
243 0.539992
244 0.540485
245 0.54117
246 0.541652
247 0.542033
248 0.542663
249 0.543304
250 0.543492
251 0.543801
252 0.54399
253 0.544772
254 0.545271
255 0.545713
256 0.546208
257 0.546426
258 0.547268
259 0.547784
260 0.548024
261 0.548699
262 0.549299
263 0.549528
264 0.550072
265 0.550496
266 0.550853
267 0.551491
268 0.552012
269 0.552412
270 0.553122
271 0.553511
272 0.554061
273 0.554363
274 0.555059
275 0.555323
276 0.555801
277 0.556544
278 0.557076
279 0.557557
280 0.558018
281 0.55829
282 0.558574
283 0.558789
284 0.559414
285 0.559681
286 0.56015
287 0.560686
288 0.561143
289 0.561783
290 0.562277
291 0.562893
292 0.563103
293 0.56346
294 0.564249
295 0.564444
296 0.564812
297 0.565257
298 0.565601
299 0.565918
300 0.566333
