1 0.26207
2 0.243003
3 0.229678
4 0.221451
5 0.21302
6 0.207395
7 0.201075
8 0.195171
9 0.191163
10 0.186162
11 0.182179
12 0.178114
13 0.175225
14 0.171599
15 0.16858
16 0.165524
17 0.163094
18 0.16009
19 0.158074
20 0.155196
21 0.153464
22 0.151371
23 0.150206
24 0.148024
25 0.146715
26 0.143748
27 0.143226
28 0.139987
29 0.139442
30 0.136618
31 0.136445
32 0.133772
33 0.133068
34 0.130892
35 0.130338
36 0.128516
37 0.128058
38 0.126209
39 0.125812
40 0.123907
41 0.123544
42 0.121428
43 0.121518
44 0.11984
45 0.119724
46 0.11812
47 0.118038
48 0.116571
49 0.116266
50 0.115031
51 0.114954
52 0.11366
53 0.113251
54 0.112298
55 0.111589
56 0.110958
57 0.110169
58 0.109411
59 0.108715
60 0.108193
61 0.107265
62 0.106613
63 0.105632
64 0.105113
65 0.104294
66 0.103643
67 0.102797
68 0.102332
69 0.101576
70 0.100929
71 0.100698
72 0.0999102
73 0.0995837
74 0.0986908
75 0.0984682
76 0.0976264
77 0.0975908
78 0.0967204
79 0.0964887
80 0.0957984
81 0.0953869
82 0.0949458
83 0.0945566
84 0.0944105
85 0.093729
86 0.0935179
87 0.092679
88 0.0927022
89 0.0921037
90 0.0920779
91 0.0912832
92 0.0910119
93 0.0905159
94 0.090067
95 0.0898676
96 0.0893811
97 0.089175
98 0.0889393
99 0.0887885
100 0.0883737
101 0.0880787
102 0.087531
103 0.0871724
104 0.0868677
105 0.0864119
106 0.0859291
107 0.085595
108 0.0850478
109 0.0847914
110 0.0842785
111 0.0839779
112 0.0834529
113 0.0829811
114 0.0828161
115 0.082259
116 0.0821771
117 0.0815223
118 0.0815174
119 0.080841
120 0.0807312
121 0.0800276
122 0.0799571
123 0.0793881
124 0.0792195
125 0.0790584
126 0.0788751
127 0.0784858
128 0.0782596
129 0.0779459
130 0.0776579
131 0.0772471
132 0.0771278
133 0.0769784
134 0.076415
135 0.076189
136 0.075648
137 0.0754814
138 0.0750765
139 0.0748487
140 0.0745995
141 0.0744422
142 0.0743612
143 0.0738541
144 0.0736635
145 0.0732624
146 0.0730347
147 0.0727184
148 0.0724309
149 0.0722823
150 0.0719391
151 0.0717279
152 0.0716417
153 0.071257
154 0.0709705
155 0.070836
156 0.0704425
157 0.0703713
158 0.0701355
159 0.0698705
160 0.0697274
161 0.0693883
162 0.0692637
163 0.0691636
164 0.0689029
165 0.0687423
166 0.0685976
167 0.0683642
168 0.0681325
169 0.0679557
170 0.0677638
171 0.0676157
172 0.0674036
173 0.0671509
174 0.0670418
175 0.0667735
176 0.0664727
177 0.0662353
178 0.066112
179 0.0659334
180 0.0656976
181 0.0655046
182 0.0653391
183 0.0650337
184 0.0649164
185 0.0647993
186 0.0645526
187 0.0644517
188 0.0641861
189 0.0639484
190 0.0638655
191 0.0637674
192 0.0636274
193 0.0635438
194 0.0633899
195 0.0632411
196 0.063128
197 0.0629815
198 0.0627696
199 0.0625932
200 0.0623757
201 0.0623249
202 0.062181
203 0.0621353
204 0.0619012
205 0.0617815
206 0.0615392
207 0.0615653
208 0.0615298
209 0.061514
210 0.0613076
211 0.0612168
212 0.0610137
213 0.0608124
214 0.0607242
215 0.0605316
216 0.0603389
217 0.0602796
218 0.0602202
219 0.0600177
220 0.0599393
221 0.0596818
222 0.0595591
223 0.0594432
224 0.0592547
225 0.0590645
226 0.0588868
227 0.0587777
228 0.0585764
229 0.0584775
230 0.058363
231 0.058124
232 0.0580503
233 0.0579274
234 0.0577074
235 0.057707
236 0.0575089
237 0.05732
238 0.0572361
239 0.0570447
240 0.0568885
241 0.0567473
242 0.0567289
243 0.0566697
244 0.0564492
245 0.0563367
246 0.0562641
247 0.056135
248 0.0560184
249 0.0558151
250 0.0557739
251 0.0557765
252 0.0557453
253 0.0555848
254 0.0555067
255 0.0554455
256 0.0552876
257 0.0551806
258 0.0550101
259 0.0549688
260 0.0548926
261 0.0547861
262 0.054579
263 0.0546205
264 0.0544711
265 0.0543985
266 0.0542733
267 0.0541819
268 0.0540953
269 0.0539458
270 0.0538326
271 0.0538026
272 0.0536523
273 0.0535816
274 0.0535072
275 0.0534021
276 0.0532599
277 0.0530572
278 0.0529293
279 0.052801
280 0.0526562
281 0.0525948
282 0.0525147
283 0.0524965
284 0.0523547
285 0.0523227
286 0.0522526
287 0.0521109
288 0.0519766
289 0.0518691
290 0.0517654
291 0.0516776
292 0.0515054
293 0.0515209
294 0.0513051
295 0.0512816
296 0.0512332
297 0.0510832
298 0.0510061
299 0.0509673
300 0.0508602
