1 0.067056
2 0.0764915
3 0.0840033
4 0.090503
5 0.0965622
6 0.102139
7 0.107393
8 0.112347
9 0.117042
10 0.121578
11 0.125932
12 0.13013
13 0.134183
14 0.138142
15 0.142007
16 0.145756
17 0.149406
18 0.152982
19 0.156463
20 0.159866
21 0.163188
22 0.16642
23 0.169558
24 0.172616
25 0.175594
26 0.178539
27 0.181398
28 0.184219
29 0.186971
30 0.18969
31 0.192327
32 0.194944
33 0.197496
34 0.200027
35 0.2025
36 0.204933
37 0.207304
38 0.209652
39 0.211935
40 0.214198
41 0.216409
42 0.218609
43 0.220753
44 0.222876
45 0.224949
46 0.227001
47 0.229007
48 0.230989
49 0.232931
50 0.234851
51 0.236731
52 0.238595
53 0.240434
54 0.242248
55 0.244041
56 0.24581
57 0.247553
58 0.249272
59 0.250975
60 0.25265
61 0.254316
62 0.255955
63 0.257585
64 0.259185
65 0.260772
66 0.262338
67 0.263895
68 0.265432
69 0.266954
70 0.268461
71 0.269948
72 0.271421
73 0.272874
74 0.274317
75 0.275742
76 0.27716
77 0.278553
78 0.27994
79 0.281308
80 0.282667
81 0.284013
82 0.285344
83 0.286662
84 0.287964
85 0.289258
86 0.290535
87 0.291808
88 0.29306
89 0.294303
90 0.295531
91 0.296752
92 0.297962
93 0.299161
94 0.300352
95 0.301528
96 0.302695
97 0.30385
98 0.304994
99 0.306125
100 0.307247
101 0.30836
102 0.309466
103 0.310565
104 0.311656
105 0.312738
106 0.313816
107 0.314882
108 0.315944
109 0.316994
110 0.31804
111 0.319077
112 0.320111
113 0.321138
114 0.322157
115 0.32317
116 0.324174
117 0.325175
118 0.326164
119 0.32715
120 0.328125
121 0.329099
122 0.330063
123 0.331024
124 0.331977
125 0.332922
126 0.333856
127 0.334786
128 0.335709
129 0.336625
130 0.337535
131 0.33844
132 0.33934
133 0.340232
134 0.341123
135 0.342007
136 0.34289
137 0.343763
138 0.344633
139 0.345499
140 0.34636
141 0.347214
142 0.348061
143 0.348905
144 0.349744
145 0.35058
146 0.351413
147 0.352242
148 0.353068
149 0.353886
150 0.354701
151 0.355512
152 0.356317
153 0.357116
154 0.357912
155 0.358702
156 0.359489
157 0.360269
158 0.361047
159 0.361821
160 0.36259
161 0.363357
162 0.364116
163 0.364871
164 0.365622
165 0.366367
166 0.36711
167 0.367848
168 0.368584
169 0.369315
170 0.370042
171 0.370765
172 0.371483
173 0.372198
174 0.372909
175 0.373617
176 0.374322
177 0.375024
178 0.375722
179 0.376416
180 0.377107
181 0.377795
182 0.37848
183 0.379161
184 0.37984
185 0.380515
186 0.381185
187 0.381852
188 0.382516
189 0.383176
190 0.383833
191 0.384486
192 0.385137
193 0.385784
194 0.386427
195 0.387069
196 0.387706
197 0.388341
198 0.388974
199 0.389604
200 0.390231
201 0.390853
202 0.391473
203 0.392089
204 0.392703
205 0.393313
206 0.393921
207 0.394526
208 0.395128
209 0.395728
210 0.396326
211 0.39692
212 0.397513
213 0.398103
214 0.398689
215 0.399272
216 0.399853
217 0.400431
218 0.401006
219 0.401577
220 0.402146
221 0.402714
222 0.403278
223 0.40384
224 0.404399
225 0.404957
226 0.405511
227 0.406064
228 0.406615
229 0.407163
230 0.407709
231 0.408253
232 0.408795
233 0.409333
234 0.409871
235 0.410406
236 0.410939
237 0.411469
238 0.411999
239 0.412526
240 0.413052
241 0.413575
242 0.414096
243 0.414614
244 0.41513
245 0.415645
246 0.416157
247 0.416667
248 0.417175
249 0.417681
250 0.418184
251 0.418685
252 0.419182
253 0.419678
254 0.420173
255 0.420665
256 0.421156
257 0.421643
258 0.42213
259 0.422615
260 0.423097
261 0.423579
262 0.424059
263 0.424536
264 0.425011
265 0.425485
266 0.425956
267 0.426426
268 0.426895
269 0.427361
270 0.427827
271 0.428291
272 0.428753
273 0.429213
274 0.429673
275 0.43013
276 0.430585
277 0.43104
278 0.431493
279 0.431945
280 0.432395
281 0.432843
282 0.433289
283 0.433733
284 0.434175
285 0.434615
286 0.435054
287 0.435492
288 0.435928
289 0.436364
290 0.436798
291 0.437231
292 0.437662
293 0.438092
294 0.438521
295 0.438948
296 0.439373
297 0.439797
298 0.440219
299 0.440639
300 0.441058
