1 0.458118
2 0.465941
3 0.471007
4 0.473911
5 0.47682
6 0.478305
7 0.480343
8 0.481993
9 0.483215
10 0.484328
11 0.485211
12 0.486444
13 0.486905
14 0.487887
15 0.488387
16 0.488954
17 0.489741
18 0.490444
19 0.490763
20 0.491243
21 0.49163
22 0.492004
23 0.492242
24 0.492446
25 0.492678
26 0.493346
27 0.493326
28 0.494024
29 0.494017
30 0.494515
31 0.494443
32 0.49496
33 0.495009
34 0.495217
35 0.495418
36 0.495577
37 0.495633
38 0.495806
39 0.495964
40 0.496194
41 0.496238
42 0.496429
43 0.496355
44 0.496619
45 0.496792
46 0.496876
47 0.49688
48 0.496993
49 0.497027
50 0.497116
51 0.497227
52 0.497342
53 0.497363
54 0.497524
55 0.49756
56 0.497674
57 0.497655
58 0.497736
59 0.497925
60 0.497882
61 0.498034
62 0.498003
63 0.49801
64 0.498117
65 0.498201
66 0.498237
67 0.498274
68 0.498344
69 0.498465
70 0.49851
71 0.498462
72 0.498606
73 0.498579
74 0.498735
75 0.498679
76 0.498715
77 0.498727
78 0.498778
79 0.498793
80 0.498887
81 0.498859
82 0.498898
83 0.498905
84 0.498995
85 0.499064
86 0.499023
87 0.499112
88 0.499109
89 0.49908
90 0.499105
91 0.499187
92 0.499198
93 0.499238
94 0.499221
95 0.499224
96 0.499286
97 0.499274
98 0.499268
99 0.499269
100 0.499326
101 0.499343
102 0.499396
103 0.499385
104 0.499402
105 0.499441
106 0.499412
107 0.49947
108 0.499527
109 0.499472
110 0.499499
111 0.499483
112 0.499545
113 0.499553
114 0.499556
115 0.499599
116 0.499648
117 0.499624
118 0.499636
119 0.499683
120 0.499651
121 0.499666
122 0.49968
123 0.499718
124 0.499696
125 0.499707
126 0.499707
127 0.499715
128 0.499757
129 0.499743
130 0.499741
131 0.49979
132 0.499803
133 0.499783
134 0.499824
135 0.499812
136 0.499833
137 0.49981
138 0.499822
139 0.499841
140 0.49984
141 0.49985
142 0.499844
143 0.499848
144 0.499872
145 0.499877
146 0.499876
147 0.499882
148 0.499881
149 0.499873
150 0.499906
151 0.499894
152 0.499917
153 0.499924
154 0.499922
155 0.499928
156 0.499933
157 0.499927
158 0.499933
159 0.499936
160 0.499954
161 0.499955
162 0.499953
163 0.499957
164 0.499958
165 0.49996
166 0.499968
167 0.499959
168 0.499969
169 0.499962
170 0.49998
171 0.499977
172 0.499978
173 0.499974
174 0.499975
175 0.49998
176 0.499981
177 0.499981
178 0.499989
179 0.499985
180 0.499989
181 0.499993
182 0.499991
183 0.499995
184 0.49999
185 0.499993
186 0.499995
187 0.499995
188 0.499992
189 0.499997
190 0.499998
191 0.499998
192 0.499996
193 0.5
194 0.499999
195 0.499999
196 0.5
197 0.5
198 0.5
199 0.5
200 0.5
201 0.5
202 0.5
203 0.5
204 0.5
205 0.5
206 0.5
207 0.5
208 0.5
209 0.5
210 0.499999
211 0.5
212 0.499999
213 0.499995
214 0.499998
215 0.499995
216 0.499999
217 0.499999
218 0.499996
219 0.499998
220 0.499998
221 0.499996
222 0.499996
223 0.499994
224 0.499987
225 0.499991
226 0.499992
227 0.499986
228 0.499989
229 0.499986
230 0.499985
231 0.499989
232 0.499984
233 0.499987
234 0.499977
235 0.499984
236 0.499976
237 0.499979
238 0.499979
239 0.499976
240 0.499975
241 0.499968
242 0.499974
243 0.499966
244 0.499963
245 0.499956
246 0.499965
247 0.49997
248 0.499959
249 0.499963
250 0.499968
251 0.499959
252 0.499953
253 0.499959
254 0.49996
255 0.499956
256 0.499943
257 0.499944
258 0.499927
259 0.499947
260 0.499962
261 0.499941
262 0.499945
263 0.499934
264 0.499931
265 0.499937
266 0.499958
267 0.499945
268 0.49993
269 0.499945
270 0.499949
271 0.499928
272 0.499914
273 0.499923
274 0.499925
275 0.499922
276 0.499922
277 0.499924
278 0.499914
279 0.499914
280 0.499929
281 0.499907
282 0.499931
283 0.499887
284 0.499911
285 0.499911
286 0.499899
287 0.499898
288 0.499881
289 0.4999
290 0.499889
291 0.499897
292 0.499885
293 0.499881
294 0.499888
295 0.499878
296 0.499882
297 0.499888
298 0.499859
299 0.499885
300 0.499885
