1 0.29968
2 0.318618
3 0.332213
4 0.3406
5 0.349524
6 0.354314
7 0.36118
8 0.367022
9 0.371533
10 0.375794
11 0.379291
12 0.384361
13 0.386318
14 0.390608
15 0.392862
16 0.395481
17 0.399233
18 0.402709
19 0.404331
20 0.406829
21 0.408894
22 0.410934
23 0.412263
24 0.413413
25 0.414745
26 0.418695
27 0.418575
28 0.422922
29 0.422876
30 0.426138
31 0.425658
32 0.42918
33 0.429527
34 0.431004
35 0.432465
36 0.433637
37 0.43406
38 0.435374
39 0.436596
40 0.438419
41 0.438773
42 0.440343
43 0.439734
44 0.441945
45 0.443448
46 0.44419
47 0.444222
48 0.44524
49 0.445553
50 0.446369
51 0.447414
52 0.448513
53 0.448711
54 0.450302
55 0.450664
56 0.451823
57 0.451632
58 0.452469
59 0.454486
60 0.454024
61 0.4557
62 0.455349
63 0.455434
64 0.456642
65 0.457622
66 0.458041
67 0.45849
68 0.459332
69 0.460841
70 0.46142
71 0.460806
72 0.462677
73 0.462323
74 0.464448
75 0.463675
76 0.464172
77 0.464331
78 0.465063
79 0.465273
80 0.466643
81 0.46623
82 0.466816
83 0.466914
84 0.468305
85 0.469409
86 0.468749
87 0.470209
88 0.470149
89 0.469678
90 0.470092
91 0.47149
92 0.47169
93 0.4724
94 0.472088
95 0.472139
96 0.473283
97 0.473053
98 0.472948
99 0.472968
100 0.474044
101 0.474371
102 0.475418
103 0.475197
104 0.475551
105 0.476362
106 0.47575
107 0.47698
108 0.478247
109 0.477015
110 0.477623
111 0.477254
112 0.478653
113 0.478851
114 0.478915
115 0.479974
116 0.481229
117 0.480588
118 0.480908
119 0.482176
120 0.4813
121 0.481723
122 0.482099
123 0.4832
124 0.482552
125 0.482862
126 0.482884
127 0.483094
128 0.484383
129 0.483961
130 0.483895
131 0.485508
132 0.485938
133 0.485238
134 0.486709
135 0.486258
136 0.487065
137 0.486217
138 0.486649
139 0.487363
140 0.487338
141 0.48773
142 0.487481
143 0.487653
144 0.488676
145 0.488886
146 0.488841
147 0.489135
148 0.489091
149 0.488689
150 0.490262
151 0.489682
152 0.490863
153 0.491257
154 0.491133
155 0.491507
156 0.491793
157 0.491442
158 0.491802
159 0.491999
160 0.493212
161 0.493221
162 0.493115
163 0.493417
164 0.493515
165 0.493614
166 0.494261
167 0.493597
168 0.494378
169 0.493815
170 0.495481
171 0.495185
172 0.495253
173 0.49485
174 0.494969
175 0.495444
176 0.495602
177 0.495601
178 0.496664
179 0.49612
180 0.496556
181 0.49728
182 0.496901
183 0.49776
184 0.496791
185 0.497198
186 0.497556
187 0.497694
188 0.497004
189 0.498082
190 0.498449
191 0.498571
192 0.497997
193 0.49906
194 0.498919
195 0.498711
196 0.500219
197 0.499171
198 0.499798
199 0.499793
200 0.500524
201 0.499666
202 0.500398
203 0.499911
204 0.500661
205 0.500482
206 0.500725
207 0.500703
208 0.500812
209 0.500519
210 0.501114
211 0.500281
212 0.501316
213 0.50228
214 0.501445
215 0.502288
216 0.501313
217 0.501209
218 0.502139
219 0.501624
220 0.501465
221 0.502053
222 0.502203
223 0.502614
224 0.503615
225 0.503038
226 0.502865
227 0.503862
228 0.503408
229 0.503806
230 0.503958
231 0.503344
232 0.504069
233 0.503696
234 0.504823
235 0.504042
236 0.504986
237 0.504604
238 0.504676
239 0.504907
240 0.505062
241 0.50566
242 0.505152
243 0.505898
244 0.506107
245 0.506704
246 0.505945
247 0.505543
248 0.506475
249 0.506161
250 0.505705
251 0.506443
252 0.506876
253 0.506453
254 0.506385
255 0.506651
256 0.507611
257 0.507489
258 0.50859
259 0.507283
260 0.506234
261 0.507702
262 0.507462
263 0.508168
264 0.508335
265 0.507981
266 0.50649
267 0.507441
268 0.508377
269 0.507471
270 0.507142
271 0.508539
272 0.509279
273 0.508778
274 0.508702
275 0.508832
276 0.508848
277 0.508773
278 0.509318
279 0.509316
280 0.50848
281 0.509692
282 0.508321
283 0.510671
284 0.509466
285 0.50945
286 0.51008
287 0.510126
288 0.510923
289 0.510005
290 0.51055
291 0.510173
292 0.51073
293 0.51091
294 0.510611
295 0.511055
296 0.510889
297 0.510626
298 0.511902
299 0.510759
300 0.510731
