1 0
2 0
3 0.333333
4 0.333333
5 0.37037
6 0.27027
7 0.155172
8 0.141304
9 0.0821918
10 0.103604
11 0.0851064
12 0.0959488
13 0.093415
14 0.0894677
15 0.0938567
16 0.0978975
17 0.0959959
18 0.0995106
19 0.0973451
20 0.100614
21 0.101777
22 0.104026
23 0.1043
24 0.104531
25 0.105229
26 0.105785
27 0.105051
28 0.105671
29 0.104545
30 0.104473
31 0.104314
32 0.103888
33 0.103609
34 0.102884
35 0.102286
36 0.101633
37 0.101127
38 0.100256
39 0.0995187
40 0.0989927
41 0.0981727
42 0.0977629
43 0.0971059
44 0.096434
45 0.0959094
46 0.0953375
47 0.0945817
48 0.0941317
49 0.0937242
50 0.0930014
51 0.0923816
52 0.091922
53 0.0911037
54 0.0904604
55 0.0898877
56 0.0894404
57 0.0887247
58 0.0882023
59 0.0876181
60 0.0870603
61 0.0865803
62 0.0859866
63 0.085482
64 0.0850175
65 0.0845013
66 0.0840329
67 0.0835224
68 0.0830324
69 0.0824729
70 0.0819836
71 0.081485
72 0.0810584
73 0.0806277
74 0.0800879
75 0.0796479
76 0.0793239
77 0.0787917
78 0.0783179
79 0.0778946
80 0.0775166
81 0.0771281
82 0.0767282
83 0.0762851
84 0.0758456
85 0.0754569
86 0.0750412
87 0.0746399
88 0.0742612
89 0.073855
90 0.0734423
91 0.0731146
92 0.0727003
93 0.0723437
94 0.0719494
95 0.071603
96 0.0712607
97 0.070904
98 0.0705258
99 0.0702011
100 0.0698479
