1 0.458205
2 0.330341
3 0.275022
4 0.242514
5 0.221008
6 0.205605
7 0.193939
8 0.184778
9 0.177337
10 0.171323
11 0.166346
12 0.161953
13 0.158179
14 0.154899
15 0.152159
16 0.149733
17 0.147594
18 0.145713
19 0.144036
20 0.142441
21 0.140994
22 0.139855
23 0.138728
24 0.137667
25 0.136522
26 0.135871
27 0.135166
28 0.134297
29 0.133811
30 0.133149
31 0.132713
32 0.132006
33 0.131741
34 0.131055
35 0.130595
36 0.13028
37 0.129985
38 0.129682
39 0.129275
40 0.12902
41 0.128522
42 0.128409
43 0.128161
44 0.128019
45 0.12771
46 0.127607
47 0.12736
48 0.127182
49 0.126963
50 0.126794
51 0.126647
52 0.126525
53 0.126452
54 0.126417
55 0.12612
56 0.12598
57 0.125959
58 0.12589
59 0.125711
60 0.125659
61 0.125531
62 0.125461
63 0.125266
64 0.125161
65 0.125191
66 0.12522
67 0.1251
68 0.12507
69 0.124997
70 0.124949
71 0.124927
72 0.124816
73 0.12465
74 0.124716
75 0.124645
76 0.124597
77 0.124599
78 0.124553
79 0.12449
80 0.12445
81 0.124453
82 0.124351
83 0.124428
84 0.124269
85 0.124221
86 0.124212
87 0.124249
88 0.124193
89 0.124146
90 0.124163
91 0.124047
92 0.12406
93 0.124277
94 0.124048
95 0.123986
96 0.124003
97 0.123988
98 0.123869
99 0.12393
100 0.12386
101 0.123835
102 0.123822
103 0.12381
104 0.123762
105 0.123702
106 0.123788
107 0.123711
108 0.123764
109 0.123731
110 0.123693
111 0.123663
112 0.123665
113 0.123708
114 0.123744
115 0.123656
116 0.123594
117 0.123568
118 0.123563
119 0.123515
120 0.123568
121 0.123563
122 0.123541
123 0.123515
124 0.123511
125 0.123499
126 0.123477
127 0.123457
128 0.123343
129 0.123431
130 0.123465
131 0.123478
132 0.123463
133 0.123373
134 0.123424
135 0.123427
136 0.123396
137 0.123412
138 0.123371
139 0.123343
140 0.12338
141 0.123378
142 0.123354
143 0.123314
144 0.123329
145 0.123325
146 0.123184
147 0.123247
148 0.12329
149 0.123274
150 0.123259
151 0.123266
152 0.123292
153 0.123264
154 0.123265
155 0.123218
156 0.123224
157 0.123218
158 0.123191
159 0.123251
160 0.123186
161 0.123194
162 0.123184
163 0.123147
164 0.123137
165 0.123137
166 0.123162
167 0.123139
168 0.123128
169 0.123137
170 0.123079
171 0.123236
172 0.123058
173 0.123086
174 0.123086
175 0.123076
176 0.123087
177 0.123066
178 0.123094
179 0.123029
180 0.123061
181 0.122966
182 0.123074
183 0.123025
184 0.123039
185 0.123015
186 0.123015
187 0.122976
188 0.123019
189 0.122952
190 0.122944
191 0.122976
192 0.122951
193 0.122932
194 0.122971
195 0.122919
196 0.122939
197 0.122968
198 0.122958
199 0.122916
200 0.122942
201 0.122933
202 0.122903
203 0.122935
204 0.122913
205 0.122622
206 0.122894
207 0.122895
208 0.122853
209 0.12289
210 0.122897
211 0.122838
212 0.12286
213 0.122908
214 0.12281
215 0.122839
216 0.122872
217 0.122778
218 0.122798
219 0.122826
220 0.122799
221 0.122798
222 0.122818
223 0.122813
224 0.122793
225 0.122798
226 0.122787
227 0.122801
228 0.122763
229 0.12278
230 0.122809
231 0.122772
232 0.122754
233 0.122747
234 0.122795
235 0.122731
236 0.122708
237 0.122706
238 0.122686
239 0.122717
240 0.122728
241 0.122799
242 0.122699
243 0.122735
244 0.122693
245 0.122679
246 0.122659
247 0.122689
248 0.122674
249 0.122692
250 0.122634
251 0.122656
252 0.122615
253 0.122659
254 0.122639
255 0.122645
256 0.122648
257 0.122609
258 0.122618
259 0.122604
260 0.122619
261 0.12266
262 0.122646
263 0.122597
264 0.12261
265 0.122582
266 0.122573
267 0.122623
268 0.122581
269 0.122564
270 0.122632
271 0.122557
272 0.122576
273 0.12255
274 0.122561
275 0.122563
276 0.12256
277 0.122559
278 0.12252
279 0.122544
280 0.12254
281 0.122512
282 0.122557
283 0.122538
284 0.122549
285 0.122476
286 0.122503
287 0.122505
288 0.122514
289 0.12247
290 0.122485
291 0.122514
292 0.122489
293 0.122498
294 0.122426
295 0.122466
296 0.122465
297 0.122476
298 0.122469
299 0.122425
300 0.122445
