1 0.420547
2 0.420547
3 0.420547
4 0.420547
5 0.420547
6 0.420547
7 0.420547
8 0.420547
9 0.420547
10 0.420547
11 0.420547
12 0.420547
13 0.420547
14 0.420547
15 0.420547
16 0.420547
17 0.420547
18 0.420547
19 0.420547
20 0.420547
21 0.420547
22 0.420547
23 0.420547
24 0.420547
25 0.420547
26 0.420547
27 0.420547
28 0.420547
29 0.420547
30 0.420547
31 0.420547
32 0.420547
33 0.420547
34 0.420547
35 0.420547
36 0.420547
37 0.420547
38 0.420547
39 0.420547
40 0.420547
41 0.420547
42 0.420547
43 0.420547
44 0.420547
45 0.420547
46 0.420547
47 0.420547
48 0.420547
49 0.420547
50 0.420547
51 0.420547
52 0.420547
53 0.420547
54 0.420547
55 0.420547
56 0.420547
57 0.420547
58 0.420547
59 0.420547
60 0.420547
61 0.420547
62 0.420547
63 0.420547
64 0.420547
65 0.420547
66 0.420547
67 0.420547
68 0.420547
69 0.420547
70 0.420547
71 0.420547
72 0.420547
73 0.420547
74 0.420547
75 0.420547
76 0.420547
77 0.420547
78 0.420547
79 0.420547
80 0.420547
81 0.420547
82 0.420547
83 0.420547
84 0.420547
85 0.420547
86 0.420547
87 0.420547
88 0.420547
89 0.420547
90 0.420547
91 0.420547
92 0.420547
93 0.420547
94 0.420547
95 0.420547
96 0.420547
97 0.420547
98 0.420547
99 0.420547
100 0.420547
101 0.420547
102 0.420547
103 0.420547
104 0.420547
105 0.420547
106 0.420547
107 0.420547
108 0.420547
109 0.420547
110 0.420547
111 0.420547
112 0.420547
113 0.420547
114 0.420547
115 0.420547
116 0.420547
117 0.420547
118 0.420547
119 0.420547
120 0.420547
121 0.420547
122 0.420547
123 0.420547
124 0.420547
125 0.420547
126 0.420547
127 0.420547
128 0.420547
129 0.420547
130 0.420547
131 0.420547
132 0.420547
133 0.420547
134 0.420547
135 0.420547
136 0.420547
137 0.420547
138 0.420547
139 0.420547
140 0.420547
141 0.420547
142 0.420547
143 0.420547
144 0.420547
145 0.420547
146 0.420547
147 0.420547
148 0.420547
149 0.420547
150 0.420547
151 0.420547
152 0.420547
153 0.420547
154 0.420547
155 0.420547
156 0.420547
157 0.420547
158 0.420547
159 0.420547
160 0.420547
161 0.420547
162 0.420547
163 0.420547
164 0.420547
165 0.420547
166 0.420547
167 0.420547
168 0.420547
169 0.420547
170 0.420547
171 0.420547
172 0.420547
173 0.420547
174 0.420547
175 0.420547
176 0.420547
177 0.420547
178 0.420547
179 0.420547
180 0.420547
181 0.420547
182 0.420547
183 0.420547
184 0.420547
185 0.420547
186 0.420547
187 0.420547
188 0.420547
189 0.420547
190 0.420547
191 0.420547
192 0.420547
193 0.420547
194 0.420547
195 0.420547
196 0.420547
197 0.420547
198 0.420547
199 0.420547
200 0.420547
201 0.420547
202 0.420547
203 0.420547
204 0.420547
205 0.420547
206 0.420547
207 0.420547
208 0.420547
209 0.420547
210 0.420547
211 0.420547
212 0.420547
213 0.420547
214 0.420547
215 0.420547
216 0.420547
217 0.420547
218 0.420547
219 0.420547
220 0.420547
221 0.420547
222 0.420547
223 0.420547
224 0.420547
225 0.420547
226 0.420547
227 0.420547
228 0.420547
229 0.420547
230 0.420547
231 0.420547
232 0.420547
233 0.420547
234 0.420547
235 0.420547
236 0.420547
237 0.420547
238 0.420547
239 0.420547
240 0.420547
241 0.420547
242 0.420547
243 0.420547
244 0.420547
245 0.420547
246 0.420547
247 0.420547
248 0.420547
249 0.420547
250 0.420547
251 0.420547
252 0.420547
253 0.420547
254 0.420547
255 0.420547
256 0.420547
257 0.420547
258 0.420547
259 0.420547
260 0.420547
261 0.420547
262 0.420547
263 0.420547
264 0.420547
265 0.420547
266 0.420547
267 0.420547
268 0.420547
269 0.420547
270 0.420547
271 0.420547
272 0.420547
273 0.420547
274 0.420547
275 0.420547
276 0.420547
277 0.420547
278 0.420547
279 0.420547
280 0.420547
281 0.420547
282 0.420547
283 0.420547
284 0.420547
285 0.420547
286 0.420547
287 0.420547
288 0.420547
289 0.420547
290 0.420547
291 0.420547
292 0.420547
293 0.420547
294 0.420547
295 0.420547
296 0.420547
297 0.420547
298 0.420547
299 0.420547
300 0.420547
