1 0.393636
2 0.431818
3 0.450975
4 0.467796
5 0.48568
6 0.498838
7 0.51035
8 0.522089
9 0.532225
10 0.541633
11 0.550964
12 0.559098
13 0.56716
14 0.574716
15 0.581329
16 0.587788
17 0.59428
18 0.600048
19 0.605663
20 0.611198
21 0.616454
22 0.621325
23 0.626121
24 0.63151
25 0.636316
26 0.640604
27 0.644586
28 0.648744
29 0.652698
30 0.656424
31 0.660108
32 0.663691
33 0.666809
34 0.670276
35 0.673464
36 0.676495
37 0.679336
38 0.682728
39 0.685459
40 0.688368
41 0.691047
42 0.693753
43 0.695906
44 0.698332
45 0.700943
46 0.703102
47 0.705302
48 0.707574
49 0.709589
50 0.711498
51 0.71376
52 0.715796
53 0.718041
54 0.719951
55 0.721946
56 0.723551
57 0.725625
58 0.72753
59 0.72918
60 0.731157
61 0.732563
62 0.734433
63 0.736137
64 0.73762
65 0.739353
66 0.740884
67 0.742215
68 0.743569
69 0.745163
70 0.746512
71 0.748026
72 0.749334
73 0.751005
74 0.752199
75 0.753676
76 0.754873
77 0.756328
78 0.757414
79 0.758653
80 0.759956
81 0.761121
82 0.762291
83 0.763808
84 0.764733
85 0.765773
86 0.767082
87 0.768288
88 0.769381
89 0.770264
90 0.771374
91 0.772386
92 0.773393
93 0.774514
94 0.775647
95 0.776487
96 0.777343
97 0.778471
98 0.779474
99 0.78037
100 0.781154
101 0.782059
102 0.783135
103 0.784006
104 0.785002
105 0.785818
106 0.786622
107 0.78745
108 0.788427
109 0.789274
110 0.789899
111 0.790573
112 0.791463
113 0.79218
114 0.79326
115 0.794002
116 0.794699
117 0.795596
118 0.796228
119 0.797028
120 0.797653
121 0.798422
122 0.799323
123 0.800075
124 0.800657
125 0.801302
126 0.801991
127 0.802478
128 0.803225
129 0.803941
130 0.804698
131 0.80523
132 0.805843
133 0.806515
134 0.807035
135 0.80755
136 0.808127
137 0.808756
138 0.809446
139 0.81002
140 0.81061
141 0.811285
142 0.811966
143 0.812584
144 0.813143
145 0.813778
146 0.814261
147 0.814811
148 0.815615
149 0.816017
150 0.816552
151 0.817221
152 0.817823
153 0.818478
154 0.818797
155 0.819161
156 0.819807
157 0.820273
158 0.82077
159 0.821309
160 0.821788
161 0.82227
162 0.822676
163 0.823221
164 0.82373
165 0.824082
166 0.824596
167 0.825119
168 0.825517
169 0.825909
170 0.826669
171 0.826974
172 0.827369
173 0.827865
174 0.828266
175 0.828771
176 0.829211
177 0.829731
178 0.82991
179 0.830302
180 0.830624
181 0.831155
182 0.831481
183 0.831862
184 0.832311
185 0.832757
186 0.833155
187 0.833581
188 0.83392
189 0.834488
190 0.834835
191 0.835164
192 0.8356
193 0.835882
194 0.836363
195 0.836708
196 0.837218
197 0.837574
198 0.837887
199 0.838293
200 0.838623
201 0.839138
202 0.839531
203 0.839839
204 0.840085
205 0.840572
206 0.84093
207 0.841275
208 0.841663
209 0.841748
210 0.842214
211 0.842484
212 0.842808
213 0.843114
214 0.843464
215 0.84388
216 0.844318
217 0.844659
218 0.844904
219 0.845255
220 0.845711
221 0.845959
222 0.84627
223 0.846591
224 0.84687
225 0.847206
226 0.847401
227 0.8477
228 0.848133
229 0.84842
230 0.8487
231 0.848982
232 0.849287
233 0.849585
234 0.8498
235 0.850241
236 0.850554
237 0.850602
238 0.851023
239 0.85136
240 0.851835
241 0.851997
242 0.852282
243 0.85248
244 0.852706
245 0.853048
246 0.85332
247 0.85367
248 0.853805
249 0.854089
250 0.854438
251 0.854549
252 0.854906
253 0.855085
254 0.855254
255 0.855656
256 0.855946
257 0.856216
258 0.856426
259 0.856713
260 0.85707
261 0.857437
262 0.857611
263 0.857787
264 0.858194
265 0.85823
266 0.858439
267 0.858686
268 0.858986
269 0.859323
270 0.859479
271 0.859683
272 0.859816
273 0.860057
274 0.860316
275 0.860376
276 0.860674
277 0.860879
278 0.861076
279 0.861285
280 0.861471
281 0.861708
282 0.86192
283 0.862157
284 0.862355
285 0.862577
286 0.862809
287 0.863114
288 0.863426
289 0.863703
290 0.863854
291 0.863984
292 0.864128
293 0.864339
294 0.864721
295 0.864806
296 0.865125
297 0.86522
298 0.865395
299 0.865733
300 0.866017
