1 0.299878
2 0.303111
3 0.306227
4 0.309562
5 0.312101
6 0.315511
7 0.318313
8 0.320332
9 0.322031
10 0.324602
11 0.327186
12 0.329641
13 0.331342
14 0.332951
15 0.335406
16 0.336951
17 0.337991
18 0.339157
19 0.341118
20 0.343408
21 0.344853
22 0.346037
23 0.347207
24 0.348284
25 0.35016
26 0.351386
27 0.352144
28 0.352931
29 0.354534
30 0.355492
31 0.356047
32 0.357014
33 0.358238
34 0.36002
35 0.359909
36 0.361622
37 0.362358
38 0.36271
39 0.363058
40 0.364304
41 0.365831
42 0.364379
43 0.365591
44 0.366676
45 0.368257
46 0.368402
47 0.368499
48 0.369863
49 0.370159
50 0.371617
51 0.371366
52 0.370974
53 0.372831
54 0.373616
55 0.373633
56 0.374392
57 0.374734
58 0.375002
59 0.375449
60 0.376341
61 0.376133
62 0.377736
63 0.378517
64 0.377789
65 0.378308
66 0.378602
67 0.379152
68 0.379107
69 0.380291
70 0.38006
71 0.380775
72 0.38045
73 0.3807
74 0.380548
75 0.38167
76 0.382099
77 0.382276
78 0.382615
79 0.382865
80 0.382993
81 0.383562
82 0.38441
83 0.384085
84 0.383551
85 0.385552
86 0.385786
87 0.385803
88 0.386191
89 0.386491
90 0.386235
91 0.387127
92 0.38684
93 0.386972
94 0.387607
95 0.3872
96 0.388816
97 0.387288
98 0.387912
99 0.388387
100 0.388477
101 0.389268
102 0.388746
103 0.388545
104 0.38981
105 0.389036
106 0.390494
107 0.390816
108 0.390146
109 0.390604
110 0.391866
111 0.39116
112 0.39161
113 0.391454
114 0.392214
115 0.390751
116 0.392295
117 0.391494
118 0.392131
119 0.391807
120 0.392901
121 0.392867
122 0.393041
123 0.393457
124 0.392692
125 0.39358
126 0.393033
127 0.393262
128 0.394059
129 0.393427
130 0.394332
131 0.393757
132 0.394151
133 0.394227
134 0.395472
135 0.395435
136 0.394981
137 0.394525
138 0.395162
139 0.395593
140 0.394781
141 0.395398
142 0.396023
143 0.395686
144 0.395146
145 0.396371
146 0.39647
147 0.396166
148 0.396812
149 0.396906
150 0.397031
151 0.397398
152 0.396108
153 0.397235
154 0.396793
155 0.397158
156 0.397525
157 0.397865
158 0.397966
159 0.397657
160 0.398053
161 0.39797
162 0.398186
163 0.397722
164 0.398317
165 0.398151
166 0.398192
167 0.398759
168 0.399036
169 0.398285
170 0.399125
171 0.399364
172 0.398188
173 0.398358
174 0.398996
175 0.399283
176 0.39913
177 0.39994
178 0.399546
179 0.400362
180 0.399342
181 0.399936
182 0.400287
183 0.400648
184 0.399969
185 0.401171
186 0.399624
187 0.399812
188 0.400575
189 0.400922
190 0.401215
191 0.400516
192 0.401625
193 0.40039
194 0.401432
195 0.401703
196 0.400828
197 0.401447
198 0.401514
199 0.401529
200 0.401461
201 0.402307
202 0.401494
203 0.402496
204 0.402541
205 0.401978
206 0.402495
207 0.401188
208 0.402467
209 0.401758
210 0.401925
211 0.401939
212 0.402433
213 0.401979
214 0.401984
215 0.401492
216 0.402971
217 0.401887
218 0.403515
219 0.402107
220 0.403277
221 0.40308
222 0.402434
223 0.402866
224 0.403491
225 0.401777
226 0.404012
227 0.40391
228 0.403833
229 0.403341
230 0.402896
231 0.403569
232 0.403719
233 0.40406
234 0.403753
235 0.403172
236 0.403403
237 0.40419
238 0.405106
239 0.404084
240 0.4035
241 0.403853
242 0.403414
243 0.403777
244 0.404526
245 0.403965
246 0.404497
247 0.404175
248 0.405073
249 0.403892
250 0.40486
251 0.404656
252 0.404722
253 0.4043
254 0.404817
255 0.404766
256 0.405622
257 0.40448
258 0.404259
259 0.404408
260 0.404532
261 0.404621
262 0.404099
263 0.405145
264 0.405318
265 0.405091
266 0.405957
267 0.405829
268 0.405145
269 0.405867
270 0.40551
271 0.40579
272 0.405436
273 0.404492
274 0.40547
275 0.405496
276 0.405626
277 0.405321
278 0.405416
279 0.405346
280 0.405702
281 0.405516
282 0.406671
283 0.405778
284 0.406076
285 0.405551
286 0.406328
287 0.406022
288 0.405097
289 0.406362
290 0.405703
291 0.40665
292 0.406433
293 0.406312
294 0.406208
295 0.405936
296 0.406118
297 0.406034
298 0.406973
299 0.407212
300 0.406317
