1 0.120486
2 0.117388
3 0.114226
4 0.111085
5 0.108446
6 0.105485
7 0.102835
8 0.100415
9 0.098061
10 0.0957289
11 0.0933849
12 0.0913163
13 0.0894213
14 0.0873558
15 0.0858464
16 0.0838815
17 0.082063
18 0.0804751
19 0.0789811
20 0.0773648
21 0.0759831
22 0.0747381
23 0.0734181
24 0.0719412
25 0.0706883
26 0.0695874
27 0.0683867
28 0.0672289
29 0.0662367
30 0.0649884
31 0.0641339
32 0.0631344
33 0.0622523
34 0.0611663
35 0.0604187
36 0.0597084
37 0.0585732
38 0.0578841
39 0.0571965
40 0.0562859
41 0.0556942
42 0.0549057
43 0.0541451
44 0.0535728
45 0.0527016
46 0.0522089
47 0.0516614
48 0.0508719
49 0.0503789
50 0.0497743
51 0.0491512
52 0.0486417
53 0.0481074
54 0.0474184
55 0.0471565
56 0.0465283
57 0.0460417
58 0.0454888
59 0.0451152
60 0.0445113
61 0.044237
62 0.0437503
63 0.0432402
64 0.0427614
65 0.042434
66 0.041976
67 0.0416563
68 0.0411666
69 0.0409109
70 0.0404428
71 0.0400941
72 0.0398004
73 0.0393636
74 0.0391077
75 0.0387864
76 0.0384936
77 0.0380786
78 0.0377714
79 0.0374556
80 0.0371838
81 0.0367822
82 0.0365722
83 0.0362591
84 0.0360389
85 0.0356673
86 0.0353536
87 0.0350552
88 0.0348393
89 0.0345916
90 0.0342351
91 0.0340243
92 0.0338351
93 0.0335932
94 0.0333708
95 0.033052
96 0.0327435
97 0.0326505
98 0.0322939
99 0.0321033
100 0.0319903
101 0.0317394
102 0.0314549
103 0.0312606
104 0.0311235
105 0.0308876
106 0.0307897
107 0.0304216
108 0.0302051
109 0.0300882
110 0.029992
111 0.0297496
112 0.0295241
113 0.0292218
114 0.0291036
115 0.0289289
116 0.0287905
117 0.0285917
118 0.0284067
119 0.0282207
120 0.0281391
121 0.0279814
122 0.0277913
123 0.0274358
124 0.0274179
125 0.0271872
126 0.0271028
127 0.0268345
128 0.0267331
129 0.0267257
130 0.0264763
131 0.0262954
132 0.0262135
133 0.0260848
134 0.0259751
135 0.0257573
136 0.0255764
137 0.025548
138 0.0253698
139 0.0252494
140 0.0250936
141 0.0250519
142 0.024822
143 0.0248049
144 0.0246013
145 0.0244265
146 0.0243177
147 0.0242186
148 0.0241078
149 0.023999
150 0.0238859
151 0.0236859
152 0.0236121
153 0.0235422
154 0.023335
155 0.0233261
156 0.0232358
157 0.0231594
158 0.0229635
159 0.022839
160 0.022705
161 0.0226702
162 0.0226417
163 0.0223999
164 0.0222568
165 0.0221119
166 0.0221032
167 0.0220798
168 0.021839
169 0.0218562
170 0.0218419
171 0.0217301
172 0.0215918
173 0.021491
174 0.0213776
175 0.0212261
176 0.02121
177 0.0210509
178 0.0210411
179 0.0209336
180 0.0209542
181 0.0207269
182 0.0206556
183 0.0205885
184 0.0204396
185 0.0203405
186 0.0203329
187 0.0202448
188 0.0200773
189 0.0200074
190 0.0199656
191 0.0198193
192 0.019842
193 0.019814
194 0.019631
195 0.0195491
196 0.0195512
197 0.0195041
198 0.0193193
199 0.0192592
200 0.0192428
201 0.0190788
202 0.0190282
203 0.0189677
204 0.0188796
205 0.0188186
206 0.0188003
207 0.0186815
208 0.0187089
209 0.0185279
210 0.0185398
211 0.0184279
212 0.0182848
213 0.0182279
214 0.0182017
215 0.0182402
216 0.018114
217 0.0180366
218 0.0179366
219 0.0179368
220 0.0178665
221 0.0178197
222 0.0177525
223 0.0176614
224 0.0175627
225 0.0175539
226 0.017518
227 0.0173995
228 0.0173717
229 0.0173123
230 0.0172417
231 0.0171875
232 0.0171478
233 0.0171328
234 0.0170569
235 0.0169396
236 0.0168795
237 0.016876
238 0.0167984
239 0.0167525
240 0.0167338
241 0.0165997
242 0.0165475
243 0.0165484
244 0.0165275
245 0.0164165
246 0.0163153
247 0.0164158
248 0.0163015
249 0.016228
250 0.0161239
251 0.0161244
252 0.0160288
253 0.0160419
254 0.0159889
255 0.0159561
256 0.0159333
257 0.0158207
258 0.0157807
259 0.0157416
260 0.0156892
261 0.0156444
262 0.0155862
263 0.0155253
264 0.0155807
265 0.0154665
266 0.0153748
267 0.0154174
268 0.0152919
269 0.0153031
270 0.0152445
271 0.0152138
272 0.0151857
273 0.0150131
274 0.0150778
275 0.0149862
276 0.0149376
277 0.0148932
278 0.014852
279 0.0148073
280 0.014784
281 0.014765
282 0.0147131
283 0.0147018
284 0.0146507
285 0.0144907
286 0.0145773
287 0.0145004
288 0.0144672
289 0.0144666
290 0.0143641
291 0.0143231
292 0.0143118
293 0.0143055
294 0.0143113
295 0.0141816
296 0.0142393
297 0.0141174
298 0.0141029
299 0.0140433
300 0.0140099
