1 0.458205
2 0.459603
3 0.460926
4 0.462313
5 0.463351
6 0.464719
7 0.465822
8 0.466604
9 0.467255
10 0.468226
11 0.469186
12 0.470083
13 0.470696
14 0.47127
15 0.472133
16 0.472668
17 0.473026
18 0.473424
19 0.474085
20 0.474847
21 0.475321
22 0.475706
23 0.476083
24 0.476427
25 0.47702
26 0.477404
27 0.477639
28 0.477882
29 0.478372
30 0.478663
31 0.47883
32 0.479119
33 0.479483
34 0.480006
35 0.479974
36 0.48047
37 0.480682
38 0.480783
39 0.480882
40 0.481235
41 0.481663
42 0.481256
43 0.481596
44 0.481897
45 0.482332
46 0.482372
47 0.482398
48 0.482768
49 0.482847
50 0.483237
51 0.48317
52 0.483066
53 0.483558
54 0.483764
55 0.483768
56 0.483966
57 0.484055
58 0.484124
59 0.484239
60 0.484468
61 0.484414
62 0.484822
63 0.485018
64 0.484835
65 0.484965
66 0.485039
67 0.485176
68 0.485165
69 0.485459
70 0.485402
71 0.485578
72 0.485498
73 0.485559
74 0.485522
75 0.485797
76 0.485901
77 0.485944
78 0.486026
79 0.486086
80 0.486117
81 0.486254
82 0.486456
83 0.486379
84 0.486251
85 0.486726
86 0.486781
87 0.486785
88 0.486876
89 0.486946
90 0.486886
91 0.487094
92 0.487027
93 0.487058
94 0.487204
95 0.48711
96 0.487482
97 0.487131
98 0.487275
99 0.487384
100 0.487404
101 0.487585
102 0.487466
103 0.48742
104 0.487707
105 0.487532
106 0.487861
107 0.487934
108 0.487783
109 0.487886
110 0.488167
111 0.48801
112 0.488111
113 0.488076
114 0.488244
115 0.487919
116 0.488262
117 0.488085
118 0.488226
119 0.488154
120 0.488396
121 0.488388
122 0.488426
123 0.488517
124 0.48835
125 0.488544
126 0.488424
127 0.488475
128 0.488648
129 0.488511
130 0.488707
131 0.488582
132 0.488668
133 0.488684
134 0.488952
135 0.488944
136 0.488847
137 0.488749
138 0.488886
139 0.488978
140 0.488804
141 0.488936
142 0.48907
143 0.488998
144 0.488882
145 0.489144
146 0.489165
147 0.4891
148 0.489237
149 0.489257
150 0.489283
151 0.48936
152 0.489088
153 0.489326
154 0.489233
155 0.48931
156 0.489387
157 0.489458
158 0.489479
159 0.489414
160 0.489497
161 0.48948
162 0.489525
163 0.489428
164 0.489552
165 0.489517
166 0.489526
167 0.489643
168 0.489701
169 0.489545
170 0.489719
171 0.489768
172 0.489525
173 0.48956
174 0.489692
175 0.489751
176 0.48972
177 0.489886
178 0.489805
179 0.489972
180 0.489764
181 0.489885
182 0.489957
183 0.49003
184 0.489892
185 0.490136
186 0.489821
187 0.48986
188 0.490015
189 0.490086
190 0.490145
191 0.490003
192 0.490227
193 0.489978
194 0.490188
195 0.490243
196 0.490067
197 0.490192
198 0.490205
199 0.490208
200 0.490194
201 0.490364
202 0.490201
203 0.490401
204 0.49041
205 0.490298
206 0.490401
207 0.490139
208 0.490395
209 0.490254
210 0.490287
211 0.49029
212 0.490389
213 0.490298
214 0.490299
215 0.490201
216 0.490495
217 0.49028
218 0.490603
219 0.490324
220 0.490556
221 0.490517
222 0.490389
223 0.490475
224 0.490598
225 0.490258
226 0.4907
227 0.49068
228 0.490665
229 0.490568
230 0.490481
231 0.490613
232 0.490643
233 0.49071
234 0.490649
235 0.490535
236 0.490581
237 0.490735
238 0.490913
239 0.490714
240 0.4906
241 0.490669
242 0.490583
243 0.490654
244 0.4908
245 0.490691
246 0.490795
247 0.490732
248 0.490907
249 0.490677
250 0.490865
251 0.490826
252 0.490839
253 0.490756
254 0.490857
255 0.490847
256 0.491012
257 0.490792
258 0.490748
259 0.490778
260 0.490802
261 0.490819
262 0.490717
263 0.490921
264 0.490954
265 0.49091
266 0.491077
267 0.491052
268 0.490921
269 0.491059
270 0.490991
271 0.491045
272 0.490977
273 0.490794
274 0.490983
275 0.490988
276 0.491013
277 0.490954
278 0.490973
279 0.490959
280 0.491028
281 0.490992
282 0.491213
283 0.491042
284 0.491099
285 0.490999
286 0.491148
287 0.491089
288 0.490911
289 0.491154
290 0.491028
291 0.491209
292 0.491168
293 0.491145
294 0.491125
295 0.491073
296 0.491107
297 0.491091
298 0.49127
299 0.491315
300 0.491146
