1 0
2 0.300088
3 0
4 0.032626
5 0.490453
6 0.135875
7 0.273021
8 0.180899
9 0.340466
10 0.288163
11 0.330841
12 0.147502
13 0.370218
14 0.246379
15 0.426026
16 0.326836
17 0.255353
18 0.217424
19 0.381891
20 0.301734
21 0.312464
22 0.250158
23 0.368492
24 0.281145
25 0.329284
26 0.303725
27 0.308973
28 0.29835
29 0.336889
30 0.299764
31 0.300986
32 0.273355
33 0.336212
34 0.303113
35 0.313097
36 0.290857
37 0.337911
38 0.300874
39 0.300029
40 0.300583
41 0.284528
42 0.307044
43 0.3022
44 0.295371
45 0.302149
46 0.316403
47 0.308331
48 0.302581
49 0.315338
50 0.286811
51 0.292911
52 0.307089
53 0.303331
54 0.285691
55 0.32165
56 0.289556
57 0.29341
58 0.298291
59 0.287885
60 0.28938
61 0.298667
62 0.300915
63 0.292911
64 0.30403
65 0.284357
66 0.29603
67 0.289163
68 0.285033
69 0.289875
70 0.294932
71 0.281252
72 0.284846
73 0.304664
74 0.289622
75 0.285442
76 0.272846
77 0.299966
78 0.28802
79 0.283914
80 0.287382
81 0.28144
82 0.295639
83 0.269152
84 0.282812
85 0.289156
86 0.275177
87 0.285662
88 0.288727
89 0.282143
90 0.291263
91 0.273853
92 0.287774
93 0.281902
94 0.271108
95 0.284578
96 0.280718
97 0.275784
98 0.279154
99 0.272539
100 0.277968
