1 0
2 0.150044
3 0.099813
4 0.0832187
5 0.16442
6 0.159752
7 0.175944
8 0.176569
9 0.194727
10 0.204065
11 0.21564
12 0.210049
13 0.222362
14 0.224194
15 0.237641
16 0.242988
17 0.244019
18 0.242249
19 0.249537
20 0.252083
21 0.254826
22 0.254705
23 0.259649
24 0.260326
25 0.262943
26 0.264533
27 0.266493
28 0.267319
29 0.269837
30 0.270589
31 0.271344
32 0.271443
33 0.273311
34 0.273564
35 0.274494
36 0.27504
37 0.276336
38 0.277006
39 0.277407
40 0.277951
41 0.278071
42 0.278439
43 0.27898
44 0.279298
45 0.279786
46 0.280421
47 0.280954
48 0.28133
49 0.281954
50 0.281931
51 0.282086
52 0.282514
53 0.282797
54 0.282854
55 0.283456
56 0.283497
57 0.283678
58 0.283859
59 0.283772
60 0.283759
61 0.283878
62 0.284145
63 0.284266
64 0.284276
65 0.284228
66 0.284359
67 0.284274
68 0.284015
69 0.284041
70 0.284118
71 0.284023
72 0.283968
73 0.284067
74 0.284169
75 0.284222
76 0.283791
77 0.283979
78 0.284058
79 0.283891
80 0.284057
81 0.284002
82 0.284042
83 0.283779
84 0.283836
85 0.283711
86 0.283612
87 0.283611
88 0.283564
89 0.283669
90 0.283775
91 0.283412
92 0.28347
93 0.283502
94 0.283323
95 0.283317
96 0.283174
97 0.282962
98 0.282878
99 0.282828
100 0.282624
