1 0.334067
2 0.332843
3 0.33309
4 0.459927
5 0.469547
6 0.508585
7 0.532731
8 0.551501
9 0.563407
10 0.570451
11 0.579336
12 0.587627
13 0.587957
14 0.593207
15 0.601139
16 0.60418
17 0.601932
18 0.611057
19 0.608563
20 0.610446
21 0.62154
22 0.634779
23 0.636557
24 0.637434
25 0.638581
26 0.64166
27 0.644138
28 0.647283
29 0.645012
30 0.650702
31 0.657098
32 0.663654
33 0.67088
34 0.668572
35 0.672363
36 0.676769
37 0.676234
38 0.680009
39 0.684383
40 0.683225
41 0.686632
42 0.688732
43 0.6891
44 0.693216
45 0.694079
46 0.696903
47 0.697302
48 0.700174
49 0.701856
50 0.706387
51 0.707179
52 0.70937
53 0.712148
54 0.713807
55 0.713023
56 0.717346
57 0.719797
58 0.719246
59 0.718549
60 0.724299
61 0.72537
62 0.721603
63 0.72631
64 0.729046
65 0.73083
66 0.732676
67 0.736388
68 0.737044
69 0.737246
70 0.739022
71 0.740982
72 0.742076
73 0.743395
74 0.746223
75 0.746564
76 0.745027
77 0.745462
78 0.74756
79 0.751015
80 0.75187
81 0.751901
82 0.754499
83 0.75604
84 0.756927
85 0.75824
86 0.759269
87 0.760774
88 0.759148
89 0.761145
90 0.762853
91 0.764584
92 0.76591
93 0.766785
94 0.767318
95 0.768881
96 0.770189
97 0.768741
98 0.769783
99 0.770885
100 0.771971
101 0.772571
102 0.774144
103 0.774994
104 0.776885
105 0.77692
106 0.777061
107 0.778391
108 0.780055
109 0.780738
110 0.780404
111 0.781088
112 0.782458
113 0.783784
114 0.783623
115 0.783758
116 0.784915
117 0.785637
118 0.787123
119 0.786663
120 0.787738
121 0.788518
122 0.789434
123 0.789792
124 0.790564
125 0.790804
126 0.791655
127 0.792921
128 0.792584
129 0.793154
130 0.793206
131 0.79405
132 0.795522
133 0.795646
134 0.796644
135 0.796714
136 0.79722
137 0.797873
138 0.798435
139 0.799513
140 0.799729
141 0.79976
142 0.80056
143 0.800942
144 0.80139
145 0.802034
146 0.802976
147 0.803209
148 0.803898
149 0.803932
150 0.804842
151 0.804729
152 0.806182
153 0.806985
154 0.806905
155 0.807132
156 0.808052
157 0.808724
158 0.809232
159 0.809844
160 0.809838
161 0.809916
162 0.810515
163 0.811581
164 0.811707
165 0.812302
166 0.812423
167 0.812457
168 0.81367
169 0.814195
170 0.81452
171 0.81456
172 0.815007
173 0.814592
174 0.815144
175 0.81628
176 0.815975
177 0.816658
178 0.816925
179 0.817019
180 0.817782
181 0.818362
182 0.818367
183 0.818791
184 0.819445
185 0.820182
186 0.820863
187 0.82103
188 0.821169
189 0.822011
190 0.821701
191 0.822434
192 0.822963
193 0.823382
194 0.823707
195 0.824038
196 0.824485
197 0.824562
198 0.825198
199 0.82579
200 0.825615
201 0.826359
202 0.826401
203 0.826801
204 0.826946
205 0.827385
206 0.827745
207 0.82837
208 0.828765
209 0.82882
210 0.829407
211 0.82956
212 0.830026
213 0.830323
214 0.830253
215 0.830482
216 0.830599
217 0.831133
218 0.831301
219 0.831148
220 0.83202
221 0.832075
222 0.831884
223 0.833003
224 0.833198
225 0.83333
226 0.833872
227 0.834314
228 0.834147
229 0.834516
230 0.834936
231 0.834868
232 0.835498
233 0.835313
234 0.836099
235 0.835828
236 0.836178
237 0.836823
238 0.837039
239 0.837719
240 0.837879
241 0.837867
242 0.837944
243 0.838478
244 0.838691
245 0.839009
246 0.839686
247 0.839715
248 0.839689
249 0.839903
250 0.840212
251 0.840524
252 0.840728
253 0.840684
254 0.840978
255 0.841239
256 0.841794
257 0.841652
258 0.842042
259 0.842456
260 0.842874
261 0.843019
262 0.843071
263 0.843815
264 0.843496
265 0.84401
266 0.844701
267 0.844452
268 0.844831
269 0.844613
270 0.845106
271 0.845491
272 0.845366
273 0.845728
274 0.846131
275 0.846242
276 0.846324
277 0.846764
278 0.846848
279 0.847114
280 0.847234
281 0.847688
282 0.84803
283 0.848053
284 0.848049
285 0.848516
286 0.848383
287 0.848497
288 0.849098
289 0.849188
290 0.849713
291 0.849939
292 0.850193
293 0.850262
294 0.850641
295 0.850535
296 0.850864
297 0.851396
298 0.851416
299 0.851962
300 0.851852
