1 0.4144
2 0.45933
3 0.459794
4 0.5122
5 0.522477
6 0.543002
7 0.557167
8 0.573631
9 0.583239
10 0.596512
11 0.605721
12 0.614896
13 0.623314
14 0.631536
15 0.639002
16 0.646058
17 0.652507
18 0.658091
19 0.664536
20 0.669753
21 0.675269
22 0.680019
23 0.68526
24 0.689002
25 0.693965
26 0.6976
27 0.70177
28 0.705052
29 0.70926
30 0.712393
31 0.715923
32 0.71899
33 0.72226
34 0.724941
35 0.728194
36 0.730601
37 0.733683
38 0.735793
39 0.738748
40 0.740972
41 0.743552
42 0.745558
43 0.747894
44 0.750252
45 0.752096
46 0.754357
47 0.756594
48 0.758656
49 0.76043
50 0.762365
51 0.764186
52 0.765927
53 0.767482
54 0.769249
55 0.770765
56 0.772614
57 0.774026
58 0.775528
59 0.77726
60 0.778547
61 0.779884
62 0.781377
63 0.782764
64 0.784239
65 0.785704
66 0.787148
67 0.788339
68 0.789339
69 0.790574
70 0.791814
71 0.793123
72 0.794267
73 0.795632
74 0.796567
75 0.797924
76 0.798907
77 0.799933
78 0.801095
79 0.802108
80 0.803054
81 0.804359
82 0.805251
83 0.806448
84 0.807479
85 0.808347
86 0.809528
87 0.81042
88 0.811268
89 0.812132
90 0.81313
91 0.813953
92 0.814706
93 0.815803
94 0.816469
95 0.817304
96 0.818118
97 0.818958
98 0.819667
99 0.820515
100 0.821239
101 0.821962
102 0.822628
103 0.823408
104 0.824243
105 0.825051
106 0.825753
107 0.826548
108 0.827073
109 0.827824
110 0.828402
111 0.82933
112 0.83
113 0.830567
114 0.831363
115 0.832038
116 0.83249
117 0.833034
118 0.833787
119 0.834571
120 0.835108
121 0.835697
122 0.836218
123 0.836706
124 0.837312
125 0.837866
126 0.83841
127 0.839063
128 0.839562
129 0.840157
130 0.840682
131 0.841134
132 0.84178
133 0.842233
134 0.842726
135 0.843123
136 0.843595
137 0.844171
138 0.844709
139 0.845277
140 0.845755
141 0.846335
142 0.846647
143 0.847198
144 0.847747
145 0.848161
146 0.848653
147 0.84925
148 0.849759
149 0.850086
150 0.850657
151 0.851176
152 0.851535
153 0.851886
154 0.852322
155 0.852831
156 0.853342
157 0.853859
158 0.854309
159 0.854592
160 0.854975
161 0.855328
162 0.855757
163 0.856349
164 0.856498
165 0.857074
166 0.857537
167 0.857975
168 0.858538
169 0.858782
170 0.859179
171 0.859505
172 0.860065
173 0.860439
174 0.860678
175 0.861082
176 0.861472
177 0.86172
178 0.861987
179 0.86253
180 0.862835
181 0.863197
182 0.863635
183 0.863991
184 0.86439
185 0.864704
186 0.865142
187 0.865403
188 0.865685
189 0.866037
190 0.866282
191 0.866562
192 0.866977
193 0.867213
194 0.867599
195 0.867875
196 0.868153
197 0.868577
198 0.868786
199 0.869168
200 0.869386
201 0.869689
202 0.870087
203 0.870381
204 0.870724
205 0.870897
206 0.871283
207 0.871589
208 0.871863
209 0.872097
210 0.872448
211 0.872642
212 0.87282
213 0.873102
214 0.873424
215 0.873667
216 0.87387
217 0.874143
218 0.874416
219 0.874637
220 0.874875
221 0.875342
222 0.875515
223 0.875776
224 0.876076
225 0.876165
226 0.876625
227 0.876887
228 0.877003
229 0.877307
230 0.877508
231 0.877729
232 0.878067
233 0.878217
234 0.878451
235 0.878723
236 0.878829
237 0.879244
238 0.879484
239 0.879698
240 0.879901
241 0.880129
242 0.880449
243 0.880583
244 0.880763
245 0.880933
246 0.8812
247 0.88135
248 0.881666
249 0.881873
250 0.882
251 0.882208
252 0.882368
253 0.882486
254 0.882742
255 0.882988
256 0.883191
257 0.883403
258 0.883614
259 0.883841
260 0.884073
261 0.884299
262 0.884505
263 0.884716
264 0.885045
265 0.88527
266 0.885436
267 0.885695
268 0.885955
269 0.886088
270 0.886459
271 0.886531
272 0.886622
273 0.886884
274 0.887063
275 0.887272
276 0.887415
277 0.887535
278 0.887824
279 0.88799
280 0.888089
281 0.888388
282 0.888563
283 0.888656
284 0.888849
285 0.888999
286 0.889323
287 0.889508
288 0.889699
289 0.889857
290 0.890014
291 0.890208
292 0.890408
293 0.890565
294 0.890673
295 0.890854
296 0.891013
297 0.891292
298 0.891438
299 0.891644
300 0.891878
