1 0.499842
2 0.499658
3 0.49968
4 0.512977
5 0.522005
6 0.530102
7 0.537113
8 0.54324
9 0.5484
10 0.552708
11 0.556472
12 0.559779
13 0.562533
14 0.565044
15 0.567309
16 0.569412
17 0.571249
18 0.572959
19 0.574376
20 0.57575
21 0.577131
22 0.578623
23 0.579904
24 0.581125
25 0.582231
26 0.583297
27 0.584224
28 0.58527
29 0.586088
30 0.586927
31 0.587776
32 0.588629
33 0.589514
34 0.590285
35 0.591059
36 0.591816
37 0.59255
38 0.593252
39 0.593946
40 0.594631
41 0.595248
42 0.595885
43 0.596468
44 0.597059
45 0.597608
46 0.598175
47 0.598701
48 0.599248
49 0.599776
50 0.600267
51 0.600736
52 0.60125
53 0.601699
54 0.602198
55 0.602659
56 0.603113
57 0.603475
58 0.60397
59 0.604368
60 0.604787
61 0.605187
62 0.605571
63 0.605916
64 0.606314
65 0.606668
66 0.607065
67 0.607419
68 0.607776
69 0.608107
70 0.608469
71 0.608817
72 0.609146
73 0.609588
74 0.609841
75 0.610166
76 0.610464
77 0.610771
78 0.61107
79 0.61136
80 0.611673
81 0.611975
82 0.612243
83 0.612549
84 0.612832
85 0.613085
86 0.61339
87 0.613662
88 0.61391
89 0.614146
90 0.61443
91 0.614671
92 0.614957
93 0.615218
94 0.615452
95 0.615698
96 0.615936
97 0.61617
98 0.616389
99 0.616624
100 0.616841
101 0.61707
102 0.61726
103 0.617517
104 0.617728
105 0.617922
106 0.618152
107 0.618375
108 0.618576
109 0.61879
110 0.618979
111 0.619174
112 0.619379
113 0.619579
114 0.61976
115 0.619947
116 0.620121
117 0.620283
118 0.620478
119 0.620671
120 0.620841
121 0.621025
122 0.621195
123 0.621357
124 0.621533
125 0.621692
126 0.621865
127 0.62201
128 0.622184
129 0.622338
130 0.622511
131 0.622651
132 0.622822
133 0.622987
134 0.623136
135 0.623295
136 0.62344
137 0.623599
138 0.623744
139 0.623883
140 0.624029
141 0.624163
142 0.624307
143 0.624437
144 0.62458
145 0.624718
146 0.624853
147 0.624987
148 0.62512
149 0.625242
150 0.625372
151 0.625501
152 0.625631
153 0.625762
154 0.625883
155 0.626012
156 0.626134
157 0.626259
158 0.626373
159 0.626496
160 0.626612
161 0.626735
162 0.626849
163 0.626974
164 0.627084
165 0.627196
166 0.62732
167 0.627424
168 0.627535
169 0.627651
170 0.627727
171 0.627754
172 0.627982
173 0.62809
174 0.628197
175 0.628294
176 0.628402
177 0.628509
178 0.628616
179 0.628704
180 0.628813
181 0.628915
182 0.629018
183 0.629121
184 0.629208
185 0.629307
186 0.629412
187 0.629487
188 0.62958
189 0.629672
190 0.62977
191 0.629861
192 0.62996
193 0.63005
194 0.630141
195 0.630203
196 0.630319
197 0.630383
198 0.630499
199 0.630587
200 0.63067
201 0.630756
202 0.630839
203 0.630921
204 0.631006
205 0.631082
206 0.631171
207 0.631244
208 0.631334
209 0.631418
210 0.631498
211 0.631572
212 0.631653
213 0.631735
214 0.631811
215 0.631889
216 0.631965
217 0.632037
218 0.632118
219 0.632191
220 0.632273
221 0.632345
222 0.63242
223 0.632494
224 0.632567
225 0.632641
226 0.632711
227 0.632785
228 0.632853
229 0.632923
230 0.632994
231 0.633064
232 0.633134
233 0.6332
234 0.63328
235 0.633338
236 0.633409
237 0.633476
238 0.633543
239 0.633592
240 0.633676
241 0.633764
242 0.633806
243 0.633873
244 0.633937
245 0.634004
246 0.634064
247 0.634132
248 0.634191
249 0.63426
250 0.634317
251 0.63438
252 0.634443
253 0.634508
254 0.634569
255 0.634592
256 0.63469
257 0.634784
258 0.634816
259 0.634875
260 0.634932
261 0.634987
262 0.635044
263 0.6351
264 0.635159
265 0.635216
266 0.635271
267 0.635327
268 0.635385
269 0.635442
270 0.635498
271 0.635567
272 0.635607
273 0.635636
274 0.635716
275 0.635774
276 0.635826
277 0.635875
278 0.635938
279 0.635986
280 0.63604
281 0.636094
282 0.636146
283 0.636202
284 0.636248
285 0.636303
286 0.636352
287 0.636401
288 0.636453
289 0.636502
290 0.636554
291 0.636608
292 0.636659
293 0.636704
294 0.636758
295 0.636805
296 0.636858
297 0.63691
298 0.636956
299 0.637007
300 0.637054
