1 0.5
2 0.5
3 0.5
4 0.497198
5 0.496603
6 0.494998
7 0.493711
8 0.492511
9 0.491827
10 0.491613
11 0.491094
12 0.490664
13 0.490717
14 0.490427
15 0.490018
16 0.489773
17 0.489796
18 0.489463
19 0.489742
20 0.489692
21 0.488811
22 0.487856
23 0.488066
24 0.488031
25 0.487976
26 0.48781
27 0.487773
28 0.487342
29 0.487859
30 0.48747
31 0.487158
32 0.486521
33 0.486007
34 0.48618
35 0.486053
36 0.485872
37 0.485705
38 0.485528
39 0.485158
40 0.485292
41 0.485262
42 0.48507
43 0.484963
44 0.484906
45 0.484737
46 0.484728
47 0.484518
48 0.484203
49 0.484112
50 0.484179
51 0.484012
52 0.48386
53 0.48382
54 0.483521
55 0.483507
56 0.483278
57 0.483128
58 0.483485
59 0.483498
60 0.482974
61 0.483014
62 0.483264
63 0.483023
64 0.482765
65 0.482681
66 0.482553
67 0.482371
68 0.482362
69 0.482542
70 0.482059
71 0.482025
72 0.481853
73 0.481645
74 0.481438
75 0.48171
76 0.481918
77 0.481775
78 0.481712
79 0.481458
80 0.481161
81 0.48128
82 0.48129
83 0.481049
84 0.480905
85 0.48091
86 0.480991
87 0.480897
88 0.481214
89 0.480833
90 0.480874
91 0.480408
92 0.48025
93 0.480415
94 0.480505
95 0.480447
96 0.480409
97 0.480462
98 0.480479
99 0.480477
100 0.480238
101 0.480285
102 0.479808
103 0.480063
104 0.479961
105 0.479911
106 0.479945
107 0.479416
108 0.479963
109 0.47966
110 0.479988
111 0.479619
112 0.47956
113 0.479621
114 0.479628
115 0.479713
116 0.479951
117 0.479583
118 0.479302
119 0.479593
120 0.479506
121 0.479415
122 0.479444
123 0.479164
124 0.479354
125 0.479472
126 0.479332
127 0.479178
128 0.479181
129 0.479318
130 0.478797
131 0.479214
132 0.478855
133 0.478751
134 0.478857
135 0.478868
136 0.478915
137 0.478696
138 0.478733
139 0.478996
140 0.478917
141 0.478871
142 0.478799
143 0.478886
144 0.478767
145 0.478935
146 0.478551
147 0.47864
148 0.47854
149 0.478824
150 0.478757
151 0.478417
152 0.478562
153 0.478338
154 0.478579
155 0.47843
156 0.478436
157 0.478474
158 0.478492
159 0.478253
160 0.478437
161 0.478192
162 0.478296
163 0.478122
164 0.478234
165 0.478323
166 0.478016
167 0.478274
168 0.478281
169 0.477947
170 0.477981
171 0.478142
172 0.477977
173 0.478016
174 0.478058
175 0.478022
176 0.478085
177 0.477997
178 0.477988
179 0.477944
180 0.477809
181 0.477912
182 0.477878
183 0.477785
184 0.478011
185 0.477916
186 0.477955
187 0.478248
188 0.47792
189 0.477785
190 0.477686
191 0.477594
192 0.477511
193 0.477651
194 0.477958
195 0.477789
196 0.477554
197 0.477611
198 0.477542
199 0.477409
200 0.477916
201 0.47777
202 0.477616
203 0.477746
204 0.477551
205 0.477756
206 0.477543
207 0.477535
208 0.477446
209 0.477717
210 0.477526
211 0.477338
212 0.477363
213 0.477505
214 0.477401
215 0.477405
216 0.477528
217 0.47752
218 0.477288
219 0.477417
220 0.477134
221 0.477379
222 0.477447
223 0.477226
224 0.477356
225 0.477327
226 0.477199
227 0.477304
228 0.477309
229 0.477366
230 0.477087
231 0.477312
232 0.477304
233 0.477312
234 0.477039
235 0.477083
236 0.477369
237 0.477029
238 0.477304
239 0.476979
240 0.477267
241 0.477163
242 0.477131
243 0.477124
244 0.476794
245 0.477025
246 0.477126
247 0.477131
248 0.477095
249 0.476794
250 0.476858
251 0.477026
252 0.476942
253 0.476877
254 0.476827
255 0.477022
256 0.476981
257 0.476835
258 0.476951
259 0.476799
260 0.476985
261 0.476994
262 0.47711
263 0.476897
264 0.476816
265 0.476967
266 0.476836
267 0.476923
268 0.476799
269 0.476999
270 0.476609
271 0.476687
272 0.47702
273 0.476807
274 0.47679
275 0.476573
276 0.476759
277 0.476852
278 0.476483
279 0.476717
280 0.47679
281 0.476594
282 0.476707
283 0.476644
284 0.476799
285 0.476747
286 0.476654
287 0.476619
288 0.476676
289 0.476679
290 0.476323
291 0.476358
292 0.476708
293 0.476612
294 0.476583
295 0.476442
296 0.476383
297 0.476381
298 0.476685
299 0.476432
300 0.476424
