1 0.5
2 0.379646
3 0.342448
4 0.319051
5 0.306121
6 0.296491
7 0.289401
8 0.284238
9 0.280241
10 0.276638
11 0.273795
12 0.271231
13 0.269344
14 0.267301
15 0.266032
16 0.264645
17 0.263316
18 0.262149
19 0.261286
20 0.260292
21 0.259291
22 0.258634
23 0.257972
24 0.257233
25 0.256524
26 0.256062
27 0.25576
28 0.255023
29 0.254676
30 0.254049
31 0.253742
32 0.253179
33 0.252971
34 0.25243
35 0.252161
36 0.251764
37 0.251488
38 0.251189
39 0.251094
40 0.250677
41 0.250308
42 0.250214
43 0.249825
44 0.249732
45 0.249439
46 0.249225
47 0.249151
48 0.248872
49 0.248568
50 0.248426
51 0.248237
52 0.248205
53 0.24811
54 0.247862
55 0.247618
56 0.247521
57 0.247562
58 0.247322
59 0.247087
60 0.246947
61 0.246861
62 0.246684
63 0.246592
64 0.24638
65 0.246334
66 0.246416
67 0.246124
68 0.246051
69 0.245939
70 0.245876
71 0.245687
72 0.245554
73 0.245411
74 0.245508
75 0.245283
76 0.24524
77 0.245176
78 0.245073
79 0.244923
80 0.244826
81 0.244865
82 0.244612
83 0.24472
84 0.244525
85 0.244303
86 0.244488
87 0.244395
88 0.244357
89 0.244328
90 0.244222
91 0.244215
92 0.244024
93 0.243983
94 0.243914
95 0.243709
96 0.24377
97 0.243754
98 0.24354
99 0.243656
100 0.243494
101 0.243532
102 0.24337
103 0.243389
104 0.243314
105 0.243318
106 0.243209
107 0.243188
108 0.243101
109 0.242944
110 0.243035
111 0.243019
112 0.242893
113 0.242796
114 0.242795
115 0.242811
116 0.242679
117 0.242815
118 0.242687
119 0.242669
120 0.242589
121 0.242513
122 0.242507
123 0.242492
124 0.24249
125 0.242352
126 0.242244
127 0.242326
128 0.242386
129 0.242312
130 0.242263
131 0.242147
132 0.242149
133 0.242133
134 0.242069
135 0.242181
136 0.241972
137 0.241901
138 0.241914
139 0.24193
140 0.241876
141 0.241828
142 0.241761
143 0.241801
144 0.241725
145 0.241766
146 0.241786
147 0.241572
148 0.241597
149 0.241632
150 0.241529
151 0.241482
152 0.241504
153 0.241442
154 0.241456
155 0.241452
156 0.241321
157 0.241342
158 0.241276
159 0.241356
160 0.241239
161 0.241328
162 0.241255
163 0.241213
164 0.241198
165 0.241178
166 0.241181
167 0.241147
168 0.241136
169 0.241043
170 0.240993
171 0.241201
172 0.241052
173 0.240919
174 0.240941
175 0.240981
176 0.240945
177 0.240928
178 0.240948
179 0.240882
180 0.240891
181 0.240734
182 0.240861
183 0.240819
184 0.240867
185 0.240739
186 0.24083
187 0.240696
188 0.240708
189 0.24065
190 0.240681
191 0.240694
192 0.240525
193 0.240616
194 0.240617
195 0.240659
196 0.240503
197 0.240609
198 0.240594
199 0.240524
200 0.240458
201 0.24041
202 0.240415
203 0.240435
204 0.240422
205 0.240269
206 0.240413
207 0.240332
208 0.240295
209 0.240295
210 0.240299
211 0.240287
212 0.24017
213 0.240273
214 0.240217
215 0.240209
216 0.24023
217 0.240163
218 0.240141
219 0.240182
220 0.240116
221 0.240151
222 0.240135
223 0.240139
224 0.240127
225 0.240062
226 0.240103
227 0.240093
228 0.240005
229 0.239995
230 0.240024
231 0.240019
232 0.239973
233 0.239999
234 0.23995
235 0.239929
236 0.239948
237 0.239888
238 0.23987
239 0.239943
240 0.239862
241 0.239858
242 0.239817
243 0.239845
244 0.239821
245 0.239739
246 0.23976
247 0.239741
248 0.239805
249 0.239779
250 0.239764
251 0.239725
252 0.239709
253 0.239719
254 0.239665
255 0.239589
256 0.239712
257 0.239787
258 0.239708
259 0.239684
260 0.239656
261 0.239647
262 0.23963
263 0.239642
264 0.239599
265 0.239596
266 0.239564
267 0.239612
268 0.239563
269 0.239534
270 0.239578
271 0.239492
272 0.239556
273 0.239552
274 0.239479
275 0.239461
276 0.239458
277 0.239483
278 0.239447
279 0.239418
280 0.239372
281 0.239435
282 0.239437
283 0.2394
284 0.239414
285 0.239344
286 0.239372
287 0.239344
288 0.239351
289 0.239287
290 0.239318
291 0.239332
292 0.239321
293 0.239247
294 0.239244
295 0.239256
296 0.239245
297 0.239254
298 0.239275
299 0.239249
300 0.239248
