1 0.500502
2 0.54234
3 0.555944
4 0.569962
5 0.578209
6 0.584985
7 0.590644
8 0.595411
9 0.599041
10 0.602406
11 0.605586
12 0.608162
13 0.610396
14 0.612359
15 0.614578
16 0.616263
17 0.617684
18 0.619262
19 0.620658
20 0.621786
21 0.622974
22 0.6242
23 0.624966
24 0.626211
25 0.627137
26 0.628102
27 0.628838
28 0.629659
29 0.63041
30 0.631038
31 0.631679
32 0.632265
33 0.63282
34 0.633474
35 0.634059
36 0.634742
37 0.635103
38 0.63553
39 0.636
40 0.636492
41 0.63694
42 0.637414
43 0.637798
44 0.638195
45 0.638626
46 0.638962
47 0.639232
48 0.639665
49 0.640049
50 0.640391
51 0.64064
52 0.640871
53 0.64122
54 0.641441
55 0.641756
56 0.641988
57 0.642232
58 0.642531
59 0.642847
60 0.64307
61 0.643315
62 0.643545
63 0.643668
64 0.643945
65 0.64418
66 0.644428
67 0.644522
68 0.64489
69 0.645023
70 0.645217
71 0.645395
72 0.645582
73 0.645858
74 0.645865
75 0.64614
76 0.646325
77 0.646479
78 0.646488
79 0.646803
80 0.646957
81 0.64705
82 0.647211
83 0.647472
84 0.647573
85 0.647825
86 0.647761
87 0.648016
88 0.648092
89 0.648202
90 0.648381
91 0.648557
92 0.648622
93 0.648727
94 0.648834
95 0.648963
96 0.649147
97 0.649232
98 0.64941
99 0.649464
100 0.649459
101 0.649582
102 0.649819
103 0.649885
104 0.649969
105 0.650057
106 0.650142
107 0.650255
108 0.650431
109 0.650552
110 0.650542
111 0.650659
112 0.650808
113 0.650899
114 0.650959
115 0.651084
116 0.651103
117 0.651233
118 0.651308
119 0.651345
120 0.651444
121 0.651499
122 0.651682
123 0.651742
124 0.651845
125 0.651885
126 0.651969
127 0.652063
128 0.652034
129 0.65213
130 0.652202
131 0.652373
132 0.652378
133 0.652425
134 0.652565
135 0.652586
136 0.652665
137 0.652762
138 0.652797
139 0.652911
140 0.652949
141 0.652986
142 0.653091
143 0.653079
144 0.653183
145 0.653239
146 0.653274
147 0.653342
148 0.653436
149 0.653454
150 0.653612
151 0.653668
152 0.653685
153 0.653724
154 0.653829
155 0.653807
156 0.653886
157 0.653927
158 0.654049
159 0.654063
160 0.654079
161 0.654087
162 0.654222
163 0.65428
164 0.654319
165 0.654382
166 0.654409
167 0.654478
168 0.654536
169 0.654584
170 0.654701
171 0.654554
172 0.65469
173 0.654768
174 0.654799
175 0.654841
176 0.654898
177 0.654928
178 0.654964
179 0.655027
180 0.655035
181 0.655097
182 0.65513
183 0.655178
184 0.655221
185 0.655271
186 0.655313
187 0.65538
188 0.655361
189 0.655401
190 0.655458
191 0.655444
192 0.655523
193 0.655569
194 0.65565
195 0.655683
196 0.655668
197 0.655718
198 0.655804
199 0.655826
200 0.655871
201 0.655902
202 0.655844
203 0.656006
204 0.655973
205 0.656067
206 0.656098
207 0.656114
208 0.65616
209 0.656173
210 0.65623
211 0.656217
212 0.65629
213 0.656282
214 0.656348
215 0.656393
216 0.656365
217 0.656479
218 0.656462
219 0.656516
220 0.656501
221 0.656538
222 0.656604
223 0.656617
224 0.656662
225 0.656701
226 0.656647
227 0.656733
228 0.656785
229 0.656868
230 0.656839
231 0.656854
232 0.656888
233 0.656914
234 0.656978
235 0.656942
236 0.65698
237 0.657064
238 0.657033
239 0.657083
240 0.65711
241 0.657129
242 0.657202
243 0.657241
244 0.657234
245 0.657307
246 0.657316
247 0.657356
248 0.657357
249 0.657367
250 0.65737
251 0.657453
252 0.657427
253 0.657484
254 0.657485
255 0.657571
256 0.657519
257 0.657502
258 0.657567
259 0.657621
260 0.65761
261 0.657669
262 0.65765
263 0.657619
264 0.657683
265 0.657777
266 0.657766
267 0.657773
268 0.657903
269 0.657825
270 0.657819
271 0.657889
272 0.657917
273 0.657912
274 0.657983
275 0.658017
276 0.658031
277 0.658057
278 0.65807
279 0.658054
280 0.65812
281 0.658137
282 0.658123
283 0.658136
284 0.658218
285 0.658202
286 0.65825
287 0.658257
288 0.658249
289 0.658286
290 0.658299
291 0.658312
292 0.658348
293 0.658406
294 0.658382
295 0.658351
296 0.658382
297 0.658509
298 0.658512
299 0.658507
300 0.658491
