1 0.500502
2 0.584004
3 0.583528
4 0.611864
5 0.611433
6 0.619012
7 0.624099
8 0.628938
9 0.629195
10 0.633281
11 0.63458
12 0.636393
13 0.637669
14 0.639777
15 0.641408
16 0.642038
17 0.642894
18 0.643636
19 0.64481
20 0.645101
21 0.646168
22 0.646742
23 0.646889
24 0.648074
25 0.648107
26 0.650003
27 0.650023
28 0.650264
29 0.650258
30 0.650927
31 0.651036
32 0.651072
33 0.651779
34 0.651554
35 0.652837
36 0.653204
37 0.652634
38 0.652558
39 0.653274
40 0.653536
41 0.653035
42 0.654381
43 0.653787
44 0.654369
45 0.654633
46 0.65464
47 0.655149
48 0.655253
49 0.655252
50 0.655368
51 0.655975
52 0.656077
53 0.656871
54 0.65578
55 0.65633
56 0.656728
57 0.656747
58 0.656106
59 0.657498
60 0.656856
61 0.657395
62 0.65694
63 0.656996
64 0.656722
65 0.657044
66 0.657514
67 0.658191
68 0.657753
69 0.658555
70 0.658422
71 0.658166
72 0.658017
73 0.658818
74 0.658339
75 0.659101
76 0.658675
77 0.658626
78 0.658496
79 0.658855
80 0.658709
81 0.65863
82 0.658994
83 0.659098
84 0.659236
85 0.660039
86 0.659221
87 0.659385
88 0.659784
89 0.659314
90 0.659226
91 0.660116
92 0.659548
93 0.659528
94 0.659707
95 0.660194
96 0.659576
97 0.659157
98 0.660465
99 0.659699
100 0.660314
101 0.66026
102 0.660147
103 0.659958
104 0.660148
105 0.660502
106 0.660566
107 0.660332
108 0.660741
109 0.660319
110 0.659558
111 0.660794
112 0.660378
113 0.6616
114 0.660622
115 0.66078
116 0.661278
117 0.660744
118 0.660532
119 0.661184
120 0.661237
121 0.659649
122 0.661445
123 0.661379
124 0.66141
125 0.661451
126 0.661285
127 0.661241
128 0.661311
129 0.660808
130 0.661071
131 0.66141
132 0.661303
133 0.66074
134 0.661772
135 0.661434
136 0.660878
137 0.661486
138 0.661704
139 0.660929
140 0.661844
141 0.661588
142 0.661845
143 0.661456
144 0.662011
145 0.662211
146 0.661644
147 0.661867
148 0.661943
149 0.661861
150 0.662313
151 0.661323
152 0.661671
153 0.662466
154 0.66204
155 0.662472
156 0.662269
157 0.661668
158 0.661798
159 0.662254
160 0.662446
161 0.662652
162 0.662735
163 0.662061
164 0.661919
165 0.6622
166 0.662112
167 0.662348
168 0.66174
169 0.662097
170 0.662477
171 0.662263
172 0.662276
173 0.662638
174 0.662609
175 0.663054
176 0.66286
177 0.66324
178 0.662795
179 0.66231
180 0.662787
181 0.662885
182 0.661833
183 0.663006
184 0.662771
185 0.663133
186 0.663061
187 0.662731
188 0.662798
189 0.662122
190 0.663085
191 0.662458
192 0.662833
193 0.663064
194 0.663416
195 0.66336
196 0.662638
197 0.66289
198 0.663127
199 0.663598
200 0.662741
201 0.663453
202 0.662615
203 0.66293
204 0.663442
205 0.662497
206 0.662936
207 0.66229
208 0.662713
209 0.662497
210 0.662717
211 0.662329
212 0.663006
213 0.663537
214 0.66331
215 0.662803
216 0.663763
217 0.66379
218 0.662711
219 0.663062
220 0.663292
221 0.663891
222 0.663086
223 0.662759
224 0.663949
225 0.663775
226 0.663381
227 0.66286
228 0.662771
229 0.662753
230 0.663061
231 0.663785
232 0.663521
233 0.663349
234 0.663567
235 0.663411
236 0.663829
237 0.663103
238 0.663391
239 0.663541
240 0.663411
241 0.66275
242 0.663997
243 0.663742
244 0.663252
245 0.663903
246 0.66412
247 0.663413
248 0.663891
249 0.663525
250 0.662946
251 0.663047
252 0.664317
253 0.663253
254 0.663707
255 0.663189
256 0.663679
257 0.664346
258 0.663413
259 0.66417
260 0.663667
261 0.663718
262 0.664054
263 0.663348
264 0.663538
265 0.663714
266 0.662977
267 0.664148
268 0.662734
269 0.663529
270 0.664028
271 0.663524
272 0.663854
273 0.664053
274 0.663557
275 0.663691
276 0.66369
277 0.663862
278 0.663159
279 0.664951
280 0.664123
281 0.663469
282 0.663922
283 0.663184
284 0.664119
285 0.663722
286 0.663745
287 0.664369
288 0.66434
289 0.663915
290 0.663649
291 0.663845
292 0.663851
293 0.664116
294 0.663795
295 0.663455
296 0.663914
297 0.663848
298 0.664167
299 0.663923
300 0.66355
