1 0.500138
2 0.666584
3 0.666334
4 0.733366
5 0.733201
6 0.753589
7 0.766527
8 0.778219
9 0.778513
10 0.796407
11 0.798307
12 0.802467
13 0.80852
14 0.814433
15 0.819322
16 0.825043
17 0.826589
18 0.831416
19 0.834319
20 0.835866
21 0.839396
22 0.841982
23 0.843186
24 0.846566
25 0.849374
26 0.852346
27 0.85416
28 0.856361
29 0.857353
30 0.85859
31 0.860972
32 0.862306
33 0.863557
34 0.864839
35 0.866317
36 0.867288
37 0.868279
38 0.869196
39 0.870866
40 0.872583
41 0.873646
42 0.874854
43 0.876069
44 0.876726
45 0.878036
46 0.879025
47 0.879853
48 0.880659
49 0.882134
50 0.882701
51 0.883532
52 0.884188
53 0.885223
54 0.88533
55 0.886869
56 0.887059
57 0.888319
58 0.888757
59 0.889681
60 0.890562
61 0.890831
62 0.891896
63 0.891713
64 0.892819
65 0.893428
66 0.894134
67 0.893936
68 0.89554
69 0.895175
70 0.896396
71 0.89679
72 0.897407
73 0.89785
74 0.898321
75 0.898975
76 0.899606
77 0.90027
78 0.89966
79 0.901226
80 0.901454
81 0.90189
82 0.902163
83 0.902913
84 0.903125
85 0.903835
86 0.903727
87 0.904882
88 0.904385
89 0.905271
90 0.905651
91 0.906198
92 0.906399
93 0.906768
94 0.906873
95 0.907406
96 0.908144
97 0.908234
98 0.908734
99 0.909196
100 0.908913
101 0.909085
102 0.910219
103 0.910558
104 0.910403
105 0.910906
106 0.911182
107 0.911955
108 0.91187
109 0.912718
110 0.912898
111 0.912673
112 0.9131
113 0.913406
114 0.914019
115 0.91458
116 0.914564
117 0.91488
118 0.914902
119 0.91518
120 0.915407
121 0.915689
122 0.915936
123 0.916415
124 0.916866
125 0.916824
126 0.917197
127 0.917597
128 0.917503
129 0.91764
130 0.918341
131 0.918692
132 0.918872
133 0.91887
134 0.918945
135 0.919661
136 0.919402
137 0.919701
138 0.920168
139 0.920493
140 0.920774
141 0.920518
142 0.920712
143 0.921442
144 0.921392
145 0.921337
146 0.921796
147 0.9219
148 0.922213
149 0.921913
150 0.922814
151 0.923158
152 0.923054
153 0.923084
154 0.923367
155 0.923279
156 0.923651
157 0.924038
158 0.924317
159 0.92446
160 0.92451
161 0.924833
162 0.924971
163 0.925192
164 0.925215
165 0.925854
166 0.925383
167 0.92608
168 0.92635
169 0.926231
170 0.926391
171 0.926547
172 0.927004
173 0.926854
174 0.926899
175 0.927187
176 0.927291
177 0.927448
178 0.92763
179 0.92801
180 0.927538
181 0.927924
182 0.928297
183 0.928508
184 0.928491
185 0.928734
186 0.928817
187 0.929064
188 0.929144
189 0.929492
190 0.929473
191 0.929599
192 0.92984
193 0.929813
194 0.930496
195 0.930365
196 0.930409
197 0.930318
198 0.930393
199 0.930544
200 0.930786
201 0.931333
202 0.930747
203 0.931369
204 0.931248
205 0.931631
206 0.931732
207 0.931758
208 0.932158
209 0.93207
210 0.932347
211 0.932541
212 0.932803
213 0.932306
214 0.932829
215 0.932888
216 0.932598
217 0.933277
218 0.933311
219 0.933499
220 0.93362
221 0.933444
222 0.933495
223 0.933458
224 0.934113
225 0.933682
226 0.933844
227 0.933988
228 0.934437
229 0.93483
230 0.934622
231 0.934773
232 0.934875
233 0.9348
234 0.935248
235 0.935223
236 0.9356
237 0.935303
238 0.935502
239 0.935471
240 0.935818
241 0.935434
242 0.936511
243 0.936163
244 0.935985
245 0.936594
246 0.936828
247 0.936569
248 0.936825
249 0.936925
250 0.936773
251 0.937196
252 0.937508
253 0.937161
254 0.937165
255 0.937177
256 0.937647
257 0.937726
258 0.937333
259 0.937735
260 0.9378
261 0.937878
262 0.937743
263 0.937575
264 0.937976
265 0.938505
266 0.938205
267 0.93834
268 0.939124
269 0.938646
270 0.93854
271 0.938733
272 0.93907
273 0.939117
274 0.939417
275 0.93959
276 0.939422
277 0.939212
278 0.939535
279 0.939223
280 0.939904
281 0.93993
282 0.939877
283 0.939735
284 0.939883
285 0.940075
286 0.940136
287 0.940125
288 0.940199
289 0.940562
290 0.940325
291 0.940499
292 0.940826
293 0.941214
294 0.940985
295 0.940245
296 0.94072
297 0.941515
298 0.94121
299 0.941219
300 0.940958
