1 0.166478
2 0.0833093
3 0.0832952
4 0.0556056
5 0.0556316
6 0.0474788
7 0.0430423
8 0.0391618
9 0.0385558
10 0.0332422
11 0.0326518
12 0.0311465
13 0.0293876
14 0.0277389
15 0.0262993
16 0.0248726
17 0.0244208
18 0.0230799
19 0.0223712
20 0.0221115
21 0.0210514
22 0.0204284
23 0.0201653
24 0.0192943
25 0.0185572
26 0.0179359
27 0.017526
28 0.0170692
29 0.0168538
30 0.0165246
31 0.0160625
32 0.0157336
33 0.0153929
34 0.0152179
35 0.014881
36 0.0146395
37 0.0143842
38 0.0141501
39 0.0138426
40 0.0135114
41 0.0133884
42 0.013062
43 0.01284
44 0.0126936
45 0.012426
46 0.012298
47 0.0121003
48 0.0119709
49 0.0117261
50 0.0115561
51 0.0114077
52 0.0113417
53 0.0111336
54 0.011036
55 0.0108028
56 0.0107356
57 0.0105416
58 0.010464
59 0.0103117
60 0.0101792
61 0.0100779
62 0.00993706
63 0.00991826
64 0.00977074
65 0.00963522
66 0.00955941
67 0.00950175
68 0.00929871
69 0.00931934
70 0.00915804
71 0.0090592
72 0.00898827
73 0.00888961
74 0.00886029
75 0.00874502
76 0.00864587
77 0.00850662
78 0.00857239
79 0.0084058
80 0.00834053
81 0.0082522
82 0.00822221
83 0.00808673
84 0.00804701
85 0.00794404
86 0.00797562
87 0.00782609
88 0.00781645
89 0.00773237
90 0.00761814
91 0.00758847
92 0.00753969
93 0.00747184
94 0.0074623
95 0.00743253
96 0.00729917
97 0.0072677
98 0.00719595
99 0.00709419
100 0.00718883
101 0.00710159
102 0.00697354
103 0.00689763
104 0.00692834
105 0.00684956
106 0.00682388
107 0.00672204
108 0.00670925
109 0.00660381
110 0.0066273
111 0.00662255
112 0.00659007
113 0.00651794
114 0.00643642
115 0.00635075
116 0.00635569
117 0.00629007
118 0.00630992
119 0.00629163
120 0.00619689
121 0.00620381
122 0.00613113
123 0.00609916
124 0.00605944
125 0.00606826
126 0.00598222
127 0.00594567
128 0.00594222
129 0.00593159
130 0.00585775
131 0.00581817
132 0.0057899
133 0.00576647
134 0.00573723
135 0.00568369
136 0.00570776
137 0.00561942
138 0.00558553
139 0.00554817
140 0.00555381
141 0.00553218
142 0.00550787
143 0.00546106
144 0.00545757
145 0.00543497
146 0.00539351
147 0.00537968
148 0.0053294
149 0.00535724
150 0.00527055
151 0.00524529
152 0.00520722
153 0.00523514
154 0.00516638
155 0.00517927
156 0.00515471
157 0.00509281
158 0.00509022
159 0.00504834
160 0.00504243
161 0.00502306
162 0.00497352
163 0.00494984
164 0.00494779
165 0.00487928
166 0.00490909
167 0.00487249
168 0.00482131
169 0.00481951
170 0.0047782
171 0.00480107
172 0.00474792
173 0.00472478
174 0.00472882
175 0.00469862
176 0.00467933
177 0.00468648
178 0.0046655
179 0.00461962
180 0.00464093
181 0.00461378
182 0.00456749
183 0.00457869
184 0.00454034
185 0.00451585
186 0.00451178
187 0.00448095
188 0.00445666
189 0.00445088
190 0.0044567
191 0.00442326
192 0.0043927
193 0.00437194
194 0.00436037
195 0.00432948
196 0.00434482
197 0.00433317
198 0.00432625
199 0.00427287
200 0.00427621
201 0.00421773
202 0.00427555
203 0.00421563
204 0.00422067
205 0.00419124
206 0.00416499
207 0.00418228
208 0.00413583
209 0.00414307
210 0.00409113
211 0.00410318
212 0.0040753
213 0.00409986
214 0.00403182
215 0.00404935
216 0.00406603
217 0.00399996
218 0.00399486
219 0.00398113
220 0.00399372
221 0.00398283
222 0.00396434
223 0.0039565
224 0.0039153
225 0.00391909
226 0.00394724
227 0.00389113
228 0.00386113
229 0.00381656
230 0.00385673
231 0.00383744
232 0.00382569
233 0.00381666
234 0.00379028
235 0.00380041
236 0.00376893
237 0.0037727
238 0.00375356
239 0.00375091
240 0.00372735
241 0.00375116
242 0.00367057
243 0.00366758
244 0.00369155
245 0.0036227
246 0.00364253
247 0.00362393
248 0.00361663
249 0.00360965
250 0.00363873
251 0.00356732
252 0.00358502
253 0.00356522
254 0.00357749
255 0.00356911
256 0.00354208
257 0.00351637
258 0.00355137
259 0.00350891
260 0.003518
261 0.00348811
262 0.00349757
263 0.00353437
264 0.00348416
265 0.00344236
266 0.00346039
267 0.00343707
268 0.00338235
269 0.00343795
270 0.0034242
271 0.00340472
272 0.0033934
273 0.00337445
274 0.00335909
275 0.00333443
276 0.00336304
277 0.00335934
278 0.0033299
279 0.00335047
280 0.00331277
281 0.00329856
282 0.00329991
283 0.00330065
284 0.00328221
285 0.00326274
286 0.00325188
287 0.00324969
288 0.00326398
289 0.00322918
290 0.00323739
291 0.00323486
292 0.00318147
293 0.00316149
294 0.00320261
295 0.00322758
296 0.00319171
297 0.00314227
298 0.00318129
299 0.00314279
300 0.00317808
