1 0.162793
2 0.162575
3 0.16256
4 0.162526
5 0.162506
6 0.162501
7 0.162504
8 0.162558
9 0.162563
10 0.162533
11 0.162498
12 0.162486
13 0.162455
14 0.162446
15 0.162419
16 0.162422
17 0.162431
18 0.162412
19 0.162428
20 0.162425
21 0.162434
22 0.162435
23 0.162447
24 0.162462
25 0.162461
26 0.16247
27 0.16247
28 0.16247
29 0.162468
30 0.162464
31 0.162459
32 0.162462
33 0.162473
34 0.162471
35 0.162471
36 0.162469
37 0.16247
38 0.16247
39 0.162476
40 0.162478
41 0.16248
42 0.162481
43 0.162482
44 0.162483
45 0.16248
46 0.162483
47 0.162492
48 0.162489
49 0.162489
50 0.16249
51 0.162493
52 0.162498
53 0.162489
54 0.162494
55 0.162494
56 0.162493
57 0.162489
58 0.162485
59 0.162484
60 0.162483
61 0.162481
62 0.162484
63 0.162488
64 0.162488
65 0.162488
66 0.162488
67 0.162488
68 0.162492
69 0.16249
70 0.162488
71 0.16249
72 0.162487
73 0.162484
74 0.162485
75 0.162483
76 0.162483
77 0.16248
78 0.16248
79 0.162478
80 0.162477
81 0.16248
82 0.162484
83 0.162482
84 0.16248
85 0.162476
86 0.162479
87 0.162478
88 0.162478
89 0.162479
90 0.162479
91 0.162479
92 0.162477
93 0.162477
94 0.162473
95 0.162472
96 0.162472
97 0.162473
98 0.162476
99 0.162477
100 0.162477
101 0.162476
102 0.162473
103 0.162475
104 0.162474
105 0.162473
106 0.162471
107 0.162473
108 0.16247
109 0.162472
110 0.16247
111 0.162468
112 0.16247
113 0.162472
114 0.162474
115 0.162471
116 0.162471
117 0.16247
118 0.162471
119 0.162468
120 0.162468
121 0.162468
122 0.162468
123 0.162467
124 0.162468
125 0.162469
126 0.162467
127 0.162469
128 0.16247
129 0.16247
130 0.16247
131 0.162471
132 0.16247
133 0.162471
134 0.162475
135 0.162479
136 0.16248
137 0.162478
138 0.162478
139 0.162478
140 0.162477
141 0.162473
142 0.16247
143 0.162471
144 0.162471
145 0.162472
146 0.162468
147 0.162469
148 0.16247
149 0.16247
150 0.16247
151 0.16247
152 0.162468
153 0.162469
154 0.162469
155 0.162467
156 0.162467
157 0.162466
158 0.162466
159 0.162465
160 0.162466
161 0.162465
162 0.162464
163 0.162464
164 0.162465
165 0.162463
166 0.162465
167 0.162464
168 0.162465
169 0.162464
170 0.162465
171 0.162466
172 0.162464
173 0.162465
174 0.162463
175 0.162463
176 0.162463
177 0.162464
178 0.162464
179 0.162464
180 0.162464
181 0.162463
182 0.162462
183 0.162464
184 0.162464
185 0.162462
186 0.162463
187 0.162462
188 0.162465
189 0.162463
190 0.162463
191 0.162463
192 0.162463
193 0.162463
194 0.162462
195 0.162463
196 0.162463
197 0.162465
198 0.162467
199 0.162466
200 0.162467
201 0.162468
202 0.162468
203 0.162467
204 0.162467
205 0.162467
206 0.162468
207 0.162469
208 0.162468
209 0.162468
210 0.162467
211 0.162468
212 0.162469
213 0.162469
214 0.16247
215 0.162472
216 0.162472
217 0.162474
218 0.162475
219 0.162474
220 0.162475
221 0.162475
222 0.162476
223 0.162476
224 0.162475
225 0.162476
226 0.162476
227 0.162475
228 0.162474
229 0.162474
230 0.162474
231 0.162475
232 0.162474
233 0.162475
234 0.162475
235 0.162475
236 0.162474
237 0.162475
238 0.162474
239 0.162474
240 0.162473
241 0.162473
242 0.162473
243 0.162473
244 0.162474
245 0.162473
246 0.162473
247 0.162472
248 0.162472
249 0.162472
250 0.162473
251 0.162473
252 0.162473
253 0.162471
254 0.162471
255 0.162471
256 0.162472
257 0.162472
258 0.162473
259 0.162473
260 0.162472
261 0.162472
262 0.162472
263 0.162472
264 0.162471
265 0.162469
266 0.162469
267 0.162469
268 0.16247
269 0.16247
270 0.16247
271 0.162469
272 0.16247
273 0.162471
274 0.162471
275 0.16247
276 0.16247
277 0.16247
278 0.162469
279 0.162469
280 0.162469
281 0.162469
282 0.162469
283 0.16247
284 0.162469
285 0.162468
286 0.162468
287 0.162467
288 0.162467
289 0.162469
290 0.162468
291 0.162468
292 0.162469
293 0.162469
294 0.162469
295 0.162469
296 0.162469
297 0.162469
298 0.162468
299 0.162468
300 0.162467
