1 0.333075
2 0.333428
3 0.333139
4 0.333864
5 0.333608
6 0.333919
7 0.333187
8 0.332181
9 0.333192
10 0.334219
11 0.33351
12 0.333752
13 0.333932
14 0.333285
15 0.334643
16 0.333632
17 0.333584
18 0.334594
19 0.333636
20 0.333813
21 0.333172
22 0.332881
23 0.332642
24 0.332763
25 0.333027
26 0.332498
27 0.333086
28 0.332552
29 0.333338
30 0.333724
31 0.333702
32 0.33332
33 0.332047
34 0.333275
35 0.332713
36 0.332769
37 0.333211
38 0.33352
39 0.333314
40 0.33277
41 0.333405
42 0.333685
43 0.333222
44 0.333452
45 0.333363
46 0.332816
47 0.332407
48 0.333002
49 0.333582
50 0.333072
51 0.333454
52 0.332684
53 0.334258
54 0.331889
55 0.333172
56 0.332869
57 0.333551
58 0.334526
59 0.333841
60 0.333069
61 0.333918
62 0.332699
63 0.332255
64 0.332992
65 0.333555
66 0.333801
67 0.333453
68 0.333175
69 0.333553
70 0.334205
71 0.333077
72 0.334603
73 0.333884
74 0.333638
75 0.333439
76 0.333339
77 0.33363
78 0.334017
79 0.333528
80 0.333286
81 0.332438
82 0.332582
83 0.333575
84 0.334036
85 0.334154
86 0.332877
87 0.333194
88 0.333402
89 0.33293
90 0.332889
91 0.332957
92 0.33403
93 0.332828
94 0.333758
95 0.333904
96 0.333266
97 0.332414
98 0.332226
99 0.332206
100 0.333447
101 0.333535
102 0.334493
103 0.332645
104 0.333596
105 0.33421
106 0.333238
107 0.33279
108 0.333593
109 0.333294
110 0.334149
111 0.334085
112 0.332894
113 0.332929
114 0.332926
115 0.33351
116 0.333426
117 0.333513
118 0.332356
119 0.33432
120 0.334222
121 0.333825
122 0.333387
123 0.333885
124 0.333428
125 0.332847
126 0.333603
127 0.332735
128 0.333138
129 0.332878
130 0.332686
131 0.332668
132 0.333529
133 0.33287
134 0.331486
135 0.332342
136 0.332981
137 0.333775
138 0.334239
139 0.333265
140 0.333959
141 0.334347
142 0.333883
143 0.333145
144 0.333653
145 0.332681
146 0.334364
147 0.332966
148 0.332607
149 0.333553
150 0.333207
151 0.333715
152 0.334
153 0.332723
154 0.333666
155 0.333927
156 0.333115
157 0.333478
158 0.333328
159 0.333246
160 0.333281
161 0.334354
162 0.332769
163 0.333177
164 0.333131
165 0.33365
166 0.332186
167 0.333883
168 0.333183
169 0.33299
170 0.332908
171 0.333114
172 0.333555
173 0.332519
174 0.334071
175 0.333722
176 0.332787
177 0.332801
178 0.334039
179 0.332621
180 0.333503
181 0.333864
182 0.333569
183 0.332683
184 0.33306
185 0.333935
186 0.333661
187 0.333788
188 0.332043
189 0.334563
190 0.333154
191 0.333847
192 0.334011
193 0.33343
194 0.333772
195 0.333683
196 0.333105
197 0.3327
198 0.332724
199 0.333828
200 0.332754
201 0.332722
202 0.333354
203 0.333475
204 0.333165
205 0.333868
206 0.333255
207 0.332555
208 0.333583
209 0.333333
210 0.333829
211 0.333014
212 0.333688
213 0.333349
214 0.332431
215 0.332236
216 0.333471
217 0.332594
218 0.334025
219 0.332939
220 0.33325
221 0.332971
222 0.332927
223 0.333653
224 0.332768
225 0.332781
226 0.333126
227 0.334047
228 0.334274
229 0.332697
230 0.333771
231 0.33218
232 0.333606
233 0.332974
234 0.333098
235 0.332502
236 0.334012
237 0.332357
238 0.333623
239 0.332827
240 0.333961
241 0.333706
242 0.33363
243 0.33283
244 0.333635
245 0.333199
246 0.333132
247 0.333381
248 0.332803
249 0.333462
250 0.333985
251 0.332962
252 0.333586
253 0.334649
254 0.333282
255 0.333425
256 0.333448
257 0.333049
258 0.333172
259 0.332792
260 0.334086
261 0.332824
262 0.333513
263 0.333253
264 0.333684
265 0.334465
266 0.333171
267 0.334555
268 0.333224
269 0.332958
270 0.33367
271 0.333745
272 0.332736
273 0.333155
274 0.333425
275 0.333389
276 0.333647
277 0.333118
278 0.334185
279 0.333248
280 0.333481
281 0.334107
282 0.334117
283 0.33354
284 0.333575
285 0.33399
286 0.333368
287 0.334045
288 0.332284
289 0.332892
290 0.333467
291 0.333391
292 0.33289
293 0.333422
294 0.333707
295 0.333389
296 0.333524
297 0.333402
298 0.334297
299 0.333627
300 0.333611
