1 0.662271
2 0.662271
3 0.662271
4 0.662271
5 0.662271
6 0.662271
7 0.662271
8 0.662271
9 0.662271
10 0.662271
11 0.662271
12 0.662271
13 0.662271
14 0.662271
15 0.662271
16 0.662271
17 0.662271
18 0.662271
19 0.662271
20 0.662271
21 0.662271
22 0.662271
23 0.662271
24 0.662271
25 0.662271
26 0.662271
27 0.662271
28 0.662271
29 0.662271
30 0.662271
31 0.662271
32 0.662271
33 0.662271
34 0.662271
35 0.662271
36 0.662271
37 0.662271
38 0.662271
39 0.662271
40 0.662271
41 0.662271
42 0.662271
43 0.662271
44 0.662271
45 0.662271
46 0.662271
47 0.662271
48 0.662271
49 0.662271
50 0.662271
51 0.662271
52 0.662271
53 0.662271
54 0.662271
55 0.662271
56 0.662271
57 0.662271
58 0.662271
59 0.662271
60 0.662271
61 0.662271
62 0.662271
63 0.662271
64 0.662271
65 0.662271
66 0.662271
67 0.662271
68 0.662271
69 0.662271
70 0.662271
71 0.662271
72 0.662271
73 0.662271
74 0.662271
75 0.662271
76 0.662271
77 0.662271
78 0.662271
79 0.662271
80 0.662271
81 0.662271
82 0.662271
83 0.662271
84 0.662271
85 0.662271
86 0.662271
87 0.662271
88 0.662271
89 0.662271
90 0.662271
91 0.662271
92 0.662271
93 0.662271
94 0.662271
95 0.662271
96 0.662271
97 0.662271
98 0.662271
99 0.662271
100 0.662271
101 0.662271
102 0.662271
103 0.662271
104 0.662271
105 0.662271
106 0.662271
107 0.662271
108 0.662271
109 0.662271
110 0.662271
111 0.662271
112 0.662271
113 0.662271
114 0.662271
115 0.662271
116 0.662271
117 0.662271
118 0.662271
119 0.662271
120 0.662271
121 0.662271
122 0.662271
123 0.662271
124 0.662271
125 0.662271
126 0.662271
127 0.662271
128 0.662271
129 0.662271
130 0.662271
131 0.662271
132 0.662271
133 0.662271
134 0.662271
135 0.662271
136 0.662271
137 0.662271
138 0.662271
139 0.662271
140 0.662271
141 0.662271
142 0.662271
143 0.662271
144 0.662271
145 0.662271
146 0.662271
147 0.662271
148 0.662271
149 0.662271
150 0.662271
151 0.662271
152 0.662271
153 0.662271
154 0.662271
155 0.662271
156 0.662271
157 0.662271
158 0.662271
159 0.662271
160 0.662271
161 0.662271
162 0.662271
163 0.662271
164 0.662271
165 0.662271
166 0.662271
167 0.662271
168 0.662271
169 0.662271
170 0.662271
171 0.662271
172 0.662271
173 0.662271
174 0.662271
175 0.662271
176 0.662271
177 0.662271
178 0.662271
179 0.662271
180 0.662271
181 0.662271
182 0.662271
183 0.662271
184 0.662271
185 0.662271
186 0.662271
187 0.662271
188 0.662271
189 0.662271
190 0.662271
191 0.662271
192 0.662271
193 0.662271
194 0.662271
195 0.662271
196 0.662271
197 0.662271
198 0.662271
199 0.662271
200 0.662271
201 0.662271
202 0.662271
203 0.662271
204 0.662271
205 0.662271
206 0.662271
207 0.662271
208 0.662271
209 0.662271
210 0.662271
211 0.662271
212 0.662271
213 0.662271
214 0.662271
215 0.662271
216 0.662271
217 0.662271
218 0.662271
219 0.662271
220 0.662271
221 0.662271
222 0.662271
223 0.662271
224 0.662271
225 0.662271
226 0.662271
227 0.662271
228 0.662271
229 0.662271
230 0.662271
231 0.662271
232 0.662271
233 0.662271
234 0.662271
235 0.662271
236 0.662271
237 0.662271
238 0.662271
239 0.662271
240 0.662271
241 0.662271
242 0.662271
243 0.662271
244 0.662271
245 0.662271
246 0.662271
247 0.662271
248 0.662271
249 0.662271
250 0.662271
251 0.662271
252 0.662271
253 0.662271
254 0.662271
255 0.662271
256 0.662271
257 0.662271
258 0.662271
259 0.662271
260 0.662271
261 0.662271
262 0.662271
263 0.662271
264 0.662271
265 0.662271
266 0.662271
267 0.662271
268 0.662271
269 0.662271
270 0.662271
271 0.662271
272 0.662271
273 0.662271
274 0.662271
275 0.662271
276 0.662271
277 0.662271
278 0.662271
279 0.662271
280 0.662271
281 0.662271
282 0.662271
283 0.662271
284 0.662271
285 0.662271
286 0.662271
287 0.662271
288 0.662271
289 0.662271
290 0.662271
291 0.662271
292 0.662271
293 0.662271
294 0.662271
295 0.662271
296 0.662271
297 0.662271
298 0.662271
299 0.662271
300 0.662271
