1 0.333075
2 0.333252
3 0.333193
4 0.333376
5 0.333479
6 0.333505
7 0.333498
8 0.3333
9 0.333307
10 0.333385
11 0.333319
12 0.333423
13 0.33348
14 0.333473
15 0.333548
16 0.333535
17 0.333518
18 0.333551
19 0.333549
20 0.333606
21 0.333608
22 0.33355
23 0.333515
24 0.333486
25 0.333569
26 0.333407
27 0.333356
28 0.333389
29 0.333349
30 0.333365
31 0.333311
32 0.333403
33 0.333258
34 0.333363
35 0.33336
36 0.333323
37 0.333291
38 0.333258
39 0.333346
40 0.333313
41 0.333418
42 0.333311
43 0.333326
44 0.333334
45 0.333344
46 0.333295
47 0.33329
48 0.333289
49 0.333284
50 0.333291
51 0.333258
52 0.333275
53 0.333267
54 0.333192
55 0.333286
56 0.333265
57 0.33319
58 0.333267
59 0.33329
60 0.333266
61 0.333315
62 0.333297
63 0.3333
64 0.333277
65 0.333299
66 0.333291
67 0.333305
68 0.333245
69 0.333279
70 0.333291
71 0.333305
72 0.333322
73 0.333418
74 0.333333
75 0.333336
76 0.333328
77 0.333339
78 0.333332
79 0.333346
80 0.333348
81 0.333339
82 0.333324
83 0.333298
84 0.333355
85 0.33331
86 0.333325
87 0.333339
88 0.33334
89 0.333332
90 0.333318
91 0.333348
92 0.333349
93 0.333235
94 0.333324
95 0.333331
96 0.333341
97 0.33332
98 0.333319
99 0.333307
100 0.333293
101 0.333313
102 0.333264
103 0.333314
104 0.333319
105 0.333347
106 0.333296
107 0.333336
108 0.333319
109 0.333325
110 0.333338
111 0.333339
112 0.333335
113 0.333306
114 0.333226
115 0.333329
116 0.333327
117 0.333351
118 0.333308
119 0.333333
120 0.333338
121 0.333354
122 0.333352
123 0.333349
124 0.333368
125 0.333334
126 0.333332
127 0.333363
128 0.33334
129 0.333335
130 0.333317
131 0.333319
132 0.333347
133 0.333326
134 0.333312
135 0.333312
136 0.3333
137 0.333306
138 0.333304
139 0.333319
140 0.333322
141 0.333325
142 0.333338
143 0.333329
144 0.333328
145 0.333317
146 0.333434
147 0.333284
148 0.33333
149 0.333318
150 0.333333
151 0.33334
152 0.333337
153 0.333321
154 0.333327
155 0.333348
156 0.33334
157 0.333339
158 0.333325
159 0.333334
160 0.333332
161 0.333337
162 0.333335
163 0.333338
164 0.333313
165 0.333348
166 0.33333
167 0.333337
168 0.333331
169 0.333314
170 0.33325
171 0.333224
172 0.333304
173 0.333314
174 0.333327
175 0.333325
176 0.333325
177 0.333323
178 0.333306
179 0.333325
180 0.333331
181 0.333313
182 0.333312
183 0.333343
184 0.333316
185 0.333331
186 0.333334
187 0.333337
188 0.333315
189 0.333324
190 0.333331
191 0.333329
192 0.333335
193 0.333333
194 0.33334
195 0.333359
196 0.333326
197 0.333316
198 0.333341
199 0.333319
200 0.333338
201 0.333328
202 0.333339
203 0.333328
204 0.333247
205 0.333425
206 0.333331
207 0.333311
208 0.333329
209 0.333329
210 0.333316
211 0.333327
212 0.33333
213 0.333336
214 0.333326
215 0.333312
216 0.333332
217 0.333318
218 0.33333
219 0.333321
220 0.333312
221 0.333322
222 0.333308
223 0.33332
224 0.333316
225 0.333309
226 0.333315
227 0.333311
228 0.333319
229 0.333316
230 0.333318
231 0.333302
232 0.33332
233 0.333312
234 0.333298
235 0.333309
236 0.333282
237 0.33331
238 0.333317
239 0.333294
240 0.333311
241 0.333293
242 0.333321
243 0.333312
244 0.333332
245 0.333313
246 0.333304
247 0.333319
248 0.333301
249 0.33331
250 0.333311
251 0.33331
252 0.33332
253 0.333323
254 0.333349
255 0.333233
256 0.333319
257 0.333409
258 0.333276
259 0.333314
260 0.333329
261 0.333309
262 0.333308
263 0.333317
264 0.333309
265 0.333331
266 0.333325
267 0.33332
268 0.333325
269 0.333327
270 0.333335
271 0.333338
272 0.333327
273 0.333344
274 0.333331
275 0.333327
276 0.333319
277 0.333318
278 0.333334
279 0.333329
280 0.333313
281 0.333332
282 0.33333
283 0.33334
284 0.333346
285 0.333341
286 0.333333
287 0.333346
288 0.333338
289 0.333334
290 0.333345
291 0.333334
292 0.333334
293 0.33333
294 0.333335
295 0.333337
296 0.333332
297 0.33334
298 0.333335
299 0.333341
300 0.333347
