1 0.162793
2 0.162357
3 0.162531
4 0.162425
5 0.162425
6 0.162476
7 0.162523
8 0.162934
9 0.162608
10 0.162266
11 0.162138
12 0.162359
13 0.162076
14 0.162332
15 0.162037
16 0.162473
17 0.162571
18 0.16209
19 0.162731
20 0.162367
21 0.162599
22 0.162462
23 0.16271
24 0.16282
25 0.162422
26 0.162706
27 0.162453
28 0.162489
29 0.1624
30 0.162341
31 0.162327
32 0.162536
33 0.162843
34 0.162403
35 0.162471
36 0.162416
37 0.162501
38 0.162452
39 0.162701
40 0.162569
41 0.162545
42 0.162544
43 0.162481
44 0.162565
45 0.162341
46 0.162633
47 0.162894
48 0.162339
49 0.16247
50 0.16254
51 0.162677
52 0.162728
53 0.162007
54 0.162762
55 0.162512
56 0.162448
57 0.162285
58 0.162227
59 0.162414
60 0.162449
61 0.162358
62 0.162656
63 0.162735
64 0.162489
65 0.162481
66 0.162483
67 0.16251
68 0.162777
69 0.162342
70 0.162317
71 0.162618
72 0.162291
73 0.162297
74 0.162528
75 0.162332
76 0.162489
77 0.162265
78 0.16245
79 0.162364
80 0.162359
81 0.162729
82 0.16281
83 0.162326
84 0.162275
85 0.162242
86 0.162698
87 0.162351
88 0.162529
89 0.162547
90 0.162445
91 0.162539
92 0.162262
93 0.162472
94 0.162144
95 0.162372
96 0.162426
97 0.162548
98 0.162791
99 0.16261
100 0.162471
101 0.162385
102 0.162178
103 0.162665
104 0.162361
105 0.162335
106 0.16225
107 0.162663
108 0.162168
109 0.162731
110 0.162248
111 0.162265
112 0.162682
113 0.162718
114 0.162663
115 0.162109
116 0.162479
117 0.16235
118 0.162585
119 0.162193
120 0.162438
121 0.162477
122 0.162365
123 0.162405
124 0.162642
125 0.162572
126 0.162242
127 0.162647
128 0.162552
129 0.162581
130 0.162448
131 0.162557
132 0.162383
133 0.162586
134 0.163014
135 0.16301
136 0.162563
137 0.162274
138 0.162413
139 0.162466
140 0.162353
141 0.16189
142 0.162198
143 0.162489
144 0.162539
145 0.162601
146 0.16181
147 0.162677
148 0.162629
149 0.162435
150 0.162479
151 0.162435
152 0.162155
153 0.16274
154 0.162371
155 0.162166
156 0.162499
157 0.162376
158 0.162395
159 0.162278
160 0.162636
161 0.162248
162 0.162433
163 0.162337
164 0.162625
165 0.162222
166 0.162877
167 0.162218
168 0.162559
169 0.162394
170 0.162502
171 0.162685
172 0.162277
173 0.162601
174 0.162086
175 0.162475
176 0.162504
177 0.16264
178 0.162406
179 0.16253
180 0.162304
181 0.162272
182 0.162405
183 0.16279
184 0.162469
185 0.162165
186 0.162456
187 0.162364
188 0.162955
189 0.162105
190 0.162516
191 0.162439
192 0.162504
193 0.162407
194 0.162341
195 0.162646
196 0.162538
197 0.162753
198 0.162831
199 0.162245
200 0.162801
201 0.162601
202 0.162446
203 0.162314
204 0.162529
205 0.162416
206 0.162639
207 0.162605
208 0.162395
209 0.162391
210 0.162364
211 0.162653
212 0.16252
213 0.162476
214 0.162853
215 0.16277
216 0.162585
217 0.162877
218 0.162629
219 0.162354
220 0.162623
221 0.162488
222 0.162592
223 0.162445
224 0.162302
225 0.162718
226 0.162613
227 0.162062
228 0.162256
229 0.16254
230 0.162473
231 0.162677
232 0.162367
233 0.162626
234 0.162394
235 0.162512
236 0.162258
237 0.162658
238 0.162265
239 0.162461
240 0.16228
241 0.162606
242 0.162376
243 0.162588
244 0.162503
245 0.162282
246 0.162417
247 0.162366
248 0.162526
249 0.162461
250 0.162543
251 0.162626
252 0.162325
253 0.162151
254 0.162392
255 0.162508
256 0.162525
257 0.162651
258 0.162582
259 0.162531
260 0.162306
261 0.162447
262 0.162407
263 0.162427
264 0.162407
265 0.161895
266 0.162508
267 0.162371
268 0.162687
269 0.162649
270 0.162266
271 0.162355
272 0.162716
273 0.16272
274 0.16239
275 0.162382
276 0.162465
277 0.162281
278 0.162329
279 0.162477
280 0.162591
281 0.162412
282 0.162362
283 0.162632
284 0.162227
285 0.162286
286 0.162352
287 0.162245
288 0.162459
289 0.162931
290 0.162412
291 0.162351
292 0.162756
293 0.162507
294 0.162413
295 0.162444
296 0.162365
297 0.162518
298 0.162301
299 0.162334
300 0.162252
