1 0.499983
2 0.500578
3 0.499694
4 0.49905
5 0.49986
6 0.500089
7 0.499753
8 0.49968
9 0.499943
10 0.500834
11 0.499291
12 0.500789
13 0.50105
14 0.500443
15 0.500464
16 0.499949
17 0.499581
18 0.499572
19 0.499745
20 0.499579
21 0.499187
22 0.500183
23 0.500478
24 0.499495
25 0.499434
26 0.500696
27 0.499918
28 0.50035
29 0.498999
30 0.498912
31 0.500888
32 0.499437
33 0.499295
34 0.499559
35 0.500302
36 0.499953
37 0.500161
38 0.500576
39 0.50029
40 0.499312
41 0.500321
42 0.499379
43 0.500232
44 0.499901
45 0.500939
46 0.499267
47 0.499641
48 0.500364
49 0.499305
50 0.498773
51 0.499735
52 0.499884
53 0.499468
54 0.498918
55 0.499136
56 0.500394
57 0.499828
58 0.500589
59 0.499858
60 0.500438
61 0.500312
62 0.499833
63 0.499246
64 0.499772
65 0.500282
66 0.499769
67 0.500525
68 0.499874
69 0.499546
70 0.499801
71 0.499747
72 0.500076
73 0.499907
74 0.50033
75 0.499688
76 0.499504
77 0.500128
78 0.499319
79 0.500183
80 0.500227
81 0.500523
82 0.499271
83 0.500492
84 0.500584
85 0.500212
86 0.49958
87 0.499891
88 0.49978
89 0.499874
90 0.500525
91 0.50047
92 0.500318
93 0.500399
94 0.499863
95 0.499206
96 0.499913
97 0.49949
98 0.499119
99 0.500257
100 0.499739
101 0.500163
102 0.500669
103 0.500546
104 0.499749
105 0.499256
106 0.500175
107 0.499919
108 0.499617
109 0.499898
110 0.500743
111 0.499913
112 0.4993
113 0.499949
114 0.499512
115 0.500831
116 0.499367
117 0.500088
118 0.499086
119 0.500155
120 0.499927
121 0.499161
122 0.499914
123 0.499399
124 0.500556
125 0.49953
126 0.500256
127 0.498768
128 0.500059
129 0.499221
130 0.499296
131 0.498937
132 0.500031
133 0.499587
134 0.499262
135 0.499208
136 0.499862
137 0.500447
138 0.499601
139 0.499973
140 0.500986
141 0.500692
142 0.500594
143 0.499216
144 0.500042
145 0.499301
146 0.500792
147 0.498951
148 0.499845
149 0.500582
150 0.499735
151 0.499671
152 0.500295
153 0.499466
154 0.499414
155 0.500278
156 0.498923
157 0.499518
158 0.499731
159 0.500136
160 0.499487
161 0.499797
162 0.499424
163 0.500263
164 0.499913
165 0.499974
166 0.499629
167 0.500277
168 0.499491
169 0.500148
170 0.499541
171 0.498784
172 0.499609
173 0.499747
174 0.500746
175 0.499261
176 0.500143
177 0.500329
178 0.500399
179 0.499512
180 0.499853
181 0.5002
182 0.500206
183 0.499697
184 0.499006
185 0.500339
186 0.500506
187 0.499907
188 0.498761
189 0.500425
190 0.499515
191 0.500414
192 0.500271
193 0.499276
194 0.500849
195 0.499789
196 0.499497
197 0.499359
198 0.500324
199 0.500621
200 0.49943
201 0.50015
202 0.500123
203 0.499581
204 0.499769
205 0.499667
206 0.500209
207 0.499811
208 0.499487
209 0.499755
210 0.500026
211 0.499629
212 0.499504
213 0.499112
214 0.499617
215 0.499461
216 0.500505
217 0.499448
218 0.500813
219 0.499691
220 0.499114
221 0.499681
222 0.499168
223 0.500115
224 0.500081
225 0.500277
226 0.498929
227 0.49993
228 0.500377
229 0.49959
230 0.49972
231 0.499143
232 0.501057
233 0.499952
234 0.499443
235 0.499712
236 0.499553
237 0.500562
238 0.499675
239 0.499613
240 0.500005
241 0.499547
242 0.499674
243 0.499831
244 0.499251
245 0.499911
246 0.500189
247 0.500178
248 0.50017
249 0.500761
250 0.49941
251 0.499085
252 0.499604
253 0.500134
254 0.499712
255 0.499543
256 0.499436
257 0.50006
258 0.499398
259 0.499888
260 0.499909
261 0.499827
262 0.500742
263 0.500153
264 0.499591
265 0.500715
266 0.499938
267 0.500206
268 0.499569
269 0.499206
270 0.500398
271 0.500182
272 0.4996
273 0.4991
274 0.499931
275 0.499931
276 0.501018
277 0.500397
278 0.499876
279 0.499714
280 0.499561
281 0.50019
282 0.500464
283 0.500094
284 0.500804
285 0.500305
286 0.499907
287 0.500178
288 0.498946
289 0.499203
290 0.499999
291 0.499851
292 0.498889
293 0.499581
294 0.50022
295 0.500173
296 0.498489
297 0.500851
298 0.49996
299 0.500338
300 0.500198
