1 0.393909
2 0.430362
3 0.449885
4 0.466054
5 0.482043
6 0.494731
7 0.506311
8 0.518349
9 0.528296
10 0.536511
11 0.545544
12 0.553216
13 0.561076
14 0.56842
15 0.575298
16 0.581687
17 0.588037
18 0.593544
19 0.598873
20 0.604761
21 0.610301
22 0.614529
23 0.619022
24 0.623654
25 0.627815
26 0.632251
27 0.63623
28 0.640109
29 0.644024
30 0.647795
31 0.651141
32 0.654481
33 0.65811
34 0.661221
35 0.664383
36 0.66751
37 0.67069
38 0.673522
39 0.676372
40 0.679019
41 0.681495
42 0.683903
43 0.686463
44 0.689147
45 0.691678
46 0.693775
47 0.696226
48 0.698526
49 0.700872
50 0.702834
51 0.705017
52 0.707057
53 0.709215
54 0.711184
55 0.712892
56 0.714952
57 0.717008
58 0.718595
59 0.72029
60 0.721994
61 0.723746
62 0.725383
63 0.727096
64 0.728508
65 0.730112
66 0.731914
67 0.73358
68 0.734657
69 0.736107
70 0.737513
71 0.738894
72 0.74033
73 0.741853
74 0.743272
75 0.744628
76 0.745943
77 0.747377
78 0.748677
79 0.749945
80 0.751069
81 0.752098
82 0.753321
83 0.754552
84 0.755781
85 0.756945
86 0.757989
87 0.759017
88 0.760196
89 0.761237
90 0.762196
91 0.763194
92 0.764181
93 0.765321
94 0.766008
95 0.767125
96 0.768263
97 0.769309
98 0.770335
99 0.77128
100 0.772202
101 0.773031
102 0.77408
103 0.774948
104 0.775616
105 0.776617
106 0.777651
107 0.778491
108 0.779477
109 0.780569
110 0.781363
111 0.782278
112 0.782955
113 0.784016
114 0.784803
115 0.785512
116 0.785993
117 0.786766
118 0.787317
119 0.788221
120 0.789123
121 0.789957
122 0.790604
123 0.79119
124 0.791832
125 0.792759
126 0.793535
127 0.794288
128 0.794866
129 0.795485
130 0.796191
131 0.797051
132 0.797437
133 0.798085
134 0.798709
135 0.799519
136 0.800112
137 0.800654
138 0.8013
139 0.801987
140 0.802776
141 0.803474
142 0.80401
143 0.804665
144 0.804991
145 0.805349
146 0.805877
147 0.806424
148 0.80697
149 0.807636
150 0.808148
151 0.808873
152 0.80937
153 0.80993
154 0.81049
155 0.810969
156 0.811387
157 0.812027
158 0.8126
159 0.813146
160 0.813546
161 0.813943
162 0.81459
163 0.815239
164 0.815611
165 0.815891
166 0.816445
167 0.816995
168 0.817504
169 0.818067
170 0.818561
171 0.819128
172 0.81951
173 0.820035
174 0.820421
175 0.820703
176 0.821131
177 0.821571
178 0.822009
179 0.82256
180 0.822866
181 0.82331
182 0.823737
183 0.824071
184 0.824477
185 0.824967
186 0.825584
187 0.825892
188 0.826354
189 0.826893
190 0.82729
191 0.82751
192 0.827955
193 0.828435
194 0.828803
195 0.829195
196 0.8296
197 0.829907
198 0.83034
199 0.830557
200 0.831019
201 0.831466
202 0.832099
203 0.832435
204 0.832767
205 0.833329
206 0.833732
207 0.834068
208 0.834336
209 0.834768
210 0.834939
211 0.835313
212 0.835749
213 0.836033
214 0.836414
215 0.836507
216 0.836881
217 0.837408
218 0.83777
219 0.838049
220 0.838417
221 0.838772
222 0.839085
223 0.839482
224 0.83984
225 0.84024
226 0.840485
227 0.840813
228 0.841018
229 0.841465
230 0.84165
231 0.842053
232 0.842321
233 0.84279
234 0.842791
235 0.843204
236 0.843582
237 0.843865
238 0.844095
239 0.844472
240 0.84477
241 0.84499
242 0.845203
243 0.845574
244 0.845823
245 0.846142
246 0.846509
247 0.846764
248 0.846995
249 0.84716
250 0.847432
251 0.847722
252 0.847983
253 0.848101
254 0.848428
255 0.848781
256 0.849106
257 0.849329
258 0.849517
259 0.849878
260 0.849962
261 0.850264
262 0.850581
263 0.850784
264 0.851011
265 0.8512
266 0.851385
267 0.851726
268 0.852038
269 0.852252
270 0.852604
271 0.852876
272 0.853101
273 0.853354
274 0.853685
275 0.853751
276 0.854088
277 0.854455
278 0.85468
279 0.855054
280 0.855159
281 0.855435
282 0.855777
283 0.855801
284 0.855924
285 0.856134
286 0.856405
287 0.856767
288 0.857022
289 0.857186
290 0.857377
291 0.857561
292 0.857886
293 0.858045
294 0.858202
295 0.858437
296 0.858664
297 0.858838
298 0.859161
299 0.859189
300 0.859407
