1 0.42091
2 0.42091
3 0.42091
4 0.42091
5 0.42091
6 0.42091
7 0.42091
8 0.42091
9 0.42091
10 0.42091
11 0.42091
12 0.42091
13 0.42091
14 0.42091
15 0.42091
16 0.42091
17 0.42091
18 0.42091
19 0.42091
20 0.42091
21 0.42091
22 0.42091
23 0.42091
24 0.42091
25 0.42091
26 0.42091
27 0.42091
28 0.42091
29 0.42091
30 0.42091
31 0.42091
32 0.42091
33 0.42091
34 0.42091
35 0.42091
36 0.42091
37 0.42091
38 0.42091
39 0.42091
40 0.42091
41 0.42091
42 0.42091
43 0.42091
44 0.42091
45 0.42091
46 0.42091
47 0.42091
48 0.42091
49 0.42091
50 0.42091
51 0.42091
52 0.42091
53 0.42091
54 0.42091
55 0.42091
56 0.42091
57 0.42091
58 0.42091
59 0.42091
60 0.42091
61 0.42091
62 0.42091
63 0.42091
64 0.42091
65 0.42091
66 0.42091
67 0.42091
68 0.42091
69 0.42091
70 0.42091
71 0.42091
72 0.42091
73 0.42091
74 0.42091
75 0.42091
76 0.42091
77 0.42091
78 0.42091
79 0.42091
80 0.42091
81 0.42091
82 0.42091
83 0.42091
84 0.42091
85 0.42091
86 0.42091
87 0.42091
88 0.42091
89 0.42091
90 0.42091
91 0.42091
92 0.42091
93 0.42091
94 0.42091
95 0.42091
96 0.42091
97 0.42091
98 0.42091
99 0.42091
100 0.42091
101 0.42091
102 0.42091
103 0.42091
104 0.42091
105 0.42091
106 0.42091
107 0.42091
108 0.42091
109 0.42091
110 0.42091
111 0.42091
112 0.42091
113 0.42091
114 0.42091
115 0.42091
116 0.42091
117 0.42091
118 0.42091
119 0.42091
120 0.42091
121 0.42091
122 0.42091
123 0.42091
124 0.42091
125 0.42091
126 0.42091
127 0.42091
128 0.42091
129 0.42091
130 0.42091
131 0.42091
132 0.42091
133 0.42091
134 0.42091
135 0.42091
136 0.42091
137 0.42091
138 0.42091
139 0.42091
140 0.42091
141 0.42091
142 0.42091
143 0.42091
144 0.42091
145 0.42091
146 0.42091
147 0.42091
148 0.42091
149 0.42091
150 0.42091
151 0.42091
152 0.42091
153 0.42091
154 0.42091
155 0.42091
156 0.42091
157 0.42091
158 0.42091
159 0.42091
160 0.42091
161 0.42091
162 0.42091
163 0.42091
164 0.42091
165 0.42091
166 0.42091
167 0.42091
168 0.42091
169 0.42091
170 0.42091
171 0.42091
172 0.42091
173 0.42091
174 0.42091
175 0.42091
176 0.42091
177 0.42091
178 0.42091
179 0.42091
180 0.42091
181 0.42091
182 0.42091
183 0.42091
184 0.42091
185 0.42091
186 0.42091
187 0.42091
188 0.42091
189 0.42091
190 0.42091
191 0.42091
192 0.42091
193 0.42091
194 0.42091
195 0.42091
196 0.42091
197 0.42091
198 0.42091
199 0.42091
200 0.42091
201 0.42091
202 0.42091
203 0.42091
204 0.42091
205 0.42091
206 0.42091
207 0.42091
208 0.42091
209 0.42091
210 0.42091
211 0.42091
212 0.42091
213 0.42091
214 0.42091
215 0.42091
216 0.42091
217 0.42091
218 0.42091
219 0.42091
220 0.42091
221 0.42091
222 0.42091
223 0.42091
224 0.42091
225 0.42091
226 0.42091
227 0.42091
228 0.42091
229 0.42091
230 0.42091
231 0.42091
232 0.42091
233 0.42091
234 0.42091
235 0.42091
236 0.42091
237 0.42091
238 0.42091
239 0.42091
240 0.42091
241 0.42091
242 0.42091
243 0.42091
244 0.42091
245 0.42091
246 0.42091
247 0.42091
248 0.42091
249 0.42091
250 0.42091
251 0.42091
252 0.42091
253 0.42091
254 0.42091
255 0.42091
256 0.42091
257 0.42091
258 0.42091
259 0.42091
260 0.42091
261 0.42091
262 0.42091
263 0.42091
264 0.42091
265 0.42091
266 0.42091
267 0.42091
268 0.42091
269 0.42091
270 0.42091
271 0.42091
272 0.42091
273 0.42091
274 0.42091
275 0.42091
276 0.42091
277 0.42091
278 0.42091
279 0.42091
280 0.42091
281 0.42091
282 0.42091
283 0.42091
284 0.42091
285 0.42091
286 0.42091
287 0.42091
288 0.42091
289 0.42091
290 0.42091
291 0.42091
292 0.42091
293 0.42091
294 0.42091
295 0.42091
296 0.42091
297 0.42091
298 0.42091
299 0.42091
300 0.42091
