1 0.301142
2 0.300299
3 0.300022
4 0.299887
5 0.299898
6 0.300016
7 0.300068
8 0.300015
9 0.300138
10 0.300083
11 0.300084
12 0.300145
13 0.300195
14 0.300181
15 0.300244
16 0.300222
17 0.300183
18 0.300181
19 0.300164
20 0.300151
21 0.300176
22 0.300171
23 0.30016
24 0.300156
25 0.300245
26 0.300154
27 0.300158
28 0.300175
29 0.300169
30 0.300191
31 0.300143
32 0.300219
33 0.300164
34 0.300258
35 0.300276
36 0.300271
37 0.300233
38 0.30022
39 0.300257
40 0.300236
41 0.300327
42 0.300238
43 0.30026
44 0.300271
45 0.30029
46 0.300268
47 0.300277
48 0.300287
49 0.300286
50 0.300294
51 0.300296
52 0.3003
53 0.30027
54 0.300256
55 0.300292
56 0.300279
57 0.300273
58 0.300288
59 0.300282
60 0.300279
61 0.300282
62 0.300284
63 0.300316
64 0.300285
65 0.300307
66 0.300286
67 0.300301
68 0.30028
69 0.300279
70 0.300285
71 0.300299
72 0.300319
73 0.300348
74 0.300333
75 0.300329
76 0.300332
77 0.300334
78 0.300319
79 0.30031
80 0.300332
81 0.300342
82 0.300334
83 0.300313
84 0.300343
85 0.300355
86 0.300348
87 0.300344
88 0.300347
89 0.300343
90 0.300343
91 0.300374
92 0.300351
93 0.300264
94 0.300338
95 0.300329
96 0.300334
97 0.300326
98 0.300344
99 0.30034
100 0.300335
101 0.300333
102 0.300332
103 0.300333
104 0.300336
105 0.300363
106 0.300332
107 0.300352
108 0.300343
109 0.30034
110 0.300348
111 0.300349
112 0.300337
113 0.300322
114 0.300305
115 0.300338
116 0.300328
117 0.300349
118 0.300331
119 0.300332
120 0.30033
121 0.300333
122 0.300341
123 0.300339
124 0.300339
125 0.300338
126 0.300329
127 0.300347
128 0.300328
129 0.300334
130 0.30032
131 0.300332
132 0.300333
133 0.300333
134 0.300333
135 0.300327
136 0.300332
137 0.300338
138 0.300332
139 0.300335
140 0.300338
141 0.300331
142 0.300331
143 0.300332
144 0.300335
145 0.300328
146 0.300371
147 0.30034
148 0.300329
149 0.300331
150 0.300326
151 0.300326
152 0.30032
153 0.300314
154 0.300323
155 0.300321
156 0.300318
157 0.300316
158 0.30032
159 0.300319
160 0.300313
161 0.300309
162 0.300318
163 0.300315
164 0.300315
165 0.300321
166 0.300323
167 0.300322
168 0.300321
169 0.300316
170 0.300319
171 0.300288
172 0.300318
173 0.300321
174 0.300324
175 0.300327
176 0.300326
177 0.300324
178 0.300314
179 0.300326
180 0.300323
181 0.300323
182 0.300312
183 0.300318
184 0.30031
185 0.300311
186 0.30031
187 0.300307
188 0.300305
189 0.300303
190 0.300307
191 0.300308
192 0.300308
193 0.300312
194 0.300308
195 0.300327
196 0.300305
197 0.300306
198 0.300309
199 0.300304
200 0.300311
201 0.300308
202 0.300309
203 0.30031
204 0.300305
205 0.300395
206 0.300316
207 0.300315
208 0.300315
209 0.300313
210 0.300304
211 0.300311
212 0.300312
213 0.300312
214 0.30031
215 0.300309
216 0.300313
217 0.300314
218 0.30031
219 0.300306
220 0.300306
221 0.300305
222 0.300305
223 0.300307
224 0.30031
225 0.300306
226 0.30031
227 0.300308
228 0.300305
229 0.300304
230 0.300301
231 0.3003
232 0.300303
233 0.300302
234 0.300293
235 0.300297
236 0.300293
237 0.300297
238 0.300294
239 0.300291
240 0.300292
241 0.30027
242 0.300294
243 0.300292
244 0.300293
245 0.300291
246 0.300291
247 0.300288
248 0.300293
249 0.300297
250 0.300296
251 0.300294
252 0.300298
253 0.300301
254 0.300295
255 0.300294
256 0.3003
257 0.300309
258 0.300298
259 0.300298
260 0.300303
261 0.300296
262 0.300298
263 0.300301
264 0.300298
265 0.3003
266 0.3003
267 0.300293
268 0.300294
269 0.300299
270 0.300296
271 0.300301
272 0.300296
273 0.300317
274 0.300296
275 0.300293
276 0.300294
277 0.300293
278 0.300295
279 0.300303
280 0.300297
281 0.300297
282 0.300296
283 0.300293
284 0.300294
285 0.300294
286 0.300292
287 0.300295
288 0.300297
289 0.300294
290 0.3003
291 0.300295
292 0.300291
293 0.300291
294 0.300291
295 0.300292
296 0.300291
297 0.300287
298 0.300287
299 0.300288
300 0.300286
