1 0.120585
2 0.120361
3 0.120911
4 0.120777
5 0.120836
6 0.120735
7 0.120734
8 0.120766
9 0.120551
10 0.120832
11 0.120668
12 0.12086
13 0.120389
14 0.120844
15 0.120684
16 0.120657
17 0.120725
18 0.120694
19 0.120647
20 0.120728
21 0.120444
22 0.120357
23 0.120534
24 0.120635
25 0.120514
26 0.120673
27 0.120601
28 0.120665
29 0.120536
30 0.120822
31 0.1205
32 0.120838
33 0.12054
34 0.120993
35 0.120865
36 0.120586
37 0.120507
38 0.120834
39 0.120619
40 0.120816
41 0.120691
42 0.12086
43 0.120389
44 0.120479
45 0.120592
46 0.120729
47 0.120381
48 0.120608
49 0.120732
50 0.120632
51 0.120683
52 0.120552
53 0.120798
54 0.120915
55 0.120609
56 0.120693
57 0.120297
58 0.120878
59 0.120643
60 0.120649
61 0.120528
62 0.12071
63 0.120476
64 0.120574
65 0.12055
66 0.120706
67 0.120596
68 0.120583
69 0.12069
70 0.120471
71 0.120652
72 0.120423
73 0.120618
74 0.120521
75 0.120748
76 0.120759
77 0.120598
78 0.120466
79 0.1207
80 0.120516
81 0.120614
82 0.120846
83 0.120822
84 0.120566
85 0.12027
86 0.120657
87 0.120543
88 0.120677
89 0.120713
90 0.120675
91 0.120533
92 0.120699
93 0.120408
94 0.120456
95 0.120785
96 0.120611
97 0.120901
98 0.120667
99 0.120788
100 0.120548
101 0.120606
102 0.120708
103 0.12073
104 0.120659
105 0.120786
106 0.120762
107 0.120825
108 0.120531
109 0.120598
110 0.120423
111 0.120589
112 0.120717
113 0.120573
114 0.120505
115 0.120772
116 0.120666
117 0.120625
118 0.120653
119 0.120579
120 0.120704
121 0.120712
122 0.120689
123 0.120456
124 0.120533
125 0.120665
126 0.120603
127 0.120646
128 0.120682
129 0.12069
130 0.120488
131 0.120414
132 0.120551
133 0.120633
134 0.120689
135 0.120768
136 0.120592
137 0.120605
138 0.120596
139 0.120569
140 0.120655
141 0.12054
142 0.120718
143 0.120707
144 0.120406
145 0.120653
146 0.120455
147 0.120729
148 0.120772
149 0.120633
150 0.120604
151 0.120837
152 0.120834
153 0.120707
154 0.120551
155 0.12052
156 0.120398
157 0.120616
158 0.12038
159 0.120573
160 0.120593
161 0.120848
162 0.1205
163 0.12048
164 0.120737
165 0.120703
166 0.120676
167 0.120769
168 0.12072
169 0.120728
170 0.120525
171 0.120846
172 0.120853
173 0.120884
174 0.120643
175 0.120753
176 0.120819
177 0.120615
178 0.120443
179 0.120623
180 0.120811
181 0.120729
182 0.120624
183 0.120797
184 0.120959
185 0.120756
186 0.120679
187 0.12077
188 0.120627
189 0.120664
190 0.120686
191 0.121016
192 0.120808
193 0.12056
194 0.120807
195 0.120516
196 0.120586
197 0.12048
198 0.120598
199 0.120634
200 0.120703
201 0.120714
202 0.120756
203 0.120587
204 0.120617
205 0.120651
206 0.120507
207 0.120515
208 0.120831
209 0.120574
210 0.120644
211 0.120774
212 0.120799
213 0.120699
214 0.120854
215 0.120666
216 0.120956
217 0.120694
218 0.120737
219 0.120786
220 0.120627
221 0.12085
222 0.120515
223 0.120709
224 0.120593
225 0.120436
226 0.120773
227 0.120603
228 0.120831
229 0.12092
230 0.120702
231 0.120552
232 0.120459
233 0.12053
234 0.120603
235 0.120788
236 0.120807
237 0.120654
238 0.120696
239 0.120702
240 0.120656
241 0.120598
242 0.120655
243 0.12049
244 0.12056
245 0.120502
246 0.120727
247 0.120753
248 0.120686
249 0.12077
250 0.120663
251 0.120874
252 0.120577
253 0.120599
254 0.120707
255 0.120571
256 0.120753
257 0.120848
258 0.120606
259 0.120666
260 0.120837
261 0.120735
262 0.12063
263 0.120742
264 0.12088
265 0.120452
266 0.120604
267 0.120972
268 0.120799
269 0.120377
270 0.120875
271 0.120358
272 0.120583
273 0.120704
274 0.1206
275 0.120721
276 0.120606
277 0.120643
278 0.120682
279 0.120668
280 0.120565
281 0.120856
282 0.12071
283 0.120678
284 0.120812
285 0.120809
286 0.120571
287 0.120737
288 0.120863
289 0.120696
290 0.120638
291 0.120741
292 0.120834
293 0.12071
294 0.120742
295 0.120579
296 0.12057
297 0.12092
298 0.120678
299 0.120814
300 0.120578
