1 0.120585
2 0.120473
3 0.120619
4 0.120659
5 0.120694
6 0.120701
7 0.120705
8 0.120713
9 0.120695
10 0.120709
11 0.120705
12 0.120718
13 0.120693
14 0.120703
15 0.120702
16 0.120699
17 0.120701
18 0.1207
19 0.120698
20 0.120699
21 0.120687
22 0.120672
23 0.120666
24 0.120665
25 0.120659
26 0.120659
27 0.120657
28 0.120657
29 0.120653
30 0.120659
31 0.120654
32 0.120659
33 0.120656
34 0.120666
35 0.120671
36 0.120669
37 0.120665
38 0.120669
39 0.120668
40 0.120671
41 0.120672
42 0.120676
43 0.12067
44 0.120665
45 0.120664
46 0.120665
47 0.120659
48 0.120658
49 0.12066
50 0.120659
51 0.12066
52 0.120657
53 0.12066
54 0.120665
55 0.120664
56 0.120664
57 0.120658
58 0.120662
59 0.120661
60 0.120661
61 0.120659
62 0.12066
63 0.120657
64 0.120656
65 0.120654
66 0.120655
67 0.120654
68 0.120653
69 0.120654
70 0.120651
71 0.120651
72 0.120648
73 0.120647
74 0.120645
75 0.120647
76 0.120648
77 0.120648
78 0.120645
79 0.120646
80 0.120644
81 0.120644
82 0.120647
83 0.120649
84 0.120648
85 0.120643
86 0.120643
87 0.120642
88 0.120643
89 0.120643
90 0.120644
91 0.120643
92 0.120643
93 0.120641
94 0.120639
95 0.12064
96 0.12064
97 0.120643
98 0.120643
99 0.120644
100 0.120643
101 0.120643
102 0.120644
103 0.120645
104 0.120645
105 0.120646
106 0.120647
107 0.120649
108 0.120648
109 0.120647
110 0.120645
111 0.120644
112 0.120645
113 0.120645
114 0.120643
115 0.120644
116 0.120645
117 0.120645
118 0.120645
119 0.120644
120 0.120645
121 0.120645
122 0.120645
123 0.120644
124 0.120643
125 0.120643
126 0.120643
127 0.120643
128 0.120643
129 0.120644
130 0.120642
131 0.120641
132 0.12064
133 0.12064
134 0.12064
135 0.120641
136 0.120641
137 0.120641
138 0.12064
139 0.12064
140 0.12064
141 0.120639
142 0.12064
143 0.12064
144 0.120638
145 0.120639
146 0.120637
147 0.120638
148 0.120639
149 0.120639
150 0.120639
151 0.12064
152 0.120641
153 0.120642
154 0.120641
155 0.12064
156 0.120639
157 0.120639
158 0.120637
159 0.120636
160 0.120636
161 0.120638
162 0.120637
163 0.120636
164 0.120636
165 0.120637
166 0.120637
167 0.120638
168 0.120638
169 0.120639
170 0.120638
171 0.120639
172 0.120641
173 0.120642
174 0.120642
175 0.120643
176 0.120644
177 0.120644
178 0.120642
179 0.120642
180 0.120643
181 0.120644
182 0.120644
183 0.120644
184 0.120646
185 0.120647
186 0.120647
187 0.120648
188 0.120648
189 0.120648
190 0.120648
191 0.12065
192 0.120651
193 0.12065
194 0.120651
195 0.12065
196 0.12065
197 0.120649
198 0.120649
199 0.120649
200 0.120649
201 0.120649
202 0.12065
203 0.12065
204 0.120649
205 0.120649
206 0.120649
207 0.120648
208 0.120649
209 0.120649
210 0.120648
211 0.120649
212 0.12065
213 0.12065
214 0.120651
215 0.120651
216 0.120652
217 0.120653
218 0.120653
219 0.120654
220 0.120653
221 0.120654
222 0.120654
223 0.120654
224 0.120654
225 0.120653
226 0.120653
227 0.120653
228 0.120654
229 0.120655
230 0.120655
231 0.120655
232 0.120654
233 0.120653
234 0.120653
235 0.120654
236 0.120654
237 0.120654
238 0.120655
239 0.120655
240 0.120655
241 0.120655
242 0.120655
243 0.120654
244 0.120653
245 0.120653
246 0.120653
247 0.120654
248 0.120654
249 0.120654
250 0.120654
251 0.120655
252 0.120655
253 0.120655
254 0.120655
255 0.120654
256 0.120655
257 0.120656
258 0.120655
259 0.120655
260 0.120656
261 0.120657
262 0.120656
263 0.120657
264 0.120658
265 0.120657
266 0.120657
267 0.120658
268 0.120658
269 0.120657
270 0.120658
271 0.120657
272 0.120657
273 0.120657
274 0.120657
275 0.120657
276 0.120657
277 0.120657
278 0.120657
279 0.120657
280 0.120656
281 0.120657
282 0.120657
283 0.120658
284 0.120658
285 0.120658
286 0.120658
287 0.120658
288 0.120659
289 0.120659
290 0.120659
291 0.120659
292 0.12066
293 0.12066
294 0.120661
295 0.12066
296 0.12066
297 0.120661
298 0.120661
299 0.120661
300 0.120661
