1 0
2 0.499821
3 0.499913
4 0.66648
5 0.111494
6 0.20342
7 0.15166
8 0.154011
9 0.12686
10 0.123978
11 0.088348
12 0.109596
13 0.096554
14 0.086047
15 0.100501
16 0.092993
17 0.093302
18 0.097076
19 0.084201
20 0.08193
21 0.081549
22 0.0844
23 0.079639
24 0.079256
25 0.083691
26 0.082458
27 0.067125
28 0.055977
29 0.052304
30 0.050821
31 0.051403
32 0.052843
33 0.050983
34 0.049131
35 0.047332
36 0.048531
37 0.047915
38 0.049398
39 0.048089
40 0.046781
41 0.048376
42 0.047394
43 0.045211
44 0.045557
45 0.04623
46 0.04687
47 0.045657
48 0.045074
49 0.043713
50 0.043943
51 0.043663
52 0.04275
53 0.042245
54 0.041146
55 0.040243
56 0.040584
57 0.040927
58 0.039611
59 0.039856
60 0.039246
61 0.039273
62 0.038693
63 0.038297
64 0.037918
65 0.037822
66 0.0382
67 0.037606
68 0.037051
69 0.036673
70 0.035929
71 0.035597
72 0.034868
73 0.035149
74 0.03502
75 0.034457
76 0.033737
77 0.033398
78 0.033233
79 0.032565
80 0.031899
81 0.032296
82 0.031774
83 0.031538
84 0.030423
85 0.029973
86 0.02921
87 0.028937
88 0.028634
89 0.028562
90 0.027873
91 0.028054
92 0.027976
93 0.027481
94 0.027376
95 0.027232
96 0.026945
97 0.027024
98 0.026665
99 0.026299
100 0.025435
