1 0
2 0.249911
3 0.333292
4 0.416657
5 0.355732
6 0.379571
7 0.352338
8 0.331368
9 0.333048
10 0.333606
11 0.317405
12 0.303936
13 0.283481
14 0.273426
15 0.267471
16 0.25919
17 0.254583
18 0.234292
19 0.228141
20 0.229234
21 0.225315
22 0.225708
23 0.226468
24 0.227375
25 0.226923
26 0.226412
27 0.220227
28 0.211579
29 0.208231
30 0.206005
31 0.204888
32 0.202837
33 0.202735
34 0.201983
35 0.200659
36 0.200111
37 0.199598
38 0.19859
39 0.199192
40 0.200211
41 0.199969
42 0.200284
43 0.200042
44 0.201071
45 0.2016
46 0.201867
47 0.201538
48 0.201735
49 0.202438
50 0.202357
51 0.201935
52 0.201354
53 0.201674
54 0.202023
55 0.202785
56 0.203363
57 0.204314
58 0.204692
59 0.205413
60 0.20531
61 0.205062
62 0.206256
63 0.20612
64 0.205877
65 0.206065
66 0.206634
67 0.20726
68 0.207501
69 0.205885
70 0.204804
71 0.203778
72 0.203262
73 0.202611
74 0.202714
75 0.20239
76 0.202269
77 0.202438
78 0.202803
79 0.203137
80 0.203328
81 0.203395
82 0.203503
83 0.20364
84 0.203506
85 0.203925
86 0.203348
87 0.203512
88 0.203791
89 0.203509
90 0.203394
91 0.203733
92 0.203582
93 0.203519
94 0.203378
95 0.203301
96 0.20317
97 0.203044
98 0.202924
99 0.202268
100 0.202363
