1 0.249562
2 0.238989
3 0.228871
4 0.219617
5 0.210837
6 0.202622
7 0.194999
8 0.18789
9 0.181334
10 0.175247
11 0.169565
12 0.164294
13 0.159353
14 0.15475
15 0.150438
16 0.146385
17 0.142588
18 0.139007
19 0.135624
20 0.132435
21 0.129414
22 0.126558
23 0.123841
24 0.121256
25 0.118793
26 0.116454
27 0.114209
28 0.112069
29 0.110024
30 0.108073
31 0.1062
32 0.104403
33 0.10267
34 0.101011
35 0.0994072
36 0.0978622
37 0.0963769
38 0.0949474
39 0.0935666
40 0.0922334
41 0.0909428
42 0.0896972
43 0.0884905
44 0.0873209
45 0.0861876
46 0.0850858
47 0.0840164
48 0.0829824
49 0.0819767
50 0.0810003
51 0.0800539
52 0.0791297
53 0.0782329
54 0.077358
55 0.0765069
56 0.0756787
57 0.0748716
58 0.074084
59 0.0733155
60 0.0725653
61 0.0718351
62 0.071121
63 0.070423
64 0.0697419
65 0.0690771
66 0.0684255
67 0.0677872
68 0.0671635
69 0.0665565
70 0.06596
71 0.0653784
72 0.064806
73 0.064245
74 0.0636972
75 0.0631606
76 0.0626347
77 0.0621201
78 0.0616135
79 0.061116
80 0.0606275
81 0.0601512
82 0.0596809
83 0.0592202
84 0.0587679
85 0.0583229
86 0.057887
87 0.0574569
88 0.0570352
89 0.0566211
90 0.0562148
91 0.0558147
92 0.0554208
93 0.0550359
94 0.054655
95 0.0542808
96 0.0539135
97 0.0535509
98 0.0531954
99 0.0528438
100 0.0524973
101 0.0521574
102 0.0518224
103 0.0514923
104 0.0511675
105 0.0508485
106 0.0505334
107 0.0502232
108 0.049917
109 0.0496147
110 0.0493169
111 0.0490228
112 0.0487329
113 0.0484476
114 0.0481665
115 0.0478895
116 0.0476156
117 0.0473451
118 0.0470787
119 0.0468155
120 0.0465555
121 0.0462983
122 0.0460458
123 0.0457962
124 0.0455501
125 0.0453054
126 0.0450657
127 0.0448277
128 0.0445932
129 0.0443621
130 0.0441339
131 0.0439084
132 0.0436847
133 0.0434636
134 0.0432458
135 0.0430302
136 0.0428169
137 0.0426065
138 0.0423987
139 0.0421932
140 0.0419898
141 0.0417885
142 0.0415899
143 0.0413936
144 0.0411994
145 0.0410067
146 0.0408163
147 0.040628
148 0.040442
149 0.0402584
150 0.0400765
151 0.0398964
152 0.0397181
153 0.0395419
154 0.0393675
155 0.0391949
156 0.0390234
157 0.0388542
158 0.0386866
159 0.0385208
160 0.038357
161 0.0381943
162 0.0380328
163 0.0378737
164 0.037716
165 0.0375595
166 0.0374046
167 0.0372517
168 0.0371003
169 0.0369504
170 0.0368017
171 0.0366544
172 0.0365083
173 0.0363639
174 0.0362209
175 0.0360787
176 0.0359379
177 0.0357981
178 0.0356601
179 0.0355231
180 0.0353871
181 0.0352527
182 0.0351196
183 0.0349873
184 0.0348562
185 0.0347264
186 0.0345975
187 0.0344696
188 0.0343431
189 0.0342178
190 0.0340936
191 0.0339699
192 0.0338476
193 0.0337264
194 0.0336066
195 0.0334873
196 0.0333694
197 0.0332527
198 0.0331366
199 0.0330212
200 0.0329071
201 0.0327938
202 0.0326814
203 0.0325698
204 0.0324589
205 0.0323492
206 0.0322403
207 0.032132
208 0.0320247
209 0.0319181
210 0.0318122
211 0.0317077
212 0.0316036
213 0.0315002
214 0.0313979
215 0.0312964
216 0.0311954
217 0.0310952
218 0.0309957
219 0.0308969
220 0.0307988
221 0.0307016
222 0.0306051
223 0.0305092
224 0.0304141
225 0.0303198
226 0.0302261
227 0.0301328
228 0.0300404
229 0.0299486
230 0.0298577
231 0.0297677
232 0.0296777
233 0.0295882
234 0.0294998
235 0.029412
236 0.0293247
237 0.0292383
238 0.0291523
239 0.0290665
240 0.0289819
241 0.0288977
242 0.0288141
243 0.0287311
244 0.0286483
245 0.0285663
246 0.0284849
247 0.028404
248 0.0283235
249 0.0282436
250 0.0281641
251 0.0280853
252 0.0280069
253 0.0279292
254 0.027852
255 0.0277749
256 0.0276985
257 0.0276227
258 0.0275472
259 0.0274724
260 0.027398
261 0.0273241
262 0.0272506
263 0.0271776
264 0.0271049
265 0.0270328
266 0.0269613
267 0.0268904
268 0.0268197
269 0.0267493
270 0.0266792
271 0.0266097
272 0.0265407
273 0.0264721
274 0.0264038
275 0.026336
276 0.0262684
277 0.0262012
278 0.0261348
279 0.0260687
280 0.0260028
281 0.0259371
282 0.0258721
283 0.0258077
284 0.0257433
285 0.0256793
286 0.0256158
287 0.0255526
288 0.0254898
289 0.0254276
290 0.0253658
291 0.0253039
292 0.0252425
293 0.0251814
294 0.0251208
295 0.0250604
296 0.0250001
297 0.0249403
298 0.0248809
299 0.0248215
300 0.0247626
