1 0.333892
2 0.349553
3 0.365474
4 0.380433
5 0.394894
6 0.408723
7 0.421799
8 0.434308
9 0.446046
10 0.457118
11 0.467625
12 0.477553
13 0.486986
14 0.495847
15 0.504253
16 0.512275
17 0.519903
18 0.527146
19 0.534049
20 0.540687
21 0.546986
22 0.553045
23 0.558833
24 0.564411
25 0.569764
26 0.574903
27 0.579813
28 0.584629
29 0.589211
30 0.593639
31 0.5979
32 0.60203
33 0.606034
34 0.60992
35 0.613636
36 0.617309
37 0.620848
38 0.62427
39 0.627559
40 0.630821
41 0.633977
42 0.636992
43 0.639966
44 0.642875
45 0.645664
46 0.648429
47 0.651142
48 0.653745
49 0.656313
50 0.658808
51 0.66127
52 0.663612
53 0.6659
54 0.668205
55 0.670425
56 0.672578
57 0.674604
58 0.676807
59 0.678865
60 0.680842
61 0.682772
62 0.684692
63 0.686558
64 0.688453
65 0.690227
66 0.692011
67 0.693799
68 0.695508
69 0.697173
70 0.698823
71 0.700475
72 0.702058
73 0.703755
74 0.705169
75 0.70671
76 0.708193
77 0.709653
78 0.711069
79 0.712515
80 0.713914
81 0.715282
82 0.716674
83 0.717949
84 0.719285
85 0.720672
86 0.721831
87 0.723116
88 0.724362
89 0.725512
90 0.726768
91 0.727922
92 0.729133
93 0.730213
94 0.731431
95 0.73253
96 0.733648
97 0.734733
98 0.735825
99 0.73688
100 0.737938
101 0.738987
102 0.740089
103 0.740932
104 0.741997
105 0.742934
106 0.743968
107 0.744929
108 0.745868
109 0.7468
110 0.747697
111 0.748629
112 0.749547
113 0.750454
114 0.751362
115 0.752187
116 0.753067
117 0.753859
118 0.754798
119 0.75559
120 0.756422
121 0.757252
122 0.758027
123 0.758852
124 0.759618
125 0.760436
126 0.76119
127 0.762014
128 0.762727
129 0.763398
130 0.764184
131 0.764947
132 0.765676
133 0.766435
134 0.767137
135 0.767816
136 0.768532
137 0.769235
138 0.769899
139 0.770592
140 0.771239
141 0.771925
142 0.772607
143 0.773255
144 0.773897
145 0.774557
146 0.775117
147 0.775821
148 0.77642
149 0.777064
150 0.777667
151 0.778253
152 0.778878
153 0.779477
154 0.780044
155 0.780648
156 0.781223
157 0.781807
158 0.782399
159 0.782935
160 0.783516
161 0.784064
162 0.784636
163 0.785157
164 0.785741
165 0.78625
166 0.786776
167 0.787331
168 0.787888
169 0.788438
170 0.789012
171 0.789299
172 0.789843
173 0.790379
174 0.790914
175 0.791427
176 0.791929
177 0.792445
178 0.792867
179 0.793404
180 0.793864
181 0.794358
182 0.794795
183 0.795269
184 0.795763
185 0.796219
186 0.796608
187 0.797148
188 0.797576
189 0.798016
190 0.798479
191 0.798939
192 0.799367
193 0.799788
194 0.800234
195 0.800605
196 0.801091
197 0.801498
198 0.80193
199 0.802382
200 0.802784
201 0.803198
202 0.803603
203 0.804007
204 0.804376
205 0.80494
206 0.805232
207 0.80561
208 0.806005
209 0.806421
210 0.806755
211 0.807154
212 0.807577
213 0.807967
214 0.808322
215 0.808693
216 0.809081
217 0.809429
218 0.809829
219 0.810213
220 0.810522
221 0.810905
222 0.811268
223 0.81164
224 0.811998
225 0.812351
226 0.812702
227 0.813022
228 0.813445
229 0.813756
230 0.814095
231 0.814424
232 0.814782
233 0.81509
234 0.815417
235 0.815762
236 0.816099
237 0.816453
238 0.816765
239 0.81709
240 0.817423
241 0.817817
242 0.818062
243 0.818404
244 0.818723
245 0.819017
246 0.81936
247 0.819658
248 0.819973
249 0.820292
250 0.820625
251 0.820937
252 0.821253
253 0.821589
254 0.821902
255 0.822219
256 0.822396
257 0.822564
258 0.82287
259 0.823194
260 0.823491
261 0.823795
262 0.824119
263 0.824403
264 0.824692
265 0.824985
266 0.825293
267 0.825537
268 0.825854
269 0.82612
270 0.826406
271 0.826687
272 0.826951
273 0.827154
274 0.8275
275 0.82777
276 0.828025
277 0.828307
278 0.828561
279 0.828805
280 0.8291
281 0.82935
282 0.829613
283 0.829877
284 0.830149
285 0.830375
286 0.830648
287 0.830912
288 0.831152
289 0.831407
290 0.83166
291 0.831883
292 0.832093
293 0.832462
294 0.832654
295 0.832884
296 0.83313
297 0.833363
298 0.833629
299 0.833838
300 0.834092
