1 0.500419
2 0.510822
3 0.52101
4 0.530268
5 0.538966
6 0.547134
7 0.554802
8 0.561901
9 0.568508
10 0.574686
11 0.580459
12 0.58575
13 0.590643
14 0.595237
15 0.599525
16 0.603601
17 0.607435
18 0.610959
19 0.614275
20 0.617556
21 0.620549
22 0.623439
23 0.626119
24 0.628734
25 0.63122
26 0.63352
27 0.635671
28 0.637885
29 0.639904
30 0.641884
31 0.643697
32 0.645529
33 0.647254
34 0.648968
35 0.65051
36 0.652063
37 0.653552
38 0.655011
39 0.65635
40 0.657723
41 0.659031
42 0.660237
43 0.661436
44 0.662611
45 0.663704
46 0.664834
47 0.66591
48 0.666947
49 0.667977
50 0.668953
51 0.669928
52 0.670822
53 0.671681
54 0.672599
55 0.673445
56 0.674264
57 0.67497
58 0.675894
59 0.676682
60 0.677407
61 0.678119
62 0.678842
63 0.679523
64 0.680231
65 0.680877
66 0.681534
67 0.682202
68 0.682822
69 0.68342
70 0.684
71 0.684607
72 0.685174
73 0.685855
74 0.686279
75 0.686845
76 0.687364
77 0.687886
78 0.688377
79 0.688887
80 0.689371
81 0.689844
82 0.690333
83 0.690757
84 0.691229
85 0.691719
86 0.692088
87 0.692533
88 0.692957
89 0.693315
90 0.69378
91 0.694148
92 0.694586
93 0.694927
94 0.695358
95 0.695718
96 0.696096
97 0.696449
98 0.696817
99 0.697171
100 0.69752
101 0.697868
102 0.698238
103 0.698486
104 0.698844
105 0.699124
106 0.699483
107 0.699797
108 0.7001
109 0.700409
110 0.700683
111 0.700975
112 0.701272
113 0.701564
114 0.701853
115 0.702117
116 0.702394
117 0.702625
118 0.702951
119 0.703194
120 0.70345
121 0.703712
122 0.703943
123 0.704203
124 0.704435
125 0.704699
126 0.704922
127 0.705181
128 0.705397
129 0.705594
130 0.705844
131 0.706074
132 0.7063
133 0.706543
134 0.706755
135 0.70696
136 0.707178
137 0.707402
138 0.707602
139 0.70781
140 0.708006
141 0.708211
142 0.708423
143 0.708613
144 0.708807
145 0.709014
146 0.709171
147 0.709391
148 0.709566
149 0.70976
150 0.709938
151 0.710105
152 0.710291
153 0.710462
154 0.710629
155 0.710808
156 0.710973
157 0.711149
158 0.711323
159 0.711476
160 0.71165
161 0.711807
162 0.711979
163 0.712127
164 0.712302
165 0.712445
166 0.712597
167 0.71276
168 0.712921
169 0.713072
170 0.713264
171 0.713231
172 0.713474
173 0.713628
174 0.713785
175 0.713924
176 0.714072
177 0.714225
178 0.714329
179 0.714487
180 0.714619
181 0.714759
182 0.714875
183 0.715006
184 0.715146
185 0.715278
186 0.715376
187 0.715537
188 0.715661
189 0.71578
190 0.71591
191 0.716033
192 0.716157
193 0.716267
194 0.716392
195 0.716474
196 0.716632
197 0.716729
198 0.71687
199 0.717001
200 0.717107
201 0.717221
202 0.717327
203 0.717442
204 0.717542
205 0.717719
206 0.717775
207 0.717873
208 0.717986
209 0.718112
210 0.718192
211 0.718298
212 0.718415
213 0.718524
214 0.718618
215 0.718715
216 0.718819
217 0.718906
218 0.719016
219 0.719124
220 0.719201
221 0.719301
222 0.719402
223 0.719501
224 0.719597
225 0.719689
226 0.719784
227 0.719866
228 0.71998
229 0.720063
230 0.720151
231 0.720238
232 0.72033
233 0.720405
234 0.720493
235 0.720582
236 0.720676
237 0.72077
238 0.720853
239 0.720923
240 0.721026
241 0.721157
242 0.721194
243 0.721289
244 0.721363
245 0.721435
246 0.721526
247 0.721607
248 0.721685
249 0.721767
250 0.721851
251 0.721925
252 0.722008
253 0.722095
254 0.72218
255 0.722286
256 0.722305
257 0.72232
258 0.722425
259 0.72252
260 0.722594
261 0.722672
262 0.722759
263 0.722828
264 0.722901
265 0.722974
266 0.723056
267 0.723114
268 0.723196
269 0.723267
270 0.723334
271 0.723417
272 0.723469
273 0.723495
274 0.723605
275 0.723673
276 0.723735
277 0.723805
278 0.723869
279 0.723932
280 0.724009
281 0.72407
282 0.724139
283 0.724204
284 0.724273
285 0.72433
286 0.7244
287 0.724465
288 0.724523
289 0.724587
290 0.724653
291 0.724704
292 0.724757
293 0.724852
294 0.724895
295 0.724949
296 0.725013
297 0.72507
298 0.725138
299 0.72519
300 0.725251
