1 0.5
2 0.372501
3 0.319572
4 0.289995
5 0.271224
6 0.258048
7 0.248593
8 0.241826
9 0.236552
10 0.232396
11 0.229142
12 0.22636
13 0.224401
14 0.222329
15 0.221111
16 0.219868
17 0.218707
18 0.217848
19 0.217391
20 0.216623
21 0.21589
22 0.215571
23 0.215219
24 0.214651
25 0.214203
26 0.21403
27 0.21404
28 0.213364
29 0.213375
30 0.213007
31 0.212899
32 0.212463
33 0.212554
34 0.212212
35 0.212178
36 0.21192
37 0.211834
38 0.2116
39 0.211649
40 0.211405
41 0.211192
42 0.211115
43 0.211042
44 0.210995
45 0.210987
46 0.210805
47 0.210687
48 0.210535
49 0.210333
50 0.210249
51 0.210086
52 0.210092
53 0.210144
54 0.209991
55 0.209857
56 0.2098
57 0.210053
58 0.20964
59 0.209516
60 0.209521
61 0.20949
62 0.209385
63 0.209296
64 0.208926
65 0.209254
66 0.209157
67 0.208961
68 0.208932
69 0.208849
70 0.208833
71 0.208687
72 0.208646
73 0.208255
74 0.208537
75 0.208416
76 0.20845
77 0.20833
78 0.208284
79 0.208167
80 0.208142
81 0.208161
82 0.207964
83 0.208055
84 0.207862
85 0.207614
86 0.207826
87 0.207809
88 0.207772
89 0.207839
90 0.207675
91 0.20772
92 0.207566
93 0.207592
94 0.207451
95 0.207323
96 0.207241
97 0.207315
98 0.207145
99 0.207209
100 0.207129
101 0.206999
102 0.206863
103 0.207087
104 0.206907
105 0.206983
106 0.206814
107 0.206698
108 0.206783
109 0.206613
110 0.206693
111 0.206645
112 0.206558
113 0.20649
114 0.206407
115 0.206548
116 0.206424
117 0.206537
118 0.20627
119 0.20623
120 0.206241
121 0.206201
122 0.206252
123 0.206063
124 0.206142
125 0.206001
126 0.20598
127 0.205937
128 0.205971
129 0.206016
130 0.205947
131 0.2059
132 0.205804
133 0.205721
134 0.205711
135 0.205813
136 0.205695
137 0.205591
138 0.20559
139 0.205548
140 0.205529
141 0.205536
142 0.205496
143 0.205434
144 0.205419
145 0.20534
146 0.205448
147 0.2052
148 0.205229
149 0.205239
150 0.205176
151 0.205151
152 0.205177
153 0.205145
154 0.205085
155 0.205101
156 0.204969
157 0.205013
158 0.204905
159 0.205038
160 0.204871
161 0.204908
162 0.204892
163 0.204821
164 0.204752
165 0.204774
166 0.204802
167 0.204766
168 0.204618
169 0.204539
170 0.204362
171 0.204966
172 0.204614
173 0.204575
174 0.2045
175 0.204459
176 0.204433
177 0.204387
178 0.204469
179 0.20438
180 0.204374
181 0.20421
182 0.204323
183 0.204305
184 0.204273
185 0.204172
186 0.20428
187 0.204127
188 0.204155
189 0.204107
190 0.204032
191 0.204083
192 0.20391
193 0.20401
194 0.204024
195 0.204102
196 0.203895
197 0.204009
198 0.203936
199 0.20385
200 0.203836
201 0.203756
202 0.203757
203 0.203738
204 0.203764
205 0.203475
206 0.203667
207 0.203665
208 0.20362
209 0.203602
210 0.203623
211 0.203566
212 0.203519
213 0.203546
214 0.203497
215 0.203495
216 0.203484
217 0.20344
218 0.203412
219 0.203384
220 0.203425
221 0.20339
222 0.203345
223 0.203374
224 0.203289
225 0.203322
226 0.203272
227 0.203329
228 0.203207
229 0.203242
230 0.203218
231 0.203163
232 0.203192
233 0.20319
234 0.203137
235 0.203125
236 0.203118
237 0.202989
238 0.203013
239 0.203078
240 0.202999
241 0.202832
242 0.202978
243 0.202972
244 0.202898
245 0.202877
246 0.202815
247 0.202824
248 0.202923
249 0.202886
250 0.202802
251 0.202767
252 0.202758
253 0.20272
254 0.202696
255 0.202521
256 0.202779
257 0.202895
258 0.202783
259 0.202686
260 0.202663
261 0.202688
262 0.202587
263 0.20263
264 0.202601
265 0.202546
266 0.202513
267 0.202588
268 0.202517
269 0.20246
270 0.202529
271 0.202388
272 0.202459
273 0.202602
274 0.202377
275 0.202392
276 0.202355
277 0.202384
278 0.202345
279 0.202321
280 0.20232
281 0.202315
282 0.20233
283 0.20226
284 0.202277
285 0.202193
286 0.20224
287 0.202163
288 0.202195
289 0.202128
290 0.202143
291 0.20218
292 0.202208
293 0.202079
294 0.202065
295 0.202116
296 0.202029
297 0.20209
298 0.202096
299 0.202006
300 0.202029
