1 0.458795
2 0.520459
3 0.554915
4 0.591688
5 0.618047
6 0.640092
7 0.657462
8 0.674551
9 0.688658
10 0.701458
11 0.712876
12 0.722877
13 0.731658
14 0.740155
15 0.747245
16 0.754402
17 0.760441
18 0.766162
19 0.7714
20 0.777008
21 0.781681
22 0.786147
23 0.790615
24 0.794439
25 0.798494
26 0.801807
27 0.805079
28 0.808185
29 0.811131
30 0.813918
31 0.816702
32 0.819318
33 0.821821
34 0.824078
35 0.826437
36 0.828698
37 0.830768
38 0.832994
39 0.835094
40 0.837177
41 0.839049
42 0.840818
43 0.842322
44 0.84415
45 0.845944
46 0.84722
47 0.848777
48 0.850282
49 0.851684
50 0.853231
51 0.85448
52 0.855754
53 0.856944
54 0.858354
55 0.859576
56 0.8607
57 0.861717
58 0.862834
59 0.863832
60 0.864847
61 0.865986
62 0.866994
63 0.868079
64 0.869038
65 0.870065
66 0.871019
67 0.871893
68 0.872788
69 0.873682
70 0.874558
71 0.875339
72 0.876317
73 0.876979
74 0.877781
75 0.87852
76 0.879152
77 0.880005
78 0.880798
79 0.881492
80 0.882098
81 0.882737
82 0.883415
83 0.884032
84 0.884839
85 0.885503
86 0.886109
87 0.886907
88 0.887474
89 0.887951
90 0.88851
91 0.889244
92 0.889631
93 0.890249
94 0.890789
95 0.891263
96 0.891906
97 0.892576
98 0.892927
99 0.893499
100 0.893939
101 0.894369
102 0.894936
103 0.895241
104 0.895697
105 0.896161
106 0.896606
107 0.897101
108 0.897597
109 0.898082
110 0.898442
111 0.898865
112 0.899284
113 0.899834
114 0.900107
115 0.900572
116 0.900991
117 0.901362
118 0.901728
119 0.90216
120 0.902616
121 0.902872
122 0.90334
123 0.903728
124 0.904081
125 0.904451
126 0.904737
127 0.905072
128 0.905456
129 0.90573
130 0.906153
131 0.906435
132 0.906816
133 0.907065
134 0.907371
135 0.90774
136 0.908111
137 0.908388
138 0.908847
139 0.909114
140 0.909364
141 0.909545
142 0.909917
143 0.910112
144 0.910403
145 0.910752
146 0.911089
147 0.911428
148 0.911635
149 0.911905
150 0.912182
151 0.912486
152 0.912769
153 0.912949
154 0.913186
155 0.913447
156 0.913788
157 0.914034
158 0.914314
159 0.914592
160 0.914755
161 0.915109
162 0.915299
163 0.915465
164 0.915803
165 0.916045
166 0.916197
167 0.916511
168 0.916748
169 0.916955
170 0.917172
171 0.917322
172 0.917571
173 0.917688
174 0.918003
175 0.918118
176 0.918244
177 0.918392
178 0.918656
179 0.918895
180 0.919044
181 0.919228
182 0.919466
183 0.919693
184 0.919899
185 0.92006
186 0.920283
187 0.920551
188 0.920737
189 0.921004
190 0.921203
191 0.921388
192 0.921555
193 0.921829
194 0.921973
195 0.92215
196 0.922357
197 0.922567
198 0.922734
199 0.922983
200 0.923293
201 0.923363
202 0.923486
203 0.92364
204 0.923894
205 0.924035
206 0.924124
207 0.924292
208 0.924537
209 0.924721
210 0.924929
211 0.925095
212 0.925177
213 0.925448
214 0.925617
215 0.925755
216 0.925889
217 0.926153
218 0.926291
219 0.926365
220 0.926525
221 0.92681
222 0.926937
223 0.927112
224 0.927199
225 0.927248
226 0.927523
227 0.927656
228 0.927805
229 0.927942
230 0.928052
231 0.9282
232 0.928273
233 0.928382
234 0.928554
235 0.928671
236 0.928932
237 0.929046
238 0.929213
239 0.929407
240 0.929515
241 0.92964
242 0.929849
243 0.930006
244 0.930158
245 0.93027
246 0.930466
247 0.930695
248 0.930797
249 0.930905
250 0.931006
251 0.931166
252 0.931289
253 0.931412
254 0.931504
255 0.931629
256 0.931844
257 0.931997
258 0.932143
259 0.932308
260 0.932466
261 0.932565
262 0.932657
263 0.93284
264 0.932905
265 0.933154
266 0.933218
267 0.933272
268 0.933394
269 0.933523
270 0.933596
271 0.933644
272 0.933837
273 0.933985
274 0.934098
275 0.934323
276 0.934406
277 0.934552
278 0.934552
279 0.934734
280 0.934919
281 0.934983
282 0.935075
283 0.935191
284 0.935219
285 0.93545
286 0.935452
287 0.935689
288 0.935687
289 0.935793
290 0.935855
291 0.935965
292 0.936095
293 0.93623
294 0.936295
295 0.936397
296 0.936527
297 0.936598
298 0.936693
299 0.936826
300 0.936941
