1 0.500419
2 0.521225
3 0.541389
4 0.558041
5 0.573765
6 0.587956
7 0.600689
8 0.611724
9 0.621782
10 0.629848
11 0.63823
12 0.643936
13 0.649648
14 0.654676
15 0.659799
16 0.664488
17 0.668173
18 0.671473
19 0.675275
20 0.678586
21 0.681006
22 0.683704
23 0.685743
24 0.688069
25 0.690531
26 0.691197
27 0.694043
28 0.695378
29 0.697108
30 0.697853
31 0.699528
32 0.701634
33 0.703134
34 0.703644
35 0.705336
36 0.705264
37 0.707489
38 0.708451
39 0.708793
40 0.709785
41 0.710378
42 0.711338
43 0.712131
44 0.712361
45 0.713264
46 0.714758
47 0.714986
48 0.715428
49 0.716817
50 0.716593
51 0.717491
52 0.718342
53 0.718155
54 0.71898
55 0.719379
56 0.719672
57 0.720632
58 0.721902
59 0.721436
60 0.721685
61 0.721771
62 0.723133
63 0.722945
64 0.722407
65 0.724642
66 0.722996
67 0.724735
68 0.724819
69 0.724569
70 0.724358
71 0.725595
72 0.726025
73 0.726571
74 0.72659
75 0.726866
76 0.726619
77 0.72742
78 0.727651
79 0.72767
80 0.727811
81 0.727693
82 0.728161
83 0.72868
84 0.728688
85 0.728762
86 0.729417
87 0.729779
88 0.729074
89 0.730234
90 0.730635
91 0.730255
92 0.731198
93 0.73024
94 0.730795
95 0.730787
96 0.731082
97 0.730907
98 0.731397
99 0.732287
100 0.73165
101 0.731805
102 0.731672
103 0.732884
104 0.732572
105 0.731817
106 0.73204
107 0.733087
108 0.732586
109 0.733765
110 0.732414
111 0.732785
112 0.733438
113 0.733133
114 0.733561
115 0.734408
116 0.733779
117 0.734855
118 0.733901
119 0.734093
120 0.734171
121 0.733727
122 0.734813
123 0.734369
124 0.733918
125 0.73522
126 0.734554
127 0.735688
128 0.734331
129 0.735627
130 0.73555
131 0.735312
132 0.73512
133 0.735833
134 0.735875
135 0.735909
136 0.736416
137 0.736344
138 0.736595
139 0.73637
140 0.736429
141 0.736636
142 0.736664
143 0.736304
144 0.736313
145 0.737027
146 0.737081
147 0.737185
148 0.736744
149 0.737162
150 0.737053
151 0.736827
152 0.736583
153 0.736966
154 0.736939
155 0.737235
156 0.73762
157 0.737732
158 0.73783
159 0.737881
160 0.738166
161 0.737839
162 0.738056
163 0.738165
164 0.73797
165 0.738269
166 0.738127
167 0.738785
168 0.737703
169 0.737386
170 0.738743
171 0.738021
172 0.739014
173 0.738206
174 0.739412
175 0.738134
176 0.738779
177 0.738913
178 0.73842
179 0.738831
180 0.738821
181 0.738625
182 0.738752
183 0.738851
184 0.738565
185 0.739663
186 0.739108
187 0.738853
188 0.74061
189 0.73901
190 0.739515
191 0.739024
192 0.739846
193 0.738769
194 0.739669
195 0.740291
196 0.739293
197 0.740561
198 0.740248
199 0.73983
200 0.7401
201 0.739651
202 0.739396
203 0.740299
204 0.740364
205 0.739449
206 0.740875
207 0.739896
208 0.740319
209 0.741173
210 0.740598
211 0.739817
212 0.740162
213 0.740539
214 0.740203
215 0.740094
216 0.740313
217 0.740142
218 0.740447
219 0.741065
220 0.740466
221 0.74087
222 0.740544
223 0.741457
224 0.740539
225 0.740731
226 0.740617
227 0.740459
228 0.740918
229 0.741178
230 0.740678
231 0.7412
232 0.740633
233 0.741317
234 0.741059
235 0.741415
236 0.74074
237 0.741111
238 0.742094
239 0.741428
240 0.741329
241 0.741517
242 0.741299
243 0.741677
244 0.74071
245 0.740972
246 0.7415
247 0.741638
248 0.74208
249 0.74103
250 0.741367
251 0.741873
252 0.741228
253 0.74136
254 0.742344
255 0.74146
256 0.741583
257 0.742206
258 0.741718
259 0.742355
260 0.742205
261 0.742435
262 0.742608
263 0.741472
264 0.74222
265 0.741946
266 0.742499
267 0.74174
268 0.742349
269 0.742219
270 0.74237
271 0.741756
272 0.741486
273 0.742372
274 0.741494
275 0.741842
276 0.742635
277 0.742358
278 0.742174
279 0.742257
280 0.742987
281 0.7424
282 0.742389
283 0.742693
284 0.742639
285 0.742784
286 0.742847
287 0.742754
288 0.742073
289 0.742637
290 0.743125
291 0.742258
292 0.742748
293 0.742469
294 0.742627
295 0.742348
296 0.743013
297 0.743366
298 0.742761
299 0.742577
300 0.742715
