1 0.333892
2 0.365213
3 0.397375
4 0.425251
5 0.452563
6 0.478026
7 0.50025
8 0.521891
9 0.539776
10 0.556995
11 0.572662
12 0.586736
13 0.600186
14 0.611056
15 0.622048
16 0.632473
17 0.641956
18 0.650276
19 0.658656
20 0.666458
21 0.673214
22 0.679979
23 0.686547
24 0.692389
25 0.698359
26 0.703228
27 0.708852
28 0.713177
29 0.71803
30 0.721373
31 0.726144
32 0.72993
33 0.734325
34 0.737259
35 0.741521
36 0.745242
37 0.748092
38 0.750897
39 0.753862
40 0.756552
41 0.759706
42 0.761838
43 0.764751
44 0.767392
45 0.769894
46 0.772297
47 0.774899
48 0.776253
49 0.779003
50 0.780965
51 0.782686
52 0.785112
53 0.786812
54 0.788374
55 0.790353
56 0.791678
57 0.793813
58 0.795767
59 0.797115
60 0.798984
61 0.799996
62 0.801892
63 0.803869
64 0.804808
65 0.805979
66 0.807374
67 0.809462
68 0.810708
69 0.811247
70 0.81318
71 0.814185
72 0.815657
73 0.816894
74 0.817932
75 0.818802
76 0.819795
77 0.82046
78 0.821906
79 0.823742
80 0.824928
81 0.825049
82 0.826311
83 0.82724
84 0.828265
85 0.82971
86 0.830295
87 0.831261
88 0.832346
89 0.833158
90 0.833578
91 0.834731
92 0.835651
93 0.835523
94 0.837584
95 0.838013
96 0.838303
97 0.839753
98 0.840137
99 0.841429
100 0.841881
101 0.842427
102 0.843508
103 0.844309
104 0.844347
105 0.844657
106 0.846113
107 0.846433
108 0.846879
109 0.848019
110 0.848835
111 0.849634
112 0.850382
113 0.850519
114 0.851009
115 0.851649
116 0.852443
117 0.853512
118 0.853642
119 0.854183
120 0.854606
121 0.85609
122 0.855744
123 0.856345
124 0.856899
125 0.857952
126 0.857764
127 0.858603
128 0.859108
129 0.859576
130 0.859969
131 0.86054
132 0.861505
133 0.861768
134 0.862095
135 0.862623
136 0.863259
137 0.863326
138 0.864035
139 0.864395
140 0.865026
141 0.865528
142 0.865647
143 0.865982
144 0.866473
145 0.867309
146 0.867357
147 0.867979
148 0.868321
149 0.868314
150 0.8691
151 0.869644
152 0.870083
153 0.870207
154 0.870409
155 0.871042
156 0.871814
157 0.871855
158 0.872388
159 0.873021
160 0.873358
161 0.873224
162 0.873976
163 0.874213
164 0.874764
165 0.8751
166 0.875121
167 0.875202
168 0.875459
169 0.876132
170 0.876615
171 0.877039
172 0.876968
173 0.877136
174 0.877978
175 0.878383
176 0.878512
177 0.878843
178 0.879245
179 0.879599
180 0.879854
181 0.880196
182 0.880523
183 0.880978
184 0.881145
185 0.881186
186 0.881512
187 0.882504
188 0.881983
189 0.882717
190 0.882725
191 0.883331
192 0.883348
193 0.883771
194 0.883802
195 0.884345
196 0.884374
197 0.884179
198 0.885123
199 0.885227
200 0.885429
201 0.885776
202 0.886208
203 0.886939
204 0.886787
205 0.8869
206 0.887015
207 0.887459
208 0.887518
209 0.887665
210 0.888641
211 0.887998
212 0.888933
213 0.889058
214 0.889034
215 0.889018
216 0.889716
217 0.890094
218 0.890201
219 0.890719
220 0.890798
221 0.890885
222 0.891377
223 0.891639
224 0.891823
225 0.891905
226 0.891954
227 0.892418
228 0.892515
229 0.892446
230 0.892775
231 0.892996
232 0.893523
233 0.894317
234 0.893648
235 0.89414
236 0.894406
237 0.894258
238 0.894959
239 0.895096
240 0.89493
241 0.895277
242 0.895209
243 0.895571
244 0.896016
245 0.895899
246 0.896742
247 0.896484
248 0.896985
249 0.89706
250 0.897061
251 0.897603
252 0.897756
253 0.897739
254 0.897858
255 0.898235
256 0.898636
257 0.898367
258 0.898636
259 0.899052
260 0.89889
261 0.899224
262 0.899516
263 0.899785
264 0.900001
265 0.900098
266 0.899787
267 0.899865
268 0.900451
269 0.900467
270 0.901064
271 0.900658
272 0.901097
273 0.90131
274 0.90165
275 0.901544
276 0.901837
277 0.902053
278 0.902053
279 0.902076
280 0.902438
281 0.902923
282 0.902708
283 0.902982
284 0.902961
285 0.902957
286 0.903405
287 0.903859
288 0.903441
289 0.903498
290 0.903843
291 0.904276
292 0.904462
293 0.90469
294 0.904905
295 0.904859
296 0.905071
297 0.90516
298 0.905277
299 0.905686
300 0.905788
