1 0.49878
2 0.517136
3 0.529157
4 0.539296
5 0.548128
6 0.555302
7 0.561872
8 0.567603
9 0.572626
10 0.577236
11 0.581412
12 0.585313
13 0.588948
14 0.592282
15 0.595455
16 0.598504
17 0.60136
18 0.60409
19 0.606667
20 0.60919
21 0.611604
22 0.613895
23 0.616078
24 0.618135
25 0.620127
26 0.622049
27 0.623909
28 0.625697
29 0.627445
30 0.629142
31 0.630786
32 0.632399
33 0.633951
34 0.635485
35 0.636989
36 0.63844
37 0.639844
38 0.641219
39 0.642581
40 0.643884
41 0.645153
42 0.646406
43 0.647625
44 0.648806
45 0.649973
46 0.651107
47 0.652216
48 0.653297
49 0.654345
50 0.655368
51 0.656381
52 0.657368
53 0.658346
54 0.659291
55 0.660223
56 0.661146
57 0.662038
58 0.662922
59 0.66379
60 0.664634
61 0.665456
62 0.666275
63 0.66707
64 0.667843
65 0.668608
66 0.669366
67 0.670112
68 0.67084
69 0.671548
70 0.672249
71 0.672931
72 0.67361
73 0.674281
74 0.674925
75 0.675569
76 0.676195
77 0.676819
78 0.677433
79 0.678042
80 0.678643
81 0.679241
82 0.679819
83 0.680385
84 0.68094
85 0.681483
86 0.682036
87 0.682576
88 0.683102
89 0.683615
90 0.684137
91 0.684641
92 0.685141
93 0.68563
94 0.686123
95 0.686593
96 0.687061
97 0.687535
98 0.687994
99 0.688452
100 0.688902
101 0.689347
102 0.689793
103 0.690225
104 0.69066
105 0.691089
106 0.691499
107 0.691923
108 0.692337
109 0.692746
110 0.693158
111 0.693556
112 0.693947
113 0.694345
114 0.694735
115 0.695123
116 0.695498
117 0.695875
118 0.696241
119 0.69661
120 0.696978
121 0.697339
122 0.697696
123 0.698049
124 0.698391
125 0.698733
126 0.699076
127 0.699414
128 0.699751
129 0.700086
130 0.700413
131 0.700735
132 0.701053
133 0.701373
134 0.701689
135 0.702
136 0.702308
137 0.702615
138 0.702925
139 0.703229
140 0.703529
141 0.703833
142 0.704127
143 0.704425
144 0.704717
145 0.705013
146 0.705296
147 0.705576
148 0.705856
149 0.706134
150 0.706407
151 0.706681
152 0.706951
153 0.70722
154 0.70749
155 0.707756
156 0.708022
157 0.708287
158 0.708549
159 0.708812
160 0.709065
161 0.709324
162 0.709578
163 0.709831
164 0.710086
165 0.710336
166 0.710581
167 0.710823
168 0.711067
169 0.711311
170 0.711552
171 0.711787
172 0.712019
173 0.712252
174 0.712486
175 0.712712
176 0.712937
177 0.71316
178 0.713388
179 0.713609
180 0.713826
181 0.714042
182 0.714259
183 0.714474
184 0.714689
185 0.714898
186 0.715111
187 0.715323
188 0.715534
189 0.715745
190 0.715949
191 0.716155
192 0.716357
193 0.716558
194 0.716761
195 0.716958
196 0.717155
197 0.717349
198 0.717546
199 0.717739
200 0.717932
201 0.718126
202 0.718315
203 0.718503
204 0.718692
205 0.718879
206 0.719058
207 0.719247
208 0.719431
209 0.719613
210 0.719792
211 0.719968
212 0.720148
213 0.720325
214 0.720499
215 0.720675
216 0.720848
217 0.721022
218 0.721193
219 0.721368
220 0.721536
221 0.721706
222 0.721873
223 0.72204
224 0.722205
225 0.72237
226 0.722534
227 0.722699
228 0.722862
229 0.723024
230 0.723185
231 0.723347
232 0.723506
233 0.723665
234 0.723821
235 0.723979
236 0.724135
237 0.724287
238 0.724437
239 0.724588
240 0.72474
241 0.724892
242 0.725047
243 0.725195
244 0.725342
245 0.725488
246 0.725636
247 0.72578
248 0.725927
249 0.726074
250 0.72622
251 0.726363
252 0.726504
253 0.726647
254 0.726788
255 0.726928
256 0.727067
257 0.727205
258 0.727344
259 0.72748
260 0.727617
261 0.727752
262 0.727884
263 0.728019
264 0.728152
265 0.728285
266 0.728417
267 0.728549
268 0.728679
269 0.728809
270 0.728938
271 0.729067
272 0.729192
273 0.729319
274 0.729445
275 0.729572
276 0.729696
277 0.72982
278 0.729943
279 0.730066
280 0.730189
281 0.730311
282 0.73043
283 0.730553
284 0.730673
285 0.730792
286 0.730911
287 0.731029
288 0.731147
289 0.731265
290 0.731383
291 0.731503
292 0.73162
293 0.731738
294 0.731853
295 0.731968
296 0.732082
297 0.732195
298 0.732306
299 0.73242
300 0.732533
