1 0.313904
2 0.29614
3 0.284194
4 0.274062
5 0.265547
6 0.258345
7 0.251822
8 0.246138
9 0.241068
10 0.236484
11 0.23232
12 0.228436
13 0.224789
14 0.221452
15 0.218258
16 0.215261
17 0.212417
18 0.209704
19 0.207132
20 0.204637
21 0.202252
22 0.199949
23 0.197743
24 0.195661
25 0.193689
26 0.191781
27 0.189934
28 0.188141
29 0.186398
30 0.184718
31 0.183092
32 0.181498
33 0.179935
34 0.178406
35 0.176915
36 0.175462
37 0.174064
38 0.172699
39 0.17136
40 0.17005
41 0.168768
42 0.167517
43 0.166302
44 0.165117
45 0.163956
46 0.162824
47 0.16172
48 0.160641
49 0.159583
50 0.15855
51 0.157542
52 0.156557
53 0.155586
54 0.154633
55 0.153697
56 0.152782
57 0.151881
58 0.150997
59 0.15013
60 0.149284
61 0.148455
62 0.147644
63 0.146849
64 0.146068
65 0.145301
66 0.14455
67 0.143809
68 0.14308
69 0.142365
70 0.141662
71 0.140971
72 0.140295
73 0.13963
74 0.138974
75 0.138329
76 0.137693
77 0.137069
78 0.136454
79 0.135847
80 0.135248
81 0.134661
82 0.134085
83 0.133519
84 0.132962
85 0.132413
86 0.13187
87 0.131333
88 0.130805
89 0.130282
90 0.129767
91 0.12926
92 0.12876
93 0.128269
94 0.127786
95 0.127308
96 0.126837
97 0.12637
98 0.125907
99 0.125449
100 0.124998
101 0.124551
102 0.12411
103 0.123674
104 0.123243
105 0.122819
106 0.122401
107 0.121985
108 0.121572
109 0.121162
110 0.120754
111 0.120352
112 0.119953
113 0.119558
114 0.11917
115 0.118787
116 0.118407
117 0.118032
118 0.11766
119 0.117292
120 0.11693
121 0.116573
122 0.11622
123 0.11587
124 0.115523
125 0.115181
126 0.114842
127 0.114506
128 0.114174
129 0.113842
130 0.113514
131 0.11319
132 0.112868
133 0.11255
134 0.112235
135 0.111922
136 0.111612
137 0.111303
138 0.110997
139 0.110692
140 0.11039
141 0.110092
142 0.109795
143 0.109501
144 0.109208
145 0.108919
146 0.108633
147 0.108349
148 0.108067
149 0.107788
150 0.107511
151 0.107236
152 0.106963
153 0.106692
154 0.106424
155 0.106158
156 0.105895
157 0.105634
158 0.105374
159 0.105114
160 0.104856
161 0.104599
162 0.104344
163 0.104092
164 0.103842
165 0.103595
166 0.103349
167 0.103105
168 0.102863
169 0.102623
170 0.102383
171 0.102147
172 0.101911
173 0.101678
174 0.101447
175 0.101218
176 0.100991
177 0.100764
178 0.10054
179 0.100318
180 0.100099
181 0.0998806
182 0.0996635
183 0.0994475
184 0.0992334
185 0.09902
186 0.0988078
187 0.0985963
188 0.0983862
189 0.0981779
190 0.0979712
191 0.0977661
192 0.0975627
193 0.0973606
194 0.0971599
195 0.0969607
196 0.0967628
197 0.0965659
198 0.0963716
199 0.0961784
200 0.095986
201 0.0957948
202 0.0956047
203 0.0954162
204 0.0952289
205 0.0950422
206 0.0948573
207 0.0946732
208 0.0944898
209 0.0943077
210 0.094127
211 0.0939471
212 0.0937677
213 0.0935907
214 0.0934148
215 0.0932399
216 0.0930662
217 0.0928935
218 0.0927221
219 0.0925515
220 0.0923817
221 0.0922129
222 0.0920455
223 0.0918792
224 0.0917135
225 0.091549
226 0.0913855
227 0.0912228
228 0.0910603
229 0.0908985
230 0.0907373
231 0.0905768
232 0.0904177
233 0.0902597
234 0.090103
235 0.0899471
236 0.0897923
237 0.089638
238 0.0894848
239 0.0893322
240 0.0891803
241 0.0890291
242 0.0888788
243 0.08873
244 0.0885823
245 0.0884353
246 0.0882891
247 0.0881439
248 0.0879989
249 0.0878544
250 0.0877105
251 0.0875677
252 0.0874254
253 0.0872837
254 0.0871429
255 0.0870024
256 0.0868627
257 0.0867238
258 0.0865857
259 0.0864484
260 0.0863118
261 0.0861763
262 0.0860414
263 0.0859073
264 0.0857736
265 0.0856405
266 0.0855084
267 0.0853771
268 0.0852464
269 0.0851163
270 0.0849871
271 0.0848587
272 0.0847309
273 0.0846037
274 0.0844769
275 0.0843511
276 0.0842261
277 0.0841016
278 0.0839775
279 0.083854
280 0.0837313
281 0.0836088
282 0.0834866
283 0.083365
284 0.0832442
285 0.083124
286 0.0830043
287 0.0828851
288 0.0827664
289 0.0826483
290 0.082531
291 0.082414
292 0.0822971
293 0.0821809
294 0.0820652
295 0.0819499
296 0.0818352
297 0.0817211
298 0.0816075
299 0.0814942
300 0.0813812
