1 0.066565
2 0.0776685
3 0.0869577
4 0.094988
5 0.10228
6 0.10901
7 0.115324
8 0.121266
9 0.126939
10 0.132357
11 0.137541
12 0.142592
13 0.147501
14 0.152249
15 0.156862
16 0.161348
17 0.165719
18 0.169998
19 0.174187
20 0.178308
21 0.182342
22 0.186297
23 0.190176
24 0.193957
25 0.197631
26 0.201231
27 0.204766
28 0.208233
29 0.211635
30 0.214966
31 0.218218
32 0.221423
33 0.224565
34 0.227661
35 0.230704
36 0.23369
37 0.236604
38 0.239458
39 0.242266
40 0.245033
41 0.247761
42 0.250442
43 0.253074
44 0.255656
45 0.258198
46 0.260692
47 0.263138
48 0.265547
49 0.267917
50 0.270244
51 0.272532
52 0.274784
53 0.277001
54 0.27918
55 0.281326
56 0.283441
57 0.285527
58 0.287583
59 0.289608
60 0.291598
61 0.293558
62 0.295492
63 0.2974
64 0.299279
65 0.30113
66 0.302954
67 0.304758
68 0.306537
69 0.308293
70 0.310027
71 0.311739
72 0.31342
73 0.315078
74 0.31672
75 0.318343
76 0.319943
77 0.321523
78 0.323084
79 0.32463
80 0.326158
81 0.327666
82 0.329154
83 0.330623
84 0.332077
85 0.333514
86 0.334937
87 0.336342
88 0.337734
89 0.33911
90 0.340471
91 0.341814
92 0.343142
93 0.344456
94 0.345756
95 0.347042
96 0.348315
97 0.349577
98 0.350831
99 0.352071
100 0.353296
101 0.354509
102 0.355713
103 0.356907
104 0.358088
105 0.359255
106 0.360408
107 0.361555
108 0.362692
109 0.363823
110 0.364945
111 0.366059
112 0.367166
113 0.368261
114 0.369343
115 0.370416
116 0.371479
117 0.372532
118 0.373578
119 0.374613
120 0.37564
121 0.376661
122 0.377673
123 0.378678
124 0.379674
125 0.380661
126 0.38164
127 0.38261
128 0.383577
129 0.384539
130 0.385492
131 0.386439
132 0.387375
133 0.3883
134 0.38922
135 0.390132
136 0.391038
137 0.391938
138 0.392833
139 0.393725
140 0.394611
141 0.395488
142 0.396361
143 0.39723
144 0.398093
145 0.398951
146 0.399802
147 0.400649
148 0.401489
149 0.402325
150 0.403154
151 0.403977
152 0.404795
153 0.405607
154 0.406412
155 0.407213
156 0.408008
157 0.408799
158 0.409585
159 0.410368
160 0.411145
161 0.411919
162 0.412687
163 0.413449
164 0.414208
165 0.414962
166 0.415712
167 0.416458
168 0.417201
169 0.417939
170 0.418673
171 0.4194
172 0.420123
173 0.42084
174 0.421551
175 0.422259
176 0.422963
177 0.423664
178 0.424362
179 0.425055
180 0.425742
181 0.426424
182 0.427103
183 0.427778
184 0.428449
185 0.429116
186 0.42978
187 0.430441
188 0.431098
189 0.431751
190 0.432398
191 0.433042
192 0.433682
193 0.434318
194 0.434952
195 0.435583
196 0.43621
197 0.436831
198 0.437448
199 0.438061
200 0.438671
201 0.439277
202 0.439881
203 0.440482
204 0.44108
205 0.441676
206 0.442268
207 0.442857
208 0.443444
209 0.444028
210 0.444608
211 0.445185
212 0.44576
213 0.446332
214 0.446902
215 0.447469
216 0.448035
217 0.448598
218 0.449158
219 0.449716
220 0.450273
221 0.450827
222 0.451377
223 0.451925
224 0.452471
225 0.453012
226 0.45355
227 0.454086
228 0.454621
229 0.455153
230 0.455683
231 0.456211
232 0.456737
233 0.457259
234 0.457776
235 0.458292
236 0.458804
237 0.459314
238 0.459821
239 0.460326
240 0.460828
241 0.461328
242 0.461826
243 0.462321
244 0.462812
245 0.463302
246 0.463788
247 0.464273
248 0.464758
249 0.46524
250 0.46572
251 0.466198
252 0.466673
253 0.467147
254 0.467619
255 0.468088
256 0.468555
257 0.469021
258 0.469485
259 0.469947
260 0.470407
261 0.470864
262 0.47132
263 0.471773
264 0.472225
265 0.472675
266 0.473124
267 0.473569
268 0.474013
269 0.474454
270 0.474894
271 0.475332
272 0.475767
273 0.476202
274 0.476636
275 0.477067
276 0.477496
277 0.477924
278 0.47835
279 0.478774
280 0.479197
281 0.479618
282 0.480038
283 0.480455
284 0.48087
285 0.481285
286 0.481697
287 0.482108
288 0.482519
289 0.482928
290 0.483335
291 0.483742
292 0.484147
293 0.48455
294 0.484952
295 0.485352
296 0.485751
297 0.486147
298 0.486543
299 0.486938
300 0.487331
