1 0.1002
2 0.10027
3 0.100015
4 0.099928
5 0.10001
6 0.0999973
7 0.100016
8 0.100068
9 0.100004
10 0.1
11 0.106128
12 0.111072
13 0.115456
14 0.119615
15 0.12391
16 0.128144
17 0.131805
18 0.13174
19 0.130357
20 0.127979
21 0.125073
22 0.122176
23 0.120601
24 0.121531
25 0.12286
26 0.123652
27 0.12409
28 0.12453
29 0.125495
30 0.127083
31 0.129043
32 0.131149
33 0.133269
34 0.135343
35 0.137349
36 0.139236
37 0.140836
38 0.14211
39 0.143058
40 0.143673
41 0.144063
42 0.144089
43 0.143915
44 0.14376
45 0.143654
46 0.143653
47 0.143782
48 0.144046
49 0.14445
50 0.144861
51 0.145459
52 0.146234
53 0.147098
54 0.148035
55 0.148995
56 0.149952
57 0.150906
58 0.151793
59 0.152658
60 0.153503
61 0.154304
62 0.154834
63 0.155305
64 0.155759
65 0.156209
66 0.156519
67 0.156832
68 0.157115
69 0.157414
70 0.15776
71 0.158115
72 0.158411
73 0.158707
74 0.159049
75 0.159302
76 0.159592
77 0.160001
78 0.160478
79 0.160998
80 0.161564
81 0.162113
82 0.162689
83 0.163239
84 0.163819
85 0.164423
86 0.165032
87 0.165598
88 0.166148
89 0.166701
90 0.167176
91 0.167667
92 0.168077
93 0.168514
94 0.168956
95 0.169391
96 0.169763
97 0.170181
98 0.170601
99 0.171017
100 0.171426
101 0.171738
102 0.172086
103 0.172494
104 0.172906
105 0.173302
106 0.173732
107 0.174159
108 0.174588
109 0.174997
110 0.175399
111 0.175812
112 0.176155
113 0.176541
114 0.176916
115 0.177287
116 0.17765
117 0.178032
118 0.178419
119 0.178777
120 0.179176
121 0.179604
122 0.180024
123 0.180433
124 0.180859
125 0.181255
126 0.181622
127 0.181979
128 0.182314
129 0.182668
130 0.183041
131 0.183402
132 0.183781
133 0.184165
134 0.184555
135 0.184949
136 0.185335
137 0.185705
138 0.186086
139 0.186462
140 0.186846
141 0.187218
142 0.187595
143 0.187967
144 0.188293
145 0.188631
146 0.188952
147 0.189292
148 0.189652
149 0.190003
150 0.190372
151 0.19074
152 0.191087
153 0.191449
154 0.191794
155 0.192138
156 0.192491
157 0.192845
158 0.193193
159 0.193533
160 0.193859
161 0.194199
162 0.194528
163 0.194857
164 0.195185
165 0.195508
166 0.195826
167 0.196159
168 0.196476
169 0.196802
170 0.197132
171 0.19745
172 0.197762
173 0.198085
174 0.198423
175 0.198763
176 0.199097
177 0.199428
178 0.199741
179 0.200047
180 0.20036
181 0.200675
182 0.200989
183 0.201312
184 0.201642
185 0.201976
186 0.202315
187 0.20264
188 0.202959
189 0.203275
190 0.203591
191 0.203907
192 0.204221
193 0.204538
194 0.204861
195 0.205173
196 0.205489
197 0.205801
198 0.206102
199 0.206411
200 0.206722
201 0.207042
202 0.207354
203 0.207646
204 0.207945
205 0.208244
206 0.208548
207 0.208857
208 0.209159
209 0.209464
210 0.209769
211 0.210066
212 0.210368
213 0.210666
214 0.210965
215 0.211265
216 0.211555
217 0.211852
218 0.21215
219 0.212431
220 0.212722
221 0.213016
222 0.213298
223 0.213581
224 0.213875
225 0.214165
226 0.214449
227 0.21473
228 0.215013
229 0.215298
230 0.215586
231 0.215875
232 0.216159
233 0.216443
234 0.216716
235 0.216997
236 0.217282
237 0.217565
238 0.217848
239 0.218127
240 0.21841
241 0.218692
242 0.218975
243 0.219248
244 0.219522
245 0.219798
246 0.220067
247 0.220336
248 0.220612
249 0.220886
250 0.221157
251 0.221423
252 0.22169
253 0.221957
254 0.222224
255 0.222493
256 0.222762
257 0.223031
258 0.2233
259 0.223572
260 0.223838
261 0.22411
262 0.224378
263 0.224645
264 0.224913
265 0.225179
266 0.225446
267 0.22571
268 0.225969
269 0.226232
270 0.226496
271 0.226755
272 0.227018
273 0.22728
274 0.227544
275 0.227808
276 0.228069
277 0.228328
278 0.228589
279 0.228849
280 0.229107
281 0.229367
282 0.229625
283 0.229881
284 0.230137
285 0.23039
286 0.230641
287 0.23089
288 0.23114
289 0.231386
290 0.231638
291 0.231891
292 0.23214
293 0.232392
294 0.232647
295 0.232904
296 0.233157
297 0.233408
298 0.233657
299 0.233903
300 0.234147
