1 0.500078
2 0.50009
3 0.499943
4 0.49993
5 0.499892
6 0.499989
7 0.500105
8 0.500085
9 0.500048
10 0.500034
11 0.506613
12 0.511992
13 0.516577
14 0.520651
15 0.524533
16 0.528211
17 0.531334
18 0.531404
19 0.530127
20 0.527756
21 0.52474
22 0.521568
23 0.519588
24 0.519973
25 0.521355
26 0.522594
27 0.523469
28 0.524268
29 0.525284
30 0.526724
31 0.528454
32 0.530303
33 0.532144
34 0.533906
35 0.535536
36 0.536991
37 0.538218
38 0.539228
39 0.539973
40 0.540473
41 0.54076
42 0.540774
43 0.540655
44 0.540494
45 0.540362
46 0.540286
47 0.540305
48 0.540431
49 0.540682
50 0.54081
51 0.541199
52 0.541815
53 0.542558
54 0.543363
55 0.54419
56 0.545015
57 0.545859
58 0.546625
59 0.547366
60 0.548099
61 0.548805
62 0.549212
63 0.549584
64 0.549928
65 0.550281
66 0.550513
67 0.550752
68 0.550974
69 0.551196
70 0.55144
71 0.551667
72 0.551867
73 0.552038
74 0.552256
75 0.552454
76 0.552676
77 0.552964
78 0.553286
79 0.553635
80 0.554028
81 0.554369
82 0.554771
83 0.555104
84 0.555504
85 0.555943
86 0.556396
87 0.556819
88 0.557252
89 0.557686
90 0.558035
91 0.55841
92 0.55874
93 0.559086
94 0.55944
95 0.559783
96 0.560086
97 0.560407
98 0.560716
99 0.561004
100 0.561301
101 0.561521
102 0.561759
103 0.562037
104 0.562308
105 0.562542
106 0.562809
107 0.563045
108 0.563307
109 0.563567
110 0.563838
111 0.564121
112 0.564323
113 0.564565
114 0.564819
115 0.565066
116 0.56532
117 0.565591
118 0.565859
119 0.56612
120 0.566398
121 0.566683
122 0.566973
123 0.567253
124 0.567535
125 0.567777
126 0.568013
127 0.568225
128 0.568441
129 0.568676
130 0.568933
131 0.569164
132 0.569407
133 0.56966
134 0.569911
135 0.570163
136 0.570409
137 0.570629
138 0.57087
139 0.571117
140 0.571344
141 0.571571
142 0.571802
143 0.572033
144 0.572226
145 0.572425
146 0.572608
147 0.572813
148 0.573028
149 0.573224
150 0.573444
151 0.573657
152 0.573873
153 0.574089
154 0.574295
155 0.574503
156 0.574707
157 0.574912
158 0.57513
159 0.575334
160 0.575538
161 0.575745
162 0.575952
163 0.576152
164 0.576358
165 0.576563
166 0.576763
167 0.57697
168 0.577167
169 0.577362
170 0.577565
171 0.577763
172 0.577962
173 0.578163
174 0.578369
175 0.578563
176 0.578758
177 0.578952
178 0.579137
179 0.579321
180 0.579505
181 0.579695
182 0.579875
183 0.58006
184 0.580255
185 0.580452
186 0.58065
187 0.580836
188 0.581014
189 0.581188
190 0.581368
191 0.581547
192 0.58173
193 0.581906
194 0.582085
195 0.58226
196 0.582447
197 0.582634
198 0.582805
199 0.582986
200 0.583158
201 0.583335
202 0.583507
203 0.583669
204 0.583841
205 0.584011
206 0.584179
207 0.584352
208 0.584521
209 0.584686
210 0.584856
211 0.585023
212 0.58519
213 0.58536
214 0.585529
215 0.585708
216 0.585878
217 0.586051
218 0.586221
219 0.586376
220 0.586542
221 0.586709
222 0.586877
223 0.587043
224 0.587211
225 0.587372
226 0.587529
227 0.587687
228 0.587845
229 0.588008
230 0.588172
231 0.588332
232 0.588489
233 0.588643
234 0.588786
235 0.588939
236 0.589096
237 0.589249
238 0.589403
239 0.589557
240 0.589714
241 0.589869
242 0.590025
243 0.59017
244 0.590318
245 0.590469
246 0.590611
247 0.590756
248 0.590904
249 0.591055
250 0.5912
251 0.591345
252 0.591486
253 0.591626
254 0.591769
255 0.591915
256 0.592061
257 0.592208
258 0.592354
259 0.592499
260 0.592642
261 0.592791
262 0.592937
263 0.593081
264 0.593228
265 0.593376
266 0.593519
267 0.59366
268 0.593796
269 0.593938
270 0.59408
271 0.594221
272 0.59436
273 0.594502
274 0.594643
275 0.594787
276 0.59493
277 0.595068
278 0.59521
279 0.595349
280 0.595488
281 0.595627
282 0.595767
283 0.5959
284 0.596036
285 0.596172
286 0.596303
287 0.596438
288 0.59657
289 0.596701
290 0.596832
291 0.596966
292 0.5971
293 0.597234
294 0.59737
295 0.597504
296 0.597637
297 0.597768
298 0.5979
299 0.598029
300 0.598158
