1 0.284021
2 0.284186
3 0.283871
4 0.284339
5 0.283702
6 0.284053
7 0.283786
8 0.283945
9 0.284339
10 0.284087
11 0.212434
12 0.213048
13 0.212704
14 0.210133
15 0.204834
16 0.200894
17 0.202646
18 0.251948
19 0.277241
20 0.302087
21 0.320167
22 0.328626
23 0.308685
24 0.254817
25 0.229608
26 0.23044
27 0.237268
28 0.238304
29 0.230507
30 0.216089
31 0.204146
32 0.195984
33 0.1926
34 0.192164
35 0.192956
36 0.195455
37 0.201197
38 0.207799
39 0.215618
40 0.224401
41 0.231607
42 0.242479
43 0.248776
44 0.250155
45 0.24962
46 0.247328
47 0.243178
48 0.237896
49 0.231602
50 0.237057
51 0.22375
52 0.210545
53 0.20302
54 0.198075
55 0.195292
56 0.193769
57 0.191643
58 0.194044
59 0.193064
60 0.19284
61 0.193497
62 0.209735
63 0.211743
64 0.212004
65 0.211952
66 0.218043
67 0.21775
68 0.218542
69 0.217532
70 0.215955
71 0.21604
72 0.218219
73 0.218615
74 0.215869
75 0.217278
76 0.215597
77 0.209659
78 0.205995
79 0.202702
80 0.199342
81 0.202686
82 0.19668
83 0.201178
84 0.195243
85 0.190889
86 0.188957
87 0.190594
88 0.189677
89 0.18783
90 0.195645
91 0.192126
92 0.196071
93 0.193619
94 0.192238
95 0.192261
96 0.195719
97 0.19328
98 0.193082
99 0.194621
100 0.19397
101 0.200794
102 0.198051
103 0.194302
104 0.194086
105 0.197428
106 0.19302
107 0.196491
108 0.1929
109 0.192466
110 0.191075
111 0.189007
112 0.197571
113 0.192086
114 0.19034
115 0.191173
116 0.189611
117 0.187743
118 0.187087
119 0.18746
120 0.184532
121 0.182275
122 0.182341
123 0.182886
124 0.18205
125 0.186113
126 0.187157
127 0.18913
128 0.188838
129 0.185953
130 0.183039
131 0.185421
132 0.183194
133 0.181661
134 0.180737
135 0.179714
136 0.181097
137 0.1828
138 0.180301
139 0.179372
140 0.180329
141 0.181507
142 0.17967
143 0.179626
144 0.183489
145 0.18299
146 0.184423
147 0.180849
148 0.178992
149 0.181968
150 0.177977
151 0.17723
152 0.178043
153 0.177385
154 0.178401
155 0.177301
156 0.177921
157 0.177138
158 0.175144
159 0.176482
160 0.176287
161 0.174741
162 0.174511
163 0.175172
164 0.173683
165 0.173743
166 0.174196
167 0.172295
168 0.17446
169 0.173694
170 0.172858
171 0.172833
172 0.172612
173 0.17126
174 0.169949
175 0.170501
176 0.171688
177 0.171052
178 0.172568
179 0.171889
180 0.171569
181 0.170189
182 0.17095
183 0.170875
184 0.169066
185 0.167854
186 0.167362
187 0.168278
188 0.168757
189 0.170126
190 0.168845
191 0.168674
192 0.168223
193 0.168034
194 0.167597
195 0.167152
196 0.165879
197 0.165317
198 0.167484
199 0.16587
200 0.166144
201 0.165747
202 0.165973
203 0.167701
204 0.165842
205 0.16579
206 0.165782
207 0.164849
208 0.165148
209 0.164407
210 0.162676
211 0.163513
212 0.163427
213 0.163295
214 0.16239
215 0.160663
216 0.161481
217 0.160792
218 0.160513
219 0.162788
220 0.161216
221 0.160617
222 0.160729
223 0.16085
224 0.159609
225 0.160415
226 0.160537
227 0.160054
228 0.1602
229 0.15916
230 0.15857
231 0.158679
232 0.159767
233 0.159754
234 0.161083
235 0.158613
236 0.157701
237 0.158132
238 0.158289
239 0.157914
240 0.15668
241 0.15668
242 0.157152
243 0.158596
244 0.158229
245 0.15767
246 0.15841
247 0.157909
248 0.156086
249 0.156438
250 0.15631
251 0.157144
252 0.156897
253 0.156069
254 0.155914
255 0.155343
256 0.154818
257 0.154431
258 0.154404
259 0.15375
260 0.154662
261 0.153124
262 0.153834
263 0.153236
264 0.152707
265 0.152543
266 0.152256
267 0.152367
268 0.153036
269 0.152007
270 0.151965
271 0.152345
272 0.151392
273 0.150742
274 0.150888
275 0.150426
276 0.15015
277 0.150959
278 0.150061
279 0.149992
280 0.150216
281 0.149827
282 0.149628
283 0.149757
284 0.149408
285 0.149385
286 0.149685
287 0.149526
288 0.149272
289 0.149751
290 0.148617
291 0.148323
292 0.148541
293 0.147995
294 0.147201
295 0.146969
296 0.147819
297 0.147534
298 0.147255
299 0.147514
300 0.147496
