1 0.284021
2 0.284103
3 0.284026
4 0.284104
5 0.284024
6 0.284029
7 0.283994
8 0.283988
9 0.284027
10 0.284033
11 0.277524
12 0.272151
13 0.267578
14 0.263475
15 0.259565
16 0.255898
17 0.252766
18 0.25272
19 0.254011
20 0.256415
21 0.259451
22 0.262595
23 0.264599
24 0.264191
25 0.262808
26 0.261563
27 0.260663
28 0.259865
29 0.258852
30 0.257427
31 0.255708
32 0.253842
33 0.251986
34 0.250227
35 0.24859
36 0.247114
37 0.245873
38 0.244871
39 0.244121
40 0.243628
41 0.243335
42 0.243315
43 0.243442
44 0.243594
45 0.243728
46 0.243806
47 0.243793
48 0.24367
49 0.243424
50 0.243296
51 0.242913
52 0.242291
53 0.24155
54 0.240745
55 0.239918
56 0.239094
57 0.238262
58 0.237499
59 0.236746
60 0.236014
61 0.235317
62 0.234905
63 0.234537
64 0.234185
65 0.233843
66 0.233604
67 0.233367
68 0.233149
69 0.232923
70 0.23268
71 0.232446
72 0.232248
73 0.232062
74 0.231843
75 0.231649
76 0.231437
77 0.231155
78 0.230832
79 0.230476
80 0.230087
81 0.229748
82 0.229345
83 0.229006
84 0.228604
85 0.22816
86 0.227704
87 0.227278
88 0.22685
89 0.226412
90 0.22607
91 0.225697
92 0.225375
93 0.225034
94 0.224685
95 0.224343
96 0.224045
97 0.223728
98 0.223415
99 0.223125
100 0.222833
101 0.222615
102 0.222374
103 0.222101
104 0.221832
105 0.2216
106 0.22133
107 0.221098
108 0.220837
109 0.220577
110 0.220308
111 0.220026
112 0.219826
113 0.21958
114 0.219324
115 0.219079
116 0.218825
117 0.218559
118 0.218293
119 0.218034
120 0.217754
121 0.217461
122 0.217173
123 0.216895
124 0.216614
125 0.21637
126 0.216138
127 0.215925
128 0.215713
129 0.215483
130 0.215233
131 0.215006
132 0.214765
133 0.214516
134 0.214264
135 0.214008
136 0.213766
137 0.21354
138 0.213299
139 0.213055
140 0.212821
141 0.212599
142 0.212367
143 0.212138
144 0.211939
145 0.211739
146 0.211552
147 0.211343
148 0.211125
149 0.210929
150 0.210709
151 0.210488
152 0.210274
153 0.210059
154 0.209854
155 0.209644
156 0.20944
157 0.209235
158 0.209019
159 0.208814
160 0.208611
161 0.208401
162 0.208191
163 0.207989
164 0.20778
165 0.207573
166 0.207372
167 0.207162
168 0.206968
169 0.206771
170 0.206571
171 0.206374
172 0.206178
173 0.205976
174 0.205769
175 0.205567
176 0.205375
177 0.205181
178 0.204998
179 0.204813
180 0.204628
181 0.204438
182 0.204254
183 0.204071
184 0.203881
185 0.203686
186 0.203491
187 0.203303
188 0.203119
189 0.202944
190 0.202765
191 0.202586
192 0.202407
193 0.202229
194 0.202051
195 0.201872
196 0.201688
197 0.201504
198 0.201332
199 0.201154
200 0.200979
201 0.200803
202 0.200631
203 0.200469
204 0.200299
205 0.200131
206 0.199964
207 0.199794
208 0.199628
209 0.199459
210 0.199284
211 0.199114
212 0.198946
213 0.198779
214 0.198609
215 0.198432
216 0.198261
217 0.198088
218 0.197916
219 0.197756
220 0.19759
221 0.197422
222 0.197257
223 0.197094
224 0.196926
225 0.196764
226 0.196604
227 0.196443
228 0.196284
229 0.196122
230 0.195958
231 0.195797
232 0.195642
233 0.195488
234 0.195341
235 0.195184
236 0.195026
237 0.19487
238 0.194716
239 0.194562
240 0.194404
241 0.194248
242 0.194095
243 0.193948
244 0.193802
245 0.193655
246 0.193511
247 0.193367
248 0.193217
249 0.193069
250 0.192922
251 0.19278
252 0.192637
253 0.192493
254 0.192349
255 0.192204
256 0.192058
257 0.191911
258 0.191766
259 0.191619
260 0.191477
261 0.19133
262 0.191187
263 0.191042
264 0.190897
265 0.190752
266 0.190608
267 0.190465
268 0.190325
269 0.190182
270 0.190041
271 0.189902
272 0.18976
273 0.189617
274 0.189476
275 0.189334
276 0.189192
277 0.189054
278 0.188914
279 0.188774
280 0.188636
281 0.188498
282 0.188361
283 0.188224
284 0.188087
285 0.187952
286 0.187818
287 0.187684
288 0.187551
289 0.18742
290 0.187286
291 0.187153
292 0.18702
293 0.186887
294 0.186752
295 0.186617
296 0.186486
297 0.186355
298 0.186224
299 0.186094
300 0.185966
