1 0.1002
2 0.10034
3 0.099506
4 0.099666
5 0.100336
6 0.099936
7 0.100127
8 0.100431
9 0.099495
10 0.099963
11 0.167405
12 0.165463
13 0.168055
14 0.173691
15 0.184034
16 0.191664
17 0.190368
18 0.130645
19 0.105463
20 0.082799
21 0.066945
22 0.06135
23 0.085932
24 0.142928
25 0.154761
26 0.143456
27 0.135475
28 0.136408
29 0.152506
30 0.173137
31 0.187854
32 0.196442
33 0.201089
34 0.203807
35 0.20553
36 0.205306
37 0.19841
38 0.189262
39 0.179061
40 0.167685
41 0.159663
42 0.145138
43 0.136599
44 0.137119
45 0.138985
46 0.143586
47 0.149723
48 0.156451
49 0.163861
50 0.164973
51 0.175401
52 0.18572
53 0.192052
54 0.197698
55 0.200848
56 0.202584
57 0.20431
58 0.202341
59 0.202845
60 0.203361
61 0.20237
62 0.187147
63 0.18452
64 0.184373
65 0.184985
66 0.176644
67 0.177489
68 0.176124
69 0.177715
70 0.181672
71 0.182913
72 0.179486
73 0.18001
74 0.184019
75 0.178025
76 0.181299
77 0.191081
78 0.197231
79 0.201528
80 0.206281
81 0.206085
82 0.209275
83 0.208338
84 0.212019
85 0.21512
86 0.216783
87 0.214317
88 0.213971
89 0.215403
90 0.209406
91 0.211923
92 0.205307
93 0.208739
94 0.210115
95 0.210267
96 0.205049
97 0.21033
98 0.211367
99 0.211762
100 0.211885
101 0.203021
102 0.207202
103 0.214079
104 0.215329
105 0.21452
106 0.218872
107 0.219471
108 0.220396
109 0.219182
110 0.219228
111 0.221236
112 0.214239
113 0.219794
114 0.219313
115 0.219544
116 0.219395
117 0.222397
118 0.223672
119 0.220956
120 0.226763
121 0.230925
122 0.230793
123 0.230399
124 0.2332
125 0.230325
126 0.227558
127 0.226996
128 0.224809
129 0.227933
130 0.231223
131 0.230306
132 0.233507
133 0.234854
134 0.236437
135 0.237728
136 0.237461
137 0.235902
138 0.238377
139 0.238301
140 0.240246
141 0.239235
142 0.24081
143 0.240821
144 0.23489
145 0.237248
146 0.23554
147 0.238979
148 0.242452
149 0.241967
150 0.245355
151 0.245938
152 0.243501
153 0.246552
154 0.244577
155 0.245062
156 0.247264
157 0.248069
158 0.247815
159 0.247247
160 0.245615
161 0.248621
162 0.247539
163 0.248073
164 0.248722
165 0.248477
166 0.248313
167 0.251446
168 0.249432
169 0.251505
170 0.253001
171 0.251364
172 0.251205
173 0.253606
174 0.256918
175 0.25794
176 0.257511
177 0.257696
178 0.255122
179 0.254479
180 0.256507
181 0.257347
182 0.257823
183 0.260105
184 0.262045
185 0.263375
186 0.265031
187 0.263113
188 0.262519
189 0.262709
190 0.263359
191 0.263938
192 0.264148
193 0.265393
194 0.267235
195 0.265744
196 0.267057
197 0.26704
198 0.265315
199 0.267565
200 0.268706
201 0.271051
202 0.270088
203 0.266601
204 0.268691
205 0.26923
206 0.27071
207 0.272648
208 0.271698
209 0.27289
210 0.273487
211 0.272473
212 0.274025
213 0.273878
214 0.274556
215 0.275427
216 0.273972
217 0.276028
218 0.276775
219 0.273654
220 0.276544
221 0.277575
222 0.275679
223 0.276528
224 0.279263
225 0.279329
226 0.278344
227 0.278245
228 0.279204
229 0.280214
230 0.281491
231 0.282373
232 0.281869
233 0.282357
234 0.280314
235 0.282598
236 0.284308
237 0.284455
238 0.284716
239 0.284568
240 0.286137
241 0.286278
242 0.28715
243 0.285435
244 0.286104
245 0.287105
246 0.285932
247 0.28656
248 0.28872
249 0.288825
250 0.288729
251 0.287826
252 0.288719
253 0.289292
254 0.289735
255 0.29078
256 0.291453
257 0.291863
258 0.292501
259 0.293615
260 0.292907
261 0.294842
262 0.294231
263 0.2946
264 0.295481
265 0.295276
266 0.29612
267 0.296127
268 0.294961
269 0.296691
270 0.297505
271 0.296835
272 0.298172
273 0.298584
274 0.299741
275 0.299959
276 0.300086
277 0.299569
278 0.301085
279 0.301076
280 0.301008
281 0.302126
282 0.302168
283 0.302263
284 0.302484
285 0.302202
286 0.302048
287 0.302337
288 0.30266
289 0.302361
290 0.304438
291 0.305322
292 0.30462
293 0.306016
294 0.307176
295 0.308467
296 0.307804
297 0.307786
298 0.307754
299 0.307058
300 0.307251
