1 0.5
2 0.353667
3 0.288847
4 0.249925
5 0.223791
6 0.204273
7 0.189005
8 0.176838
9 0.166815
10 0.158155
11 0.150717
12 0.144296
13 0.138695
14 0.13366
15 0.1295
16 0.126612
17 0.125048
18 0.124922
19 0.124647
20 0.12385
21 0.122163
22 0.119578
23 0.116211
24 0.112958
25 0.110866
26 0.109504
27 0.107856
28 0.105794
29 0.103387
30 0.10109
31 0.099258
32 0.0979654
33 0.0970966
34 0.0964865
35 0.0961201
36 0.0959913
37 0.0961628
38 0.096496
39 0.0969328
40 0.0973432
41 0.0976147
42 0.0975021
43 0.0972151
44 0.0967226
45 0.0960484
46 0.0951741
47 0.0941263
48 0.0929527
49 0.0917359
50 0.0901516
51 0.0888209
52 0.0877493
53 0.0868538
54 0.0860856
55 0.0854603
56 0.0849399
57 0.0845645
58 0.0843716
59 0.084266
60 0.0842319
61 0.0842382
62 0.0844692
63 0.0846851
64 0.0848568
65 0.0849617
66 0.0850506
67 0.0850544
68 0.0849841
69 0.0848448
70 0.0846308
71 0.0843437
72 0.0839697
73 0.0835574
74 0.0831227
75 0.0826528
76 0.0821308
77 0.0816168
78 0.0811543
79 0.080739
80 0.08034
81 0.0799124
82 0.0795725
83 0.0792291
84 0.0789667
85 0.0787638
86 0.0786146
87 0.0784662
88 0.0783283
89 0.078243
90 0.0781968
91 0.078169
92 0.0781778
93 0.0781708
94 0.0781551
95 0.0781308
96 0.0780693
97 0.0779932
98 0.0779146
99 0.0778235
100 0.0777389
101 0.0776501
102 0.0775373
103 0.077424
104 0.0773098
105 0.0771466
106 0.077001
107 0.0768535
108 0.076697
109 0.0765748
110 0.0764584
111 0.0763483
112 0.0762051
113 0.0760791
114 0.0759648
115 0.0758352
116 0.0757185
117 0.0756075
118 0.0755289
119 0.0754469
120 0.0753719
121 0.0753072
122 0.0752513
123 0.0751823
124 0.0751063
125 0.0750482
126 0.0749964
127 0.0749258
128 0.0748421
129 0.0747898
130 0.0747374
131 0.0747084
132 0.0746835
133 0.0746572
134 0.0746209
135 0.0745813
136 0.0745452
137 0.0745076
138 0.0744666
139 0.0744265
140 0.0743676
141 0.074316
142 0.0742633
143 0.0742091
144 0.0741435
145 0.0740876
146 0.0740247
147 0.0739693
148 0.0739112
149 0.0738528
150 0.0738045
151 0.0737606
152 0.0737212
153 0.0736887
154 0.0736471
155 0.0736133
156 0.0735647
157 0.0735151
158 0.0734784
159 0.0734339
160 0.0734059
161 0.0733766
162 0.0733513
163 0.0733101
164 0.0732856
165 0.0732633
166 0.0732452
167 0.0732357
168 0.0732161
169 0.0731917
170 0.0731715
171 0.0731461
172 0.0731198
173 0.0730972
174 0.0730806
175 0.0730646
176 0.0730414
177 0.0730209
178 0.0729968
179 0.07297
180 0.0729443
181 0.0729242
182 0.0729019
183 0.0728806
184 0.0728632
185 0.0728498
186 0.072833
187 0.0728106
188 0.0727902
189 0.0727593
190 0.0727364
191 0.0727229
192 0.0727104
193 0.0726965
194 0.0726786
195 0.0726701
196 0.0726536
197 0.072635
198 0.072611
199 0.0725927
200 0.0725727
201 0.0725519
202 0.0725349
203 0.0725136
204 0.072498
205 0.0724777
206 0.0724541
207 0.0724349
208 0.0724113
209 0.0723949
210 0.0723835
211 0.0723672
212 0.0723587
213 0.0723422
214 0.0723333
215 0.0723302
216 0.0723225
217 0.0723094
218 0.0723
219 0.0722873
220 0.072285
221 0.0722813
222 0.0722714
223 0.072266
224 0.0722617
225 0.072256
226 0.072247
227 0.0722446
228 0.0722422
229 0.0722398
230 0.0722387
231 0.0722349
232 0.0722262
233 0.0722232
234 0.0722156
235 0.0722148
236 0.0722086
237 0.0722042
238 0.0721979
239 0.072192
240 0.0721869
241 0.0721857
242 0.0721847
243 0.0721834
244 0.0721827
245 0.0721777
246 0.0721698
247 0.0721657
248 0.0721671
249 0.0721654
250 0.0721624
251 0.0721588
252 0.0721547
253 0.0721513
254 0.0721516
255 0.0721503
256 0.0721491
257 0.0721472
258 0.0721454
259 0.0721417
260 0.0721376
261 0.072135
262 0.0721282
263 0.0721242
264 0.0721248
265 0.0721281
266 0.0721286
267 0.0721338
268 0.0721351
269 0.0721368
270 0.0721387
271 0.0721376
272 0.0721428
273 0.0721453
274 0.072146
275 0.0721477
276 0.0721521
277 0.0721542
278 0.0721553
279 0.0721565
280 0.0721575
281 0.0721578
282 0.0721584
283 0.0721591
284 0.0721617
285 0.0721645
286 0.0721668
287 0.0721699
288 0.0721742
289 0.0721787
290 0.0721816
291 0.0721833
292 0.0721871
293 0.072189
294 0.072194
295 0.0721957
296 0.0721962
297 0.0722015
298 0.072207
299 0.0722098
300 0.0722145
