1 0.5
2 0.365483
3 0.306931
4 0.273062
5 0.249944
6 0.232952
7 0.220499
8 0.209926
9 0.20146
10 0.194332
11 0.188353
12 0.18297
13 0.178367
14 0.174441
15 0.170529
16 0.167181
17 0.164261
18 0.161377
19 0.158808
20 0.156396
21 0.154325
22 0.152349
23 0.150432
24 0.148809
25 0.147144
26 0.14548
27 0.144068
28 0.142747
29 0.141352
30 0.140149
31 0.139024
32 0.137849
33 0.136838
34 0.135989
35 0.135059
36 0.134011
37 0.133185
38 0.132349
39 0.131502
40 0.130834
41 0.130104
42 0.129333
43 0.128672
44 0.128057
45 0.127232
46 0.126829
47 0.126234
48 0.125649
49 0.124966
50 0.124643
51 0.124144
52 0.123605
53 0.123087
54 0.122804
55 0.122308
56 0.121967
57 0.121577
58 0.121102
59 0.120731
60 0.120329
61 0.120027
62 0.119684
63 0.119327
64 0.118975
65 0.118738
66 0.118307
67 0.117988
68 0.117769
69 0.117503
70 0.1172
71 0.117007
72 0.116734
73 0.116438
74 0.11607
75 0.11608
76 0.115679
77 0.115546
78 0.115256
79 0.114949
80 0.114875
81 0.114563
82 0.11449
83 0.114237
84 0.113992
85 0.113751
86 0.113631
87 0.113491
88 0.113264
89 0.113187
90 0.113067
91 0.112874
92 0.112575
93 0.112427
94 0.112296
95 0.112278
96 0.112059
97 0.111928
98 0.111776
99 0.111703
100 0.111454
101 0.111376
102 0.111302
103 0.111112
104 0.111064
105 0.110909
106 0.110647
107 0.110683
108 0.110551
109 0.110416
110 0.110362
111 0.110116
112 0.110106
113 0.110027
114 0.109945
115 0.109787
116 0.109721
117 0.109615
118 0.109469
119 0.109435
120 0.109326
121 0.109367
122 0.109186
123 0.109048
124 0.10905
125 0.108924
126 0.108835
127 0.108745
128 0.108656
129 0.108504
130 0.108492
131 0.108452
132 0.108486
133 0.108296
134 0.108196
135 0.108144
136 0.108151
137 0.107939
138 0.107916
139 0.107908
140 0.107935
141 0.107822
142 0.10777
143 0.107666
144 0.107606
145 0.107574
146 0.107408
147 0.107437
148 0.107294
149 0.107277
150 0.107261
151 0.107269
152 0.107217
153 0.107135
154 0.107028
155 0.107053
156 0.106971
157 0.106869
158 0.106948
159 0.106849
160 0.106763
161 0.106682
162 0.106704
163 0.106628
164 0.106579
165 0.106482
166 0.106494
167 0.10647
168 0.106452
169 0.106397
170 0.106326
171 0.106332
172 0.106172
173 0.1062
174 0.106208
175 0.106114
176 0.106113
177 0.106051
178 0.106021
179 0.10599
180 0.105972
181 0.105814
182 0.1057
183 0.105576
184 0.105401
185 0.105223
186 0.105234
187 0.105161
188 0.104951
189 0.104918
190 0.104632
191 0.10453
192 0.10443
193 0.104429
194 0.104184
195 0.10415
196 0.104052
197 0.103933
198 0.103862
199 0.103752
200 0.103654
201 0.103468
202 0.103373
203 0.103325
204 0.103252
205 0.103055
206 0.102921
207 0.102938
208 0.102797
209 0.102627
210 0.102575
211 0.102411
212 0.10227
213 0.102244
214 0.102075
215 0.102084
216 0.101914
217 0.101739
218 0.101691
219 0.101639
220 0.101466
221 0.101315
222 0.101141
223 0.101062
224 0.100964
225 0.100788
226 0.100669
227 0.100669
228 0.100545
229 0.100274
230 0.100219
231 0.100059
232 0.0999588
233 0.0998497
234 0.0997185
235 0.0996395
236 0.099408
237 0.0992739
238 0.0991117
239 0.0990707
240 0.0989526
241 0.0988103
242 0.0986328
243 0.0985665
244 0.0983869
245 0.0982628
246 0.0981873
247 0.0979572
248 0.0978957
249 0.0977422
250 0.0976298
251 0.0975318
252 0.0974278
253 0.0973777
254 0.0970998
255 0.0969624
256 0.0967829
257 0.096695
258 0.0966275
259 0.0966222
260 0.0963128
261 0.0962895
262 0.0961309
263 0.0960219
264 0.0958329
265 0.0956946
266 0.0956758
267 0.0955741
268 0.0953241
269 0.0953089
270 0.0951734
271 0.0950604
272 0.0948732
273 0.0949384
274 0.0947404
275 0.0946931
276 0.0944988
277 0.0945451
278 0.0943252
279 0.0942815
280 0.0941825
281 0.0940357
282 0.0939512
283 0.0938124
284 0.0938841
285 0.093684
286 0.0935701
287 0.0935441
288 0.0933775
289 0.093284
290 0.0932597
291 0.093134
292 0.0930163
293 0.0929515
294 0.0929423
295 0.0927701
296 0.0926816
297 0.0926696
298 0.092626
299 0.0925078
300 0.0923718
