1 0.066565
2 0.08859
3 0.100966
4 0.112113
5 0.120812
6 0.129206
7 0.135492
8 0.142542
9 0.14793
10 0.153317
11 0.158423
12 0.163511
13 0.167268
14 0.170702
15 0.175431
16 0.178518
17 0.182121
18 0.184733
19 0.187506
20 0.190641
21 0.193107
22 0.194872
23 0.197782
24 0.200702
25 0.202219
26 0.204832
27 0.206334
28 0.208565
29 0.209955
30 0.211939
31 0.2134
32 0.21496
33 0.216132
34 0.217401
35 0.219175
36 0.220574
37 0.221611
38 0.222812
39 0.224182
40 0.225492
41 0.226908
42 0.226984
43 0.228332
44 0.228897
45 0.229796
46 0.230956
47 0.231525
48 0.232532
49 0.232828
50 0.234515
51 0.234069
52 0.234836
53 0.23591
54 0.237819
55 0.237904
56 0.237786
57 0.238984
58 0.238729
59 0.239895
60 0.240416
61 0.241182
62 0.241072
63 0.242449
64 0.242675
65 0.242579
66 0.242879
67 0.243572
68 0.244035
69 0.244277
70 0.245256
71 0.245285
72 0.245166
73 0.245869
74 0.246744
75 0.246781
76 0.246515
77 0.24713
78 0.247115
79 0.247985
80 0.24855
81 0.248682
82 0.248595
83 0.249001
84 0.249272
85 0.249954
86 0.24976
87 0.250571
88 0.249642
89 0.251341
90 0.250797
91 0.251274
92 0.251542
93 0.251297
94 0.252258
95 0.25212
96 0.252523
97 0.252641
98 0.252883
99 0.252851
100 0.253338
101 0.253463
102 0.25395
103 0.253319
104 0.253791
105 0.253947
106 0.254001
107 0.254196
108 0.254306
109 0.254369
110 0.255161
111 0.255296
112 0.255113
113 0.254897
114 0.255483
115 0.255092
116 0.256508
117 0.255466
118 0.256338
119 0.255718
120 0.256419
121 0.256365
122 0.256624
123 0.256448
124 0.256958
125 0.25664
126 0.257583
127 0.256706
128 0.257599
129 0.257256
130 0.257056
131 0.257865
132 0.257104
133 0.258161
134 0.257888
135 0.257893
136 0.25843
137 0.258411
138 0.258547
139 0.258823
140 0.258187
141 0.25926
142 0.259029
143 0.258571
144 0.25794
145 0.2597
146 0.25902
147 0.259215
148 0.259698
149 0.259657
150 0.259313
151 0.259206
152 0.25977
153 0.259332
154 0.259612
155 0.259745
156 0.259733
157 0.260205
158 0.260641
159 0.260155
160 0.260178
161 0.260092
162 0.26036
163 0.260487
164 0.260553
165 0.260709
166 0.260539
167 0.261455
168 0.26088
169 0.26066
170 0.261172
171 0.261676
172 0.261154
173 0.261232
174 0.260783
175 0.261626
176 0.260797
177 0.262448
178 0.261801
179 0.26167
180 0.26203
181 0.262445
182 0.264001
183 0.266286
184 0.267581
185 0.27023
186 0.273052
187 0.275305
188 0.278792
189 0.281071
190 0.283887
191 0.287889
192 0.290376
193 0.293931
194 0.297777
195 0.301442
196 0.304804
197 0.30846
198 0.312366
199 0.315782
200 0.320288
201 0.323858
202 0.327634
203 0.331416
204 0.334714
205 0.33891
206 0.342223
207 0.345935
208 0.349661
209 0.352898
210 0.3568
211 0.359235
212 0.362232
213 0.365945
214 0.368696
215 0.371464
216 0.374277
217 0.377307
218 0.380258
219 0.383021
220 0.385228
221 0.387823
222 0.390192
223 0.393583
224 0.395391
225 0.398273
226 0.400059
227 0.402109
228 0.404282
229 0.406433
230 0.407739
231 0.409434
232 0.412831
233 0.414472
234 0.41628
235 0.418204
236 0.42003
237 0.421057
238 0.423494
239 0.423931
240 0.425921
241 0.427244
242 0.429984
243 0.430156
244 0.433353
245 0.433934
246 0.435584
247 0.436551
248 0.437859
249 0.439799
250 0.439849
251 0.441757
252 0.443072
253 0.444612
254 0.446416
255 0.446318
256 0.448005
257 0.449379
258 0.450724
259 0.451713
260 0.451889
261 0.454529
262 0.455359
263 0.455994
264 0.457531
265 0.458656
266 0.459407
267 0.460234
268 0.461246
269 0.462987
270 0.463769
271 0.463981
272 0.466491
273 0.465668
274 0.467762
275 0.469006
276 0.469881
277 0.47103
278 0.471048
279 0.473922
280 0.474298
281 0.474577
282 0.477321
283 0.477951
284 0.477575
285 0.480135
286 0.481166
287 0.482186
288 0.48234
289 0.483658
290 0.484834
291 0.485515
292 0.487806
293 0.488655
294 0.489787
295 0.490286
296 0.491684
297 0.492946
298 0.494563
299 0.495406
300 0.496944
