1 0.499598
2 0.53493
3 0.554364
4 0.567431
5 0.57999
6 0.58944
7 0.598084
8 0.604457
9 0.611555
10 0.617034
11 0.620525
12 0.625726
13 0.630163
14 0.634331
15 0.637718
16 0.642251
17 0.644606
18 0.647269
19 0.649517
20 0.65172
21 0.654482
22 0.656609
23 0.658173
24 0.660493
25 0.661893
26 0.664105
27 0.665046
28 0.667073
29 0.668496
30 0.66993
31 0.671169
32 0.672133
33 0.67422
34 0.674083
35 0.675606
36 0.676859
37 0.676883
38 0.677696
39 0.678664
40 0.680386
41 0.680539
42 0.68125
43 0.682049
44 0.683601
45 0.683012
46 0.684164
47 0.684885
48 0.684759
49 0.685535
50 0.686406
51 0.685656
52 0.686593
53 0.688183
54 0.688939
55 0.689504
56 0.689303
57 0.690038
58 0.690937
59 0.690459
60 0.691242
61 0.691556
62 0.691539
63 0.692739
64 0.692603
65 0.692278
66 0.692835
67 0.693336
68 0.693598
69 0.693676
70 0.693709
71 0.695375
72 0.694166
73 0.694439
74 0.695365
75 0.695203
76 0.695655
77 0.69649
78 0.695865
79 0.696781
80 0.696757
81 0.696614
82 0.696262
83 0.697819
84 0.698585
85 0.697476
86 0.697874
87 0.697945
88 0.698779
89 0.698146
90 0.697698
91 0.69775
92 0.698063
93 0.698646
94 0.699676
95 0.700383
96 0.698623
97 0.699646
98 0.700011
99 0.700328
100 0.700448
101 0.699575
102 0.700104
103 0.70025
104 0.701189
105 0.700772
106 0.700472
107 0.701425
108 0.701476
109 0.701792
110 0.701145
111 0.701005
112 0.700026
113 0.700603
114 0.701975
115 0.702201
116 0.701844
117 0.702345
118 0.701773
119 0.702375
120 0.702197
121 0.702704
122 0.703134
123 0.703023
124 0.702348
125 0.702386
126 0.702959
127 0.70356
128 0.702061
129 0.70271
130 0.702999
131 0.702858
132 0.702663
133 0.703006
134 0.70337
135 0.702989
136 0.703006
137 0.702988
138 0.703332
139 0.703783
140 0.703478
141 0.703678
142 0.704458
143 0.703096
144 0.704192
145 0.704392
146 0.704478
147 0.703449
148 0.704353
149 0.703362
150 0.704938
151 0.704601
152 0.703742
153 0.70432
154 0.704556
155 0.704933
156 0.704441
157 0.704503
158 0.704019
159 0.705673
160 0.704937
161 0.705105
162 0.704611
163 0.705036
164 0.705147
165 0.704399
166 0.704972
167 0.704619
168 0.705424
169 0.704926
170 0.705607
171 0.704607
172 0.704326
173 0.705351
174 0.70568
175 0.705752
176 0.705519
177 0.705053
178 0.705284
179 0.704748
180 0.705004
181 0.705672
182 0.705489
183 0.706619
184 0.70641
185 0.706729
186 0.707675
187 0.708154
188 0.709005
189 0.7094
190 0.710069
191 0.711108
192 0.711553
193 0.711565
194 0.712451
195 0.713002
196 0.712958
197 0.714208
198 0.715156
199 0.715723
200 0.716917
201 0.718103
202 0.718789
203 0.718691
204 0.719802
205 0.720194
206 0.722192
207 0.7222
208 0.723905
209 0.724758
210 0.725631
211 0.725787
212 0.726742
213 0.727372
214 0.72865
215 0.729563
216 0.72964
217 0.731067
218 0.731425
219 0.732703
220 0.732582
221 0.734073
222 0.73414
223 0.734873
224 0.73539
225 0.7368
226 0.736883
227 0.73836
228 0.738251
229 0.738393
230 0.739505
231 0.740673
232 0.741038
233 0.741774
234 0.741974
235 0.742668
236 0.74289
237 0.742614
238 0.744899
239 0.744476
240 0.745277
241 0.745662
242 0.745822
243 0.746425
244 0.74714
245 0.747844
246 0.748515
247 0.748746
248 0.748269
249 0.749289
250 0.749205
251 0.749645
252 0.75078
253 0.750496
254 0.750289
255 0.751667
256 0.751783
257 0.752566
258 0.752842
259 0.752395
260 0.75263
261 0.753165
262 0.753536
263 0.754563
264 0.754078
265 0.754285
266 0.753595
267 0.75528
268 0.755744
269 0.7555
270 0.755987
271 0.757103
272 0.756524
273 0.756559
274 0.75718
275 0.757901
276 0.757251
277 0.758464
278 0.757871
279 0.758463
280 0.758992
281 0.758456
282 0.759609
283 0.758821
284 0.759948
285 0.760375
286 0.761175
287 0.760433
288 0.760529
289 0.760984
290 0.761428
291 0.761639
292 0.761556
293 0.761923
294 0.761772
295 0.762141
296 0.762954
297 0.762309
298 0.76303
299 0.762922
300 0.763055
