1 0.499598
2 0.517136
3 0.529761
4 0.539325
5 0.547559
6 0.554669
7 0.560819
8 0.566193
9 0.571255
10 0.575744
11 0.579747
12 0.583967
13 0.587313
14 0.590651
15 0.593901
16 0.596939
17 0.599457
18 0.602268
19 0.604769
20 0.607001
21 0.609392
22 0.611358
23 0.61341
24 0.615278
25 0.617331
26 0.619247
27 0.620721
28 0.62255
29 0.624083
30 0.625374
31 0.627021
32 0.628505
33 0.629865
34 0.630972
35 0.632234
36 0.633685
37 0.634853
38 0.635826
39 0.637027
40 0.638097
41 0.63923
42 0.640093
43 0.641089
44 0.641992
45 0.642922
46 0.6438
47 0.644723
48 0.645561
49 0.646333
50 0.64713
51 0.647865
52 0.648691
53 0.649402
54 0.650186
55 0.650924
56 0.651482
57 0.652252
58 0.652937
59 0.653529
60 0.654153
61 0.654725
62 0.655243
63 0.656116
64 0.656538
65 0.657061
66 0.657677
67 0.658117
68 0.658865
69 0.659216
70 0.659814
71 0.66021
72 0.660657
73 0.661194
74 0.66167
75 0.662133
76 0.662458
77 0.662834
78 0.663246
79 0.663799
80 0.664201
81 0.664684
82 0.664936
83 0.665265
84 0.665775
85 0.666097
86 0.666475
87 0.666896
88 0.667136
89 0.667646
90 0.667934
91 0.668237
92 0.668628
93 0.668945
94 0.669413
95 0.66956
96 0.669919
97 0.670198
98 0.670577
99 0.670731
100 0.671185
101 0.67139
102 0.671898
103 0.672027
104 0.67221
105 0.672488
106 0.672652
107 0.67304
108 0.673385
109 0.673557
110 0.67378
111 0.674149
112 0.674304
113 0.674378
114 0.674719
115 0.675014
116 0.675288
117 0.675255
118 0.675713
119 0.675973
120 0.676038
121 0.67629
122 0.676595
123 0.676832
124 0.67688
125 0.677224
126 0.677475
127 0.677485
128 0.677809
129 0.678003
130 0.678194
131 0.678266
132 0.678401
133 0.678744
134 0.678899
135 0.679092
136 0.679387
137 0.679441
138 0.679651
139 0.679815
140 0.679907
141 0.680157
142 0.680414
143 0.680496
144 0.680525
145 0.680982
146 0.68094
147 0.681083
148 0.681194
149 0.681333
150 0.681547
151 0.681708
152 0.681918
153 0.682029
154 0.682193
155 0.682416
156 0.68242
157 0.682655
158 0.682789
159 0.682817
160 0.682989
161 0.683074
162 0.683128
163 0.683389
164 0.683514
165 0.683711
166 0.683825
167 0.68406
168 0.683981
169 0.684124
170 0.684245
171 0.684495
172 0.684426
173 0.684623
174 0.684612
175 0.68487
176 0.68476
177 0.685264
178 0.685253
179 0.685376
180 0.685405
181 0.685264
182 0.685306
183 0.685507
184 0.685335
185 0.685422
186 0.685418
187 0.685197
188 0.685335
189 0.685241
190 0.685292
191 0.685303
192 0.685174
193 0.685145
194 0.68525
195 0.685337
196 0.685281
197 0.685274
198 0.685291
199 0.685326
200 0.685513
201 0.685557
202 0.685688
203 0.685719
204 0.685939
205 0.686057
206 0.686313
207 0.686564
208 0.686706
209 0.68702
210 0.687206
211 0.687211
212 0.687587
213 0.687823
214 0.688077
215 0.688372
216 0.688567
217 0.688802
218 0.689043
219 0.689369
220 0.689727
221 0.689837
222 0.690181
223 0.690618
224 0.690743
225 0.691217
226 0.691447
227 0.691752
228 0.691896
229 0.692213
230 0.692588
231 0.692887
232 0.693265
233 0.693574
234 0.693713
235 0.694139
236 0.694452
237 0.694686
238 0.695086
239 0.695249
240 0.695565
241 0.695925
242 0.696198
243 0.69651
244 0.696983
245 0.697272
246 0.697404
247 0.697792
248 0.697998
249 0.698332
250 0.698517
251 0.698857
252 0.69906
253 0.699453
254 0.699706
255 0.699936
256 0.70034
257 0.70062
258 0.700811
259 0.700902
260 0.70118
261 0.7015
262 0.701672
263 0.702002
264 0.70225
265 0.702561
266 0.702663
267 0.702927
268 0.703185
269 0.703467
270 0.703751
271 0.703972
272 0.70426
273 0.704281
274 0.704672
275 0.704856
276 0.705095
277 0.705175
278 0.705574
279 0.705752
280 0.705867
281 0.706159
282 0.706439
283 0.706651
284 0.706716
285 0.707076
286 0.707265
287 0.707461
288 0.707596
289 0.707802
290 0.70797
291 0.708234
292 0.708449
293 0.708672
294 0.708808
295 0.708886
296 0.709136
297 0.70929
298 0.70947
299 0.709652
300 0.709842
