1 0.313904
2 0.296091
3 0.284036
4 0.274497
5 0.26632
6 0.259367
7 0.253219
8 0.247652
9 0.242641
10 0.238194
11 0.233942
12 0.229965
13 0.226555
14 0.223226
15 0.220079
16 0.216928
17 0.214306
18 0.211583
19 0.209052
20 0.206841
21 0.204504
22 0.202523
23 0.200469
24 0.19851
25 0.196572
26 0.194675
27 0.193072
28 0.191284
29 0.189789
30 0.188474
31 0.186839
32 0.185358
33 0.184069
34 0.18287
35 0.181618
36 0.180084
37 0.17895
38 0.177921
39 0.176806
40 0.175706
41 0.174612
42 0.173757
43 0.172732
44 0.171898
45 0.170976
46 0.170041
47 0.169141
48 0.168263
49 0.167488
50 0.166671
51 0.165976
52 0.165145
53 0.164385
54 0.163629
55 0.162882
56 0.16233
57 0.161537
58 0.160871
59 0.160237
60 0.15969
61 0.15906
62 0.158619
63 0.157733
64 0.157356
65 0.156806
66 0.156195
67 0.155757
68 0.154988
69 0.154619
70 0.154066
71 0.153634
72 0.153246
73 0.152698
74 0.152311
75 0.151771
76 0.151453
77 0.151051
78 0.150635
79 0.150114
80 0.149671
81 0.149223
82 0.148962
83 0.148578
84 0.148157
85 0.147796
86 0.147413
87 0.146976
88 0.146752
89 0.146269
90 0.145952
91 0.145655
92 0.145276
93 0.144972
94 0.144497
95 0.144288
96 0.144013
97 0.143716
98 0.143322
99 0.143181
100 0.142712
101 0.142548
102 0.141985
103 0.14194
104 0.141747
105 0.141403
106 0.141235
107 0.140866
108 0.140537
109 0.140424
110 0.140147
111 0.139779
112 0.139652
113 0.139567
114 0.139179
115 0.138967
116 0.138626
117 0.138649
118 0.138186
119 0.137926
120 0.137867
121 0.137621
122 0.137319
123 0.137092
124 0.136977
125 0.136693
126 0.136414
127 0.136428
128 0.13613
129 0.135892
130 0.135719
131 0.135624
132 0.135481
133 0.135192
134 0.13501
135 0.134795
136 0.134541
137 0.134482
138 0.134289
139 0.13408
140 0.134006
141 0.133798
142 0.133501
143 0.133422
144 0.133383
145 0.132938
146 0.132975
147 0.132846
148 0.132726
149 0.132584
150 0.132336
151 0.132175
152 0.132026
153 0.131882
154 0.1317
155 0.131501
156 0.131501
157 0.131272
158 0.131141
159 0.131117
160 0.130932
161 0.130857
162 0.130761
163 0.130541
164 0.130412
165 0.130191
166 0.130081
167 0.129846
168 0.129949
169 0.129769
170 0.129664
171 0.129378
172 0.129476
173 0.129275
174 0.129261
175 0.129026
176 0.129132
177 0.128643
178 0.128673
179 0.128534
180 0.128531
181 0.12864
182 0.128601
183 0.128416
184 0.128614
185 0.128479
186 0.128483
187 0.128685
188 0.128563
189 0.128666
190 0.128633
191 0.128625
192 0.128771
193 0.128767
194 0.128648
195 0.128579
196 0.128626
197 0.128663
198 0.128608
199 0.128605
200 0.128388
201 0.128374
202 0.128218
203 0.12823
204 0.127966
205 0.127863
206 0.12757
207 0.127365
208 0.127228
209 0.126877
210 0.126702
211 0.126683
212 0.126327
213 0.126078
214 0.125843
215 0.12554
216 0.125353
217 0.125131
218 0.124834
219 0.12453
220 0.12419
221 0.124071
222 0.123727
223 0.123306
224 0.123155
225 0.122719
226 0.122475
227 0.122159
228 0.121971
229 0.121683
230 0.121329
231 0.121014
232 0.12064
233 0.120342
234 0.120217
235 0.119748
236 0.119454
237 0.119241
238 0.118822
239 0.118645
240 0.118358
241 0.118004
242 0.11771
243 0.117397
244 0.11695
245 0.116607
246 0.116545
247 0.116116
248 0.115919
249 0.115586
250 0.115402
251 0.11506
252 0.11486
253 0.114481
254 0.114211
255 0.114002
256 0.113603
257 0.113307
258 0.113098
259 0.113014
260 0.112737
261 0.112412
262 0.112225
263 0.111913
264 0.111667
265 0.111349
266 0.111242
267 0.110979
268 0.110728
269 0.110453
270 0.110213
271 0.109966
272 0.109652
273 0.109669
274 0.109255
275 0.109068
276 0.108823
277 0.108748
278 0.108363
279 0.108169
280 0.108059
281 0.10778
282 0.107479
283 0.10728
284 0.10721
285 0.106839
286 0.106655
287 0.106436
288 0.10634
289 0.106126
290 0.105943
291 0.105694
292 0.105465
293 0.105238
294 0.105124
295 0.105036
296 0.104798
297 0.104627
298 0.104471
299 0.104272
300 0.104076
