1 0.5
2 0.498779
3 0.497036
4 0.495433
5 0.493561
6 0.491936
7 0.490286
8 0.488968
9 0.487397
10 0.486111
11 0.485257
12 0.483936
13 0.482761
14 0.481618
15 0.48066
16 0.479338
17 0.478633
18 0.477821
19 0.477122
20 0.476426
21 0.475538
22 0.474841
23 0.474323
24 0.473543
25 0.473066
26 0.472303
27 0.471975
28 0.471261
29 0.470754
30 0.470239
31 0.469789
32 0.469437
33 0.468666
34 0.468717
35 0.468149
36 0.467677
37 0.467668
38 0.467359
39 0.46699
40 0.466328
41 0.466269
42 0.465993
43 0.465681
44 0.465071
45 0.465303
46 0.464849
47 0.464562
48 0.464613
49 0.464303
50 0.463954
51 0.464255
52 0.463879
53 0.463236
54 0.462928
55 0.462697
56 0.46278
57 0.462478
58 0.462108
59 0.462305
60 0.461982
61 0.461852
62 0.461859
63 0.461359
64 0.461416
65 0.461552
66 0.461319
67 0.461109
68 0.460999
69 0.460967
70 0.460953
71 0.460249
72 0.460761
73 0.460645
74 0.460253
75 0.460322
76 0.46013
77 0.459774
78 0.460041
79 0.45965
80 0.45966
81 0.459721
82 0.459872
83 0.459204
84 0.458873
85 0.459352
86 0.45918
87 0.45915
88 0.458789
89 0.459063
90 0.459256
91 0.459234
92 0.459099
93 0.458847
94 0.4584
95 0.458091
96 0.458857
97 0.458413
98 0.458254
99 0.458115
100 0.458063
101 0.458444
102 0.458213
103 0.458149
104 0.457738
105 0.457921
106 0.458052
107 0.457634
108 0.457611
109 0.457472
110 0.457757
111 0.457818
112 0.458247
113 0.457995
114 0.457391
115 0.457291
116 0.457449
117 0.457228
118 0.45748
119 0.457214
120 0.457293
121 0.457069
122 0.456878
123 0.456927
124 0.457226
125 0.45721
126 0.456956
127 0.456688
128 0.457353
129 0.457066
130 0.456938
131 0.457
132 0.457087
133 0.456935
134 0.456773
135 0.456942
136 0.456935
137 0.456943
138 0.45679
139 0.456589
140 0.456725
141 0.456635
142 0.456287
143 0.456895
144 0.456406
145 0.456316
146 0.456278
147 0.456738
148 0.456334
149 0.456776
150 0.456071
151 0.456223
152 0.456607
153 0.456349
154 0.456243
155 0.456074
156 0.456294
157 0.456267
158 0.456483
159 0.45574
160 0.456072
161 0.455996
162 0.456218
163 0.456027
164 0.455977
165 0.456313
166 0.456056
167 0.456215
168 0.455853
169 0.456077
170 0.45577
171 0.45622
172 0.456346
173 0.455886
174 0.455737
175 0.455705
176 0.45581
177 0.45602
178 0.455916
179 0.456157
180 0.456042
181 0.455741
182 0.455823
183 0.455312
184 0.455407
185 0.455262
186 0.454832
187 0.454613
188 0.454222
189 0.45404
190 0.453731
191 0.453248
192 0.453041
193 0.453035
194 0.45262
195 0.452361
196 0.452382
197 0.451792
198 0.451341
199 0.45107
200 0.450497
201 0.449924
202 0.449591
203 0.449639
204 0.449097
205 0.448905
206 0.447919
207 0.447915
208 0.447065
209 0.446637
210 0.446197
211 0.446118
212 0.445633
213 0.445312
214 0.444657
215 0.444186
216 0.444147
217 0.443406
218 0.443219
219 0.442549
220 0.442613
221 0.441826
222 0.441791
223 0.441402
224 0.441126
225 0.440371
226 0.440326
227 0.439528
228 0.439588
229 0.439511
230 0.438906
231 0.438266
232 0.438066
233 0.43766
234 0.437549
235 0.437165
236 0.437041
237 0.437195
238 0.435919
239 0.436156
240 0.435706
241 0.435489
242 0.435399
243 0.435058
244 0.434652
245 0.434251
246 0.433868
247 0.433735
248 0.434008
249 0.433423
250 0.433472
251 0.433218
252 0.432562
253 0.432727
254 0.432847
255 0.432047
256 0.431979
257 0.431522
258 0.43136
259 0.431622
260 0.431484
261 0.431171
262 0.430953
263 0.430347
264 0.430633
265 0.430511
266 0.430918
267 0.429922
268 0.429646
269 0.429791
270 0.429501
271 0.428834
272 0.429181
273 0.42916
274 0.428788
275 0.428355
276 0.428745
277 0.428015
278 0.428373
279 0.428016
280 0.427696
281 0.42802
282 0.427322
283 0.4278
284 0.427116
285 0.426856
286 0.426366
287 0.42682
288 0.426762
289 0.426483
290 0.426211
291 0.426082
292 0.426133
293 0.425907
294 0.426
295 0.425773
296 0.425272
297 0.42567
298 0.425225
299 0.425291
300 0.425209
