1 0.066565
2 0.0775775
3 0.0855587
4 0.0921053
5 0.0979652
6 0.103186
7 0.107715
8 0.112175
9 0.115912
10 0.119776
11 0.123443
12 0.12686
13 0.129651
14 0.132471
15 0.135851
16 0.138226
17 0.140898
18 0.143159
19 0.145544
20 0.147874
21 0.150035
22 0.151678
23 0.153777
24 0.156233
25 0.157853
26 0.159912
27 0.161358
28 0.163521
29 0.164843
30 0.166332
31 0.167787
32 0.169379
33 0.170711
34 0.172016
35 0.173278
36 0.174881
37 0.176296
38 0.177227
39 0.178583
40 0.17994
41 0.18125
42 0.181699
43 0.183145
44 0.18396
45 0.184784
46 0.186116
47 0.186885
48 0.187813
49 0.18845
50 0.190037
51 0.190231
52 0.191109
53 0.192278
54 0.193879
55 0.194543
56 0.19469
57 0.195851
58 0.195999
59 0.197176
60 0.197851
61 0.198574
62 0.198835
63 0.200342
64 0.200608
65 0.201039
66 0.201629
67 0.202301
68 0.202917
69 0.203451
70 0.204628
71 0.204946
72 0.204772
73 0.205689
74 0.206786
75 0.207162
76 0.207097
77 0.207669
78 0.208064
79 0.209064
80 0.209662
81 0.210128
82 0.210409
83 0.210876
84 0.211287
85 0.211996
86 0.212053
87 0.212997
88 0.212427
89 0.213844
90 0.213811
91 0.214473
92 0.214973
93 0.21488
94 0.215918
95 0.215986
96 0.216555
97 0.216924
98 0.217333
99 0.217493
100 0.217956
101 0.218227
102 0.219098
103 0.218645
104 0.21924
105 0.219628
106 0.219576
107 0.220135
108 0.220427
109 0.220597
110 0.221336
111 0.221592
112 0.221706
113 0.221591
114 0.222292
115 0.222325
116 0.223637
117 0.222738
118 0.223938
119 0.223405
120 0.224027
121 0.224093
122 0.224744
123 0.224762
124 0.225167
125 0.224986
126 0.226029
127 0.225488
128 0.226252
129 0.226241
130 0.22633
131 0.226919
132 0.226472
133 0.227484
134 0.227396
135 0.227544
136 0.228193
137 0.228176
138 0.22854
139 0.228851
140 0.228529
141 0.229605
142 0.229432
143 0.229165
144 0.228797
145 0.23065
146 0.229942
147 0.230372
148 0.230744
149 0.230737
150 0.230646
151 0.230782
152 0.231347
153 0.231179
154 0.231566
155 0.231789
156 0.231794
157 0.232215
158 0.232851
159 0.2324
160 0.23258
161 0.23259
162 0.233011
163 0.233
164 0.233355
165 0.233632
166 0.233563
167 0.234377
168 0.234069
169 0.233934
170 0.234437
171 0.234906
172 0.234607
173 0.234782
174 0.234567
175 0.235432
176 0.234683
177 0.236208
178 0.235818
179 0.235822
180 0.235787
181 0.235605
182 0.23617
183 0.237189
184 0.236778
185 0.237826
186 0.238771
187 0.239041
188 0.240414
189 0.240778
190 0.241237
191 0.242417
192 0.242711
193 0.243703
194 0.244907
195 0.245771
196 0.246591
197 0.247379
198 0.248673
199 0.249317
200 0.250902
201 0.251866
202 0.252886
203 0.254184
204 0.255051
205 0.256325
206 0.257403
207 0.258671
208 0.260008
209 0.261325
210 0.262705
211 0.262945
212 0.264191
213 0.265898
214 0.266881
215 0.268176
216 0.269047
217 0.270175
218 0.271506
219 0.272931
220 0.273925
221 0.274803
222 0.275989
223 0.277738
224 0.278378
225 0.279834
226 0.280685
227 0.281954
228 0.282875
229 0.283721
230 0.284581
231 0.285521
232 0.287525
233 0.288216
234 0.289138
235 0.290475
236 0.291358
237 0.292117
238 0.293436
239 0.293743
240 0.294844
241 0.295738
242 0.297348
243 0.297819
244 0.299832
245 0.300362
246 0.30118
247 0.302029
248 0.302789
249 0.303931
250 0.303962
251 0.305434
252 0.306262
253 0.307551
254 0.308596
255 0.308638
256 0.309819
257 0.310742
258 0.311764
259 0.312173
260 0.312485
261 0.314234
262 0.31453
263 0.315478
264 0.316407
265 0.317476
266 0.317815
267 0.31848
268 0.319177
269 0.320464
270 0.321089
271 0.32137
272 0.322915
273 0.322446
274 0.323955
275 0.324658
276 0.325336
277 0.32599
278 0.326367
279 0.328186
280 0.328387
281 0.328825
282 0.33036
283 0.331052
284 0.330771
285 0.332301
286 0.332953
287 0.333564
288 0.333741
289 0.334482
290 0.335413
291 0.336078
292 0.337519
293 0.338029
294 0.338707
295 0.33909
296 0.339826
297 0.340593
298 0.341506
299 0.342099
300 0.342993
