1 0.313904
2 0.278277
3 0.260178
4 0.245693
5 0.233992
6 0.224389
7 0.216339
8 0.209046
9 0.202636
10 0.197286
11 0.192216
12 0.187405
13 0.183398
14 0.179627
15 0.17593
16 0.172679
17 0.169704
18 0.166877
19 0.164407
20 0.161994
21 0.159549
22 0.157756
23 0.155569
24 0.153552
25 0.151935
26 0.150094
27 0.14867
28 0.14697
29 0.145758
30 0.144516
31 0.143033
32 0.141813
33 0.140776
34 0.139744
35 0.13863
36 0.137355
37 0.136507
38 0.135716
39 0.134796
40 0.133966
41 0.133052
42 0.13251
43 0.131819
44 0.13116
45 0.130468
46 0.129948
47 0.129205
48 0.128471
49 0.128046
50 0.127352
51 0.127029
52 0.126476
53 0.125921
54 0.125304
55 0.124932
56 0.124653
57 0.123989
58 0.123641
59 0.123205
60 0.122887
61 0.122485
62 0.122301
63 0.121657
64 0.121449
65 0.121234
66 0.12089
67 0.12062
68 0.120046
69 0.11998
70 0.119574
71 0.119319
72 0.119129
73 0.118825
74 0.118618
75 0.118389
76 0.118241
77 0.117917
78 0.117812
79 0.117489
80 0.117219
81 0.117042
82 0.11696
83 0.116668
84 0.116494
85 0.116257
86 0.116154
87 0.115853
88 0.11583
89 0.115408
90 0.115417
91 0.115321
92 0.115131
93 0.114981
94 0.114672
95 0.114563
96 0.114526
97 0.114412
98 0.114121
99 0.114193
100 0.113828
101 0.11384
102 0.113425
103 0.11356
104 0.113576
105 0.113315
106 0.113307
107 0.113129
108 0.113015
109 0.11298
110 0.112718
111 0.112523
112 0.112605
113 0.112649
114 0.112319
115 0.112413
116 0.112153
117 0.112212
118 0.112016
119 0.111801
120 0.111808
121 0.111696
122 0.11161
123 0.111505
124 0.111493
125 0.111291
126 0.111166
127 0.111305
128 0.11108
129 0.11101
130 0.110973
131 0.110964
132 0.11094
133 0.110764
134 0.110735
135 0.110581
136 0.110441
137 0.11042
138 0.1104
139 0.110248
140 0.11037
141 0.110178
142 0.110009
143 0.110101
144 0.110135
145 0.109837
146 0.109902
147 0.109948
148 0.109817
149 0.109731
150 0.109658
151 0.109655
152 0.109565
153 0.109573
154 0.10949
155 0.109349
156 0.109404
157 0.109203
158 0.109235
159 0.109263
160 0.109145
161 0.109219
162 0.10922
163 0.108977
164 0.109037
165 0.108823
166 0.108865
167 0.108658
168 0.108868
169 0.108792
170 0.108723
171 0.108497
172 0.108723
173 0.108612
174 0.108691
175 0.108542
176 0.108724
177 0.108219
178 0.108399
179 0.108346
180 0.108246
181 0.108213
182 0.107983
183 0.107454
184 0.107302
185 0.106731
186 0.10625
187 0.105949
188 0.10532
189 0.104939
190 0.104287
191 0.103543
192 0.103142
193 0.102411
194 0.101601
195 0.100925
196 0.100238
197 0.0994803
198 0.0987407
199 0.0980456
200 0.09698
201 0.0963218
202 0.0953911
203 0.0948015
204 0.0938106
205 0.0929147
206 0.0920233
207 0.0911077
208 0.0903415
209 0.0894019
210 0.0885991
211 0.0879281
212 0.087028
213 0.0862444
214 0.085476
215 0.0846631
216 0.0838812
217 0.0831828
218 0.0823974
219 0.0817425
220 0.0809067
221 0.0802954
222 0.0796002
223 0.0786857
224 0.078191
225 0.0773667
226 0.0768371
227 0.0761957
228 0.0756533
229 0.0750064
230 0.0744381
231 0.0738503
232 0.073069
233 0.0725558
234 0.0721412
235 0.0714464
236 0.0709195
237 0.0704833
238 0.0698016
239 0.0695736
240 0.0689593
241 0.0684734
242 0.0679663
243 0.0675474
244 0.0669355
245 0.0665197
246 0.0661488
247 0.0656941
248 0.0654355
249 0.0648535
250 0.0645419
251 0.0641357
252 0.0638045
253 0.0633608
254 0.0629501
255 0.0626472
256 0.0621383
257 0.0618255
258 0.0614734
259 0.0613417
260 0.060917
261 0.0605637
262 0.0602437
263 0.059974
264 0.0596064
265 0.0592723
266 0.0591227
267 0.0587862
268 0.0584453
269 0.0581868
270 0.0578657
271 0.0576372
272 0.0571994
273 0.0572674
274 0.0567678
275 0.056483
276 0.056215
277 0.056118
278 0.0556676
279 0.0554575
280 0.0551659
281 0.0550729
282 0.0545565
283 0.0544158
284 0.0543658
285 0.0538609
286 0.0535992
287 0.0533672
288 0.0532454
289 0.0529931
290 0.0527704
291 0.0525087
292 0.0522227
293 0.0519915
294 0.0518199
295 0.0517339
296 0.0513369
297 0.0511621
298 0.0509309
299 0.0506689
300 0.05037
