1 0.50031
2 0.573896
3 0.573626
4 0.609257
5 0.609537
6 0.630484
7 0.633162
8 0.648215
9 0.651824
10 0.662567
11 0.666471
12 0.673623
13 0.680299
14 0.684881
15 0.690427
16 0.694682
17 0.699028
18 0.70305
19 0.706644
20 0.711168
21 0.714465
22 0.718176
23 0.721412
24 0.724075
25 0.727026
26 0.730269
27 0.73223
28 0.734464
29 0.73848
30 0.740013
31 0.743322
32 0.745484
33 0.746278
34 0.748882
35 0.751188
36 0.753474
37 0.754913
38 0.75673
39 0.75851
40 0.761631
41 0.762864
42 0.764556
43 0.766196
44 0.767727
45 0.769275
46 0.77002
47 0.772084
48 0.774271
49 0.775105
50 0.776614
51 0.777661
52 0.780064
53 0.779823
54 0.781679
55 0.78267
56 0.784571
57 0.785155
58 0.786452
59 0.787283
60 0.788616
61 0.790628
62 0.790831
63 0.792576
64 0.793385
65 0.793725
66 0.794694
67 0.796034
68 0.797263
69 0.79823
70 0.798905
71 0.799366
72 0.801109
73 0.802424
74 0.802827
75 0.803545
76 0.805161
77 0.805659
78 0.806032
79 0.806841
80 0.807928
81 0.808301
82 0.809009
83 0.810076
84 0.810926
85 0.812167
86 0.812344
87 0.813215
88 0.813794
89 0.814015
90 0.815254
91 0.815985
92 0.816281
93 0.817612
94 0.817703
95 0.818694
96 0.818788
97 0.819229
98 0.82011
99 0.820864
100 0.8218
101 0.822456
102 0.822772
103 0.822793
104 0.823473
105 0.824944
106 0.825095
107 0.825166
108 0.826274
109 0.826556
110 0.827322
111 0.828519
112 0.828335
113 0.82864
114 0.829808
115 0.82993
116 0.830173
117 0.830629
118 0.831235
119 0.832666
120 0.832542
121 0.833041
122 0.833773
123 0.834022
124 0.835137
125 0.834541
126 0.834927
127 0.835583
128 0.835665
129 0.837128
130 0.837343
131 0.837803
132 0.838101
133 0.838285
134 0.838533
135 0.839439
136 0.839464
137 0.840155
138 0.840603
139 0.841004
140 0.841315
141 0.841572
142 0.842671
143 0.843156
144 0.843276
145 0.843914
146 0.843771
147 0.844178
148 0.844421
149 0.845243
150 0.844898
151 0.845169
152 0.846528
153 0.846671
154 0.846273
155 0.846941
156 0.847846
157 0.847835
158 0.848112
159 0.847464
160 0.848142
161 0.849376
162 0.849362
163 0.850106
164 0.850119
165 0.850543
166 0.850555
167 0.85084
168 0.85168
169 0.851438
170 0.851837
171 0.852217
172 0.853006
173 0.852806
174 0.853203
175 0.853799
176 0.853807
177 0.854476
178 0.854696
179 0.854907
180 0.85491
181 0.855254
182 0.855505
183 0.855516
184 0.856444
185 0.856835
186 0.857324
187 0.857614
188 0.857647
189 0.857779
190 0.857768
191 0.858473
192 0.858754
193 0.858595
194 0.859668
195 0.859161
196 0.860113
197 0.860177
198 0.859996
199 0.860771
200 0.860531
201 0.860766
202 0.861086
203 0.861321
204 0.862103
205 0.861889
206 0.862359
207 0.862044
208 0.86259
209 0.862746
210 0.862558
211 0.862999
212 0.863641
213 0.863914
214 0.864077
215 0.863777
216 0.864433
217 0.864665
218 0.865237
219 0.864943
220 0.865823
221 0.865593
222 0.865317
223 0.865788
224 0.866724
225 0.865959
226 0.866921
227 0.867174
228 0.866964
229 0.867935
230 0.867917
231 0.867391
232 0.868181
233 0.868255
234 0.868672
235 0.868713
236 0.869447
237 0.868672
238 0.869759
239 0.869679
240 0.869236
241 0.869911
242 0.869701
243 0.871024
244 0.870508
245 0.871199
246 0.871247
247 0.871253
248 0.871028
249 0.872015
250 0.871243
251 0.871868
252 0.871518
253 0.871987
254 0.872685
255 0.872572
256 0.872967
257 0.873076
258 0.873469
259 0.873575
260 0.873801
261 0.873677
262 0.873848
263 0.873901
264 0.874531
265 0.874311
266 0.874652
267 0.874946
268 0.8753
269 0.875371
270 0.87505
271 0.875623
272 0.875719
273 0.876043
274 0.876093
275 0.876202
276 0.876595
277 0.876312
278 0.876714
279 0.877034
280 0.876841
281 0.877807
282 0.877681
283 0.877361
284 0.87756
285 0.877633
286 0.878033
287 0.878307
288 0.878316
289 0.878331
290 0.878802
291 0.878308
292 0.8792
293 0.879032
294 0.879153
295 0.879411
296 0.880187
297 0.879678
298 0.880369
299 0.880058
300 0.880361
