1 0.50031
2 0.537103
3 0.549097
4 0.564156
5 0.573415
6 0.58218
7 0.589969
8 0.597091
9 0.603171
10 0.608988
11 0.61411
12 0.619227
13 0.624414
14 0.628121
15 0.632684
16 0.636191
17 0.640546
18 0.643528
19 0.646433
20 0.650002
21 0.65327
22 0.655889
23 0.65905
24 0.661284
25 0.66415
26 0.666744
27 0.668843
28 0.670786
29 0.67408
30 0.67578
31 0.678114
32 0.680352
33 0.681357
34 0.683774
35 0.685557
36 0.687874
37 0.689327
38 0.691198
39 0.692787
40 0.695102
41 0.696592
42 0.698464
43 0.699536
44 0.701386
45 0.703062
46 0.703904
47 0.705701
48 0.707373
49 0.708371
50 0.710096
51 0.71112
52 0.712976
53 0.713438
54 0.715217
55 0.716286
56 0.71787
57 0.718437
58 0.71979
59 0.720774
60 0.721902
61 0.723769
62 0.724099
63 0.725737
64 0.726688
65 0.727011
66 0.72844
67 0.729217
68 0.730819
69 0.731418
70 0.732377
71 0.733066
72 0.734715
73 0.735875
74 0.735975
75 0.737143
76 0.738327
77 0.739205
78 0.739761
79 0.740611
80 0.741821
81 0.742141
82 0.743026
83 0.743936
84 0.744884
85 0.745965
86 0.746353
87 0.747433
88 0.747975
89 0.748503
90 0.749367
91 0.750123
92 0.750612
93 0.751963
94 0.751923
95 0.753185
96 0.753666
97 0.753779
98 0.75496
99 0.755735
100 0.756685
101 0.757493
102 0.757755
103 0.758154
104 0.758653
105 0.759906
106 0.760321
107 0.760685
108 0.761694
109 0.761935
110 0.762646
111 0.76374
112 0.763829
113 0.76446
114 0.765418
115 0.765842
116 0.766255
117 0.766556
118 0.767253
119 0.768352
120 0.768517
121 0.769183
122 0.769997
123 0.770008
124 0.771101
125 0.771055
126 0.771261
127 0.772123
128 0.772364
129 0.773327
130 0.773924
131 0.774355
132 0.774738
133 0.775156
134 0.775522
135 0.776023
136 0.776429
137 0.777
138 0.777689
139 0.777986
140 0.778528
141 0.778733
142 0.779452
143 0.780564
144 0.780521
145 0.781197
146 0.781291
147 0.781767
148 0.782204
149 0.782872
150 0.78264
151 0.783009
152 0.784343
153 0.784525
154 0.784307
155 0.785251
156 0.785819
157 0.785936
158 0.786439
159 0.786155
160 0.786709
161 0.787482
162 0.788011
163 0.788451
164 0.788435
165 0.789219
166 0.789458
167 0.789946
168 0.790428
169 0.790376
170 0.79089
171 0.791184
172 0.791751
173 0.791796
174 0.792358
175 0.792954
176 0.793062
177 0.793537
178 0.794032
179 0.794345
180 0.794264
181 0.794618
182 0.795
183 0.795254
184 0.795933
185 0.796516
186 0.796695
187 0.79746
188 0.797414
189 0.797733
190 0.797752
191 0.798486
192 0.798858
193 0.798806
194 0.799619
195 0.799533
196 0.800304
197 0.800245
198 0.800365
199 0.801002
200 0.801012
201 0.801418
202 0.801691
203 0.801899
204 0.802501
205 0.802631
206 0.802976
207 0.803106
208 0.803577
209 0.803784
210 0.803859
211 0.804169
212 0.804672
213 0.805089
214 0.805337
215 0.805453
216 0.805758
217 0.806159
218 0.806589
219 0.80672
220 0.807239
221 0.807273
222 0.807121
223 0.807482
224 0.808281
225 0.807862
226 0.808726
227 0.809004
228 0.808998
229 0.809707
230 0.810023
231 0.809716
232 0.810221
233 0.810468
234 0.811131
235 0.811008
236 0.811462
237 0.81137
238 0.811945
239 0.812036
240 0.811895
241 0.81265
242 0.812393
243 0.813424
244 0.813236
245 0.813986
246 0.813969
247 0.814154
248 0.814044
249 0.81486
250 0.814536
251 0.815031
252 0.814718
253 0.815338
254 0.815921
255 0.815898
256 0.816197
257 0.816336
258 0.816565
259 0.816869
260 0.81713
261 0.817019
262 0.817153
263 0.817345
264 0.817976
265 0.817866
266 0.818251
267 0.818584
268 0.819094
269 0.819134
270 0.819092
271 0.819466
272 0.819713
273 0.819942
274 0.820094
275 0.820113
276 0.820709
277 0.820757
278 0.820757
279 0.821152
280 0.821258
281 0.822033
282 0.822098
283 0.821794
284 0.821989
285 0.822239
286 0.82246
287 0.822886
288 0.822943
289 0.823118
290 0.823242
291 0.823006
292 0.824006
293 0.824086
294 0.823914
295 0.824464
296 0.824943
297 0.824872
298 0.825475
299 0.825092
300 0.825402
