1 0.573362
2 0.573752
3 0.60779
4 0.609188
5 0.631194
6 0.632495
7 0.647561
8 0.65124
9 0.66057
10 0.666849
11 0.673054
12 0.678879
13 0.684494
14 0.688981
15 0.694447
16 0.698897
17 0.702734
18 0.705881
19 0.709683
20 0.713341
21 0.716865
22 0.720537
23 0.723724
24 0.725608
25 0.729533
26 0.731915
27 0.734005
28 0.736187
29 0.739948
30 0.741351
31 0.744545
32 0.746638
33 0.747888
34 0.750144
35 0.752156
36 0.754615
37 0.756029
38 0.75773
39 0.759406
40 0.762266
41 0.763617
42 0.765355
43 0.766954
44 0.768368
45 0.770511
46 0.770524
47 0.772831
48 0.774909
49 0.775667
50 0.777412
51 0.778295
52 0.780638
53 0.780331
54 0.782101
55 0.783379
56 0.784974
57 0.785654
58 0.786946
59 0.787801
60 0.789081
61 0.791172
62 0.791183
63 0.792953
64 0.793551
65 0.794137
66 0.79525
67 0.79647
68 0.797535
69 0.798643
70 0.799129
71 0.799888
72 0.801562
73 0.802733
74 0.803132
75 0.804097
76 0.805413
77 0.805947
78 0.806485
79 0.807124
80 0.808227
81 0.808665
82 0.809223
83 0.810134
84 0.811203
85 0.81248
86 0.81259
87 0.813604
88 0.814004
89 0.814329
90 0.815498
91 0.816198
92 0.816367
93 0.817735
94 0.817867
95 0.818889
96 0.819079
97 0.819472
98 0.820167
99 0.821282
100 0.821953
101 0.822729
102 0.822904
103 0.823073
104 0.823578
105 0.825197
106 0.825347
107 0.825467
108 0.8265
109 0.826836
110 0.82726
111 0.828601
112 0.828606
113 0.828823
114 0.830034
115 0.830148
116 0.83038
117 0.830715
118 0.831502
119 0.832784
120 0.832705
121 0.832978
122 0.833812
123 0.83408
124 0.835188
125 0.834695
126 0.834911
127 0.835808
128 0.835898
129 0.837218
130 0.837533
131 0.837947
132 0.838247
133 0.838353
134 0.838614
135 0.839566
136 0.839606
137 0.840298
138 0.840749
139 0.84113
140 0.841449
141 0.841711
142 0.842762
143 0.843387
144 0.843405
145 0.844066
146 0.843833
147 0.844253
148 0.844609
149 0.84529
150 0.845006
151 0.845232
152 0.846545
153 0.846688
154 0.846348
155 0.847004
156 0.847993
157 0.847893
158 0.848248
159 0.847588
160 0.848238
161 0.849453
162 0.849459
163 0.850267
164 0.850175
165 0.850641
166 0.850698
167 0.850969
168 0.851784
169 0.85147
170 0.851842
171 0.852306
172 0.853036
173 0.852888
174 0.853343
175 0.853912
176 0.853899
177 0.854529
178 0.854823
179 0.854936
180 0.854946
181 0.855358
182 0.855542
183 0.855595
184 0.856431
185 0.857001
186 0.85737
187 0.857611
188 0.857732
189 0.857861
190 0.857808
191 0.858455
192 0.858799
193 0.858586
194 0.8596
195 0.859201
196 0.860178
197 0.860251
198 0.860107
199 0.86082
200 0.860606
201 0.86085
202 0.861106
203 0.861435
204 0.862152
205 0.861962
206 0.862338
207 0.862152
208 0.862637
209 0.862917
210 0.862579
211 0.863141
212 0.863688
213 0.86402
214 0.8642
215 0.86384
216 0.864555
217 0.864613
218 0.865296
219 0.865019
220 0.865925
221 0.865635
222 0.865347
223 0.865812
224 0.866677
225 0.866084
226 0.866997
227 0.867209
228 0.867043
229 0.867965
230 0.867956
231 0.867433
232 0.86824
233 0.868267
234 0.868716
235 0.868806
236 0.869457
237 0.868755
238 0.869776
239 0.869764
240 0.869316
241 0.869917
242 0.869698
243 0.871041
244 0.870573
245 0.871247
246 0.871262
247 0.871341
248 0.871013
249 0.871986
250 0.871298
251 0.872057
252 0.871644
253 0.872028
254 0.872685
255 0.872657
256 0.873022
257 0.873128
258 0.873475
259 0.873616
260 0.873908
261 0.873634
262 0.873827
263 0.873923
264 0.874559
265 0.874363
266 0.874649
267 0.874985
268 0.875365
269 0.875448
270 0.875115
271 0.875593
272 0.875763
273 0.876118
274 0.876131
275 0.87628
276 0.876626
277 0.876332
278 0.876746
279 0.877068
280 0.87688
281 0.877834
282 0.877764
283 0.877408
284 0.87763
285 0.877752
286 0.87811
287 0.878329
288 0.878317
289 0.878378
290 0.878796
291 0.878323
292 0.87923
293 0.879142
294 0.879178
295 0.879462
296 0.880147
297 0.879712
298 0.880305
299 0.879996
300 0.880361
