1 0.5
2 0.359087
3 0.301197
4 0.266251
5 0.243429
6 0.226274
7 0.213807
8 0.204162
9 0.195754
10 0.189191
11 0.183556
12 0.178691
13 0.174296
14 0.170533
15 0.167236
16 0.164143
17 0.161714
18 0.159274
19 0.157045
20 0.155246
21 0.153221
22 0.151735
23 0.150181
24 0.148573
25 0.147186
26 0.146095
27 0.14488
28 0.143687
29 0.143058
30 0.142004
31 0.140881
32 0.140075
33 0.139271
34 0.138706
35 0.137795
36 0.137038
37 0.136353
38 0.135798
39 0.135339
40 0.134653
41 0.13427
42 0.13351
43 0.132993
44 0.132731
45 0.13229
46 0.13172
47 0.131174
48 0.130649
49 0.130473
50 0.13015
51 0.129777
52 0.129431
53 0.129149
54 0.128531
55 0.128422
56 0.128071
57 0.127883
58 0.127596
59 0.127135
60 0.126905
61 0.126704
62 0.126422
63 0.126106
64 0.125701
65 0.125859
66 0.125518
67 0.125216
68 0.124978
69 0.124804
70 0.12458
71 0.124374
72 0.124063
73 0.123718
74 0.123748
75 0.123488
76 0.123438
77 0.123255
78 0.123119
79 0.122993
80 0.122817
81 0.122562
82 0.12257
83 0.122315
84 0.12214
85 0.12214
86 0.12193
87 0.121658
88 0.1217
89 0.121554
90 0.121373
91 0.121193
92 0.121052
93 0.120928
94 0.120764
95 0.120724
96 0.120542
97 0.120518
98 0.120453
99 0.120296
100 0.120181
101 0.12004
102 0.120087
103 0.119771
104 0.119849
105 0.119674
106 0.119531
107 0.119538
108 0.119368
109 0.11929
110 0.119319
111 0.119121
112 0.118958
113 0.118843
114 0.118758
115 0.118697
116 0.118693
117 0.118775
118 0.118682
119 0.118546
120 0.118405
121 0.118253
122 0.118255
123 0.118232
124 0.118076
125 0.117883
126 0.117813
127 0.117786
128 0.117778
129 0.117728
130 0.117691
131 0.117652
132 0.117629
133 0.11743
134 0.117515
135 0.117435
136 0.117288
137 0.117282
138 0.117151
139 0.116931
140 0.117132
141 0.116946
142 0.116983
143 0.116884
144 0.116742
145 0.116807
146 0.116748
147 0.116531
148 0.116628
149 0.116489
150 0.116504
151 0.116408
152 0.116352
153 0.116323
154 0.116273
155 0.116352
156 0.116212
157 0.116188
158 0.116178
159 0.116121
160 0.116034
161 0.115962
162 0.115916
163 0.11583
164 0.115909
165 0.115909
166 0.11573
167 0.115733
168 0.115586
169 0.115629
170 0.115699
171 0.115786
172 0.11546
173 0.115428
174 0.115397
175 0.115327
176 0.115283
177 0.115306
178 0.115328
179 0.115248
180 0.115108
181 0.1151
182 0.115144
183 0.115082
184 0.115013
185 0.114883
186 0.114899
187 0.115122
188 0.114894
189 0.114839
190 0.114803
191 0.114806
192 0.114644
193 0.114804
194 0.114719
195 0.114748
196 0.11476
197 0.11459
198 0.114601
199 0.114546
200 0.114541
201 0.114473
202 0.114382
203 0.114547
204 0.114316
205 0.114578
206 0.114275
207 0.114384
208 0.114355
209 0.114158
210 0.114211
211 0.114165
212 0.114161
213 0.114063
214 0.114091
215 0.114081
216 0.114067
217 0.114069
218 0.113946
219 0.113992
220 0.114038
221 0.113996
222 0.113851
223 0.113887
224 0.113867
225 0.113732
226 0.113791
227 0.113807
228 0.113767
229 0.113687
230 0.113707
231 0.113663
232 0.113762
233 0.113683
234 0.113689
235 0.11355
236 0.113581
237 0.113521
238 0.113498
239 0.113457
240 0.113458
241 0.113399
242 0.113434
243 0.113475
244 0.113452
245 0.113482
246 0.113398
247 0.11333
248 0.113381
249 0.113348
250 0.113352
251 0.113198
252 0.113238
253 0.113241
254 0.113164
255 0.11344
256 0.113207
257 0.112924
258 0.113128
259 0.113121
260 0.113044
261 0.113017
262 0.112968
263 0.113044
264 0.113123
265 0.11294
266 0.113005
267 0.113072
268 0.11302
269 0.112883
270 0.112894
271 0.112814
272 0.112837
273 0.112843
274 0.112871
275 0.112849
276 0.112795
277 0.112747
278 0.112614
279 0.112779
280 0.112756
281 0.112682
282 0.112723
283 0.112624
284 0.112683
285 0.112621
286 0.112607
287 0.112512
288 0.112511
289 0.112589
290 0.112601
291 0.112517
292 0.112533
293 0.112585
294 0.112462
295 0.112391
296 0.112441
297 0.11243
298 0.112369
299 0.112481
300 0.112377
