1 0.0733145
2 0.056606
3 0.0567394
4 0.0489353
5 0.0488647
6 0.0442435
7 0.0438554
8 0.0406639
9 0.0400461
10 0.0377366
11 0.0370049
12 0.0355155
13 0.0343591
14 0.0333807
15 0.0323824
16 0.0315717
17 0.0306498
18 0.0299741
19 0.0292702
20 0.0284445
21 0.027839
22 0.0272322
23 0.0266396
24 0.0261513
25 0.0255212
26 0.025057
27 0.0246758
28 0.0243222
29 0.0237439
30 0.023364
31 0.0228259
32 0.0225518
33 0.0223406
34 0.0219148
35 0.0215356
36 0.0212111
37 0.0208981
38 0.0206121
39 0.020322
40 0.0199741
41 0.0196754
42 0.0194786
43 0.0191802
44 0.0190109
45 0.0186791
46 0.0184815
47 0.0182626
48 0.0179344
49 0.0178243
50 0.0176264
51 0.0174569
52 0.0171387
53 0.0170693
54 0.0168359
55 0.0167158
56 0.0164251
57 0.0163606
58 0.0161672
59 0.0160059
60 0.0158462
61 0.015608
62 0.0155657
63 0.0153089
64 0.0151972
65 0.0151139
66 0.0149402
67 0.0148168
68 0.0146594
69 0.0144972
70 0.0143742
71 0.0142825
72 0.014106
73 0.013997
74 0.0139093
75 0.0138036
76 0.013625
77 0.0135121
78 0.0134712
79 0.0133414
80 0.0132186
81 0.0131535
82 0.0130695
83 0.0129597
84 0.012821
85 0.0126749
86 0.0126591
87 0.0125311
88 0.0124915
89 0.01242
90 0.0122958
91 0.01218
92 0.0121609
93 0.0119898
94 0.011971
95 0.0118449
96 0.0118246
97 0.0118153
98 0.011662
99 0.0116142
100 0.011518
101 0.011413
102 0.0113775
103 0.0113409
104 0.0112562
105 0.0111096
106 0.0110655
107 0.0110568
108 0.0109368
109 0.0108981
110 0.0108107
111 0.0106876
112 0.0106709
113 0.0106275
114 0.0105637
115 0.0104944
116 0.0104814
117 0.0103942
118 0.0103191
119 0.0102226
120 0.0102029
121 0.0101771
122 0.0100743
123 0.010039
124 0.00994125
125 0.00994617
126 0.00993948
127 0.00980554
128 0.00980831
129 0.00968623
130 0.00963676
131 0.0095922
132 0.00954135
133 0.00950199
134 0.00950067
135 0.00944824
136 0.00937729
137 0.00931497
138 0.009315
139 0.0092653
140 0.00918653
141 0.00918138
142 0.00906955
143 0.00901324
144 0.00901777
145 0.00893715
146 0.00898875
147 0.00891513
148 0.00887125
149 0.00879859
150 0.00880518
151 0.00877614
152 0.00865975
153 0.00865858
154 0.00861858
155 0.00860381
156 0.00851747
157 0.00850687
158 0.008472
159 0.00851393
160 0.0084636
161 0.00833929
162 0.00833737
163 0.00827997
164 0.00826315
165 0.008246
166 0.00820371
167 0.00815059
168 0.00814435
169 0.00810429
170 0.00805923
171 0.00803206
172 0.00798326
173 0.00797772
174 0.00794319
175 0.00787797
176 0.0078746
177 0.00782162
178 0.00778861
179 0.00779964
180 0.00778063
181 0.00771191
182 0.00770829
183 0.00770602
184 0.00762296
185 0.00758075
186 0.00755211
187 0.00750357
188 0.00747427
189 0.00747408
190 0.00747997
191 0.00739516
192 0.00741408
193 0.00737716
194 0.00730938
195 0.00733083
196 0.0072635
197 0.00728657
198 0.00726953
199 0.00720467
200 0.00719367
201 0.00721158
202 0.00717132
203 0.00711569
204 0.00706485
205 0.00707286
206 0.00704695
207 0.00705564
208 0.00703955
209 0.0069955
210 0.00700093
211 0.0069595
212 0.00693063
213 0.0068513
214 0.00687572
215 0.00688818
216 0.0068378
217 0.0068061
218 0.00677648
219 0.00677132
220 0.00672607
221 0.0067047
222 0.00671898
223 0.00667584
224 0.00664365
225 0.00667539
226 0.00661033
227 0.00657478
228 0.00656864
229 0.00652674
230 0.0065198
231 0.00654135
232 0.00648169
233 0.00646783
234 0.00643393
235 0.00643397
236 0.00637252
237 0.00641808
238 0.00634247
239 0.0063492
240 0.00634412
241 0.00632665
242 0.00632154
243 0.00625195
244 0.0062567
245 0.0062202
246 0.00622806
247 0.00619403
248 0.00618393
249 0.00615128
250 0.00616696
251 0.00614128
252 0.00616501
253 0.0061244
254 0.00607432
255 0.00608728
256 0.00603713
257 0.00602238
258 0.00601316
259 0.00601203
260 0.00594858
261 0.00596087
262 0.00596955
263 0.00594995
264 0.00592149
265 0.0059216
266 0.0058825
267 0.00586962
268 0.00583906
269 0.00583589
270 0.00584935
271 0.00579432
272 0.00581334
273 0.00574474
274 0.00576302
275 0.00575301
276 0.00572602
277 0.00574007
278 0.00568462
279 0.00569746
280 0.0057087
281 0.00563786
282 0.00562152
283 0.00564661
284 0.00563918
285 0.00561129
286 0.00559872
287 0.0055704
288 0.00556113
289 0.00556279
290 0.00552075
291 0.00554866
292 0.00549976
293 0.00550165
294 0.00549235
295 0.00548028
296 0.00543967
297 0.00543761
298 0.00540191
299 0.00543001
300 0.0054053
