1 0.5
2 0.499726
3 0.499721
4 0.499388
5 0.499412
6 0.499121
7 0.49916
8 0.498931
9 0.498919
10 0.498745
11 0.498694
12 0.498563
13 0.498535
14 0.498436
15 0.498317
16 0.498205
17 0.498155
18 0.498079
19 0.498074
20 0.49793
21 0.497942
22 0.497883
23 0.497786
24 0.49768
25 0.497739
26 0.497718
27 0.497627
28 0.497555
29 0.497535
30 0.497474
31 0.497398
32 0.497445
33 0.497291
34 0.497306
35 0.497233
36 0.497205
37 0.497201
38 0.49716
39 0.49709
40 0.49719
41 0.497063
42 0.497035
43 0.497095
44 0.497053
45 0.497076
46 0.496985
47 0.496925
48 0.496976
49 0.49689
50 0.496885
51 0.496895
52 0.496775
53 0.496806
54 0.496824
55 0.496797
56 0.496881
57 0.496698
58 0.496686
59 0.496709
60 0.496663
61 0.496581
62 0.496554
63 0.496567
64 0.496528
65 0.496569
66 0.496545
67 0.496612
68 0.496468
69 0.496493
70 0.496535
71 0.496526
72 0.496339
73 0.496439
74 0.496426
75 0.496411
76 0.496341
77 0.496398
78 0.49632
79 0.496238
80 0.496336
81 0.496339
82 0.496323
83 0.496298
84 0.496346
85 0.496275
86 0.496182
87 0.496283
88 0.496335
89 0.496259
90 0.496201
91 0.496247
92 0.496218
93 0.496173
94 0.496182
95 0.496142
96 0.496126
97 0.496173
98 0.496107
99 0.496163
100 0.49614
101 0.496171
102 0.496141
103 0.496141
104 0.496167
105 0.496085
106 0.496155
107 0.496226
108 0.496075
109 0.496045
110 0.496023
111 0.496046
112 0.496085
113 0.496004
114 0.496047
115 0.49597
116 0.495968
117 0.495792
118 0.495897
119 0.495995
120 0.495843
121 0.495989
122 0.495964
123 0.495966
124 0.495963
125 0.495925
126 0.495959
127 0.495934
128 0.496062
129 0.495873
130 0.495863
131 0.495845
132 0.495919
133 0.495803
134 0.495818
135 0.495978
136 0.495832
137 0.495875
138 0.495898
139 0.495871
140 0.49583
141 0.495846
142 0.495813
143 0.495881
144 0.495721
145 0.495838
146 0.495771
147 0.495821
148 0.495876
149 0.495733
150 0.495856
151 0.495819
152 0.495743
153 0.495754
154 0.495732
155 0.495789
156 0.49568
157 0.495693
158 0.495798
159 0.495752
160 0.495745
161 0.495752
162 0.495738
163 0.49559
164 0.495766
165 0.495799
166 0.495822
167 0.495746
168 0.495703
169 0.495842
170 0.495695
171 0.495617
172 0.495605
173 0.495732
174 0.495693
175 0.495691
176 0.495692
177 0.495633
178 0.495671
179 0.495714
180 0.495596
181 0.495687
182 0.495585
183 0.495638
184 0.495666
185 0.495673
186 0.495715
187 0.495553
188 0.495579
189 0.495635
190 0.495728
191 0.495556
192 0.495704
193 0.495664
194 0.495532
195 0.495613
196 0.495537
197 0.49554
198 0.495635
199 0.495575
200 0.495638
201 0.495549
202 0.495608
203 0.49571
204 0.495635
205 0.495539
206 0.495516
207 0.495439
208 0.495532
209 0.495537
210 0.49554
211 0.495554
212 0.495571
213 0.495599
214 0.495681
215 0.495454
216 0.495509
217 0.495557
218 0.49556
219 0.495444
220 0.495569
221 0.495588
222 0.495463
223 0.495433
224 0.495548
225 0.495613
226 0.495524
227 0.495544
228 0.495622
229 0.495497
230 0.49563
231 0.495478
232 0.495575
233 0.495464
234 0.495427
235 0.49536
236 0.495457
237 0.495462
238 0.495416
239 0.495506
240 0.495601
241 0.495526
242 0.495467
243 0.495594
244 0.495512
245 0.495507
246 0.495499
247 0.495376
248 0.495482
249 0.495416
250 0.495348
251 0.495424
252 0.49544
253 0.495358
254 0.495308
255 0.495444
256 0.495405
257 0.495341
258 0.495431
259 0.495509
260 0.495471
261 0.495342
262 0.49543
263 0.495415
264 0.495358
265 0.495408
266 0.495445
267 0.495386
268 0.495292
269 0.495388
270 0.495334
271 0.495473
272 0.495329
273 0.495408
274 0.495393
275 0.495408
276 0.495329
277 0.495362
278 0.495429
279 0.495243
280 0.495357
281 0.495269
282 0.495429
283 0.495472
284 0.495429
285 0.49534
286 0.495423
287 0.49523
288 0.495408
289 0.495406
290 0.495376
291 0.495357
292 0.495371
293 0.495397
294 0.495321
295 0.495333
296 0.495371
297 0.495328
298 0.495218
299 0.495482
300 0.495391
