1 0.0568293
2 0.0909525
3 0.0493892
4 0.0613837
5 0.0442414
6 0.050618
7 0.0407737
8 0.0443443
9 0.0381434
10 0.0399511
11 0.0356615
12 0.0367419
13 0.0335068
14 0.0343247
15 0.0316004
16 0.0321504
17 0.0312049
18 0.0305436
19 0.0286702
20 0.0293195
21 0.0275736
22 0.0277326
23 0.0266293
24 0.0264295
25 0.0251404
26 0.0256258
27 0.024793
28 0.024637
29 0.0237465
30 0.023483
31 0.0225978
32 0.0231001
33 0.0220707
34 0.0219927
35 0.0217162
36 0.0213488
37 0.0209698
38 0.0208471
39 0.0201451
40 0.0200951
41 0.0197159
42 0.0196973
43 0.0190693
44 0.0192622
45 0.0185201
46 0.0185428
47 0.0183781
48 0.0179981
49 0.0178377
50 0.0177396
51 0.0173665
52 0.0172793
53 0.017122
54 0.0168752
55 0.01663
56 0.016603
57 0.0163559
58 0.016181
59 0.0160218
60 0.0159207
61 0.0155306
62 0.0157101
63 0.0153144
64 0.0152431
65 0.0151203
66 0.0149461
67 0.0148084
68 0.0147712
69 0.014434
70 0.0144249
71 0.0143043
72 0.0141345
73 0.0139609
74 0.013967
75 0.0137419
76 0.0136594
77 0.0135666
78 0.0134568
79 0.0133044
80 0.0132744
81 0.0131112
82 0.0131078
83 0.0129765
84 0.0128592
85 0.0126432
86 0.012693
87 0.0125165
88 0.0125018
89 0.0124316
90 0.0122905
91 0.0121778
92 0.0122381
93 0.0119861
94 0.0119793
95 0.0118467
96 0.011827
97 0.0118114
98 0.0117125
99 0.0115738
100 0.0115346
101 0.0114071
102 0.0114071
103 0.0113081
104 0.0112899
105 0.0111075
106 0.0110596
107 0.0110617
108 0.0109486
109 0.0108711
110 0.0108493
111 0.0106704
112 0.0106974
113 0.0106283
114 0.0105601
115 0.0104921
116 0.0105036
117 0.0103937
118 0.0103132
119 0.0102244
120 0.0102051
121 0.0101715
122 0.0101059
123 0.010035
124 0.00995652
125 0.00995125
126 0.00995798
127 0.00980169
128 0.00981971
129 0.0096808
130 0.0096292
131 0.00958946
132 0.00955536
133 0.00949668
134 0.00951796
135 0.00943194
136 0.00937962
137 0.00933115
138 0.00931313
139 0.00925527
140 0.00920203
141 0.0091732
142 0.00908265
143 0.00900833
144 0.00901562
145 0.00892261
146 0.00900004
147 0.00891904
148 0.00887124
149 0.00879889
150 0.00880494
151 0.00876762
152 0.00868259
153 0.00865355
154 0.00862801
155 0.0086003
156 0.00851261
157 0.00850604
158 0.00847639
159 0.00851252
160 0.00846525
161 0.00834681
162 0.00834239
163 0.00825989
164 0.00827786
165 0.00823448
166 0.00819873
167 0.0081557
168 0.00814769
169 0.00809615
170 0.00807226
171 0.0080281
172 0.00799181
173 0.0079732
174 0.00793798
175 0.00787336
176 0.00788561
177 0.00782222
178 0.00778337
179 0.00780025
180 0.0077892
181 0.00770904
182 0.00771943
183 0.00770046
184 0.00762535
185 0.00757509
186 0.00755233
187 0.00750661
188 0.00747987
189 0.00746884
190 0.0074869
191 0.00739682
192 0.00741924
193 0.00738354
194 0.00731877
195 0.00732586
196 0.00726971
197 0.00728942
198 0.0072666
199 0.0072002
200 0.00719675
201 0.0072017
202 0.00717735
203 0.00711541
204 0.00706652
205 0.00706895
206 0.00705616
207 0.00704792
208 0.00703904
209 0.00698943
210 0.00700881
211 0.00694956
212 0.00693925
213 0.00684303
214 0.00687099
215 0.00688858
216 0.00683377
217 0.00681304
218 0.00677777
219 0.00676965
220 0.00672536
221 0.00670128
222 0.00672571
223 0.00667462
224 0.00665357
225 0.006668
226 0.00660704
227 0.00657677
228 0.00657159
229 0.00652302
230 0.00652083
231 0.0065419
232 0.00648707
233 0.00646679
234 0.00643428
235 0.00643044
236 0.00637634
237 0.006416
238 0.00634587
239 0.00634911
240 0.00634354
241 0.00632423
242 0.00632677
243 0.00625077
244 0.00625527
245 0.00621878
246 0.00622993
247 0.00619134
248 0.00619225
249 0.00615349
250 0.00616557
251 0.00613563
252 0.00616743
253 0.00611991
254 0.00607535
255 0.00608051
256 0.00603629
257 0.00602182
258 0.00601602
259 0.00601035
260 0.00594913
261 0.00596268
262 0.00597388
263 0.00594906
264 0.00592287
265 0.0059187
266 0.00588743
267 0.00586673
268 0.00583845
269 0.00583519
270 0.00584927
271 0.00579633
272 0.00581412
273 0.00574253
274 0.00576181
275 0.00575064
276 0.00572668
277 0.00574034
278 0.00568583
279 0.0056937
280 0.00570963
281 0.00563839
282 0.00561854
283 0.00564412
284 0.00564217
285 0.00560331
286 0.00559757
287 0.00557222
288 0.00556125
289 0.0055583
290 0.00552349
291 0.00554734
292 0.00550132
293 0.0054999
294 0.00549421
295 0.00548121
296 0.00544183
297 0.00543687
298 0.00540628
299 0.00543355
300 0.00540716
