1 0.500804
2 0.51657
3 0.516704
4 0.524738
5 0.524255
6 0.529645
7 0.528979
8 0.532691
9 0.532864
10 0.535416
11 0.536124
12 0.537886
13 0.538252
14 0.539525
15 0.541002
16 0.542337
17 0.542921
18 0.543789
19 0.543854
20 0.545451
21 0.545325
22 0.545968
23 0.547002
24 0.548111
25 0.5475
26 0.547726
27 0.548662
28 0.549396
29 0.549592
30 0.5502
31 0.550953
32 0.550491
33 0.551985
34 0.551837
35 0.552539
36 0.552801
37 0.552832
38 0.553225
39 0.553873
40 0.55294
41 0.55412
42 0.554379
43 0.553822
44 0.55421
45 0.554004
46 0.554832
47 0.55537
48 0.55491
49 0.555686
50 0.555731
51 0.555643
52 0.556701
53 0.556429
54 0.556275
55 0.556505
56 0.555769
57 0.557369
58 0.557473
59 0.55728
60 0.557671
61 0.558375
62 0.558606
63 0.558496
64 0.558829
65 0.558476
66 0.55868
67 0.558114
68 0.559329
69 0.559123
70 0.558764
71 0.558841
72 0.5604
73 0.559572
74 0.559682
75 0.559805
76 0.560381
77 0.559917
78 0.560552
79 0.561224
80 0.560425
81 0.560397
82 0.560527
83 0.560734
84 0.560339
85 0.560928
86 0.561678
87 0.560857
88 0.560434
89 0.561057
90 0.561527
91 0.561149
92 0.561385
93 0.561747
94 0.561678
95 0.561996
96 0.562123
97 0.561752
98 0.562278
99 0.561832
100 0.562014
101 0.561762
102 0.562005
103 0.562007
104 0.561796
105 0.562451
106 0.561894
107 0.561323
108 0.562535
109 0.562769
110 0.562945
111 0.562757
112 0.562454
113 0.563089
114 0.562756
115 0.563356
116 0.563375
117 0.564734
118 0.56393
119 0.563162
120 0.564342
121 0.563213
122 0.563404
123 0.563393
124 0.563417
125 0.563707
126 0.563446
127 0.563638
128 0.562633
129 0.56411
130 0.564188
131 0.564333
132 0.563754
133 0.564654
134 0.564541
135 0.563293
136 0.564433
137 0.564097
138 0.563921
139 0.564126
140 0.564446
141 0.56432
142 0.564578
143 0.564048
144 0.565282
145 0.564385
146 0.564901
147 0.564514
148 0.564087
149 0.56519
150 0.564243
151 0.564526
152 0.565114
153 0.565029
154 0.565193
155 0.564761
156 0.565587
157 0.565489
158 0.564689
159 0.565041
160 0.565099
161 0.56504
162 0.565146
163 0.566263
164 0.564935
165 0.564681
166 0.564508
167 0.565088
168 0.565414
169 0.564354
170 0.565474
171 0.566064
172 0.566154
173 0.565192
174 0.565488
175 0.565508
176 0.565502
177 0.565941
178 0.565656
179 0.565332
180 0.566219
181 0.565532
182 0.566304
183 0.565909
184 0.565697
185 0.565643
186 0.565322
187 0.566543
188 0.566351
189 0.565925
190 0.565225
191 0.56652
192 0.565407
193 0.565713
194 0.566696
195 0.566096
196 0.566657
197 0.56664
198 0.565932
199 0.566374
200 0.565904
201 0.566574
202 0.566129
203 0.56536
204 0.565925
205 0.566649
206 0.566817
207 0.567386
208 0.566699
209 0.566662
210 0.566641
211 0.566533
212 0.566411
213 0.566196
214 0.565582
215 0.567275
216 0.566869
217 0.566515
218 0.566487
219 0.567345
220 0.566423
221 0.566279
222 0.56721
223 0.567428
224 0.566581
225 0.566092
226 0.56676
227 0.56661
228 0.566024
229 0.566954
230 0.565968
231 0.567101
232 0.566381
233 0.567199
234 0.567476
235 0.56796
236 0.56725
237 0.567217
238 0.567558
239 0.566887
240 0.566181
241 0.566745
242 0.567179
243 0.566236
244 0.566844
245 0.566882
246 0.566941
247 0.56785
248 0.567071
249 0.567552
250 0.568054
251 0.567498
252 0.567379
253 0.567977
254 0.568341
255 0.567347
256 0.567632
257 0.568105
258 0.567447
259 0.566869
260 0.567151
261 0.568097
262 0.567452
263 0.567563
264 0.56798
265 0.567615
266 0.567339
267 0.567774
268 0.568456
269 0.567756
270 0.568153
271 0.567138
272 0.568186
273 0.567612
274 0.567724
275 0.567611
276 0.568187
277 0.567947
278 0.567462
279 0.568814
280 0.567985
281 0.568622
282 0.567458
283 0.56714
284 0.567457
285 0.568106
286 0.567503
287 0.568907
288 0.567611
289 0.567626
290 0.567843
291 0.567984
292 0.567884
293 0.567697
294 0.568244
295 0.568163
296 0.567882
297 0.568196
298 0.56899
299 0.567066
300 0.56774
