1 0.500804
2 0.508436
3 0.5111
4 0.514249
5 0.516472
6 0.518526
7 0.520177
8 0.521816
9 0.52305
10 0.524272
11 0.525345
12 0.526526
13 0.527251
14 0.52826
15 0.529175
16 0.529906
17 0.530965
18 0.531619
19 0.532156
20 0.532727
21 0.533518
22 0.534006
23 0.534635
24 0.535073
25 0.535665
26 0.536203
27 0.536528
28 0.536962
29 0.537481
30 0.537913
31 0.538408
32 0.538786
33 0.539026
34 0.539344
35 0.539733
36 0.540153
37 0.540507
38 0.540858
39 0.541127
40 0.541445
41 0.54172
42 0.542115
43 0.542288
44 0.542683
45 0.542945
46 0.5431
47 0.543421
48 0.543753
49 0.543897
50 0.544124
51 0.544301
52 0.54463
53 0.544849
54 0.54506
55 0.545241
56 0.545492
57 0.545601
58 0.545844
59 0.545972
60 0.546255
61 0.546469
62 0.546557
63 0.546772
64 0.546981
65 0.547115
66 0.547407
67 0.547495
68 0.547675
69 0.547807
70 0.548051
71 0.548128
72 0.548336
73 0.548458
74 0.548528
75 0.548728
76 0.548931
77 0.549035
78 0.549212
79 0.549331
80 0.549505
81 0.549603
82 0.549691
83 0.549882
84 0.550007
85 0.550151
86 0.55025
87 0.550393
88 0.550463
89 0.550601
90 0.550722
91 0.550814
92 0.550945
93 0.551141
94 0.55115
95 0.55127
96 0.55139
97 0.551356
98 0.551545
99 0.551637
100 0.551814
101 0.551931
102 0.551934
103 0.552062
104 0.552157
105 0.552305
106 0.552444
107 0.552462
108 0.552598
109 0.55262
110 0.5527
111 0.552885
112 0.552923
113 0.55302
114 0.553085
115 0.553217
116 0.553228
117 0.553338
118 0.553476
119 0.553532
120 0.553647
121 0.553707
122 0.55382
123 0.553886
124 0.553999
125 0.554025
126 0.554031
127 0.554177
128 0.554195
129 0.554307
130 0.554419
131 0.554465
132 0.554591
133 0.55471
134 0.554681
135 0.554723
136 0.554828
137 0.554948
138 0.554968
139 0.555013
140 0.555063
141 0.555124
142 0.555272
143 0.55536
144 0.555326
145 0.555461
146 0.555464
147 0.55553
148 0.555629
149 0.555684
150 0.555688
151 0.555748
152 0.55585
153 0.555911
154 0.55594
155 0.556024
156 0.556103
157 0.556152
158 0.556173
159 0.556169
160 0.556285
161 0.55637
162 0.556411
163 0.556484
164 0.556514
165 0.556558
166 0.556653
167 0.556694
168 0.556675
169 0.556761
170 0.556766
171 0.556833
172 0.556944
173 0.556972
174 0.557024
175 0.557095
176 0.55717
177 0.557168
178 0.557209
179 0.557273
180 0.557293
181 0.5573
182 0.557381
183 0.557405
184 0.55748
185 0.557562
186 0.557572
187 0.557661
188 0.557696
189 0.557722
190 0.557708
191 0.557813
192 0.557826
193 0.557852
194 0.557962
195 0.557971
196 0.558007
197 0.55801
198 0.558049
199 0.5581
200 0.55816
201 0.558176
202 0.558236
203 0.558278
204 0.558337
205 0.558314
206 0.5584
207 0.558446
208 0.558473
209 0.558498
210 0.558541
211 0.558588
212 0.558602
213 0.558707
214 0.558739
215 0.558712
216 0.558785
217 0.558791
218 0.558827
219 0.558892
220 0.558902
221 0.558954
222 0.558985
223 0.559011
224 0.559037
225 0.559032
226 0.559139
227 0.559173
228 0.559157
229 0.55924
230 0.559283
231 0.559283
232 0.559323
233 0.559372
234 0.55947
235 0.559462
236 0.559497
237 0.559485
238 0.559553
239 0.559561
240 0.559606
241 0.55965
242 0.559639
243 0.559702
244 0.559761
245 0.559786
246 0.559756
247 0.559808
248 0.559845
249 0.559883
250 0.559923
251 0.559968
252 0.55992
253 0.559991
254 0.560041
255 0.560009
256 0.560091
257 0.560154
258 0.560155
259 0.560148
260 0.560222
261 0.560255
262 0.560234
263 0.560275
264 0.56031
265 0.560311
266 0.560357
267 0.560378
268 0.56044
269 0.56048
270 0.560471
271 0.560511
272 0.560532
273 0.560556
274 0.560586
275 0.560575
276 0.560639
277 0.560669
278 0.560671
279 0.560697
280 0.560709
281 0.560794
282 0.560805
283 0.560776
284 0.560815
285 0.560861
286 0.560862
287 0.560916
288 0.560941
289 0.560951
290 0.560959
291 0.560987
292 0.561061
293 0.561058
294 0.561031
295 0.561119
296 0.561148
297 0.561146
298 0.561203
299 0.561184
300 0.561206
