1 0.0733145
2 0.0649602
3 0.0623028
4 0.0589452
5 0.0568985
6 0.0549159
7 0.053271
8 0.0516871
9 0.0504335
10 0.0491726
11 0.0480607
12 0.0469682
13 0.0459836
14 0.045143
15 0.0442698
16 0.0435305
17 0.0426103
18 0.0420061
19 0.0414018
20 0.0407179
21 0.0400368
22 0.0395216
23 0.0389027
24 0.0384515
25 0.0378812
26 0.0373825
27 0.0369802
28 0.0365983
29 0.036043
30 0.0356526
31 0.0351898
32 0.0348151
33 0.0345718
34 0.0341617
35 0.0337911
36 0.0333908
37 0.0330919
38 0.03275
39 0.0324291
40 0.0321185
41 0.0317955
42 0.0314888
43 0.0312525
44 0.0309687
45 0.0306326
46 0.0304084
47 0.0301448
48 0.0298525
49 0.0296898
50 0.0294464
51 0.029205
52 0.0288977
53 0.0287299
54 0.0284853
55 0.0283021
56 0.0280274
57 0.0278956
58 0.0276858
59 0.0275093
60 0.0273168
61 0.0270759
62 0.0269441
63 0.0267053
64 0.0265302
65 0.0264346
66 0.0262101
67 0.0260455
68 0.0258571
69 0.0257209
70 0.0255332
71 0.025384
72 0.0252
73 0.0250529
74 0.0249894
75 0.0247975
76 0.0245925
77 0.0244507
78 0.024358
79 0.0242398
80 0.0240357
81 0.0239744
82 0.0238403
83 0.0236933
84 0.0235235
85 0.0233688
86 0.0232997
87 0.0231384
88 0.0230867
89 0.0229472
90 0.0228415
91 0.0227148
92 0.0226207
93 0.0224148
94 0.0223997
95 0.022229
96 0.0221533
97 0.0221305
98 0.0219409
99 0.0218562
100 0.0217166
101 0.0216106
102 0.0215507
103 0.021434
104 0.0213484
105 0.0212129
106 0.0211173
107 0.0210619
108 0.0209436
109 0.0208868
110 0.0207866
111 0.0206477
112 0.0205905
113 0.0205088
114 0.0204308
115 0.0203025
116 0.0202624
117 0.0201508
118 0.0200482
119 0.0199559
120 0.0199111
121 0.0198557
122 0.0197072
123 0.0196819
124 0.019555
125 0.0195025
126 0.0194894
127 0.0193254
128 0.0193161
129 0.0192063
130 0.0190927
131 0.0190474
132 0.0189686
133 0.018881
134 0.0188589
135 0.0188056
136 0.0187045
137 0.0186228
138 0.0185824
139 0.0185303
140 0.0184337
141 0.0184092
142 0.018285
143 0.0181648
144 0.018191
145 0.0180801
146 0.0180716
147 0.0179982
148 0.0179303
149 0.017864
150 0.0178293
151 0.0177829
152 0.0176489
153 0.0176347
154 0.0175884
155 0.0175071
156 0.0174236
157 0.0173929
158 0.017335
159 0.0173431
160 0.0172713
161 0.0171623
162 0.017109
163 0.0170616
164 0.0170198
165 0.0169709
166 0.0168957
167 0.016846
168 0.0168273
169 0.0167639
170 0.0167012
171 0.0166465
172 0.0165955
173 0.0165578
174 0.0165005
175 0.0164338
176 0.0163989
177 0.0163366
178 0.0162814
179 0.0162637
180 0.0162432
181 0.0161844
182 0.0161376
183 0.0160959
184 0.0160292
185 0.0159601
186 0.0159247
187 0.0158361
188 0.015815
189 0.015784
190 0.015777
191 0.0156829
192 0.0156715
193 0.0156147
194 0.0155558
195 0.0155234
196 0.015472
197 0.0154733
198 0.0154321
199 0.0153733
200 0.0153346
201 0.015313
202 0.015273
203 0.0152086
204 0.0151664
205 0.0151415
206 0.0151005
207 0.015061
208 0.0150404
209 0.01499
210 0.0149654
211 0.0149116
212 0.0148996
213 0.0147965
214 0.0147943
215 0.0147534
216 0.0147424
217 0.0146892
218 0.0146598
219 0.0146017
220 0.0145737
221 0.0145214
222 0.014519
223 0.0144821
224 0.0144372
225 0.0144445
226 0.0143709
227 0.014311
228 0.0143007
229 0.0142459
230 0.0142011
231 0.0142152
232 0.0141565
233 0.0141266
234 0.0140541
235 0.0140619
236 0.0140104
237 0.0139914
238 0.0139459
239 0.0139328
240 0.0139041
241 0.0138674
242 0.0138475
243 0.0137827
244 0.0137714
245 0.0137064
246 0.013724
247 0.0136801
248 0.013646
249 0.0136094
250 0.0135873
251 0.0135569
252 0.0135784
253 0.0135065
254 0.013458
255 0.0134621
256 0.013409
257 0.0133789
258 0.0133671
259 0.013346
260 0.0132735
261 0.0132538
262 0.0132692
263 0.0132408
264 0.0131961
265 0.0131805
266 0.0131423
267 0.013108
268 0.0130621
269 0.0130521
270 0.0130393
271 0.0129885
272 0.0129791
273 0.0129199
274 0.0129262
275 0.0129043
276 0.0128646
277 0.0128364
278 0.0128117
279 0.0128071
280 0.0127972
281 0.0127148
282 0.0126848
283 0.0127059
284 0.0126959
285 0.0126423
286 0.0126281
287 0.0125909
288 0.0125692
289 0.0125458
290 0.0125243
291 0.0125143
292 0.0124573
293 0.0124422
294 0.012455
295 0.0124083
296 0.0123739
297 0.0123397
298 0.0122902
299 0.0123301
300 0.0122907
