1 0
2 0
3 0
4 0
5 0
6 0
7 0.0181721
8 0
9 0
10 0.0033775
11 0.00567627
12 0.00766525
13 0.009162
14 0.00258486
15 0.0150202
16 0.0211843
17 0.0190092
18 0.0241484
19 0.0219806
20 0.0272903
21 0.0151443
22 0.0130171
23 0.0131923
24 0.017877
25 0.0151774
26 0.0122894
27 0.0133316
28 0.0130511
29 0.0147638
30 0.0148708
31 0.0140905
32 0.0145488
33 0.01877
34 0.0239711
35 0.0260271
36 0.0267251
37 0.0264143
38 0.0270428
39 0.0270383
40 0.0281556
41 0.0290713
42 0.0299922
43 0.0296768
44 0.0290275
45 0.0272576
46 0.0271932
47 0.0286015
48 0.0279457
49 0.0261853
50 0.0243936
51 0.0213361
52 0.0214316
53 0.0225461
54 0.0220319
55 0.021623
56 0.0212343
57 0.0227245
58 0.0230171
59 0.0232755
60 0.0222578
61 0.0217277
62 0.0217505
63 0.021354
64 0.0223971
65 0.0222713
66 0.0219099
67 0.0235658
68 0.025203
69 0.0271439
70 0.0283636
71 0.0282236
72 0.0291637
73 0.0289487
74 0.0303273
75 0.0315024
76 0.0317949
77 0.0316058
78 0.0316456
79 0.0316671
80 0.0311622
81 0.0314177
82 0.0328676
83 0.0329894
84 0.0333688
85 0.0334464
86 0.033626
87 0.0334896
88 0.0329106
89 0.032872
90 0.0327475
91 0.0324349
92 0.0323501
93 0.0323425
94 0.0321335
95 0.03221
96 0.0328555
97 0.0328841
98 0.0330387
99 0.0326242
100 0.0326089
