1 0
2 0.666667
3 0.444444
4 0.421053
5 0.45
6 0.35
7 0.306306
8 0.2723
9 0.288608
10 0.286331
11 0.301464
12 0.301348
13 0.303571
14 0.302632
15 0.300875
16 0.298902
17 0.296586
18 0.293306
19 0.289016
20 0.285182
21 0.281216
22 0.27707
23 0.273169
24 0.269551
25 0.266016
26 0.262485
27 0.259164
28 0.255938
29 0.252851
30 0.249748
31 0.246649
32 0.243647
33 0.2407
34 0.237855
35 0.235048
36 0.232366
37 0.229656
38 0.227103
39 0.22457
40 0.222094
41 0.219667
42 0.217312
43 0.21498
44 0.212744
45 0.210522
46 0.208348
47 0.206232
48 0.204174
49 0.202151
50 0.200182
51 0.198253
52 0.196385
53 0.194536
54 0.192758
55 0.190999
56 0.189283
57 0.187611
58 0.185973
59 0.184355
60 0.182788
61 0.181244
62 0.179731
63 0.178252
64 0.176798
65 0.175372
66 0.173977
67 0.172611
68 0.171275
69 0.169953
70 0.168659
71 0.167385
72 0.166139
73 0.164915
74 0.163709
75 0.162526
76 0.161364
77 0.160221
78 0.159099
79 0.157991
80 0.156904
81 0.155833
82 0.154784
83 0.153747
84 0.152731
85 0.151726
86 0.150741
87 0.149766
88 0.148809
89 0.147868
90 0.146942
91 0.146026
92 0.145127
93 0.144239
94 0.143367
95 0.142504
96 0.141656
97 0.140818
98 0.139993
99 0.139179
100 0.138377
