1 0.666054
2 0.666655
3 0.715808
4 0.733553
5 0.74876
6 0.760901
7 0.775578
8 0.776026
9 0.789523
10 0.796944
11 0.800409
12 0.804807
13 0.812091
14 0.813899
15 0.823019
16 0.824588
17 0.827982
18 0.832668
19 0.835488
20 0.835406
21 0.840832
22 0.842381
23 0.843588
24 0.847273
25 0.850322
26 0.851977
27 0.854928
28 0.856408
29 0.857696
30 0.859177
31 0.861144
32 0.862302
33 0.864241
34 0.865026
35 0.866522
36 0.867504
37 0.868708
38 0.869269
39 0.871185
40 0.872738
41 0.87365
42 0.874992
43 0.876328
44 0.876622
45 0.878326
46 0.879205
47 0.879938
48 0.880753
49 0.882362
50 0.882697
51 0.883708
52 0.884115
53 0.885267
54 0.885413
55 0.887104
56 0.886944
57 0.888518
58 0.888797
59 0.889672
60 0.890752
61 0.890954
62 0.891959
63 0.891892
64 0.892835
65 0.893531
66 0.894206
67 0.894073
68 0.895492
69 0.89533
70 0.896357
71 0.896812
72 0.897431
73 0.897907
74 0.898342
75 0.89915
76 0.89959
77 0.900353
78 0.899758
79 0.901175
80 0.901435
81 0.901979
82 0.902227
83 0.903009
84 0.903228
85 0.903975
86 0.903729
87 0.904918
88 0.904414
89 0.905335
90 0.905723
91 0.906257
92 0.906439
93 0.906823
94 0.906918
95 0.907368
96 0.908275
97 0.90824
98 0.908731
99 0.909217
100 0.909007
101 0.909135
102 0.910279
103 0.910581
104 0.910411
105 0.910882
106 0.911268
107 0.912033
108 0.911877
109 0.912758
110 0.912865
111 0.912685
112 0.913166
113 0.913418
114 0.914041
115 0.914547
116 0.91451
117 0.914946
118 0.914927
119 0.915174
120 0.915515
121 0.91578
122 0.915989
123 0.916516
124 0.916804
125 0.916852
126 0.917163
127 0.917724
128 0.9175
129 0.917646
130 0.918351
131 0.918648
132 0.918853
133 0.918884
134 0.918958
135 0.919678
136 0.919445
137 0.91965
138 0.92018
139 0.920534
140 0.920776
141 0.920473
142 0.920698
143 0.921453
144 0.921423
145 0.921406
146 0.921761
147 0.921948
148 0.922175
149 0.922024
150 0.922872
151 0.923155
152 0.922982
153 0.923102
154 0.923311
155 0.923288
156 0.923638
157 0.924065
158 0.92429
159 0.924518
160 0.924572
161 0.924788
162 0.925004
163 0.92525
164 0.925257
165 0.925869
166 0.925336
167 0.926108
168 0.926353
169 0.92624
170 0.926393
171 0.926563
172 0.927043
173 0.9269
174 0.926939
175 0.927212
176 0.927243
177 0.927525
178 0.927634
179 0.928073
180 0.927477
181 0.927962
182 0.928321
183 0.928519
184 0.928499
185 0.928778
186 0.928814
187 0.92913
188 0.929157
189 0.929541
190 0.929515
191 0.929637
192 0.929844
193 0.929799
194 0.930462
195 0.930387
196 0.930446
197 0.930294
198 0.930381
199 0.930578
200 0.930816
201 0.931364
202 0.930743
203 0.931414
204 0.931216
205 0.931624
206 0.931706
207 0.931799
208 0.932151
209 0.932069
210 0.93233
211 0.932536
212 0.932782
213 0.932345
214 0.932829
215 0.932867
216 0.932558
217 0.933299
218 0.933347
219 0.933514
220 0.933645
221 0.933448
222 0.933442
223 0.933427
224 0.934137
225 0.933679
226 0.933801
227 0.933954
228 0.934438
229 0.934818
230 0.934663
231 0.934822
232 0.934901
233 0.934826
234 0.935282
235 0.935277
236 0.935595
237 0.935293
238 0.935542
239 0.935463
240 0.935851
241 0.935443
242 0.936469
243 0.936104
244 0.935987
245 0.936623
246 0.936835
247 0.936589
248 0.936835
249 0.936957
250 0.936786
251 0.937192
252 0.9375
253 0.937173
254 0.93719
255 0.937151
256 0.937685
257 0.937713
258 0.93737
259 0.937702
260 0.937775
261 0.937837
262 0.937792
263 0.937597
264 0.937975
265 0.938518
266 0.938206
267 0.938351
268 0.939147
269 0.938636
270 0.938559
271 0.938734
272 0.939053
273 0.939111
274 0.93943
275 0.939577
276 0.939439
277 0.939228
278 0.939543
279 0.939185
280 0.939915
281 0.939928
282 0.939888
283 0.939773
284 0.939915
285 0.94008
286 0.940162
287 0.940175
288 0.940239
289 0.940558
290 0.940336
291 0.940525
292 0.940811
293 0.941202
294 0.940982
295 0.940272
296 0.940715
297 0.941534
298 0.94124
299 0.94124
300 0.94098
