1 0.166478
2 0.124894
3 0.111046
4 0.0972964
5 0.0888511
6 0.0820198
7 0.0764469
8 0.0716375
9 0.0680989
10 0.0647013
11 0.0616685
12 0.059008
13 0.0567716
14 0.0546755
15 0.0526065
16 0.0508003
17 0.0493954
18 0.04785
19 0.0463789
20 0.0453066
21 0.0439948
22 0.0429392
23 0.0420742
24 0.040932
25 0.0399143
26 0.039025
27 0.038175
28 0.0374532
29 0.0367888
30 0.0361343
31 0.0354201
32 0.0347823
33 0.0341887
34 0.033637
35 0.0330351
36 0.0324272
37 0.0320286
38 0.0315887
39 0.0310974
40 0.0305428
41 0.0301873
42 0.0296989
43 0.0292924
44 0.0289304
45 0.0285033
46 0.0281886
47 0.0278495
48 0.0275103
49 0.0271407
50 0.0268077
51 0.0264741
52 0.0262557
53 0.0258905
54 0.0256767
55 0.0253313
56 0.0251187
57 0.02476
58 0.0245944
59 0.0242936
60 0.0240502
61 0.0237746
62 0.023536
63 0.0233887
64 0.0231559
65 0.022888
66 0.0227188
67 0.0225543
68 0.0222315
69 0.0221391
70 0.0218842
71 0.0216881
72 0.0215328
73 0.0213145
74 0.0212176
75 0.0209866
76 0.0208506
77 0.0206292
78 0.0205602
79 0.0203078
80 0.0201554
81 0.0200454
82 0.0199014
83 0.0196951
84 0.0195664
85 0.0193543
86 0.0193418
87 0.0191114
88 0.019037
89 0.0188745
90 0.018711
91 0.0186153
92 0.0184976
93 0.0183553
94 0.0182729
95 0.0181664
96 0.0179667
97 0.0178855
98 0.0177565
99 0.0176017
100 0.0176247
101 0.0174854
102 0.0173194
103 0.0171945
104 0.0171634
105 0.0170125
106 0.016952
107 0.0168196
108 0.0167158
109 0.016576
110 0.0165279
111 0.0164602
112 0.0163801
113 0.0162516
114 0.0161424
115 0.0160315
116 0.0159786
117 0.0158606
118 0.0158295
119 0.015749
120 0.0156338
121 0.0155855
122 0.0154701
123 0.0154031
124 0.0153154
125 0.0152603
126 0.0151734
127 0.0150619
128 0.0150331
129 0.0149801
130 0.0148821
131 0.0147637
132 0.0147348
133 0.0146553
134 0.014577
135 0.0144891
136 0.0144654
137 0.0143385
138 0.0143025
139 0.0142124
140 0.0141834
141 0.0141242
142 0.0140692
143 0.0139899
144 0.0139511
145 0.0138725
146 0.0137986
147 0.0137768
148 0.0136796
149 0.0136676
150 0.0135406
151 0.0134906
152 0.0134183
153 0.0134227
154 0.0133071
155 0.0132973
156 0.0132499
157 0.0131555
158 0.0131096
159 0.0130448
160 0.0130215
161 0.0129701
162 0.0128868
163 0.0128463
164 0.0127967
165 0.0127171
166 0.0126992
167 0.0126465
168 0.0125734
169 0.0125445
170 0.0124671
171 0.0124712
172 0.0123796
173 0.0123336
174 0.012324
175 0.0122534
176 0.012207
177 0.0121822
178 0.0121534
179 0.0121019
180 0.0120824
181 0.012017
182 0.011945
183 0.0119211
184 0.0118819
185 0.0118231
186 0.0117823
187 0.0117458
188 0.0117082
189 0.0116952
190 0.0116462
191 0.0115906
192 0.0115614
193 0.0115199
194 0.0114607
195 0.0114325
196 0.0114092
197 0.011373
198 0.0113408
199 0.0112773
200 0.0112379
201 0.011175
202 0.0112076
203 0.0111237
204 0.0111156
205 0.01107
206 0.0110151
207 0.010997
208 0.0109491
209 0.0109462
210 0.0108567
211 0.0108514
212 0.0108254
213 0.0108126
214 0.0107475
215 0.0107322
216 0.0107169
217 0.0106314
218 0.0106338
219 0.0105886
220 0.0105772
221 0.0105508
222 0.0105132
223 0.0104819
224 0.0104305
225 0.0104078
226 0.0104291
227 0.0103516
228 0.01031
229 0.010249
230 0.0102677
231 0.010232
232 0.0102019
233 0.0101742
234 0.0101471
235 0.0101423
236 0.0100781
237 0.0100655
238 0.0100281
239 0.0100221
240 0.00997033
241 0.00998725
242 0.00988824
243 0.00985251
244 0.00988697
245 0.00980546
246 0.00979782
247 0.00975451
248 0.00973543
249 0.00973586
250 0.00972033
251 0.00964901
252 0.00964296
253 0.00962712
254 0.00962154
255 0.00959254
256 0.00955659
257 0.00952218
258 0.00951089
259 0.00946457
260 0.00947647
261 0.00943214
262 0.00941863
263 0.00943756
264 0.00938077
265 0.00932409
266 0.00933765
267 0.0093034
268 0.00922121
269 0.00925465
270 0.0092363
271 0.00920198
272 0.00918329
273 0.00915367
274 0.00911889
275 0.00908356
276 0.00909447
277 0.0090627
278 0.00903115
279 0.00904286
280 0.00898673
281 0.00896143
282 0.00896043
283 0.00895811
284 0.0089154
285 0.00889752
286 0.00884308
287 0.00884783
288 0.00883942
289 0.0088078
290 0.00880395
291 0.00878676
292 0.00872588
293 0.00870006
294 0.0087244
295 0.00872523
296 0.00869644
297 0.00862584
298 0.00864952
299 0.00860013
300 0.00862386
