1 0.5
2 0.492893
3 0.492974
4 0.487327
5 0.487425
6 0.48563
7 0.484355
8 0.48309
9 0.483021
10 0.48191
11 0.481548
12 0.481038
13 0.480674
14 0.480066
15 0.479588
16 0.479402
17 0.479147
18 0.478925
19 0.478571
20 0.478483
21 0.478159
22 0.477983
23 0.477938
24 0.477572
25 0.477562
26 0.476969
27 0.476963
28 0.476887
29 0.476889
30 0.476678
31 0.476643
32 0.476632
33 0.476407
34 0.476479
35 0.476069
36 0.475951
37 0.476134
38 0.476158
39 0.475928
40 0.475844
41 0.476005
42 0.47557
43 0.475763
44 0.475574
45 0.475488
46 0.475486
47 0.47532
48 0.475286
49 0.475287
50 0.475249
51 0.47505
52 0.475016
53 0.474755
54 0.475114
55 0.474933
56 0.474802
57 0.474796
58 0.475007
59 0.474547
60 0.47476
61 0.474581
62 0.474732
63 0.474714
64 0.474804
65 0.474698
66 0.474542
67 0.474317
68 0.474462
69 0.474195
70 0.47424
71 0.474325
72 0.474375
73 0.474107
74 0.474267
75 0.474012
76 0.474155
77 0.474171
78 0.474215
79 0.474095
80 0.474144
81 0.47417
82 0.474048
83 0.474013
84 0.473967
85 0.473696
86 0.473972
87 0.473917
88 0.473782
89 0.473941
90 0.47397
91 0.47367
92 0.473862
93 0.473869
94 0.473808
95 0.473644
96 0.473852
97 0.473993
98 0.473552
99 0.473811
100 0.473603
101 0.473622
102 0.47366
103 0.473724
104 0.473659
105 0.47354
106 0.473518
107 0.473597
108 0.473459
109 0.473602
110 0.473859
111 0.473441
112 0.473582
113 0.473166
114 0.473499
115 0.473445
116 0.473276
117 0.473458
118 0.473529
119 0.473308
120 0.47329
121 0.473828
122 0.473219
123 0.473241
124 0.473231
125 0.473217
126 0.473274
127 0.473289
128 0.473265
129 0.473436
130 0.473346
131 0.473231
132 0.473267
133 0.473459
134 0.473107
135 0.473223
136 0.473412
137 0.473205
138 0.473131
139 0.473395
140 0.473083
141 0.47317
142 0.473082
143 0.473215
144 0.473025
145 0.472957
146 0.473151
147 0.473075
148 0.473049
149 0.473077
150 0.472922
151 0.473261
152 0.473142
153 0.472869
154 0.473016
155 0.472867
156 0.472937
157 0.473143
158 0.473098
159 0.472942
160 0.472876
161 0.472805
162 0.472777
163 0.473008
164 0.473057
165 0.472961
166 0.472991
167 0.47291
168 0.473118
169 0.472996
170 0.472866
171 0.472939
172 0.472935
173 0.47281
174 0.47282
175 0.472667
176 0.472734
177 0.472603
178 0.472756
179 0.472923
180 0.472759
181 0.472725
182 0.473086
183 0.472684
184 0.472764
185 0.47264
186 0.472665
187 0.472778
188 0.472755
189 0.472987
190 0.472656
191 0.472872
192 0.472743
193 0.472663
194 0.472542
195 0.472561
196 0.47281
197 0.472723
198 0.472642
199 0.472479
200 0.472775
201 0.472529
202 0.472818
203 0.47271
204 0.472533
205 0.472859
206 0.472708
207 0.47293
208 0.472784
209 0.472859
210 0.472783
211 0.472916
212 0.472684
213 0.4725
214 0.472579
215 0.472753
216 0.472422
217 0.472412
218 0.472785
219 0.472664
220 0.472585
221 0.472377
222 0.472656
223 0.472769
224 0.472357
225 0.472418
226 0.472554
227 0.472734
228 0.472764
229 0.472771
230 0.472665
231 0.472414
232 0.472506
233 0.472565
234 0.47249
235 0.472544
236 0.472399
237 0.47265
238 0.472551
239 0.472499
240 0.472544
241 0.472772
242 0.472341
243 0.472429
244 0.472599
245 0.472373
246 0.472298
247 0.472543
248 0.472377
249 0.472504
250 0.472704
251 0.472669
252 0.472229
253 0.472598
254 0.472441
255 0.47262
256 0.472451
257 0.472219
258 0.472543
259 0.472281
260 0.472455
261 0.472437
262 0.472321
263 0.472565
264 0.4725
265 0.472439
266 0.472694
267 0.472288
268 0.472777
269 0.472503
270 0.47233
271 0.472505
272 0.47239
273 0.472321
274 0.472493
275 0.472447
276 0.472447
277 0.472387
278 0.472631
279 0.472008
280 0.472297
281 0.472524
282 0.472367
283 0.472622
284 0.472298
285 0.472436
286 0.472428
287 0.472211
288 0.472221
289 0.472369
290 0.472461
291 0.472393
292 0.472391
293 0.472299
294 0.472411
295 0.472528
296 0.472369
297 0.472392
298 0.472282
299 0.472366
300 0.472496
