1 0.500138
2 0.583361
3 0.610865
4 0.641554
5 0.659988
6 0.675153
7 0.688276
8 0.699712
9 0.70826
10 0.717089
11 0.724537
12 0.731453
13 0.737282
14 0.7425
15 0.749279
16 0.754002
17 0.758174
18 0.762418
19 0.766225
20 0.769623
21 0.773577
22 0.776116
23 0.778845
24 0.782874
25 0.785587
26 0.788564
27 0.791493
28 0.793631
29 0.795731
30 0.797918
31 0.800043
32 0.80214
33 0.803868
34 0.805786
35 0.807785
36 0.809853
37 0.810733
38 0.812242
39 0.814293
40 0.816098
41 0.817725
42 0.819208
43 0.820524
44 0.821555
45 0.823473
46 0.824664
47 0.825884
48 0.827282
49 0.828896
50 0.829796
51 0.831007
52 0.831582
53 0.833073
54 0.833808
55 0.835285
56 0.835889
57 0.837421
58 0.83784
59 0.839182
60 0.840262
61 0.841207
62 0.842072
63 0.842524
64 0.843584
65 0.844366
66 0.845223
67 0.845423
68 0.847039
69 0.847437
70 0.84848
71 0.849154
72 0.850041
73 0.850689
74 0.851188
75 0.852286
76 0.852818
77 0.853759
78 0.853504
79 0.855355
80 0.855769
81 0.856102
82 0.856842
83 0.857701
84 0.858152
85 0.85911
86 0.858891
87 0.860176
88 0.859879
89 0.860853
90 0.861627
91 0.86214
92 0.86249
93 0.862969
94 0.863511
95 0.864095
96 0.865247
97 0.865224
98 0.865876
99 0.866484
100 0.866421
101 0.866682
102 0.867864
103 0.868208
104 0.868287
105 0.868978
106 0.869415
107 0.870106
108 0.870538
109 0.871189
110 0.871526
111 0.871606
112 0.872063
113 0.872588
114 0.873386
115 0.873937
116 0.874067
117 0.87448
118 0.87465
119 0.875003
120 0.875335
121 0.875965
122 0.876153
123 0.876704
124 0.877206
125 0.877533
126 0.87772
127 0.878454
128 0.878296
129 0.878433
130 0.879062
131 0.879803
132 0.879755
133 0.88007
134 0.880329
135 0.88099
136 0.880918
137 0.881592
138 0.881886
139 0.88238
140 0.882507
141 0.882523
142 0.88275
143 0.883536
144 0.883642
145 0.88384
146 0.884214
147 0.884569
148 0.885057
149 0.884932
150 0.885815
151 0.886077
152 0.886271
153 0.886239
154 0.88658
155 0.88666
156 0.887001
157 0.887454
158 0.888063
159 0.888189
160 0.888305
161 0.888597
162 0.888981
163 0.889114
164 0.889453
165 0.889874
166 0.8897
167 0.890353
168 0.890569
169 0.890653
170 0.890951
171 0.891139
172 0.891681
173 0.891612
174 0.891701
175 0.892086
176 0.892301
177 0.892512
178 0.892606
179 0.892989
180 0.892696
181 0.893412
182 0.893689
183 0.893981
184 0.893925
185 0.894329
186 0.894492
187 0.894978
188 0.894914
189 0.895139
190 0.895462
191 0.895658
192 0.895811
193 0.895832
194 0.896587
195 0.896425
196 0.896698
197 0.896716
198 0.896882
199 0.897032
200 0.897426
201 0.897874
202 0.897308
203 0.898031
204 0.897934
205 0.898588
206 0.898825
207 0.899019
208 0.899304
209 0.899216
210 0.899671
211 0.899787
212 0.899984
213 0.899822
214 0.900112
215 0.900317
216 0.900197
217 0.900872
218 0.900934
219 0.90116
220 0.901335
221 0.90116
222 0.901329
223 0.901478
224 0.90204
225 0.901789
226 0.901791
227 0.90209
228 0.902696
229 0.903072
230 0.90292
231 0.903172
232 0.903302
233 0.90331
234 0.903674
235 0.903657
236 0.904108
237 0.904098
238 0.90428
239 0.90423
240 0.904653
241 0.90444
242 0.905311
243 0.905282
244 0.90499
245 0.905652
246 0.905916
247 0.905765
248 0.906031
249 0.906021
250 0.906172
251 0.906501
252 0.906841
253 0.906505
254 0.906616
255 0.906685
256 0.907078
257 0.907069
258 0.906943
259 0.907346
260 0.907322
261 0.907403
262 0.907453
263 0.907279
264 0.907641
265 0.908199
266 0.908004
267 0.908142
268 0.909011
269 0.90853
270 0.908636
271 0.908766
272 0.909069
273 0.909119
274 0.909559
275 0.909743
276 0.909596
277 0.90966
278 0.90985
279 0.909593
280 0.910382
281 0.910452
282 0.910375
283 0.91024
284 0.910543
285 0.910553
286 0.910972
287 0.910859
288 0.910948
289 0.911304
290 0.911041
291 0.911269
292 0.911595
293 0.912162
294 0.912016
295 0.911474
296 0.911807
297 0.912644
298 0.912473
299 0.912409
300 0.912223
