1 0.458457
2 0.332625
3 0.278568
4 0.247452
5 0.226704
6 0.212017
7 0.200856
8 0.192273
9 0.185198
10 0.179595
11 0.17501
12 0.170903
13 0.167331
14 0.16434
15 0.1618
16 0.159516
17 0.157466
18 0.155707
19 0.154152
20 0.152674
21 0.151265
22 0.150186
23 0.149101
24 0.148091
25 0.147007
26 0.146333
27 0.145615
28 0.144807
29 0.144279
30 0.143612
31 0.14313
32 0.142434
33 0.142119
34 0.141448
35 0.14096
36 0.140625
37 0.140272
38 0.139922
39 0.13951
40 0.139236
41 0.138733
42 0.138554
43 0.138283
44 0.138103
45 0.137773
46 0.137625
47 0.137362
48 0.137162
49 0.136925
50 0.136716
51 0.136538
52 0.13638
53 0.136242
54 0.136132
55 0.135862
56 0.135678
57 0.135587
58 0.13551
59 0.135307
60 0.135216
61 0.135063
62 0.134961
63 0.134748
64 0.134608
65 0.134578
66 0.134554
67 0.134407
68 0.134356
69 0.134258
70 0.134161
71 0.134116
72 0.133977
73 0.133855
74 0.13383
75 0.133751
76 0.133673
77 0.133637
78 0.133561
79 0.133485
80 0.133396
81 0.133347
82 0.133249
83 0.133283
84 0.133127
85 0.133049
86 0.13302
87 0.133009
88 0.132937
89 0.132865
90 0.132854
91 0.13273
92 0.132715
93 0.132857
94 0.132622
95 0.132564
96 0.132529
97 0.1325
98 0.132392
99 0.132409
100 0.132326
101 0.132284
102 0.13224
103 0.132205
104 0.132153
105 0.132074
106 0.132122
107 0.132049
108 0.132059
109 0.132018
110 0.131969
111 0.131925
112 0.131909
113 0.131912
114 0.131895
115 0.131837
116 0.131774
117 0.131715
118 0.131703
119 0.131642
120 0.131661
121 0.13164
122 0.131606
123 0.131567
124 0.131529
125 0.131507
126 0.131458
127 0.131441
128 0.131324
129 0.131398
130 0.13141
131 0.131393
132 0.131374
133 0.131288
134 0.131307
135 0.131305
136 0.131262
137 0.131247
138 0.131198
139 0.131158
140 0.131177
141 0.131155
142 0.131127
143 0.131076
144 0.131078
145 0.131068
146 0.130974
147 0.130978
148 0.130994
149 0.130967
150 0.130943
151 0.130945
152 0.130952
153 0.130918
154 0.130904
155 0.130864
156 0.130853
157 0.130846
158 0.130817
159 0.13084
160 0.130788
161 0.130789
162 0.130769
163 0.130729
164 0.130719
165 0.130697
166 0.130709
167 0.130688
168 0.130661
169 0.130665
170 0.130612
171 0.130701
172 0.130591
173 0.13061
174 0.130595
175 0.130576
176 0.130583
177 0.130566
178 0.130565
179 0.130518
180 0.130534
181 0.130445
182 0.130515
183 0.130488
184 0.130479
185 0.13045
186 0.130445
187 0.130419
188 0.130427
189 0.130374
190 0.130364
191 0.130377
192 0.13034
193 0.130324
194 0.130343
195 0.130282
196 0.130307
197 0.130314
198 0.130309
199 0.13027
200 0.130282
201 0.130267
202 0.130237
203 0.130262
204 0.130229
205 0.129993
206 0.130209
207 0.130209
208 0.130176
209 0.130189
210 0.130186
211 0.130135
212 0.13015
213 0.130171
214 0.130107
215 0.130112
216 0.130127
217 0.130052
218 0.130063
219 0.130081
220 0.13006
221 0.130049
222 0.130059
223 0.130045
224 0.130032
225 0.130028
226 0.130011
227 0.130028
228 0.129998
229 0.130003
230 0.130022
231 0.129989
232 0.129978
233 0.129969
234 0.129993
235 0.129935
236 0.12992
237 0.129915
238 0.129897
239 0.129908
240 0.12992
241 0.129984
242 0.129889
243 0.129909
244 0.129885
245 0.129868
246 0.129849
247 0.129864
248 0.129849
249 0.129864
250 0.129809
251 0.129829
252 0.129785
253 0.129814
254 0.129797
255 0.129788
256 0.129789
257 0.129766
258 0.129759
259 0.12975
260 0.129753
261 0.129779
262 0.129764
263 0.129721
264 0.129729
265 0.129708
266 0.129697
267 0.129732
268 0.129689
269 0.129682
270 0.129722
271 0.129665
272 0.129674
273 0.129627
274 0.129653
275 0.129646
276 0.129643
277 0.129642
278 0.129607
279 0.129613
280 0.129619
281 0.129599
282 0.129618
283 0.129607
284 0.129601
285 0.129549
286 0.129555
287 0.129563
288 0.129567
289 0.129529
290 0.129547
291 0.129561
292 0.12954
293 0.129544
294 0.129488
295 0.129512
296 0.129515
297 0.129518
298 0.129516
299 0.129477
300 0.129482
