1 0.377851
2 0.377851
3 0.377851
4 0.377851
5 0.377851
6 0.377851
7 0.377851
8 0.377851
9 0.377851
10 0.377851
11 0.377851
12 0.377851
13 0.377851
14 0.377851
15 0.377851
16 0.377851
17 0.377851
18 0.377851
19 0.377851
20 0.377851
21 0.377851
22 0.377851
23 0.377851
24 0.377851
25 0.377851
26 0.377851
27 0.377851
28 0.377851
29 0.377851
30 0.377851
31 0.377851
32 0.377851
33 0.377851
34 0.377851
35 0.377851
36 0.377851
37 0.377851
38 0.377851
39 0.377851
40 0.377851
41 0.377851
42 0.377851
43 0.377851
44 0.377851
45 0.377851
46 0.377851
47 0.377851
48 0.377851
49 0.377851
50 0.377851
51 0.377851
52 0.377851
53 0.377851
54 0.377851
55 0.377851
56 0.377851
57 0.377851
58 0.377851
59 0.377851
60 0.377851
61 0.377851
62 0.377851
63 0.377851
64 0.377851
65 0.377851
66 0.377851
67 0.377851
68 0.377851
69 0.377851
70 0.377851
71 0.377851
72 0.377851
73 0.377851
74 0.377851
75 0.377851
76 0.377851
77 0.377851
78 0.377851
79 0.377851
80 0.377851
81 0.377851
82 0.377851
83 0.377851
84 0.377851
85 0.377851
86 0.377851
87 0.377851
88 0.377851
89 0.377851
90 0.377851
91 0.377851
92 0.377851
93 0.377851
94 0.377851
95 0.377851
96 0.377851
97 0.377851
98 0.377851
99 0.377851
100 0.377851
101 0.377851
102 0.377851
103 0.377851
104 0.377851
105 0.377851
106 0.377851
107 0.377851
108 0.377851
109 0.377851
110 0.377851
111 0.377851
112 0.377851
113 0.377851
114 0.377851
115 0.377851
116 0.377851
117 0.377851
118 0.377851
119 0.377851
120 0.377851
121 0.377851
122 0.377851
123 0.377851
124 0.377851
125 0.377851
126 0.377851
127 0.377851
128 0.377851
129 0.377851
130 0.377851
131 0.377851
132 0.377851
133 0.377851
134 0.377851
135 0.377851
136 0.377851
137 0.377851
138 0.377851
139 0.377851
140 0.377851
141 0.377851
142 0.377851
143 0.377851
144 0.377851
145 0.377851
146 0.377851
147 0.377851
148 0.377851
149 0.377851
150 0.377851
151 0.377851
152 0.377851
153 0.377851
154 0.377851
155 0.377851
156 0.377851
157 0.377851
158 0.377851
159 0.377851
160 0.377851
161 0.377851
162 0.377851
163 0.377851
164 0.377851
165 0.377851
166 0.377851
167 0.377851
168 0.377851
169 0.377851
170 0.377851
171 0.377851
172 0.377851
173 0.377851
174 0.377851
175 0.377851
176 0.377851
177 0.377851
178 0.377851
179 0.377851
180 0.377851
181 0.377851
182 0.377851
183 0.377851
184 0.377851
185 0.377851
186 0.377851
187 0.377851
188 0.377851
189 0.377851
190 0.377851
191 0.377851
192 0.377851
193 0.377851
194 0.377851
195 0.377851
196 0.377851
197 0.377851
198 0.377851
199 0.377851
200 0.377851
201 0.377851
202 0.377851
203 0.377851
204 0.377851
205 0.377851
206 0.377851
207 0.377851
208 0.377851
209 0.377851
210 0.377851
211 0.377851
212 0.377851
213 0.377851
214 0.377851
215 0.377851
216 0.377851
217 0.377851
218 0.377851
219 0.377851
220 0.377851
221 0.377851
222 0.377851
223 0.377851
224 0.377851
225 0.377851
226 0.377851
227 0.377851
228 0.377851
229 0.377851
230 0.377851
231 0.377851
232 0.377851
233 0.377851
234 0.377851
235 0.377851
236 0.377851
237 0.377851
238 0.377851
239 0.377851
240 0.377851
241 0.377851
242 0.377851
243 0.377851
244 0.377851
245 0.377851
246 0.377851
247 0.377851
248 0.377851
249 0.377851
250 0.377851
251 0.377851
252 0.377851
253 0.377851
254 0.377851
255 0.377851
256 0.377851
257 0.377851
258 0.377851
259 0.377851
260 0.377851
261 0.377851
262 0.377851
263 0.377851
264 0.377851
265 0.377851
266 0.377851
267 0.377851
268 0.377851
269 0.377851
270 0.377851
271 0.377851
272 0.377851
273 0.377851
274 0.377851
275 0.377851
276 0.377851
277 0.377851
278 0.377851
279 0.377851
280 0.377851
281 0.377851
282 0.377851
283 0.377851
284 0.377851
285 0.377851
286 0.377851
287 0.377851
288 0.377851
289 0.377851
290 0.377851
291 0.377851
292 0.377851
293 0.377851
294 0.377851
295 0.377851
296 0.377851
297 0.377851
298 0.377851
299 0.377851
300 0.377851
