1 0.0779885
2 0.0763827
3 0.0748604
4 0.0734636
5 0.0721008
6 0.0707712
7 0.0695465
8 0.0683519
9 0.067239
10 0.066166
11 0.0651288
12 0.0641241
13 0.0631745
14 0.0622649
15 0.0613911
16 0.0605377
17 0.0597288
18 0.0589397
19 0.0581819
20 0.057447
21 0.0567444
22 0.0560552
23 0.0553984
24 0.054757
25 0.0541379
26 0.0535355
27 0.0529521
28 0.0523881
29 0.0518362
30 0.0513
31 0.0507755
32 0.0502693
33 0.0497759
34 0.0492968
35 0.048829
36 0.0483707
37 0.0479261
38 0.0474932
39 0.0470694
40 0.0466558
41 0.0462551
42 0.0458602
43 0.0454745
44 0.0450969
45 0.0447267
46 0.0443645
47 0.044009
48 0.0436636
49 0.0433236
50 0.0429893
51 0.0426625
52 0.0423428
53 0.0420297
54 0.0417217
55 0.0414198
56 0.0411245
57 0.0408343
58 0.0405482
59 0.0402685
60 0.0399942
61 0.0397255
62 0.0394617
63 0.0392004
64 0.0389451
65 0.0386927
66 0.0384444
67 0.0381986
68 0.0379589
69 0.0377233
70 0.0374916
71 0.0372634
72 0.0370387
73 0.0368195
74 0.0366004
75 0.0363861
76 0.036175
77 0.0359671
78 0.0357617
79 0.0355597
80 0.0353607
81 0.0351642
82 0.0349713
83 0.0347808
84 0.0345929
85 0.0344079
86 0.0342249
87 0.0340446
88 0.0338664
89 0.0336905
90 0.0335181
91 0.0333476
92 0.0331791
93 0.0330127
94 0.0328484
95 0.032686
96 0.0325266
97 0.0323686
98 0.0322131
99 0.0320592
100 0.0319078
101 0.0317576
102 0.0316085
103 0.0314616
104 0.0313168
105 0.0311733
106 0.031031
107 0.0308907
108 0.0307528
109 0.0306164
110 0.030481
111 0.0303475
112 0.0302156
113 0.030084
114 0.0299548
115 0.0298262
116 0.0297004
117 0.0295751
118 0.0294516
119 0.0293296
120 0.0292083
121 0.0290884
122 0.0289699
123 0.0288534
124 0.0287368
125 0.0286216
126 0.0285077
127 0.0283951
128 0.0282832
129 0.0281726
130 0.0280632
131 0.027955
132 0.0278472
133 0.0277411
134 0.0276363
135 0.0275323
136 0.0274293
137 0.0273275
138 0.0272264
139 0.027126
140 0.0270268
141 0.0269286
142 0.0268308
143 0.0267346
144 0.0266387
145 0.0265439
146 0.0264501
147 0.026357
148 0.0262649
149 0.0261733
150 0.0260825
151 0.0259928
152 0.0259038
153 0.0258158
154 0.0257282
155 0.0256414
156 0.0255557
157 0.0254703
158 0.0253858
159 0.0253019
160 0.0252189
161 0.0251367
162 0.0250549
163 0.0249735
164 0.0248932
165 0.0248136
166 0.0247343
167 0.0246559
168 0.0245778
169 0.0245006
170 0.0244239
171 0.024348
172 0.0242723
173 0.0241972
174 0.0241223
175 0.0240487
176 0.0239758
177 0.0239031
178 0.0238312
179 0.0237599
180 0.023689
181 0.023619
182 0.0235492
183 0.0234799
184 0.0234111
185 0.0233427
186 0.0232747
187 0.0232073
188 0.0231402
189 0.0230739
190 0.0230079
191 0.0229428
192 0.0228778
193 0.0228134
194 0.0227492
195 0.0226856
196 0.0226224
197 0.0225595
198 0.0224973
199 0.0224354
200 0.022374
201 0.022313
202 0.0222523
203 0.0221921
204 0.0221323
205 0.0220731
206 0.0220141
207 0.0219554
208 0.021897
209 0.0218391
210 0.0217817
211 0.0217246
212 0.0216679
213 0.0216118
214 0.021556
215 0.0215003
216 0.021445
217 0.0213901
218 0.0213356
219 0.0212813
220 0.0212275
221 0.0211739
222 0.0211209
223 0.0210681
224 0.0210155
225 0.0209633
226 0.0209114
227 0.0208602
228 0.0208091
229 0.0207582
230 0.0207077
231 0.0206573
232 0.0206074
233 0.020558
234 0.0205087
235 0.0204597
236 0.0204108
237 0.0203624
238 0.0203142
239 0.0202663
240 0.0202186
241 0.0201711
242 0.0201239
243 0.0200772
244 0.0200306
245 0.0199845
246 0.0199387
247 0.0198929
248 0.0198474
249 0.0198023
250 0.0197574
251 0.0197125
252 0.019668
253 0.0196238
254 0.01958
255 0.0195363
256 0.0194927
257 0.0194494
258 0.0194062
259 0.0193635
260 0.0193211
261 0.0192787
262 0.0192367
263 0.0191949
264 0.0191533
265 0.0191118
266 0.0190707
267 0.0190299
268 0.0189891
269 0.0189486
270 0.0189083
271 0.018868
272 0.0188281
273 0.0187884
274 0.0187489
275 0.0187097
276 0.0186708
277 0.018632
278 0.018593
279 0.0185545
280 0.0185163
281 0.0184784
282 0.0184405
283 0.0184028
284 0.0183653
285 0.0183282
286 0.018291
287 0.0182541
288 0.0182173
289 0.0181808
290 0.0181444
291 0.0181081
292 0.0180721
293 0.0180363
294 0.0180007
295 0.0179652
296 0.0179298
297 0.0178948
298 0.0178599
299 0.0178251
300 0.0177905
