1 0.499508
2 0.506189
3 0.512225
4 0.517969
5 0.523592
6 0.529088
7 0.534062
8 0.538974
9 0.543507
10 0.548025
11 0.552343
12 0.556564
13 0.56052
14 0.564341
15 0.567979
16 0.571602
17 0.575072
18 0.578443
19 0.581649
20 0.584861
21 0.587876
22 0.5909
23 0.593743
24 0.596577
25 0.599311
26 0.601984
27 0.604499
28 0.607072
29 0.60953
30 0.611962
31 0.61435
32 0.616653
33 0.618879
34 0.621074
35 0.62321
36 0.625349
37 0.627409
38 0.629416
39 0.631369
40 0.633338
41 0.635237
42 0.637087
43 0.638896
44 0.640693
45 0.642425
46 0.644179
47 0.645887
48 0.647553
49 0.64921
50 0.650826
51 0.652422
52 0.653969
53 0.655463
54 0.65701
55 0.658509
56 0.659959
57 0.66128
58 0.662824
59 0.664238
60 0.665593
61 0.666923
62 0.668254
63 0.669548
64 0.670875
65 0.672124
66 0.673405
67 0.674679
68 0.675893
69 0.677095
70 0.678287
71 0.67948
72 0.680632
73 0.681893
74 0.682904
75 0.684028
76 0.685121
77 0.686224
78 0.68728
79 0.688342
80 0.689395
81 0.690438
82 0.691472
83 0.692455
84 0.693462
85 0.694503
86 0.695428
87 0.696392
88 0.697352
89 0.698241
90 0.699215
91 0.700108
92 0.701059
93 0.701918
94 0.702865
95 0.703734
96 0.704608
97 0.705469
98 0.706336
99 0.707181
100 0.708006
101 0.708838
102 0.709726
103 0.710443
104 0.711287
105 0.712038
106 0.712877
107 0.713664
108 0.714428
109 0.715193
110 0.71594
111 0.71669
112 0.717442
113 0.718203
114 0.718933
115 0.719645
116 0.720361
117 0.721028
118 0.721801
119 0.722471
120 0.723164
121 0.723855
122 0.72451
123 0.725194
124 0.725864
125 0.72654
126 0.727176
127 0.727848
128 0.728492
129 0.729097
130 0.729759
131 0.730391
132 0.731031
133 0.73167
134 0.732274
135 0.73287
136 0.733483
137 0.734088
138 0.734675
139 0.735259
140 0.735845
141 0.736429
142 0.737017
143 0.73758
144 0.738154
145 0.738735
146 0.739249
147 0.739835
148 0.740379
149 0.74094
150 0.741472
151 0.742
152 0.742543
153 0.74307
154 0.743598
155 0.744132
156 0.744637
157 0.745168
158 0.745676
159 0.746173
160 0.746688
161 0.747182
162 0.747694
163 0.748172
164 0.748685
165 0.749157
166 0.749634
167 0.750119
168 0.750608
169 0.751098
170 0.751654
171 0.751888
172 0.752454
173 0.752947
174 0.753422
175 0.753876
176 0.754332
177 0.7548
178 0.755204
179 0.755679
180 0.756116
181 0.756561
182 0.756977
183 0.757409
184 0.757862
185 0.758293
186 0.758672
187 0.759146
188 0.759559
189 0.75997
190 0.760389
191 0.760807
192 0.761222
193 0.761624
194 0.76203
195 0.762387
196 0.762841
197 0.763215
198 0.763638
199 0.764054
200 0.764429
201 0.764826
202 0.765206
203 0.765596
204 0.765962
205 0.766448
206 0.766737
207 0.767107
208 0.767492
209 0.767886
210 0.76822
211 0.768592
212 0.768983
213 0.769359
214 0.76971
215 0.77007
216 0.770426
217 0.770773
218 0.771143
219 0.77152
220 0.771831
221 0.772195
222 0.772545
223 0.772891
224 0.77324
225 0.77358
226 0.773927
227 0.774252
228 0.774617
229 0.774942
230 0.775274
231 0.775604
232 0.775936
233 0.776239
234 0.776567
235 0.776895
236 0.77723
237 0.77756
238 0.77787
239 0.778176
240 0.778515
241 0.77889
242 0.779144
243 0.779476
244 0.779777
245 0.780072
246 0.780394
247 0.7807
248 0.781002
249 0.781305
250 0.781619
251 0.781914
252 0.782224
253 0.78255
254 0.782869
255 0.783218
256 0.783402
257 0.783579
258 0.783921
259 0.784254
260 0.784549
261 0.784844
262 0.785152
263 0.785428
264 0.785714
265 0.785994
266 0.786291
267 0.786544
268 0.786845
269 0.787119
270 0.787389
271 0.787682
272 0.787943
273 0.788154
274 0.788482
275 0.788756
276 0.789016
277 0.78929
278 0.789554
279 0.789815
280 0.790093
281 0.790349
282 0.790622
283 0.790878
284 0.791155
285 0.791388
286 0.791664
287 0.791919
288 0.792171
289 0.792431
290 0.792691
291 0.79293
292 0.793159
293 0.793475
294 0.793683
295 0.793925
296 0.794181
297 0.79442
298 0.794678
299 0.794907
300 0.795163
