1 0.0589802
2 0.0787147
3 0.0498398
4 0.0589469
5 0.0435777
6 0.0488507
7 0.0407402
8 0.0445919
9 0.0351894
10 0.0381706
11 0.0321114
12 0.0342167
13 0.0307258
14 0.0311108
15 0.0287362
16 0.029954
17 0.0258576
18 0.0266581
19 0.024894
20 0.0253358
21 0.0229589
22 0.023872
23 0.0217589
24 0.022571
25 0.021473
26 0.0209404
27 0.0196814
28 0.0203283
29 0.0189616
30 0.0191167
31 0.0182201
32 0.0183575
33 0.0171934
34 0.0175548
35 0.0168349
36 0.0168256
37 0.0161239
38 0.0159592
39 0.0152968
40 0.015773
41 0.0147769
42 0.0148136
43 0.0145653
44 0.0143982
45 0.0139703
46 0.013944
47 0.0133065
48 0.0134524
49 0.0130454
50 0.0130896
51 0.0125154
52 0.0127265
53 0.0121439
54 0.0121515
55 0.0120156
56 0.0119084
57 0.0116274
58 0.0115889
59 0.0111958
60 0.0113166
61 0.0110466
62 0.0108928
63 0.0106391
64 0.0107944
65 0.0104851
66 0.0103849
67 0.0102184
68 0.0101785
69 0.00986248
70 0.0100074
71 0.0097412
72 0.00970492
73 0.00951914
74 0.00944177
75 0.00931581
76 0.00933783
77 0.00906695
78 0.00905343
79 0.00896073
80 0.00891892
81 0.00867003
82 0.00871625
83 0.00849972
84 0.00853119
85 0.00845623
86 0.00830548
87 0.00818487
88 0.00824883
89 0.00803234
90 0.00806667
91 0.00790769
92 0.00793257
93 0.00774566
94 0.00776795
95 0.00765452
96 0.00760713
97 0.00754561
98 0.00747454
99 0.00740911
100 0.00745978
101 0.00727794
102 0.00724003
103 0.00717508
104 0.00713794
105 0.00705042
106 0.00704924
107 0.00689026
108 0.00689867
109 0.0068205
110 0.00680879
111 0.00668651
112 0.00671707
113 0.00660673
114 0.00655606
115 0.00653711
116 0.00649331
117 0.00638975
118 0.00639483
119 0.00630075
120 0.00633704
121 0.00621767
122 0.00619521
123 0.0061429
124 0.00616531
125 0.00608174
126 0.0060358
127 0.00602027
128 0.00597947
129 0.00591002
130 0.00592039
131 0.00582116
132 0.00582397
133 0.0057867
134 0.00576205
135 0.00570295
136 0.00570281
137 0.00561423
138 0.0055919
139 0.00556237
140 0.00555401
141 0.00549683
142 0.00548994
143 0.00541199
144 0.0054058
145 0.00538353
146 0.00532821
147 0.00527463
148 0.00529983
149 0.00521277
150 0.00521417
151 0.00518401
152 0.00515315
153 0.00510074
154 0.00510707
155 0.00506809
156 0.00505635
157 0.00500829
158 0.00498278
159 0.00493639
160 0.00496105
161 0.00487592
162 0.00488374
163 0.00484226
164 0.00482415
165 0.00477871
166 0.00477094
167 0.0047359
168 0.00472228
169 0.00470789
170 0.00467786
171 0.0046263
172 0.00464534
173 0.00459061
174 0.00457188
175 0.00456376
176 0.00452683
177 0.00449049
178 0.00449793
179 0.00444443
180 0.00444926
181 0.00440512
182 0.0043807
183 0.00436098
184 0.00436114
185 0.00431343
186 0.00429456
187 0.00428336
188 0.00427317
189 0.00423565
190 0.00425098
191 0.00420287
192 0.00419665
193 0.0041675
194 0.00414704
195 0.00412881
196 0.00412976
197 0.00409199
198 0.00406232
199 0.00405098
200 0.00405378
201 0.00401575
202 0.00400195
203 0.00396335
204 0.0039656
205 0.00394515
206 0.00392201
207 0.00390142
208 0.00390419
209 0.00387028
210 0.00386916
211 0.00385829
212 0.00383761
213 0.00380931
214 0.00381737
215 0.00378292
216 0.0037701
217 0.00375176
218 0.00374413
219 0.00371433
220 0.00372089
221 0.00368666
222 0.0036837
223 0.00367183
224 0.00365618
225 0.00364352
226 0.00362748
227 0.00360276
228 0.00359776
229 0.00358508
230 0.00357867
231 0.00354893
232 0.00355396
233 0.00353321
234 0.00351648
235 0.00351295
236 0.00350698
237 0.00348098
238 0.00347812
239 0.00346662
240 0.00346197
241 0.00343752
242 0.0034273
243 0.00341132
244 0.00341628
245 0.00338792
246 0.00337886
247 0.00336217
248 0.00334695
249 0.00332838
250 0.0033341
251 0.00330266
252 0.00330339
253 0.00329212
254 0.00326314
255 0.00326446
256 0.00325673
257 0.00322976
258 0.0032282
259 0.00322105
260 0.00321575
261 0.0031878
262 0.00318384
263 0.00316853
264 0.0031607
265 0.00315976
266 0.00315269
267 0.00313107
268 0.00313057
269 0.00310247
270 0.00309888
271 0.00308399
272 0.00307578
273 0.00306104
274 0.00306056
275 0.00303892
276 0.00303066
277 0.00302702
278 0.0030071
279 0.00300085
280 0.00300216
281 0.00298062
282 0.00297649
283 0.00297149
284 0.00296104
285 0.00294978
286 0.00294548
287 0.00292437
288 0.00292863
289 0.00290331
290 0.0029032
291 0.00289059
292 0.0028893
293 0.00287025
294 0.00286385
295 0.00286141
296 0.00284577
297 0.0028353
298 0.00282656
299 0.00281679
300 0.00281591
