1 0.499508
2 0.51287
3 0.524299
4 0.5352
5 0.546091
6 0.55656
7 0.563828
8 0.573437
9 0.58005
10 0.58849
11 0.595376
12 0.603057
13 0.608262
14 0.613741
15 0.619364
16 0.625502
17 0.630506
18 0.635843
19 0.640417
20 0.644818
21 0.648554
22 0.653889
23 0.656948
24 0.661243
25 0.665014
26 0.668777
27 0.671877
28 0.674467
29 0.679039
30 0.682022
31 0.685892
32 0.68796
33 0.690141
34 0.693571
35 0.696521
36 0.699512
37 0.701529
38 0.703681
39 0.70663
40 0.709031
41 0.710853
42 0.713406
43 0.715169
44 0.71742
45 0.720028
46 0.722035
47 0.724411
48 0.725689
49 0.728199
50 0.730442
51 0.731639
52 0.733458
53 0.73514
54 0.73708
55 0.739023
56 0.740251
57 0.742003
58 0.743925
59 0.745302
60 0.746492
61 0.747805
62 0.748993
63 0.751443
64 0.752288
65 0.754057
66 0.755315
67 0.757583
68 0.757663
69 0.759279
70 0.760556
71 0.762006
72 0.76333
73 0.763072
74 0.766056
75 0.766636
76 0.767705
77 0.768947
78 0.770191
79 0.771081
80 0.772146
81 0.773316
82 0.774481
83 0.775447
84 0.776219
85 0.777046
86 0.778799
87 0.779435
88 0.780636
89 0.78165
90 0.781687
91 0.783077
92 0.784115
93 0.785047
94 0.786287
95 0.786616
96 0.786857
97 0.788836
98 0.78904
99 0.7901
100 0.790456
101 0.791419
102 0.793169
103 0.793741
104 0.794223
105 0.794948
106 0.796076
107 0.7966
108 0.796951
109 0.797598
110 0.798822
111 0.799452
112 0.799606
113 0.801674
114 0.801311
115 0.802801
116 0.802544
117 0.803766
118 0.803896
119 0.8043
120 0.805711
121 0.805985
122 0.807041
123 0.80683
124 0.808514
125 0.809158
126 0.80927
127 0.809967
128 0.810812
129 0.811286
130 0.811733
131 0.812524
132 0.813982
133 0.813279
134 0.813892
135 0.814533
136 0.81518
137 0.81595
138 0.816028
139 0.816858
140 0.817371
141 0.817637
142 0.818626
143 0.818659
144 0.819516
145 0.819894
146 0.820538
147 0.82073
148 0.821514
149 0.822318
150 0.821885
151 0.822831
152 0.822962
153 0.823779
154 0.824322
155 0.825007
156 0.824497
157 0.825974
158 0.826102
159 0.826827
160 0.826828
161 0.827391
162 0.828255
163 0.828788
164 0.828958
165 0.828992
166 0.829768
167 0.82979
168 0.830101
169 0.830952
170 0.831498
171 0.831875
172 0.832133
173 0.833158
174 0.833599
175 0.833104
176 0.833479
177 0.834559
178 0.834584
179 0.834985
180 0.835599
181 0.835333
182 0.836079
183 0.836444
184 0.836966
185 0.837243
186 0.837644
187 0.837977
188 0.83828
189 0.838626
190 0.839115
191 0.839486
192 0.839877
193 0.839816
194 0.840187
195 0.841194
196 0.841512
197 0.841612
198 0.841986
199 0.841964
200 0.842477
201 0.842914
202 0.842728
203 0.843711
204 0.844119
205 0.844165
206 0.844785
207 0.84515
208 0.845536
209 0.845755
210 0.845865
211 0.846241
212 0.846705
213 0.846593
214 0.846674
215 0.847629
216 0.848063
217 0.848233
218 0.848427
219 0.849027
220 0.849057
221 0.84917
222 0.849489
223 0.850101
224 0.850027
225 0.850417
226 0.850692
227 0.850443
228 0.851296
229 0.851845
230 0.851726
231 0.852291
232 0.852242
233 0.852149
234 0.852433
235 0.852829
236 0.853496
237 0.853322
238 0.853709
239 0.854379
240 0.854728
241 0.855322
242 0.85572
243 0.85498
244 0.855712
245 0.855498
246 0.855679
247 0.85658
248 0.856733
249 0.856423
250 0.857098
251 0.857427
252 0.857655
253 0.857327
254 0.858142
255 0.858292
256 0.858848
257 0.859053
258 0.859436
259 0.859561
260 0.85913
261 0.859824
262 0.860089
263 0.859811
264 0.860482
265 0.860816
266 0.860534
267 0.860432
268 0.86158
269 0.861648
270 0.862035
271 0.862185
272 0.862132
273 0.862472
274 0.862908
275 0.862759
276 0.862737
277 0.863133
278 0.864159
279 0.864113
280 0.863777
281 0.863928
282 0.864503
283 0.864967
284 0.864946
285 0.864406
286 0.865548
287 0.865232
288 0.865629
289 0.865777
290 0.86651
291 0.86643
292 0.8664
293 0.86625
294 0.866666
295 0.867132
296 0.867185
297 0.866909
298 0.867456
299 0.867793
300 0.868321
