1 0.0779885
2 0.0747769
3 0.0718158
4 0.0692731
5 0.0666495
6 0.0641233
7 0.0621988
8 0.0599887
9 0.0583355
10 0.0565099
11 0.0547565
12 0.0530725
13 0.0517791
14 0.05044
15 0.0491581
16 0.0477366
17 0.0467862
18 0.0455247
19 0.0445416
20 0.0434844
21 0.0426923
22 0.0415821
23 0.0409479
24 0.0400049
25 0.0392822
26 0.0384719
27 0.037786
28 0.0371597
29 0.0363852
30 0.035747
31 0.0350424
32 0.0345745
33 0.03399
34 0.0334848
35 0.0329238
36 0.0323332
37 0.0319186
38 0.0314781
39 0.0309631
40 0.0305251
41 0.0302252
42 0.0296698
43 0.0292764
44 0.0288584
45 0.0284386
46 0.0280649
47 0.027657
48 0.027428
49 0.0270064
50 0.0266086
51 0.0263198
52 0.0260434
53 0.0257441
54 0.0253956
55 0.0251225
56 0.0248801
57 0.0245805
58 0.0242455
59 0.0240484
60 0.0238036
61 0.0236058
62 0.0233677
63 0.0229997
64 0.0228617
65 0.0225452
66 0.0223005
67 0.0219781
68 0.0218974
69 0.0217024
70 0.0215018
71 0.0212932
72 0.0210813
73 0.0210356
74 0.0206147
75 0.0205225
76 0.0203388
77 0.0201734
78 0.019946
79 0.0197974
80 0.019637
81 0.0194498
82 0.0193453
83 0.0191601
84 0.0189983
85 0.0188675
86 0.0186737
87 0.0185402
88 0.0183541
89 0.018212
90 0.0181739
91 0.0180007
92 0.0178527
93 0.017703
94 0.0175647
95 0.0174237
96 0.0173849
97 0.0171972
98 0.0171314
99 0.0169801
100 0.0169205
101 0.0167277
102 0.0165526
103 0.0164825
104 0.0163997
105 0.0162509
106 0.0160841
107 0.0160235
108 0.0160013
109 0.0158799
110 0.0157141
111 0.0156691
112 0.0155793
113 0.0153436
114 0.0153595
115 0.0151677
116 0.0152249
117 0.0150379
118 0.0150102
119 0.0149323
120 0.0147739
121 0.0146994
122 0.0146313
123 0.0146353
124 0.0143984
125 0.0143332
126 0.014279
127 0.0142005
128 0.014082
129 0.014011
130 0.0139466
131 0.0138855
132 0.0137414
133 0.0137274
134 0.0136927
135 0.0135982
136 0.0135316
137 0.0134732
138 0.0133765
139 0.013265
140 0.013243
141 0.0131798
142 0.0130539
143 0.0130641
144 0.0129303
145 0.0128863
146 0.012843
147 0.0127796
148 0.0127135
149 0.0126179
150 0.0125656
151 0.0125278
152 0.0124586
153 0.0124388
154 0.0123457
155 0.0122647
156 0.0122746
157 0.0121472
158 0.0121148
159 0.0120532
160 0.0120236
161 0.0119765
162 0.0118786
163 0.0118019
164 0.0117944
165 0.0117657
166 0.0116463
167 0.0116299
168 0.0115375
169 0.0115422
170 0.0114529
171 0.0114427
172 0.0113414
173 0.0112681
174 0.0111826
175 0.0112274
176 0.0112146
177 0.0111215
178 0.0111001
179 0.0110675
180 0.0110036
181 0.011014
182 0.0109162
183 0.0108705
184 0.0108217
185 0.0107481
186 0.0106988
187 0.0106644
188 0.0106031
189 0.0105953
190 0.0105419
191 0.0105635
192 0.0104744
193 0.0104412
194 0.0103706
195 0.0103452
196 0.010303
197 0.0102217
198 0.0102367
199 0.0101841
200 0.0101629
201 0.0101004
202 0.0100643
203 0.0100376
204 0.00998985
205 0.00997975
206 0.00991851
207 0.00986706
208 0.00981152
209 0.00979609
210 0.00977975
211 0.00974511
212 0.00969528
213 0.00971279
214 0.00967799
215 0.00957899
216 0.00955868
217 0.00953421
218 0.00951974
219 0.00942943
220 0.00944021
221 0.00939371
222 0.00940405
223 0.0093433
224 0.00929303
225 0.0092683
226 0.00923726
227 0.00929444
228 0.00920077
229 0.00915396
230 0.00914286
231 0.00906095
232 0.00908858
233 0.00908054
234 0.00902631
235 0.00899498
236 0.00893231
237 0.00892902
238 0.00890344
239 0.00885738
240 0.00882339
241 0.00877425
242 0.00874431
243 0.00877879
244 0.00871119
245 0.00873703
246 0.00870326
247 0.00863102
248 0.00859703
249 0.00862763
250 0.00856861
251 0.00849478
252 0.0084968
253 0.00850364
254 0.00847394
255 0.00843975
256 0.00837552
257 0.00836127
258 0.00831606
259 0.00835187
260 0.00831807
261 0.00827681
262 0.00824804
263 0.00826679
264 0.00819249
265 0.00815902
266 0.00817515
267 0.00818044
268 0.00809631
269 0.00809157
270 0.00806319
271 0.00801537
272 0.00801309
273 0.00797755
274 0.00795454
275 0.00797759
276 0.00797542
277 0.00790707
278 0.00782471
279 0.00783899
280 0.00784938
281 0.00786469
282 0.00778492
283 0.00777834
284 0.00775649
285 0.00779522
286 0.00769118
287 0.00768145
288 0.00767385
289 0.0076805
290 0.00760511
291 0.00759641
292 0.00757275
293 0.0075932
294 0.007565
295 0.00752163
296 0.00749778
297 0.0075415
298 0.00750263
299 0.00745866
300 0.00743248
