1 0.333657
2 0.333556
3 0.333106
4 0.333785
5 0.434764
6 0.448584
7 0.448074
8 0.456126
9 0.482169
10 0.493175
11 0.495376
12 0.502838
13 0.504318
14 0.509038
15 0.511637
16 0.516661
17 0.517899
18 0.521297
19 0.530277
20 0.538944
21 0.544611
22 0.548726
23 0.551797
24 0.554535
25 0.555713
26 0.561386
27 0.576046
28 0.589125
29 0.5966
30 0.599955
31 0.60388
32 0.607657
33 0.610726
34 0.611752
35 0.614353
36 0.617189
37 0.617781
38 0.620659
39 0.622588
40 0.624236
41 0.625192
42 0.627097
43 0.628916
44 0.629269
45 0.631222
46 0.632633
47 0.633752
48 0.635219
49 0.635683
50 0.637274
51 0.639179
52 0.639592
53 0.640465
54 0.642574
55 0.643333
56 0.644016
57 0.643302
58 0.64534
59 0.646589
60 0.647859
61 0.648704
62 0.649829
63 0.650534
64 0.650842
65 0.651745
66 0.652691
67 0.653772
68 0.655415
69 0.657607
70 0.659673
71 0.659894
72 0.661044
73 0.663175
74 0.663099
75 0.664212
76 0.665959
77 0.665956
78 0.66705
79 0.66722
80 0.668474
81 0.669654
82 0.67025
83 0.670452
84 0.673232
85 0.672789
86 0.674505
87 0.676683
88 0.678766
89 0.679097
90 0.680537
91 0.681777
92 0.682137
93 0.682867
94 0.684093
95 0.684231
96 0.685296
97 0.686405
98 0.687169
99 0.686996
100 0.688086
101 0.689092
102 0.691318
103 0.691887
104 0.692442
105 0.693085
106 0.695827
107 0.69533
108 0.696715
109 0.69737
110 0.698057
111 0.698675
112 0.699685
113 0.700564
114 0.70095
115 0.701781
116 0.70173
117 0.703301
118 0.704267
119 0.704037
120 0.706241
121 0.706383
122 0.707922
123 0.708367
124 0.70908
125 0.710299
126 0.710771
127 0.71211
128 0.712137
129 0.713672
130 0.713706
131 0.71475
132 0.714725
133 0.716539
134 0.716633
135 0.717547
136 0.718747
137 0.719017
138 0.719786
139 0.721131
140 0.721289
141 0.722144
142 0.721726
143 0.722355
144 0.72378
145 0.724644
146 0.724712
147 0.725223
148 0.725734
149 0.727049
150 0.727867
151 0.728477
152 0.728442
153 0.729387
154 0.730365
155 0.730916
156 0.731371
157 0.731197
158 0.732051
159 0.733123
160 0.733122
161 0.734185
162 0.735039
163 0.735347
164 0.736544
165 0.737027
166 0.737941
167 0.738236
168 0.73843
169 0.738501
170 0.739623
171 0.740488
172 0.740773
173 0.74188
174 0.740939
175 0.741665
176 0.741886
177 0.743541
178 0.743907
179 0.74403
180 0.745054
181 0.745448
182 0.745736
183 0.74722
184 0.747761
185 0.746654
186 0.747883
187 0.748535
188 0.749405
189 0.748806
190 0.74977
191 0.750135
192 0.7507
193 0.751106
194 0.751568
195 0.752262
196 0.752782
197 0.753679
198 0.754185
199 0.754618
200 0.754532
201 0.754736
202 0.755398
203 0.755559
204 0.75689
205 0.756568
206 0.757816
207 0.757562
208 0.75755
209 0.758839
210 0.759595
211 0.760329
212 0.759825
213 0.760146
214 0.761104
215 0.761084
216 0.761513
217 0.76166
218 0.76175
219 0.762615
220 0.763087
221 0.763409
222 0.763912
223 0.763823
224 0.765091
225 0.764523
226 0.765576
227 0.765177
228 0.766411
229 0.7661
230 0.766628
231 0.767234
232 0.767645
233 0.767871
234 0.768919
235 0.769295
236 0.769388
237 0.769038
238 0.770153
239 0.770497
240 0.770825
241 0.770793
242 0.771107
243 0.772212
244 0.772406
245 0.77225
246 0.773038
247 0.773216
248 0.773187
249 0.773511
250 0.774431
251 0.774188
252 0.774268
253 0.775187
254 0.775332
255 0.775819
256 0.776491
257 0.776531
258 0.77631
259 0.777915
260 0.777224
261 0.777896
262 0.778634
263 0.778138
264 0.778885
265 0.778718
266 0.779313
267 0.779005
268 0.779305
269 0.780876
270 0.780009
271 0.780928
272 0.781597
273 0.781237
274 0.781846
275 0.782047
276 0.782438
277 0.783314
278 0.783121
279 0.78327
280 0.783317
281 0.783804
282 0.784447
283 0.784337
284 0.785197
285 0.785269
286 0.785068
287 0.785507
288 0.786676
289 0.786189
290 0.786471
291 0.786564
292 0.787185
293 0.787408
294 0.788196
295 0.787764
296 0.787497
297 0.788659
298 0.788702
299 0.7889
300 0.789543
