1 0.299872
2 0.299948
3 0.30021
4 0.30016
5 0.306288
6 0.311122
7 0.3146
8 0.316035
9 0.318054
10 0.320655
11 0.322703
12 0.324859
13 0.326674
14 0.328497
15 0.329973
16 0.331429
17 0.332779
18 0.334105
19 0.336019
20 0.337578
21 0.338665
22 0.339491
23 0.340269
24 0.340862
25 0.341673
26 0.342821
27 0.344643
28 0.346742
29 0.347778
30 0.348865
31 0.34953
32 0.350617
33 0.351122
34 0.351997
35 0.35281
36 0.353544
37 0.353985
38 0.354674
39 0.355345
40 0.355871
41 0.356547
42 0.357114
43 0.357638
44 0.35806
45 0.358566
46 0.358934
47 0.35937
48 0.359799
49 0.360029
50 0.360326
51 0.360682
52 0.361012
53 0.361381
54 0.361824
55 0.362216
56 0.362456
57 0.36273
58 0.363041
59 0.363374
60 0.363802
61 0.364133
62 0.364487
63 0.36473
64 0.364984
65 0.365385
66 0.365543
67 0.365851
68 0.366143
69 0.366334
70 0.366564
71 0.366767
72 0.366984
73 0.367251
74 0.367389
75 0.36771
76 0.368029
77 0.368069
78 0.368293
79 0.368573
80 0.368825
81 0.369138
82 0.369279
83 0.369392
84 0.369822
85 0.369962
86 0.370206
87 0.370487
88 0.370835
89 0.370829
90 0.371046
91 0.3713
92 0.371477
93 0.371515
94 0.371759
95 0.371964
96 0.372098
97 0.372327
98 0.372531
99 0.372609
100 0.372841
101 0.372966
102 0.37337
103 0.373511
104 0.373579
105 0.373838
106 0.374111
107 0.374178
108 0.37442
109 0.374542
110 0.374752
111 0.374868
112 0.375056
113 0.375264
114 0.375418
115 0.375549
116 0.37567
117 0.376025
118 0.376113
119 0.376114
120 0.376411
121 0.376392
122 0.376701
123 0.376808
124 0.376964
125 0.377113
126 0.377258
127 0.377487
128 0.37753
129 0.377705
130 0.377811
131 0.378014
132 0.378088
133 0.378325
134 0.378449
135 0.378495
136 0.378693
137 0.378766
138 0.378954
139 0.379157
140 0.379289
141 0.379308
142 0.379446
143 0.379542
144 0.379821
145 0.379922
146 0.379921
147 0.380096
148 0.380189
149 0.380373
150 0.380548
151 0.380606
152 0.380754
153 0.380891
154 0.381015
155 0.381089
156 0.381247
157 0.381193
158 0.381396
159 0.381542
160 0.381644
161 0.381707
162 0.381896
163 0.381992
164 0.382092
165 0.38223
166 0.382403
167 0.382484
168 0.382574
169 0.382643
170 0.382764
171 0.382852
172 0.38298
173 0.383106
174 0.383086
175 0.3832
176 0.383259
177 0.383518
178 0.383556
179 0.38365
180 0.383741
181 0.383805
182 0.383908
183 0.384135
184 0.384193
185 0.384229
186 0.384292
187 0.384539
188 0.384537
189 0.384534
190 0.384801
191 0.384792
192 0.384962
193 0.384961
194 0.38505
195 0.385154
196 0.385325
197 0.385421
198 0.385512
199 0.385561
200 0.385624
201 0.385615
202 0.385761
203 0.385891
204 0.38593
205 0.386062
206 0.386172
207 0.3862
208 0.386282
209 0.386394
210 0.386455
211 0.386654
212 0.386599
213 0.386661
214 0.386812
215 0.38686
216 0.386952
217 0.38698
218 0.3871
219 0.387152
220 0.38722
221 0.387342
222 0.387401
223 0.387458
224 0.387564
225 0.38752
226 0.387716
227 0.38777
228 0.387868
229 0.387859
230 0.387995
231 0.388049
232 0.388095
233 0.388174
234 0.38828
235 0.388359
236 0.388359
237 0.388427
238 0.38854
239 0.388604
240 0.388687
241 0.388711
242 0.388772
243 0.388943
244 0.388916
245 0.389009
246 0.389152
247 0.389145
248 0.389213
249 0.389208
250 0.389374
251 0.389352
252 0.389462
253 0.389477
254 0.389549
255 0.389657
256 0.389687
257 0.389829
258 0.389828
259 0.389941
260 0.389951
261 0.390001
262 0.390131
263 0.390075
264 0.390237
265 0.390243
266 0.390363
267 0.390407
268 0.39045
269 0.390526
270 0.390532
271 0.390592
272 0.390743
273 0.39071
274 0.390776
275 0.390849
276 0.390845
277 0.390983
278 0.39101
279 0.391051
280 0.39109
281 0.391136
282 0.391228
283 0.39127
284 0.391311
285 0.39134
286 0.391402
287 0.391456
288 0.391619
289 0.391552
290 0.391592
291 0.391721
292 0.391765
293 0.391762
294 0.391817
295 0.391889
296 0.391891
297 0.39199
298 0.392056
299 0.392098
300 0.392173
