1 0.120514
2 0.120721
3 0.120756
4 0.120721
5 0.114469
6 0.109631
7 0.10616
8 0.104774
9 0.102755
10 0.100263
11 0.0980304
12 0.095891
13 0.0940784
14 0.0923534
15 0.0908028
16 0.0893541
17 0.0880103
18 0.0866565
19 0.0847664
20 0.0831664
21 0.0820608
22 0.0812755
23 0.0804667
24 0.0799014
25 0.0791678
26 0.0780023
27 0.0761108
28 0.0741346
29 0.0729563
30 0.0719675
31 0.0712156
32 0.0701987
33 0.0695715
34 0.0688537
35 0.0680064
36 0.0673081
37 0.0667688
38 0.0661271
39 0.0655153
40 0.0649746
41 0.0643201
42 0.0637473
43 0.0631706
44 0.0627652
45 0.0622581
46 0.061834
47 0.0613972
48 0.061017
49 0.0608184
50 0.0604985
51 0.060094
52 0.0598184
53 0.0594618
54 0.0589809
55 0.0585712
56 0.0583446
57 0.0581007
58 0.0577166
59 0.0573748
60 0.0569694
61 0.0566507
62 0.0563236
63 0.0560642
64 0.0558116
65 0.0554471
66 0.0552021
67 0.0549719
68 0.0546865
69 0.054444
70 0.0542717
71 0.0540907
72 0.0538961
73 0.053579
74 0.0534691
75 0.0531573
76 0.0527924
77 0.0527558
78 0.0525307
79 0.0522487
80 0.0520181
81 0.051712
82 0.051551
83 0.0513775
84 0.0510048
85 0.0509144
86 0.0506311
87 0.0503303
88 0.0500498
89 0.0499967
90 0.049755
91 0.0495549
92 0.0493756
93 0.0492265
94 0.0490503
95 0.0488652
96 0.0487472
97 0.0484846
98 0.0483156
99 0.0481919
100 0.0480021
101 0.0477978
102 0.0474512
103 0.0472957
104 0.047267
105 0.047013
106 0.0467251
107 0.0466246
108 0.0464145
109 0.046275
110 0.0460528
111 0.0459098
112 0.0457408
113 0.0455565
114 0.0453888
115 0.045264
116 0.0451274
117 0.0448526
118 0.0447429
119 0.0446883
120 0.0444116
121 0.0444124
122 0.0440648
123 0.0439766
124 0.0438773
125 0.0436998
126 0.0435588
127 0.0433351
128 0.0432946
129 0.0430692
130 0.0429796
131 0.0427971
132 0.0427378
133 0.0425093
134 0.0423557
135 0.0423102
136 0.0421286
137 0.0420315
138 0.0418582
139 0.0416564
140 0.0415321
141 0.0414607
142 0.0413497
143 0.0412504
144 0.0409905
145 0.040875
146 0.0408988
147 0.0407023
148 0.0406186
149 0.0404348
150 0.0402594
151 0.0402085
152 0.040035
153 0.0399385
154 0.0397984
155 0.0397244
156 0.0395919
157 0.0395935
158 0.039393
159 0.0392683
160 0.0391691
161 0.0390765
162 0.0388976
163 0.0388092
164 0.0387034
165 0.0385525
166 0.0383823
167 0.0383194
168 0.0382554
169 0.0381603
170 0.0380246
171 0.0379274
172 0.0377919
173 0.0376936
174 0.0377253
175 0.0376078
176 0.0375132
177 0.0373097
178 0.0372409
179 0.0371658
180 0.0370352
181 0.036966
182 0.0368931
183 0.0366701
184 0.0366047
185 0.0365792
186 0.0365207
187 0.0363108
188 0.0362633
189 0.036257
190 0.0360315
191 0.0360009
192 0.0358508
193 0.0358374
194 0.0357579
195 0.0356656
196 0.0354957
197 0.0354016
198 0.0353319
199 0.0352275
200 0.0351885
201 0.0351672
202 0.035046
203 0.0349218
204 0.0348803
205 0.0348162
206 0.0346413
207 0.0346185
208 0.0345531
209 0.0344398
210 0.0343317
211 0.0341888
212 0.0341863
213 0.0341547
214 0.0340039
215 0.0339468
216 0.0338405
217 0.033838
218 0.033732
219 0.0336318
220 0.0335977
221 0.0334667
222 0.0334054
223 0.0333936
224 0.0332411
225 0.0332725
226 0.0331199
227 0.0330728
228 0.0329425
229 0.0329389
230 0.0328445
231 0.0327475
232 0.0327116
233 0.0326733
234 0.0325254
235 0.032452
236 0.0324302
237 0.0323777
238 0.0322931
239 0.0321985
240 0.0321571
241 0.0320919
242 0.032068
243 0.0318626
244 0.0319014
245 0.0318037
246 0.0316673
247 0.0316905
248 0.0315947
249 0.0315868
250 0.0314691
251 0.0314476
252 0.0313736
253 0.031326
254 0.0312501
255 0.0311504
256 0.0311196
257 0.031006
258 0.0309887
259 0.0308588
260 0.0308612
261 0.0308095
262 0.0306841
263 0.0307366
264 0.0305713
265 0.0305779
266 0.0304665
267 0.0304331
268 0.0303766
269 0.0302785
270 0.0302855
271 0.0302427
272 0.0301115
273 0.0301149
274 0.0300369
275 0.029975
276 0.0299488
277 0.0298418
278 0.0298017
279 0.0297771
280 0.0297199
281 0.0296763
282 0.0295831
283 0.0295384
284 0.0295031
285 0.0294456
286 0.0293919
287 0.0293565
288 0.0292052
289 0.0292583
290 0.0292197
291 0.0291271
292 0.0290455
293 0.0290552
294 0.0289766
295 0.0289261
296 0.0289077
297 0.0288366
298 0.0287644
299 0.028741
300 0.0286231
