1 0.458202
2 0.458109
3 0.458149
4 0.458196
5 0.470365
6 0.472186
7 0.472111
8 0.472889
9 0.475282
10 0.476156
11 0.476184
12 0.476772
13 0.477165
14 0.4774
15 0.477717
16 0.477853
17 0.478006
18 0.478671
19 0.478887
20 0.479714
21 0.480033
22 0.480544
23 0.480771
24 0.480969
25 0.481066
26 0.48128
27 0.482301
28 0.483314
29 0.483552
30 0.48386
31 0.484272
32 0.484367
33 0.484551
34 0.484548
35 0.484789
36 0.484835
37 0.485025
38 0.484846
39 0.485178
40 0.485196
41 0.485249
42 0.485592
43 0.485522
44 0.485655
45 0.485604
46 0.485543
47 0.48581
48 0.485776
49 0.486109
50 0.486079
51 0.485918
52 0.486071
53 0.486263
54 0.486262
55 0.486126
56 0.486342
57 0.486715
58 0.486244
59 0.486289
60 0.486299
61 0.486525
62 0.486697
63 0.486574
64 0.486676
65 0.486732
66 0.486849
67 0.486695
68 0.486949
69 0.486795
70 0.486953
71 0.487006
72 0.487052
73 0.487026
74 0.487052
75 0.487128
76 0.487191
77 0.487343
78 0.487252
79 0.487354
80 0.487598
81 0.487414
82 0.487619
83 0.487551
84 0.487502
85 0.487703
86 0.487691
87 0.487787
88 0.488032
89 0.487891
90 0.487937
91 0.488073
92 0.488083
93 0.487967
94 0.48792
95 0.488096
96 0.488041
97 0.488175
98 0.488153
99 0.488189
100 0.488299
101 0.488307
102 0.488322
103 0.488285
104 0.488295
105 0.488357
106 0.488591
107 0.488482
108 0.488512
109 0.488595
110 0.488674
111 0.488477
112 0.488429
113 0.488589
114 0.488823
115 0.488635
116 0.488706
117 0.488803
118 0.489062
119 0.488824
120 0.488836
121 0.488892
122 0.488669
123 0.488852
124 0.489108
125 0.489042
126 0.489123
127 0.489082
128 0.489184
129 0.489147
130 0.489179
131 0.488955
132 0.489198
133 0.48948
134 0.489208
135 0.489211
136 0.489266
137 0.489316
138 0.489401
139 0.489387
140 0.489436
141 0.489552
142 0.489484
143 0.489307
144 0.489268
145 0.489625
146 0.489519
147 0.489807
148 0.489488
149 0.489558
150 0.489748
151 0.489599
152 0.489753
153 0.489681
154 0.48982
155 0.489628
156 0.48988
157 0.489816
158 0.489847
159 0.489905
160 0.489768
161 0.489882
162 0.489677
163 0.489863
164 0.489841
165 0.489899
166 0.489908
167 0.489963
168 0.489963
169 0.490018
170 0.490011
171 0.490186
172 0.489911
173 0.490025
174 0.490028
175 0.49018
176 0.490209
177 0.490066
178 0.490083
179 0.490121
180 0.490264
181 0.490131
182 0.490178
183 0.490312
184 0.49028
185 0.490149
186 0.490076
187 0.490469
188 0.490205
189 0.490268
190 0.490238
191 0.490305
192 0.490244
193 0.490253
194 0.490359
195 0.490357
196 0.490551
197 0.490519
198 0.490662
199 0.490609
200 0.490405
201 0.490505
202 0.490612
203 0.490411
204 0.490291
205 0.490454
206 0.490558
207 0.490577
208 0.490474
209 0.490514
210 0.490472
211 0.490403
212 0.490594
213 0.490589
214 0.490782
215 0.490705
216 0.490604
217 0.490603
218 0.49043
219 0.490676
220 0.490543
221 0.490544
222 0.490746
223 0.490675
224 0.490769
225 0.490689
226 0.49082
227 0.490733
228 0.490753
229 0.49079
230 0.490888
231 0.490682
232 0.490716
233 0.490894
234 0.490761
235 0.490821
236 0.490858
237 0.49085
238 0.490808
239 0.490831
240 0.490814
241 0.490942
242 0.490889
243 0.490789
244 0.490806
245 0.490897
246 0.49083
247 0.491031
248 0.490978
249 0.49085
250 0.490973
251 0.490865
252 0.490789
253 0.490956
254 0.490982
255 0.490942
256 0.490999
257 0.491023
258 0.49101
259 0.490971
260 0.490951
261 0.491021
262 0.491046
263 0.491201
264 0.491054
265 0.49116
266 0.491072
267 0.491156
268 0.491015
269 0.491146
270 0.491049
271 0.49121
272 0.491128
273 0.491154
274 0.491198
275 0.491159
276 0.491155
277 0.49115
278 0.491237
279 0.491086
280 0.491194
281 0.491213
282 0.49122
283 0.491131
284 0.491154
285 0.491165
286 0.491196
287 0.491333
288 0.491256
289 0.491245
290 0.491136
291 0.491318
292 0.49125
293 0.491275
294 0.491372
295 0.491152
296 0.491345
297 0.49146
298 0.491411
299 0.491254
300 0.491175
