1 0.178358
2 0.0977036
3 0.0821511
4 0.0952765
5 0.0797716
6 0.0891162
7 0.0760345
8 0.0684907
9 0.0670925
10 0.0711871
11 0.0632966
12 0.06288
13 0.0596878
14 0.0633354
15 0.0668698
16 0.0580606
17 0.0563979
18 0.0585273
19 0.0550077
20 0.052044
21 0.0495419
22 0.0501457
23 0.0494
24 0.0479731
25 0.0467784
26 0.0465138
27 0.0487978
28 0.045499
29 0.0450454
30 0.0440005
31 0.0448128
32 0.0424578
33 0.0417788
34 0.0411994
35 0.0404751
36 0.0402593
37 0.0398431
38 0.0391113
39 0.0387341
40 0.0398212
41 0.0378204
42 0.0377553
43 0.0372119
44 0.0369891
45 0.0369019
46 0.0365105
47 0.0359568
48 0.0352286
49 0.0349537
50 0.0350749
51 0.0353607
52 0.0345174
53 0.0342066
54 0.033696
55 0.0339938
56 0.0333144
57 0.0331043
58 0.0331403
59 0.0329251
60 0.0326706
61 0.0322484
62 0.0322339
63 0.0319229
64 0.0315587
65 0.0317074
66 0.0315389
67 0.0313993
68 0.0308999
69 0.0303854
70 0.0301254
71 0.0300039
72 0.029868
73 0.0298325
74 0.0295029
75 0.0293839
76 0.0288371
77 0.0288111
78 0.0286832
79 0.0286795
80 0.0283851
81 0.0281158
82 0.0280336
83 0.0281972
84 0.0276021
85 0.0276196
86 0.027322
87 0.0273078
88 0.0267671
89 0.0266364
90 0.0264436
91 0.0264866
92 0.0261681
93 0.0260921
94 0.025903
95 0.0258828
96 0.0258523
97 0.0255215
98 0.0254333
99 0.0255237
100 0.0253272
101 0.0251622
102 0.0250553
103 0.0249931
104 0.0247661
105 0.0244458
106 0.0244259
107 0.0243187
108 0.0240879
109 0.0239734
110 0.0239641
111 0.0238685
112 0.0236584
113 0.0235714
114 0.023559
115 0.0234963
116 0.0233951
117 0.023215
118 0.0231338
119 0.023217
120 0.0230994
121 0.0229411
122 0.0226574
123 0.0227179
124 0.0224839
125 0.0224182
126 0.0222622
127 0.0220615
128 0.0220949
129 0.0218368
130 0.021856
131 0.0217812
132 0.0217305
133 0.021506
134 0.0214223
135 0.0215539
136 0.0213036
137 0.0212877
138 0.0211611
139 0.0210143
140 0.0209927
141 0.0208712
142 0.0208379
143 0.0207389
144 0.0205748
145 0.0205336
146 0.0205998
147 0.0204581
148 0.0203274
149 0.0202659
150 0.0202093
151 0.0202266
152 0.0200759
153 0.0199685
154 0.0198591
155 0.0199495
156 0.0199119
157 0.019834
158 0.0197176
159 0.019629
160 0.0196002
161 0.0194282
162 0.0192465
163 0.0192361
164 0.0189543
165 0.0189246
166 0.018803
167 0.0187018
168 0.0186627
169 0.0185961
170 0.0185393
171 0.0184916
172 0.0183533
173 0.0182586
174 0.0182854
175 0.0182004
176 0.0182298
177 0.0179718
178 0.0179499
179 0.0179494
180 0.0179088
181 0.0178985
182 0.017709
183 0.0175802
184 0.017505
185 0.0175901
186 0.0175792
187 0.0173597
188 0.017287
189 0.0173513
190 0.0172486
191 0.0173171
192 0.0171447
193 0.0171522
194 0.0170801
195 0.0169861
196 0.0169192
197 0.0168427
198 0.0167609
199 0.0166734
200 0.0166995
201 0.0166854
202 0.0165978
203 0.0165582
204 0.0164702
205 0.016481
206 0.0163408
207 0.0163972
208 0.0163491
209 0.016234
210 0.0162509
211 0.0161533
212 0.0161123
213 0.0161345
214 0.0159991
215 0.0160466
216 0.0159198
217 0.0159873
218 0.0159814
219 0.0158003
220 0.0157615
221 0.0156874
222 0.0156312
223 0.0156744
224 0.015497
225 0.0155035
226 0.0154424
227 0.0154261
228 0.0152955
229 0.0153791
230 0.0153249
231 0.0153042
232 0.0151935
233 0.0151648
234 0.0151097
235 0.015028
236 0.01506
237 0.015054
238 0.0149982
239 0.0149377
240 0.014838
241 0.0148641
242 0.0148299
243 0.0146786
244 0.0146583
245 0.0146718
246 0.0145792
247 0.0146035
248 0.014481
249 0.0145269
250 0.0144063
251 0.014497
252 0.0144566
253 0.0143818
254 0.014304
255 0.0142657
256 0.01422
257 0.0141512
258 0.0142012
259 0.0140568
260 0.0140911
261 0.0140992
262 0.0140267
263 0.0140635
264 0.0139486
265 0.0139445
266 0.013876
267 0.0138698
268 0.0138431
269 0.0136971
270 0.0137427
271 0.0137185
272 0.0136064
273 0.0136343
274 0.0135704
275 0.0135818
276 0.0135225
277 0.0134327
278 0.0134132
279 0.0133859
280 0.0133759
281 0.0133556
282 0.0132808
283 0.0132629
284 0.0132212
285 0.0131918
286 0.0132003
287 0.0131865
288 0.0130495
289 0.0130882
290 0.0130999
291 0.0130422
292 0.0130208
293 0.0129998
294 0.0128944
295 0.0129539
296 0.0129002
297 0.0128742
298 0.0128531
299 0.0127698
300 0.0127306
