1 0.39367
2 0.437903
3 0.459291
4 0.471303
5 0.479632
6 0.493571
7 0.508197
8 0.521005
9 0.531009
10 0.536266
11 0.541656
12 0.550011
13 0.553598
14 0.557524
15 0.562032
16 0.567557
17 0.571229
18 0.573168
19 0.580749
20 0.58767
21 0.59409
22 0.59696
23 0.600018
24 0.603012
25 0.605935
26 0.609557
27 0.614938
28 0.620088
29 0.624247
30 0.626626
31 0.629321
32 0.633111
33 0.635931
34 0.637346
35 0.639186
36 0.641698
37 0.643452
38 0.645397
39 0.647145
40 0.649196
41 0.64956
42 0.651636
43 0.653522
44 0.653398
45 0.656265
46 0.657073
47 0.65895
48 0.659941
49 0.660949
50 0.663104
51 0.664868
52 0.665006
53 0.66634
54 0.668395
55 0.669605
56 0.670273
57 0.670379
58 0.671888
59 0.672876
60 0.674514
61 0.675435
62 0.676286
63 0.677466
64 0.67745
65 0.678163
66 0.679954
67 0.680924
68 0.682139
69 0.683601
70 0.685631
71 0.686427
72 0.687435
73 0.689763
74 0.689685
75 0.690632
76 0.692598
77 0.692561
78 0.693265
79 0.694035
80 0.694706
81 0.695798
82 0.696964
83 0.696597
84 0.699078
85 0.698925
86 0.700413
87 0.701664
88 0.703635
89 0.704531
90 0.705293
91 0.706594
92 0.706759
93 0.707142
94 0.708413
95 0.709257
96 0.709449
97 0.710496
98 0.711531
99 0.711186
100 0.712569
101 0.712843
102 0.714628
103 0.714718
104 0.715252
105 0.716264
106 0.717619
107 0.71744
108 0.718701
109 0.719239
110 0.71989
111 0.720704
112 0.721487
113 0.722082
114 0.722643
115 0.723289
116 0.723296
117 0.724458
118 0.724993
119 0.724941
120 0.726337
121 0.726517
122 0.727615
123 0.727773
124 0.72897
125 0.729604
126 0.730197
127 0.731085
128 0.731365
129 0.733062
130 0.732707
131 0.73359
132 0.734282
133 0.734915
134 0.735516
135 0.735694
136 0.737134
137 0.737122
138 0.738452
139 0.739148
140 0.738834
141 0.73944
142 0.739514
143 0.740234
144 0.741597
145 0.741535
146 0.741712
147 0.742601
148 0.742937
149 0.743719
150 0.744455
151 0.744834
152 0.744698
153 0.745588
154 0.746665
155 0.74649
156 0.747135
157 0.747217
158 0.747714
159 0.74871
160 0.749034
161 0.749792
162 0.750747
163 0.750378
164 0.752042
165 0.752267
166 0.752969
167 0.753066
168 0.753147
169 0.753084
170 0.754026
171 0.754818
172 0.755168
173 0.756002
174 0.755187
175 0.756193
176 0.756264
177 0.757545
178 0.757787
179 0.757945
180 0.758553
181 0.758641
182 0.759235
183 0.760409
184 0.761072
185 0.760085
186 0.760941
187 0.761884
188 0.762443
189 0.761964
190 0.762376
191 0.762887
192 0.763439
193 0.76369
194 0.764212
195 0.765012
196 0.76526
197 0.765915
198 0.766172
199 0.766711
200 0.766517
201 0.766971
202 0.76722
203 0.767488
204 0.768773
205 0.768534
206 0.769366
207 0.769183
208 0.76908
209 0.770249
210 0.770575
211 0.771303
212 0.771349
213 0.771129
214 0.772265
215 0.771878
216 0.77267
217 0.772455
218 0.772393
219 0.773327
220 0.774092
221 0.774289
222 0.774968
223 0.774508
224 0.775558
225 0.775769
226 0.776028
227 0.77591
228 0.77687
229 0.776617
230 0.777197
231 0.777282
232 0.778327
233 0.77803
234 0.778928
235 0.779357
236 0.779364
237 0.778737
238 0.779799
239 0.779881
240 0.780735
241 0.780727
242 0.780974
243 0.781618
244 0.7821
245 0.781947
246 0.782531
247 0.782453
248 0.782805
249 0.782586
250 0.783621
251 0.783466
252 0.783338
253 0.784202
254 0.784584
255 0.785052
256 0.785354
257 0.785804
258 0.785161
259 0.786994
260 0.786212
261 0.786209
262 0.787051
263 0.786895
264 0.787634
265 0.787392
266 0.787822
267 0.787482
268 0.787685
269 0.789354
270 0.788543
271 0.7892
272 0.790174
273 0.789656
274 0.790097
275 0.790329
276 0.79075
277 0.791276
278 0.791359
279 0.791744
280 0.791758
281 0.792229
282 0.792609
283 0.792422
284 0.793327
285 0.793225
286 0.793036
287 0.793173
288 0.794545
289 0.793961
290 0.794386
291 0.794281
292 0.794631
293 0.795016
294 0.795805
295 0.795199
296 0.795112
297 0.796081
298 0.796092
299 0.796591
300 0.796957
