1 0.299872
2 0.29966
3 0.299751
4 0.299859
5 0.330422
6 0.335559
7 0.335343
8 0.337591
9 0.344735
10 0.347435
11 0.347523
12 0.349372
13 0.350621
14 0.351373
15 0.352397
16 0.352837
17 0.353335
18 0.355519
19 0.356238
20 0.359023
21 0.360113
22 0.361879
23 0.362669
24 0.363365
25 0.363708
26 0.364465
27 0.368145
28 0.371907
29 0.372806
30 0.373986
31 0.375579
32 0.375949
33 0.376667
34 0.376657
35 0.377606
36 0.377788
37 0.378547
38 0.377832
39 0.379158
40 0.379229
41 0.379444
42 0.380834
43 0.380549
44 0.381088
45 0.380882
46 0.380632
47 0.381724
48 0.381587
49 0.382958
50 0.382834
51 0.38217
52 0.382801
53 0.383602
54 0.383599
55 0.383031
56 0.38393
57 0.385504
58 0.383522
59 0.383709
60 0.38375
61 0.3847
62 0.385429
63 0.384909
64 0.385341
65 0.385577
66 0.386076
67 0.385421
68 0.386507
69 0.385845
70 0.386523
71 0.38675
72 0.386948
73 0.386836
74 0.386948
75 0.387277
76 0.387547
77 0.388207
78 0.387815
79 0.388256
80 0.389328
81 0.38852
82 0.389419
83 0.389121
84 0.388905
85 0.389791
86 0.389739
87 0.390161
88 0.391255
89 0.390626
90 0.390832
91 0.391441
92 0.391485
93 0.390963
94 0.390757
95 0.391543
96 0.391296
97 0.3919
98 0.391801
99 0.391964
100 0.392464
101 0.3925
102 0.392564
103 0.392398
104 0.392443
105 0.392724
106 0.393795
107 0.393298
108 0.393435
109 0.393813
110 0.394178
111 0.393275
112 0.393052
113 0.393789
114 0.394871
115 0.394
116 0.394329
117 0.394774
118 0.395987
119 0.394876
120 0.394929
121 0.39519
122 0.394157
123 0.395005
124 0.396201
125 0.395894
126 0.396273
127 0.396082
128 0.39656
129 0.396388
130 0.396538
131 0.395483
132 0.396628
133 0.39797
134 0.396677
135 0.396689
136 0.39695
137 0.397187
138 0.397592
139 0.397529
140 0.397759
141 0.398317
142 0.397992
143 0.397144
144 0.39696
145 0.39867
146 0.398158
147 0.399552
148 0.39801
149 0.398349
150 0.399264
151 0.398546
152 0.399292
153 0.39894
154 0.399618
155 0.398684
156 0.399911
157 0.399597
158 0.399748
159 0.400032
160 0.399365
161 0.399922
162 0.398921
163 0.399826
164 0.399721
165 0.400003
166 0.400047
167 0.400319
168 0.400315
169 0.40059
170 0.400553
171 0.401419
172 0.40006
173 0.400624
174 0.400638
175 0.401389
176 0.401536
177 0.400823
178 0.400911
179 0.401097
180 0.401807
181 0.401146
182 0.401381
183 0.402049
184 0.401886
185 0.401234
186 0.400872
187 0.402836
188 0.401514
189 0.401827
190 0.401678
191 0.402011
192 0.401708
193 0.401755
194 0.402283
195 0.402272
196 0.403253
197 0.40309
198 0.403818
199 0.403546
200 0.402513
201 0.403017
202 0.40356
203 0.402545
204 0.401943
205 0.402764
206 0.40329
207 0.403385
208 0.402862
209 0.403063
210 0.402852
211 0.402504
212 0.403472
213 0.403443
214 0.40443
215 0.404038
216 0.40352
217 0.403515
218 0.402642
219 0.403888
220 0.403214
221 0.403217
222 0.404248
223 0.403882
224 0.404365
225 0.403955
226 0.404628
227 0.404178
228 0.40428
229 0.40447
230 0.404976
231 0.403918
232 0.404092
233 0.40501
234 0.404324
235 0.40463
236 0.40482
237 0.404781
238 0.404564
239 0.404684
240 0.404597
241 0.405254
242 0.404982
243 0.404468
244 0.404555
245 0.405025
246 0.404679
247 0.40572
248 0.405442
249 0.404779
250 0.405418
251 0.404859
252 0.404468
253 0.405327
254 0.405464
255 0.405256
256 0.405553
257 0.405677
258 0.405611
259 0.405408
260 0.405305
261 0.405666
262 0.405796
263 0.406611
264 0.405837
265 0.406393
266 0.405932
267 0.406372
268 0.405638
269 0.406322
270 0.405813
271 0.406655
272 0.406224
273 0.406359
274 0.406592
275 0.406387
276 0.406367
277 0.406342
278 0.406796
279 0.406007
280 0.406569
281 0.406672
282 0.406707
283 0.406243
284 0.40636
285 0.406417
286 0.406582
287 0.407308
288 0.406898
289 0.406838
290 0.406269
291 0.407225
292 0.406866
293 0.406996
294 0.407514
295 0.40635
296 0.407368
297 0.407982
298 0.407722
299 0.40689
300 0.406471
