1 0.120514
2 0.120812
3 0.120826
4 0.120617
5 0.0894602
6 0.0852956
7 0.085446
8 0.0832225
9 0.0763241
10 0.0734118
11 0.0728126
12 0.0709016
13 0.0704603
14 0.069164
15 0.0685812
16 0.0673788
17 0.0669649
18 0.0660527
19 0.0637344
20 0.0615889
21 0.0600796
22 0.059085
23 0.0583988
24 0.0576887
25 0.0574593
26 0.0560654
27 0.0524659
28 0.0493314
29 0.0475814
30 0.0465719
31 0.045806
32 0.0449107
33 0.0444034
34 0.0440304
35 0.0433762
36 0.0428088
37 0.0425534
38 0.0420378
39 0.0415703
40 0.0413218
41 0.0409272
42 0.0405152
43 0.0401899
44 0.0399832
45 0.0396273
46 0.0393985
47 0.0392254
48 0.0388165
49 0.0387329
50 0.0384325
51 0.0380606
52 0.0379403
53 0.0378377
54 0.0374636
55 0.0372492
56 0.0371116
57 0.0370695
58 0.0367165
59 0.0366104
60 0.0363308
61 0.0361937
62 0.0358965
63 0.0358399
64 0.0356841
65 0.0354831
66 0.0353186
67 0.0351673
68 0.0348699
69 0.0343789
70 0.0341027
71 0.0339152
72 0.0337725
73 0.0334834
74 0.0334333
75 0.0331869
76 0.0329164
77 0.032974
78 0.0327548
79 0.032547
80 0.0324512
81 0.0321928
82 0.0320796
83 0.0319898
84 0.0315317
85 0.0315311
86 0.0312451
87 0.0309023
88 0.0305323
89 0.0304621
90 0.0301768
91 0.03
92 0.0298428
93 0.0297727
94 0.0295398
95 0.0294634
96 0.0293686
97 0.0291804
98 0.029041
99 0.02902
100 0.0288184
101 0.0286619
102 0.028298
103 0.0281313
104 0.0280807
105 0.0279319
106 0.0275542
107 0.0275198
108 0.0272674
109 0.0271849
110 0.0270381
111 0.026993
112 0.0268439
113 0.0266927
114 0.0266714
115 0.0264784
116 0.0264626
117 0.0261773
118 0.0260512
119 0.0260135
120 0.025716
121 0.0257488
122 0.0254011
123 0.0253382
124 0.0252147
125 0.025072
126 0.02493
127 0.0246855
128 0.0246663
129 0.0244426
130 0.0243892
131 0.0243024
132 0.024279
133 0.0239979
134 0.0239355
135 0.0238627
136 0.0237262
137 0.0236254
138 0.0234524
139 0.0232623
140 0.023207
141 0.0231202
142 0.0230753
143 0.0229766
144 0.0227663
145 0.0226905
146 0.0227099
147 0.0225719
148 0.0224785
149 0.0223513
150 0.0221352
151 0.0221253
152 0.0219448
153 0.0219016
154 0.0217813
155 0.0217162
156 0.0216143
157 0.021649
158 0.0214969
159 0.021367
160 0.0213089
161 0.021166
162 0.0210507
163 0.02099
164 0.0208469
165 0.020733
166 0.0206153
167 0.0205344
168 0.0205276
169 0.0204537
170 0.0203311
171 0.0202524
172 0.0201869
173 0.0200526
174 0.0201136
175 0.0200039
176 0.0199579
177 0.0197407
178 0.0196745
179 0.0196451
180 0.0195334
181 0.0195052
182 0.0193804
183 0.0191785
184 0.0191314
185 0.0191951
186 0.0191517
187 0.018982
188 0.0188891
189 0.018962
190 0.0187454
191 0.0187863
192 0.0186558
193 0.018674
194 0.0185745
195 0.0185173
196 0.0183686
197 0.0182783
198 0.0181983
199 0.0181349
200 0.0181405
201 0.0181079
202 0.018043
203 0.0179466
204 0.0178801
205 0.0178554
206 0.0177047
207 0.0177237
208 0.0176481
209 0.0175479
210 0.017472
211 0.0173649
212 0.0173685
213 0.0173506
214 0.0172231
215 0.0171939
216 0.0171178
217 0.0171399
218 0.0170783
219 0.0169813
220 0.016975
221 0.0168707
222 0.0168341
223 0.0168444
224 0.0166687
225 0.0167779
226 0.0166188
227 0.0166124
228 0.016494
229 0.0165387
230 0.0164594
231 0.0163651
232 0.0163391
233 0.0162998
234 0.0161636
235 0.016093
236 0.0161093
237 0.0161214
238 0.0160224
239 0.0159456
240 0.0158992
241 0.0158762
242 0.0158816
243 0.0156883
244 0.0157044
245 0.0156908
246 0.0155631
247 0.0155876
248 0.0155006
249 0.015542
250 0.0154142
251 0.0154618
252 0.0154008
253 0.0153605
254 0.0152985
255 0.015245
256 0.0151683
257 0.0151218
258 0.0151095
259 0.0150152
260 0.0150618
261 0.015002
262 0.0148993
263 0.0149645
264 0.0148531
265 0.0148447
266 0.0147729
267 0.0147601
268 0.0147383
269 0.014604
270 0.0146478
271 0.0146083
272 0.0145115
273 0.0145498
274 0.0144584
275 0.014444
276 0.0144166
277 0.0142872
278 0.0143013
279 0.0142909
280 0.0142841
281 0.0142225
282 0.0141357
283 0.0141262
284 0.0140783
285 0.0140263
286 0.0140364
287 0.0139838
288 0.013866
289 0.0139003
290 0.0139141
291 0.0138562
292 0.0137866
293 0.0138021
294 0.013715
295 0.0137216
296 0.0137073
297 0.0136646
298 0.0136531
299 0.0135707
300 0.0135029
