1 0.333657
2 0.333445
3 0.333332
4 0.333445
5 0.353703
6 0.369586
7 0.380728
8 0.38487
9 0.39261
10 0.401141
11 0.408699
12 0.416279
13 0.422575
14 0.428211
15 0.43399
16 0.43915
17 0.443693
18 0.448335
19 0.45532
20 0.461618
21 0.465552
22 0.468442
23 0.47145
24 0.473593
25 0.476355
26 0.480925
27 0.488107
28 0.496121
29 0.500738
30 0.503924
31 0.507382
32 0.511259
33 0.514246
34 0.516717
35 0.519884
36 0.522858
37 0.524754
38 0.52744
39 0.52969
40 0.53217
41 0.534211
42 0.536646
43 0.538993
44 0.539978
45 0.54252
46 0.544452
47 0.54648
48 0.547655
49 0.548519
50 0.549843
51 0.551784
52 0.552518
53 0.554157
54 0.556368
55 0.55801
56 0.558744
57 0.559044
58 0.561051
59 0.563024
60 0.56453
61 0.565883
62 0.567132
63 0.568294
64 0.569137
65 0.570669
66 0.571569
67 0.572845
68 0.574034
69 0.574963
70 0.576169
71 0.576346
72 0.577426
73 0.579377
74 0.579544
75 0.580843
76 0.582561
77 0.582947
78 0.583794
79 0.584281
80 0.585802
81 0.587152
82 0.587875
83 0.588253
84 0.590267
85 0.590474
86 0.59167
87 0.593421
88 0.594879
89 0.594962
90 0.595954
91 0.597244
92 0.597669
93 0.598476
94 0.599311
95 0.600098
96 0.600861
97 0.602188
98 0.603042
99 0.603052
100 0.604129
101 0.605097
102 0.606964
103 0.607491
104 0.607701
105 0.608523
106 0.610594
107 0.610388
108 0.611304
109 0.612264
110 0.613051
111 0.613929
112 0.614911
113 0.615696
114 0.616646
115 0.617137
116 0.617535
117 0.619147
118 0.61976
119 0.619559
120 0.621393
121 0.621376
122 0.622915
123 0.623221
124 0.623728
125 0.624844
126 0.624996
127 0.626366
128 0.626505
129 0.627618
130 0.627918
131 0.629153
132 0.629362
133 0.630638
134 0.631126
135 0.631582
136 0.632794
137 0.632903
138 0.633762
139 0.634938
140 0.635364
141 0.635848
142 0.636064
143 0.636443
144 0.637771
145 0.638853
146 0.638695
147 0.639295
148 0.63965
149 0.641008
150 0.641652
151 0.642071
152 0.642297
153 0.643106
154 0.643914
155 0.644593
156 0.64509
157 0.645098
158 0.646067
159 0.646794
160 0.647084
161 0.647648
162 0.648731
163 0.64905
164 0.650004
165 0.6505
166 0.651539
167 0.651718
168 0.65191
169 0.652123
170 0.653333
171 0.653866
172 0.654436
173 0.655175
174 0.654635
175 0.655015
176 0.655528
177 0.656809
178 0.657079
179 0.657464
180 0.658286
181 0.658784
182 0.658793
183 0.66015
184 0.660776
185 0.660282
186 0.661349
187 0.661996
188 0.662448
189 0.662329
190 0.663239
191 0.663628
192 0.664309
193 0.66466
194 0.665087
195 0.665657
196 0.666242
197 0.667057
198 0.667322
199 0.668001
200 0.668055
201 0.668001
202 0.668921
203 0.669339
204 0.670063
205 0.670033
206 0.671168
207 0.671008
208 0.671086
209 0.672204
210 0.672865
211 0.673666
212 0.673313
213 0.673733
214 0.674637
215 0.674582
216 0.675178
217 0.67532
218 0.675705
219 0.676397
220 0.676913
221 0.677279
222 0.677742
223 0.677826
224 0.678608
225 0.678504
226 0.679492
227 0.679277
228 0.680358
229 0.680279
230 0.680819
231 0.681309
232 0.681687
233 0.681752
234 0.682739
235 0.683111
236 0.683267
237 0.683406
238 0.684096
239 0.684415
240 0.684703
241 0.685099
242 0.685278
243 0.686291
244 0.686167
245 0.686538
246 0.687069
247 0.687307
248 0.687389
249 0.687769
250 0.688398
251 0.688712
252 0.688862
253 0.689489
254 0.689998
255 0.690512
256 0.690665
257 0.690954
258 0.690865
259 0.692384
260 0.691945
261 0.692385
262 0.693166
263 0.692719
264 0.693655
265 0.693655
266 0.694064
267 0.694039
268 0.694292
269 0.695493
270 0.694892
271 0.695424
272 0.696404
273 0.696157
274 0.696613
275 0.697066
276 0.697377
277 0.6981
278 0.698177
279 0.698264
280 0.698513
281 0.69871
282 0.699393
283 0.699427
284 0.700118
285 0.7002
286 0.700195
287 0.70059
288 0.701735
289 0.70121
290 0.701511
291 0.701823
292 0.702437
293 0.702608
294 0.703192
295 0.703162
296 0.702929
297 0.704041
298 0.704216
299 0.704265
300 0.704985
