1 0.458202
2 0.324074
3 0.272513
4 0.239471
5 0.220879
6 0.208771
7 0.20002
8 0.192667
9 0.18306
10 0.177684
11 0.174308
12 0.171416
13 0.168969
14 0.166734
15 0.165221
16 0.163492
17 0.162259
18 0.161257
19 0.159535
20 0.158176
21 0.156843
22 0.155704
23 0.154884
24 0.153607
25 0.152481
26 0.151573
27 0.149976
28 0.148363
29 0.146889
30 0.146139
31 0.14541
32 0.144604
33 0.144148
34 0.143527
35 0.142903
36 0.142257
37 0.14174
38 0.141478
39 0.141038
40 0.140697
41 0.13999
42 0.139892
43 0.139551
44 0.139379
45 0.138937
46 0.138629
47 0.138331
48 0.137913
49 0.13752
50 0.137101
51 0.136777
52 0.136414
53 0.136435
54 0.136275
55 0.13583
56 0.1357
57 0.13551
58 0.135393
59 0.135169
60 0.135021
61 0.134827
62 0.134583
63 0.13435
64 0.134074
65 0.134185
66 0.134124
67 0.133962
68 0.133834
69 0.133482
70 0.133295
71 0.133354
72 0.133109
73 0.132845
74 0.132817
75 0.132625
76 0.132495
77 0.132587
78 0.132351
79 0.132337
80 0.132154
81 0.132079
82 0.131998
83 0.131933
84 0.131605
85 0.131595
86 0.131498
87 0.131496
88 0.131334
89 0.131196
90 0.131256
91 0.131034
92 0.130907
93 0.131095
94 0.130726
95 0.130688
96 0.130584
97 0.130599
98 0.130465
99 0.130415
100 0.130292
101 0.130148
102 0.130129
103 0.130111
104 0.129966
105 0.129966
106 0.12986
107 0.129769
108 0.129801
109 0.129696
110 0.129546
111 0.129543
112 0.129449
113 0.129446
114 0.129465
115 0.129372
116 0.129316
117 0.129217
118 0.129064
119 0.129036
120 0.12899
121 0.128966
122 0.128805
123 0.128834
124 0.128824
125 0.128652
126 0.128699
127 0.128449
128 0.128424
129 0.128424
130 0.12834
131 0.12848
132 0.128379
133 0.128187
134 0.12821
135 0.128169
136 0.128088
137 0.128124
138 0.12805
139 0.127908
140 0.127891
141 0.127901
142 0.127847
143 0.127792
144 0.127804
145 0.127812
146 0.127577
147 0.127613
148 0.127689
149 0.127543
150 0.127499
151 0.127453
152 0.127388
153 0.127464
154 0.127388
155 0.127293
156 0.127231
157 0.127236
158 0.127111
159 0.12719
160 0.127117
161 0.127017
162 0.127068
163 0.126968
164 0.126856
165 0.126899
166 0.12686
167 0.126777
168 0.126811
169 0.126828
170 0.126691
171 0.126809
172 0.126657
173 0.126542
174 0.126654
175 0.126601
176 0.126625
177 0.126482
178 0.126544
179 0.126525
180 0.126416
181 0.126267
182 0.126349
183 0.126219
184 0.126293
185 0.126291
186 0.126237
187 0.126285
188 0.12617
189 0.12613
190 0.12604
191 0.126042
192 0.126012
193 0.12597
194 0.126049
195 0.126068
196 0.125906
197 0.125928
198 0.125934
199 0.125852
200 0.125885
201 0.125907
202 0.125791
203 0.125775
204 0.125792
205 0.125473
206 0.125684
207 0.125689
208 0.125668
209 0.125656
210 0.125684
211 0.125587
212 0.125508
213 0.125654
214 0.12547
215 0.125463
216 0.125435
217 0.12539
218 0.125393
219 0.125427
220 0.125393
221 0.125386
222 0.125349
223 0.125367
224 0.125344
225 0.125425
226 0.125237
227 0.12534
228 0.125233
229 0.125244
230 0.125159
231 0.125148
232 0.12519
233 0.125132
234 0.125104
235 0.125054
236 0.125039
237 0.124961
238 0.124966
239 0.125015
240 0.125026
241 0.125066
242 0.124976
243 0.124933
244 0.124979
245 0.124848
246 0.124817
247 0.124858
248 0.124857
249 0.124815
250 0.124723
251 0.124734
252 0.124789
253 0.124718
254 0.124715
255 0.124792
256 0.124722
257 0.124741
258 0.124628
259 0.124622
260 0.124724
261 0.124622
262 0.124646
263 0.124624
264 0.124587
265 0.12456
266 0.124583
267 0.124632
268 0.12458
269 0.124432
270 0.124556
271 0.124516
272 0.124419
273 0.124456
274 0.124478
275 0.124431
276 0.124429
277 0.124396
278 0.124383
279 0.124414
280 0.124427
281 0.12428
282 0.124365
283 0.124363
284 0.124314
285 0.124197
286 0.124256
287 0.124229
288 0.124308
289 0.124193
290 0.124217
291 0.124219
292 0.124158
293 0.124217
294 0.124075
295 0.124111
296 0.124165
297 0.124141
298 0.124152
299 0.124042
300 0.124131
