1 0
2 0.499431
3 0.749587
4 0
5 0.266265
6 0.098041
7 0.059669
8 0.038727
9 0.083279
10 0.148517
11 0.13899
12 0.157477
13 0.196012
14 0.172802
15 0.188219
16 0.156866
17 0.230996
18 0.180992
19 0.223972
20 0.209471
21 0.218586
22 0.169998
23 0.197366
24 0.198181
25 0.218122
26 0.203288
27 0.212497
28 0.20384
29 0.207159
30 0.196279
31 0.196733
32 0.196065
33 0.179584
34 0.197309
35 0.18306
36 0.187933
37 0.180848
38 0.189555
39 0.171429
40 0.189116
41 0.17456
42 0.185516
43 0.176288
44 0.183178
45 0.174107
46 0.180308
47 0.176297
48 0.18073
49 0.174247
50 0.174309
51 0.17156
52 0.174166
53 0.166814
54 0.169897
55 0.170396
56 0.170671
57 0.167535
58 0.170214
59 0.170221
60 0.164559
61 0.168314
62 0.169675
63 0.163174
64 0.165821
65 0.166358
66 0.166219
67 0.160875
68 0.165741
69 0.163652
70 0.165199
71 0.162546
72 0.164688
73 0.163798
74 0.161075
75 0.161538
76 0.162404
77 0.161654
78 0.162513
79 0.158734
80 0.159736
81 0.162122
82 0.158837
83 0.159369
84 0.159473
85 0.159596
86 0.157495
87 0.15856
88 0.157461
89 0.158524
90 0.157311
91 0.157957
92 0.156006
93 0.15612
94 0.155125
95 0.156502
96 0.154709
97 0.156436
98 0.155279
99 0.154367
100 0.153497
