1 0
2 0.249715
3 0.416377
4 0.312284
5 0.303194
6 0.269086
7 0.239161
8 0.21415
9 0.199646
10 0.194341
11 0.199998
12 0.19797
13 0.203311
14 0.204875
15 0.198885
16 0.19487
17 0.194696
18 0.191902
19 0.19329
20 0.192915
21 0.193673
22 0.19147
23 0.192406
24 0.192214
25 0.193011
26 0.193267
27 0.194345
28 0.194841
29 0.194971
30 0.196167
31 0.197213
32 0.19731
33 0.196869
34 0.196538
35 0.196201
36 0.196721
37 0.196265
38 0.1966
39 0.196224
40 0.196323
41 0.195891
42 0.195692
43 0.195917
44 0.195011
45 0.194661
46 0.194062
47 0.192694
48 0.191837
49 0.190858
50 0.190233
51 0.189511
52 0.188772
53 0.188497
54 0.18765
55 0.187298
56 0.186885
57 0.186042
58 0.185454
59 0.185134
60 0.184647
61 0.184667
62 0.184265
63 0.18384
64 0.183638
65 0.183598
66 0.183239
67 0.183199
68 0.182778
69 0.182839
70 0.182903
71 0.182602
72 0.182391
73 0.182724
74 0.182955
75 0.182982
76 0.182477
77 0.182508
78 0.182295
79 0.181671
80 0.181548
81 0.181432
82 0.181171
83 0.180959
84 0.180943
85 0.180555
86 0.180535
87 0.180406
88 0.180054
89 0.179909
90 0.179606
91 0.179376
92 0.178929
93 0.178634
94 0.178496
95 0.178365
96 0.178195
97 0.177667
98 0.177615
99 0.177494
100 0.177356
