1 0.300115
2 0.301301
3 0.302337
4 0.303299
5 0.304333
6 0.305343
7 0.306333
8 0.307391
9 0.308437
10 0.309507
11 0.310543
12 0.311604
13 0.312608
14 0.313578
15 0.314612
16 0.315563
17 0.316524
18 0.317534
19 0.318517
20 0.319533
21 0.320528
22 0.321503
23 0.322472
24 0.323441
25 0.324403
26 0.325377
27 0.326335
28 0.327302
29 0.328257
30 0.329166
31 0.33008
32 0.330981
33 0.331898
34 0.332796
35 0.333667
36 0.334549
37 0.335418
38 0.336297
39 0.337155
40 0.338016
41 0.338843
42 0.339672
43 0.340518
44 0.341334
45 0.342149
46 0.34296
47 0.343773
48 0.344586
49 0.345377
50 0.346158
51 0.346952
52 0.347703
53 0.348461
54 0.34922
55 0.349968
56 0.350712
57 0.351457
58 0.352181
59 0.352899
60 0.353617
61 0.354321
62 0.355021
63 0.355717
64 0.35641
65 0.357101
66 0.357778
67 0.358452
68 0.359123
69 0.359781
70 0.360422
71 0.361076
72 0.361725
73 0.362367
74 0.362989
75 0.36362
76 0.364246
77 0.364874
78 0.365487
79 0.366085
80 0.366684
81 0.36727
82 0.367863
83 0.368446
84 0.369022
85 0.36959
86 0.370165
87 0.370733
88 0.371291
89 0.371847
90 0.372395
91 0.372943
92 0.37348
93 0.37402
94 0.374563
95 0.3751
96 0.375629
97 0.376149
98 0.376663
99 0.377169
100 0.377685
101 0.378189
102 0.378686
103 0.379187
104 0.379685
105 0.380172
106 0.380654
107 0.381136
108 0.381609
109 0.382081
110 0.382549
111 0.383021
112 0.383493
113 0.38395
114 0.384406
115 0.384859
116 0.38531
117 0.385756
118 0.386191
119 0.386632
120 0.387067
121 0.387503
122 0.387933
123 0.388356
124 0.388777
125 0.389198
126 0.389616
127 0.390027
128 0.390438
129 0.390852
130 0.391259
131 0.391655
132 0.392051
133 0.392447
134 0.392841
135 0.393235
136 0.393628
137 0.394008
138 0.394394
139 0.39477
140 0.395144
141 0.395517
142 0.395892
143 0.39626
144 0.396629
145 0.396998
146 0.397364
147 0.397724
148 0.398081
149 0.398443
150 0.398795
151 0.399151
152 0.399497
153 0.399844
154 0.400188
155 0.400531
156 0.400871
157 0.401213
158 0.401553
159 0.401885
160 0.402222
161 0.402543
162 0.402869
163 0.403192
164 0.403513
165 0.403833
166 0.404148
167 0.404467
168 0.404782
169 0.405091
170 0.405404
171 0.405716
172 0.406023
173 0.406328
174 0.406632
175 0.406931
176 0.407233
177 0.407536
178 0.407832
179 0.408129
180 0.408424
181 0.408719
182 0.409012
183 0.409299
184 0.409587
185 0.409877
186 0.410159
187 0.410439
188 0.410722
189 0.411001
190 0.411282
191 0.411559
192 0.411835
193 0.412107
194 0.412377
195 0.412646
196 0.412914
197 0.413178
198 0.413441
199 0.413705
200 0.413966
201 0.414225
202 0.414487
203 0.414749
204 0.415004
205 0.415257
206 0.415509
207 0.415759
208 0.416013
209 0.416262
210 0.416508
211 0.416756
212 0.417
213 0.417248
214 0.417491
215 0.417735
216 0.417976
217 0.418213
218 0.418453
219 0.418689
220 0.418923
221 0.419155
222 0.41939
223 0.419624
224 0.419861
225 0.420094
226 0.420323
227 0.42055
228 0.42078
229 0.421005
230 0.42123
231 0.421453
232 0.421676
233 0.421899
234 0.42212
235 0.422333
236 0.422551
237 0.422767
238 0.422987
239 0.423201
240 0.423411
241 0.423622
242 0.42383
243 0.424043
244 0.42425
245 0.424462
246 0.424669
247 0.424877
248 0.425083
249 0.425288
250 0.425492
251 0.425694
252 0.425898
253 0.426092
254 0.426295
255 0.426496
256 0.426695
257 0.426892
258 0.427088
259 0.427284
260 0.427478
261 0.427672
262 0.427865
263 0.428056
264 0.42825
265 0.428437
266 0.428625
267 0.428812
268 0.429
269 0.429183
270 0.429369
271 0.429555
272 0.429739
273 0.429926
274 0.430108
275 0.430285
276 0.430466
277 0.430649
278 0.430824
279 0.431002
280 0.431179
281 0.431356
282 0.431533
283 0.431708
284 0.431882
285 0.432057
286 0.432231
287 0.432402
288 0.432572
289 0.432743
290 0.432912
291 0.433083
292 0.433249
293 0.433417
294 0.433584
295 0.433749
296 0.433916
297 0.434081
298 0.434246
299 0.434408
300 0.434571
