1 0.458308
2 0.326763
3 0.268778
4 0.234684
5 0.211341
6 0.194281
7 0.181145
8 0.170857
9 0.162388
10 0.155372
11 0.149435
12 0.14426
13 0.139768
14 0.135795
15 0.132345
16 0.129251
17 0.126502
18 0.124022
19 0.121784
20 0.119752
21 0.117897
22 0.116221
23 0.114699
24 0.113306
25 0.112035
26 0.11087
27 0.109817
28 0.108855
29 0.107925
30 0.107107
31 0.106314
32 0.105604
33 0.104932
34 0.104315
35 0.103729
36 0.103195
37 0.102683
38 0.102236
39 0.101787
40 0.101383
41 0.101005
42 0.100645
43 0.100318
44 0.100064
45 0.0998083
46 0.0995452
47 0.0993136
48 0.0991121
49 0.0989301
50 0.0987597
51 0.0986007
52 0.0984466
53 0.0983163
54 0.0981961
55 0.0980844
56 0.0979823
57 0.0978988
58 0.097816
59 0.0977401
60 0.0976879
61 0.0976349
62 0.0975829
63 0.0975521
64 0.0975091
65 0.0974727
66 0.0974423
67 0.0974201
68 0.0974074
69 0.0974015
70 0.0973876
71 0.0973884
72 0.0973935
73 0.0974012
74 0.0974077
75 0.097411
76 0.0974272
77 0.0974413
78 0.0974557
79 0.0974676
80 0.097487
81 0.0975171
82 0.0975381
83 0.0975509
84 0.0975796
85 0.0976229
86 0.0976541
87 0.0976849
88 0.097722
89 0.0977623
90 0.0977972
91 0.0978318
92 0.0978673
93 0.0979046
94 0.0979468
95 0.0979886
96 0.0980268
97 0.0980674
98 0.0980993
99 0.0981503
100 0.0981968
101 0.0982369
102 0.0982799
103 0.0983137
104 0.0983583
105 0.098407
106 0.0984429
107 0.0984909
108 0.0985337
109 0.0985828
110 0.098627
111 0.0986703
112 0.098729
113 0.0987796
114 0.0988273
115 0.0988719
116 0.0989211
117 0.0989642
118 0.0990104
119 0.0990489
120 0.0990957
121 0.0991421
122 0.0991825
123 0.0992269
124 0.0992758
125 0.0993195
126 0.0993674
127 0.0994124
128 0.0994583
129 0.0995016
130 0.0995409
131 0.0995853
132 0.0996314
133 0.0996786
134 0.0997204
135 0.099764
136 0.0998062
137 0.0998452
138 0.0998834
139 0.0999273
140 0.0999668
141 0.1
142 0.10004
143 0.100081
144 0.10012
145 0.100157
146 0.100195
147 0.100235
148 0.10027
149 0.100306
150 0.10034
151 0.100378
152 0.100417
153 0.100454
154 0.100492
155 0.10053
156 0.100569
157 0.10061
158 0.100643
159 0.100675
160 0.100707
161 0.100741
162 0.100773
163 0.100812
164 0.100841
165 0.100877
166 0.100915
167 0.100947
168 0.100982
169 0.101018
170 0.101051
171 0.101086
172 0.101114
173 0.10115
174 0.10118
175 0.101212
176 0.101243
177 0.101277
178 0.101307
179 0.10134
180 0.101366
181 0.101395
182 0.101427
183 0.101455
184 0.101484
185 0.101511
186 0.10154
187 0.101565
188 0.101595
189 0.101618
190 0.101641
191 0.101667
192 0.101698
193 0.101721
194 0.101749
195 0.101776
196 0.101803
197 0.10183
198 0.101856
199 0.101879
200 0.101907
201 0.101929
202 0.101947
203 0.101971
204 0.101992
205 0.102018
206 0.102039
207 0.102063
208 0.102085
209 0.102102
210 0.102126
211 0.102149
212 0.102171
213 0.102196
214 0.102216
215 0.102238
216 0.102257
217 0.102276
218 0.102294
219 0.102312
220 0.102333
221 0.102358
222 0.102377
223 0.102397
224 0.102419
225 0.102437
226 0.102456
227 0.102476
228 0.102499
229 0.102518
230 0.102538
231 0.102558
232 0.102575
233 0.102592
234 0.102608
235 0.102626
236 0.102644
237 0.10266
238 0.102678
239 0.102694
240 0.102706
241 0.102725
242 0.102743
243 0.102757
244 0.102772
245 0.102788
246 0.1028
247 0.102816
248 0.102831
249 0.102842
250 0.102857
251 0.102872
252 0.102884
253 0.102899
254 0.102913
255 0.102925
256 0.102939
257 0.102953
258 0.102962
259 0.102975
260 0.102989
261 0.103001
262 0.103014
263 0.10303
264 0.103042
265 0.103053
266 0.103064
267 0.103076
268 0.103087
269 0.103099
270 0.103111
271 0.103125
272 0.103137
273 0.103147
274 0.103156
275 0.103172
276 0.103187
277 0.1032
278 0.103211
279 0.103224
280 0.103236
281 0.103244
282 0.103255
283 0.103265
284 0.103275
285 0.103284
286 0.103294
287 0.103302
288 0.103309
289 0.10332
290 0.103331
291 0.10334
292 0.103351
293 0.103364
294 0.103372
295 0.103381
296 0.10339
297 0.103398
298 0.103408
299 0.103414
300 0.103425
