1 0.230526
2 0.228327
3 0.226369
4 0.224336
5 0.222144
6 0.220078
7 0.218057
8 0.215853
9 0.214035
10 0.211905
11 0.209625
12 0.207623
13 0.20564
14 0.203848
15 0.201575
16 0.199553
17 0.197875
18 0.195961
19 0.193993
20 0.191987
21 0.190219
22 0.188297
23 0.186416
24 0.184647
25 0.182925
26 0.18143
27 0.179102
28 0.177522
29 0.176019
30 0.17434
31 0.172815
32 0.171005
33 0.169607
34 0.16805
35 0.166424
36 0.165018
37 0.163504
38 0.161918
39 0.160501
40 0.159031
41 0.15793
42 0.156281
43 0.154827
44 0.153752
45 0.15225
46 0.151153
47 0.149681
48 0.14841
49 0.147119
50 0.145916
51 0.144683
52 0.14366
53 0.142285
54 0.14138
55 0.140255
56 0.139154
57 0.137726
58 0.136984
59 0.13561
60 0.134517
61 0.133657
62 0.132641
63 0.131619
64 0.130581
65 0.129498
66 0.128764
67 0.127535
68 0.126801
69 0.125832
70 0.124997
71 0.123996
72 0.123105
73 0.122014
74 0.121307
75 0.120415
76 0.119592
77 0.118848
78 0.118057
79 0.117228
80 0.116531
81 0.115803
82 0.114709
83 0.11408
84 0.11312
85 0.112634
86 0.112012
87 0.111312
88 0.110617
89 0.109692
90 0.108965
91 0.108292
92 0.107887
93 0.106884
94 0.106206
95 0.105634
96 0.105053
97 0.104254
98 0.103775
99 0.103179
100 0.102519
101 0.101866
102 0.10127
103 0.100581
104 0.100001
105 0.0994072
106 0.0989185
107 0.0983092
108 0.0977389
109 0.0972225
110 0.0966694
111 0.0960903
112 0.0955181
113 0.0952172
114 0.0944752
115 0.0939543
116 0.0934165
117 0.0927062
118 0.0925513
119 0.0918379
120 0.0916362
121 0.0910494
122 0.0904788
123 0.0900874
124 0.0896684
125 0.0889883
126 0.0886612
127 0.0881711
128 0.0878203
129 0.0872293
130 0.086613
131 0.0865941
132 0.0861482
133 0.0856932
134 0.0851532
135 0.0845109
136 0.0840877
137 0.0837822
138 0.0836252
139 0.0830712
140 0.082759
141 0.0823281
142 0.081882
143 0.081432
144 0.0809348
145 0.0808348
146 0.0804439
147 0.0799428
148 0.0796135
149 0.0793135
150 0.0789467
151 0.0785193
152 0.0780469
153 0.0777029
154 0.0774302
155 0.0769678
156 0.0768653
157 0.0763364
158 0.0760855
159 0.0756384
160 0.0753316
161 0.0750536
162 0.0746815
163 0.0744964
164 0.0741204
165 0.0738388
166 0.073529
167 0.0731028
168 0.0729119
169 0.072492
170 0.0722481
171 0.0720806
172 0.0715993
173 0.0714277
174 0.070988
175 0.0708103
176 0.0704968
177 0.070286
178 0.0698219
179 0.0696363
180 0.0691157
181 0.0691191
182 0.0688862
183 0.0686034
184 0.0683205
185 0.0679949
186 0.067667
187 0.0674024
188 0.0673333
189 0.066971
190 0.0667951
191 0.0666154
192 0.0663332
193 0.0659056
194 0.065848
195 0.0655069
196 0.0653063
197 0.0648966
198 0.0647294
199 0.0644979
200 0.0643033
201 0.064015
202 0.0639722
203 0.06344
204 0.0633408
205 0.063119
206 0.0627666
207 0.062576
208 0.0623595
209 0.0621873
210 0.0619795
211 0.0618739
212 0.0616823
213 0.0612273
214 0.0611972
215 0.0608832
216 0.0607358
217 0.0607201
218 0.0602099
219 0.0601153
220 0.0599559
221 0.0597257
222 0.0595287
223 0.0593706
224 0.0590224
225 0.0588477
226 0.0586058
227 0.0583591
228 0.058441
229 0.0582614
230 0.0577414
231 0.0575837
232 0.0574432
233 0.0573425
234 0.0571474
235 0.0569877
236 0.056668
237 0.0565261
238 0.0563033
239 0.0563138
240 0.0560024
241 0.0558591
242 0.0557314
243 0.0553963
244 0.055419
245 0.0550438
246 0.0549546
247 0.0547178
248 0.0547932
249 0.0544357
250 0.0542551
251 0.0541242
252 0.0538491
253 0.0537169
254 0.0535479
255 0.0536752
256 0.0534207
257 0.0530809
258 0.0528844
259 0.0528532
260 0.0526815
261 0.0525149
262 0.052412
263 0.0522107
264 0.0519075
265 0.0518369
266 0.0516949
267 0.0515085
268 0.0514637
269 0.0512006
270 0.0511251
271 0.050986
272 0.0509205
273 0.0507767
274 0.050475
275 0.050477
276 0.0503464
277 0.0501152
278 0.0499613
279 0.0498931
280 0.0497162
281 0.0496026
282 0.0493849
283 0.0494312
284 0.0491216
285 0.0490482
286 0.0489535
287 0.0485993
288 0.0485265
289 0.0484694
290 0.0484603
291 0.0481576
292 0.0481937
293 0.0480576
294 0.0478553
295 0.0477296
296 0.0476596
297 0.04742
298 0.0473512
299 0.0472874
300 0.0470347
