1 0.458308
2 0.459336
3 0.460157
4 0.460907
5 0.461862
6 0.462656
7 0.463419
8 0.464437
9 0.465231
10 0.466141
11 0.466824
12 0.467729
13 0.468246
14 0.468815
15 0.469887
16 0.470148
17 0.470894
18 0.471889
19 0.47241
20 0.473319
21 0.473852
22 0.474368
23 0.474976
24 0.475606
25 0.476174
26 0.476886
27 0.47736
28 0.478023
29 0.478511
30 0.478673
31 0.479269
32 0.479677
33 0.480363
34 0.480703
35 0.480943
36 0.481553
37 0.481902
38 0.482487
39 0.482735
40 0.483232
41 0.483325
42 0.483776
43 0.48439
44 0.484483
45 0.484899
46 0.48525
47 0.485669
48 0.486069
49 0.486204
50 0.486465
51 0.486977
52 0.486833
53 0.487267
54 0.48763
55 0.487831
56 0.488117
57 0.488447
58 0.488516
59 0.488752
60 0.489069
61 0.489181
62 0.489428
63 0.48966
64 0.489915
65 0.490173
66 0.49026
67 0.490484
68 0.490708
69 0.490807
70 0.490821
71 0.491251
72 0.491425
73 0.491577
74 0.491532
75 0.491891
76 0.492057
77 0.492293
78 0.492329
79 0.492318
80 0.492547
81 0.492582
82 0.49287
83 0.492936
84 0.493043
85 0.493109
86 0.493406
87 0.493484
88 0.493541
89 0.493673
90 0.493757
91 0.493918
92 0.493938
93 0.494146
94 0.494339
95 0.494436
96 0.494477
97 0.494511
98 0.494566
99 0.494613
100 0.494888
101 0.494875
102 0.494926
103 0.495112
104 0.495222
105 0.495187
106 0.495255
107 0.495383
108 0.495381
109 0.495498
110 0.495571
111 0.495747
112 0.495879
113 0.495776
114 0.495881
115 0.495941
116 0.496041
117 0.496082
118 0.496023
119 0.496219
120 0.496245
121 0.496377
122 0.49638
123 0.496378
124 0.496462
125 0.496559
126 0.496606
127 0.496599
128 0.496698
129 0.496832
130 0.496835
131 0.496748
132 0.496846
133 0.496949
134 0.496987
135 0.497086
136 0.497137
137 0.497048
138 0.497214
139 0.497142
140 0.497201
141 0.497269
142 0.497357
143 0.497352
144 0.497427
145 0.497505
146 0.497542
147 0.497528
148 0.49755
149 0.497683
150 0.497631
151 0.49774
152 0.497668
153 0.497737
154 0.497778
155 0.497814
156 0.497849
157 0.497922
158 0.497968
159 0.497918
160 0.498036
161 0.497876
162 0.498006
163 0.498019
164 0.498044
165 0.498091
166 0.498059
167 0.498186
168 0.49819
169 0.498149
170 0.498258
171 0.498289
172 0.498274
173 0.498308
174 0.49833
175 0.498309
176 0.498409
177 0.498468
178 0.498412
179 0.498481
180 0.498501
181 0.49854
182 0.498558
183 0.498511
184 0.498576
185 0.498643
186 0.498587
187 0.498593
188 0.498677
189 0.49866
190 0.498733
191 0.498722
192 0.49874
193 0.498727
194 0.49874
195 0.498755
196 0.498783
197 0.498776
198 0.498785
199 0.498842
200 0.498844
201 0.498845
202 0.498913
203 0.498957
204 0.498898
205 0.498896
206 0.498923
207 0.498932
208 0.499014
209 0.49897
210 0.498981
211 0.499024
212 0.499004
213 0.499093
214 0.49905
215 0.499095
216 0.499086
217 0.499065
218 0.499134
219 0.499108
220 0.499101
221 0.499122
222 0.499177
223 0.499187
224 0.499253
225 0.499235
226 0.499212
227 0.499207
228 0.499268
229 0.49923
230 0.499253
231 0.49926
232 0.499289
233 0.499294
234 0.499312
235 0.499224
236 0.499317
237 0.499305
238 0.499381
239 0.49933
240 0.499301
241 0.499345
242 0.499317
243 0.499412
244 0.499352
245 0.499423
246 0.4994
247 0.499425
248 0.499421
249 0.499429
250 0.49944
251 0.499437
252 0.499471
253 0.499384
254 0.499492
255 0.499496
256 0.49949
257 0.499493
258 0.499496
259 0.4995
260 0.49951
261 0.499517
262 0.499525
263 0.499525
264 0.499574
265 0.499503
266 0.499541
267 0.499532
268 0.499566
269 0.499534
270 0.499569
271 0.499594
272 0.499584
273 0.499632
274 0.499587
275 0.49956
276 0.49961
277 0.499637
278 0.499576
279 0.499616
280 0.499628
281 0.499633
282 0.499646
283 0.499647
284 0.499649
285 0.499667
286 0.499669
287 0.499651
288 0.499648
289 0.499681
290 0.499669
291 0.499693
292 0.499659
293 0.499692
294 0.499696
295 0.499692
296 0.499711
297 0.499713
298 0.499716
299 0.4997
300 0.499722
