1 0.530462
2 0.530462
3 0.530462
4 0.530462
5 0.530462
6 0.530462
7 0.530462
8 0.530462
9 0.530462
10 0.530462
11 0.530462
12 0.530462
13 0.530462
14 0.530462
15 0.530462
16 0.530462
17 0.530462
18 0.530462
19 0.530462
20 0.530462
21 0.530462
22 0.530462
23 0.530462
24 0.530462
25 0.530462
26 0.530462
27 0.530462
28 0.530462
29 0.530462
30 0.530462
31 0.530462
32 0.530462
33 0.530462
34 0.530462
35 0.530462
36 0.530462
37 0.530462
38 0.530462
39 0.530462
40 0.530462
41 0.530462
42 0.530462
43 0.530462
44 0.530462
45 0.530462
46 0.530462
47 0.530462
48 0.530462
49 0.530462
50 0.530462
51 0.530462
52 0.530462
53 0.530462
54 0.530462
55 0.530462
56 0.530462
57 0.530462
58 0.530462
59 0.530462
60 0.530462
61 0.530462
62 0.530462
63 0.530462
64 0.530462
65 0.530462
66 0.530462
67 0.530462
68 0.530462
69 0.530462
70 0.530462
71 0.530462
72 0.530462
73 0.530462
74 0.530462
75 0.530462
76 0.530462
77 0.530462
78 0.530462
79 0.530462
80 0.530462
81 0.530462
82 0.530462
83 0.530462
84 0.530462
85 0.530462
86 0.530462
87 0.530462
88 0.530462
89 0.530462
90 0.530462
91 0.530462
92 0.530462
93 0.530462
94 0.530462
95 0.530462
96 0.530462
97 0.530462
98 0.530462
99 0.530462
100 0.530462
101 0.530462
102 0.530462
103 0.530462
104 0.530462
105 0.530462
106 0.530462
107 0.530462
108 0.530462
109 0.530462
110 0.530462
111 0.530462
112 0.530462
113 0.530462
114 0.530462
115 0.530462
116 0.530462
117 0.530462
118 0.530462
119 0.530462
120 0.530462
121 0.530462
122 0.530462
123 0.530462
124 0.530462
125 0.530462
126 0.530462
127 0.530462
128 0.530462
129 0.530462
130 0.530462
131 0.530462
132 0.530462
133 0.530462
134 0.530462
135 0.530462
136 0.530462
137 0.530462
138 0.530462
139 0.530462
140 0.530462
141 0.530462
142 0.530462
143 0.530462
144 0.530462
145 0.530462
146 0.530462
147 0.530462
148 0.530462
149 0.530462
150 0.530462
151 0.530462
152 0.530462
153 0.530462
154 0.530462
155 0.530462
156 0.530462
157 0.530462
158 0.530462
159 0.530462
160 0.530462
161 0.530462
162 0.530462
163 0.530462
164 0.530462
165 0.530462
166 0.530462
167 0.530462
168 0.530462
169 0.530462
170 0.530462
171 0.530462
172 0.530462
173 0.530462
174 0.530462
175 0.530462
176 0.530462
177 0.530462
178 0.530462
179 0.530462
180 0.530462
181 0.530462
182 0.530462
183 0.530462
184 0.530462
185 0.530462
186 0.530462
187 0.530462
188 0.530462
189 0.530462
190 0.530462
191 0.530462
192 0.530462
193 0.530462
194 0.530462
195 0.530462
196 0.530462
197 0.530462
198 0.530462
199 0.530462
200 0.530462
201 0.530462
202 0.530462
203 0.530462
204 0.530462
205 0.530462
206 0.530462
207 0.530462
208 0.530462
209 0.530462
210 0.530462
211 0.530462
212 0.530462
213 0.530462
214 0.530462
215 0.530462
216 0.530462
217 0.530462
218 0.530462
219 0.530462
220 0.530462
221 0.530462
222 0.530462
223 0.530462
224 0.530462
225 0.530462
226 0.530462
227 0.530462
228 0.530462
229 0.530462
230 0.530462
231 0.530462
232 0.530462
233 0.530462
234 0.530462
235 0.530462
236 0.530462
237 0.530462
238 0.530462
239 0.530462
240 0.530462
241 0.530462
242 0.530462
243 0.530462
244 0.530462
245 0.530462
246 0.530462
247 0.530462
248 0.530462
249 0.530462
250 0.530462
251 0.530462
252 0.530462
253 0.530462
254 0.530462
255 0.530462
256 0.530462
257 0.530462
258 0.530462
259 0.530462
260 0.530462
261 0.530462
262 0.530462
263 0.530462
264 0.530462
265 0.530462
266 0.530462
267 0.530462
268 0.530462
269 0.530462
270 0.530462
271 0.530462
272 0.530462
273 0.530462
274 0.530462
275 0.530462
276 0.530462
277 0.530462
278 0.530462
279 0.530462
280 0.530462
281 0.530462
282 0.530462
283 0.530462
284 0.530462
285 0.530462
286 0.530462
287 0.530462
288 0.530462
289 0.530462
290 0.530462
291 0.530462
292 0.530462
293 0.530462
294 0.530462
295 0.530462
296 0.530462
297 0.530462
298 0.530462
299 0.530462
300 0.530462
