1 0
2 0.333333
3 0.444444
4 0.434783
5 0.470588
6 0.533981
7 0.535714
8 0.554598
9 0.561017
10 0.559375
11 0.558433
12 0.560699
13 0.557619
14 0.556371
15 0.552772
16 0.550513
17 0.548199
18 0.546649
19 0.543837
20 0.542048
21 0.539796
22 0.53773
23 0.535177
24 0.532974
25 0.53073
26 0.5289
27 0.526893
28 0.525181
29 0.523424
30 0.521676
31 0.519823
32 0.518086
33 0.51628
34 0.514499
35 0.512734
36 0.51103
37 0.509385
38 0.507795
39 0.506195
40 0.504604
41 0.503097
42 0.501644
43 0.500198
44 0.498783
45 0.497348
46 0.495968
47 0.494594
48 0.493222
49 0.491879
50 0.490577
51 0.489291
52 0.488037
53 0.486773
54 0.485533
55 0.484298
56 0.483097
57 0.48191
58 0.48075
59 0.479622
60 0.478496
61 0.477381
62 0.47629
63 0.475207
64 0.474143
65 0.473096
66 0.472076
67 0.471069
68 0.470075
69 0.469096
70 0.468122
71 0.467159
72 0.466219
73 0.465275
74 0.464356
75 0.463441
76 0.46254
77 0.461648
78 0.460766
79 0.459892
80 0.45903
81 0.458183
82 0.457345
83 0.456513
84 0.455693
85 0.454877
86 0.454074
87 0.453279
88 0.452494
89 0.451717
90 0.450945
91 0.45018
92 0.449426
93 0.448675
94 0.447932
95 0.447197
96 0.446469
97 0.445746
98 0.445032
99 0.444323
100 0.443617
