1 0.24975
2 0.249855
3 0.249915
4 0.249855
5 0.227628
6 0.210003
7 0.19685
8 0.185068
9 0.176877
10 0.171818
11 0.163262
12 0.155042
13 0.14831
14 0.142234
15 0.136805
16 0.131889
17 0.127323
18 0.122242
19 0.118157
20 0.114383
21 0.111245
22 0.108967
23 0.106827
24 0.105104
25 0.103013
26 0.100828
27 0.0982909
28 0.0954158
29 0.0938479
30 0.0920726
31 0.0905977
32 0.0890017
33 0.0876136
34 0.0864131
35 0.0848467
36 0.0837313
37 0.0826129
38 0.0813135
39 0.0804849
40 0.0795144
41 0.0785324
42 0.0773351
43 0.0763457
44 0.0756357
45 0.0747847
46 0.0741442
47 0.0733421
48 0.0724787
49 0.0717351
50 0.0710409
51 0.0701262
52 0.0693594
53 0.068627
54 0.068052
55 0.0673498
56 0.0666927
57 0.0663361
58 0.0657326
59 0.0649488
60 0.0644832
61 0.0639715
62 0.0634568
63 0.0627504
64 0.0623203
65 0.0618485
66 0.061161
67 0.0608291
68 0.0604206
69 0.0600085
70 0.0594938
71 0.0590241
72 0.0585302
73 0.058126
74 0.0575825
75 0.0571927
76 0.0567697
77 0.0563187
78 0.0559893
79 0.0557796
80 0.0553575
81 0.0550998
82 0.0546073
83 0.0542783
84 0.0538356
85 0.0536311
86 0.0531109
87 0.0528025
88 0.0524171
89 0.0521407
90 0.0516166
91 0.0513506
92 0.0510568
93 0.0508037
94 0.0504562
95 0.0501628
96 0.0498933
97 0.0495268
98 0.0492833
99 0.0490403
100 0.0486285
101 0.0482794
102 0.0481266
103 0.0477568
104 0.0474929
105 0.0472668
106 0.046928
107 0.046734
108 0.0464251
109 0.0462047
110 0.0458531
111 0.045759
112 0.0455222
113 0.0451852
114 0.0450029
115 0.0447957
116 0.0446032
117 0.0443815
118 0.0441346
119 0.0438937
120 0.0435733
121 0.0434752
122 0.0432943
123 0.0430094
124 0.0428048
125 0.0425579
126 0.0424343
127 0.0421721
128 0.0420888
129 0.0419089
130 0.0416331
131 0.041401
132 0.0412013
133 0.0409959
134 0.0408293
135 0.0406042
136 0.0404945
137 0.0402616
138 0.0401223
139 0.0398997
140 0.0397329
141 0.0395586
142 0.0393925
143 0.0392529
144 0.0390782
145 0.0389539
146 0.0387931
147 0.0385639
148 0.0385145
149 0.038283
150 0.0381673
151 0.0380035
152 0.0378039
153 0.0377098
154 0.037523
155 0.0374136
156 0.0371066
157 0.0370779
158 0.0368509
159 0.0367282
160 0.0367022
161 0.0364405
162 0.0363629
163 0.0362361
164 0.036052
165 0.0359001
166 0.0357767
167 0.0355834
168 0.035547
169 0.0354093
170 0.035267
171 0.0351843
172 0.0350429
173 0.034884
174 0.0347554
175 0.0346446
176 0.034478
177 0.0343623
178 0.0342366
179 0.0341236
180 0.0340641
181 0.033965
182 0.0338748
183 0.0336387
184 0.0336237
185 0.0334571
186 0.0333992
187 0.0332912
188 0.0331542
189 0.0329732
190 0.0329199
191 0.0328113
192 0.0326464
193 0.0325872
194 0.032413
195 0.0324098
196 0.0322673
197 0.0322287
198 0.0320771
199 0.0319181
200 0.0318819
201 0.0317288
202 0.0317944
203 0.031498
204 0.0314874
205 0.031384
206 0.0313205
207 0.0311838
208 0.0311552
209 0.0310267
210 0.0309514
211 0.0307969
212 0.0307251
213 0.0306015
214 0.0305614
215 0.03042
216 0.0303397
217 0.0302359
218 0.0301599
219 0.0301232
220 0.0300257
221 0.0299357
222 0.0298096
223 0.0297363
224 0.0296985
225 0.0296419
226 0.0294722
227 0.029406
228 0.0293092
229 0.0292695
230 0.0291753
231 0.0291055
232 0.0289978
233 0.0289404
234 0.0287984
235 0.0287456
236 0.0287037
237 0.0286522
238 0.0285329
239 0.0284498
240 0.0282979
241 0.0282861
242 0.0282276
243 0.0281264
244 0.0280277
245 0.0279223
246 0.0279355
247 0.0278203
248 0.0277686
249 0.0276639
250 0.0276202
251 0.0275326
252 0.0274475
253 0.0274218
254 0.0273184
255 0.0272943
256 0.027211
257 0.0271032
258 0.0270346
259 0.0270088
260 0.0269843
261 0.0268843
262 0.0268385
263 0.0267922
264 0.0267357
265 0.0265661
266 0.0265378
267 0.0264794
268 0.0264162
269 0.0262928
270 0.0263173
271 0.0262334
272 0.0262437
273 0.0260352
274 0.0260322
275 0.02598
276 0.0259197
277 0.0257793
278 0.0258283
279 0.0256685
280 0.0256286
281 0.0256645
282 0.0255703
283 0.0254742
284 0.0254733
285 0.0254081
286 0.0253157
287 0.0252634
288 0.0252312
289 0.0251399
290 0.0251041
291 0.0251071
292 0.0250011
293 0.0249932
294 0.0248446
295 0.0248348
296 0.0247273
297 0.0247654
298 0.0246589
299 0.0246305
300 0.0245701
