1 0.500272
2 0.499732
3 0.499952
4 0.499887
5 0.522209
6 0.540252
7 0.553316
8 0.564961
9 0.572868
10 0.578171
11 0.586824
12 0.594965
13 0.601727
14 0.607717
15 0.613067
16 0.618023
17 0.622827
18 0.627653
19 0.631717
20 0.635553
21 0.638738
22 0.640922
23 0.643127
24 0.644828
25 0.647026
26 0.649166
27 0.65162
28 0.654534
29 0.656044
30 0.657948
31 0.659343
32 0.661118
33 0.662439
34 0.663582
35 0.665078
36 0.666291
37 0.667334
38 0.668649
39 0.66951
40 0.670448
41 0.671555
42 0.67266
43 0.673663
44 0.674376
45 0.675191
46 0.675801
47 0.676628
48 0.677446
49 0.678295
50 0.678988
51 0.679895
52 0.680688
53 0.681348
54 0.682005
55 0.682634
56 0.683331
57 0.683552
58 0.684272
59 0.685081
60 0.685453
61 0.686003
62 0.686495
63 0.687134
64 0.687617
65 0.688119
66 0.688849
67 0.689207
68 0.68959
69 0.689998
70 0.690542
71 0.690987
72 0.691478
73 0.692063
74 0.692455
75 0.692824
76 0.693228
77 0.693697
78 0.693966
79 0.694235
80 0.694669
81 0.694898
82 0.695527
83 0.695699
84 0.696157
85 0.696448
86 0.696838
87 0.697169
88 0.69756
89 0.697795
90 0.698387
91 0.698636
92 0.698968
93 0.699182
94 0.699507
95 0.699864
96 0.700139
97 0.700461
98 0.700743
99 0.70097
100 0.701394
101 0.701777
102 0.701942
103 0.702161
104 0.70255
105 0.702718
106 0.703124
107 0.703277
108 0.703611
109 0.703799
110 0.704167
111 0.704245
112 0.704499
113 0.704812
114 0.705007
115 0.705248
116 0.705407
117 0.705595
118 0.705907
119 0.706138
120 0.70647
121 0.706527
122 0.706743
123 0.706981
124 0.707196
125 0.707462
126 0.707547
127 0.70783
128 0.70792
129 0.708066
130 0.708348
131 0.70858
132 0.708825
133 0.709027
134 0.709141
135 0.709375
136 0.70952
137 0.709723
138 0.709858
139 0.710136
140 0.710322
141 0.710467
142 0.710647
143 0.710739
144 0.710952
145 0.71106
146 0.711147
147 0.711428
148 0.711513
149 0.711742
150 0.711839
151 0.711985
152 0.712208
153 0.712321
154 0.712473
155 0.712579
156 0.712902
157 0.712907
158 0.713099
159 0.713294
160 0.713296
161 0.713536
162 0.713636
163 0.71378
164 0.71394
165 0.714134
166 0.714199
167 0.714411
168 0.714469
169 0.714587
170 0.714794
171 0.71471
172 0.714948
173 0.715071
174 0.715209
175 0.715359
176 0.715507
177 0.715662
178 0.715752
179 0.71587
180 0.715923
181 0.716045
182 0.716128
183 0.716296
184 0.716376
185 0.716537
186 0.716546
187 0.716703
188 0.716829
189 0.717016
190 0.71706
191 0.717196
192 0.717331
193 0.717393
194 0.717548
195 0.717564
196 0.717732
197 0.717771
198 0.717937
199 0.718113
200 0.718097
201 0.718269
202 0.718213
203 0.718492
204 0.718473
205 0.71868
206 0.718691
207 0.718829
208 0.71884
209 0.718965
210 0.719033
211 0.719201
212 0.719265
213 0.719401
214 0.719417
215 0.719568
216 0.719641
217 0.719742
218 0.719828
219 0.719882
220 0.719962
221 0.72005
222 0.720209
223 0.720244
224 0.72029
225 0.720323
226 0.720503
227 0.720576
228 0.720699
229 0.72072
230 0.720824
231 0.720868
232 0.721021
233 0.721059
234 0.721215
235 0.721268
236 0.721292
237 0.721337
238 0.721447
239 0.721522
240 0.721722
241 0.721785
242 0.721797
243 0.721902
244 0.721957
245 0.722074
246 0.722056
247 0.722169
248 0.722255
249 0.722316
250 0.722405
251 0.722479
252 0.722567
253 0.722587
254 0.722744
255 0.722758
256 0.722802
257 0.722827
258 0.722946
259 0.722959
260 0.72302
261 0.723127
262 0.723165
263 0.723199
264 0.723254
265 0.723423
266 0.72348
267 0.723516
268 0.723575
269 0.723702
270 0.723699
271 0.723771
272 0.723753
273 0.723916
274 0.723968
275 0.724022
276 0.724085
277 0.724191
278 0.724156
279 0.72432
280 0.724379
281 0.724316
282 0.724411
283 0.724504
284 0.724513
285 0.724603
286 0.724694
287 0.724729
288 0.724792
289 0.724869
290 0.724913
291 0.724894
292 0.724981
293 0.725029
294 0.72514
295 0.725158
296 0.725238
297 0.725213
298 0.725347
299 0.725367
300 0.725437
