1 0.500272
2 0.49959
3 0.499731
4 0.499566
5 0.610803
6 0.628588
7 0.633034
8 0.646914
9 0.669174
10 0.674318
11 0.678815
12 0.683076
13 0.685552
14 0.688513
15 0.68979
16 0.691568
17 0.693996
18 0.695213
19 0.698115
20 0.699941
21 0.700696
22 0.701731
23 0.703165
24 0.70331
25 0.703863
26 0.704665
27 0.707425
28 0.710578
29 0.712435
30 0.713995
31 0.714859
32 0.715238
33 0.715468
34 0.715994
35 0.717361
36 0.718549
37 0.718437
38 0.718654
39 0.718745
40 0.719661
41 0.720121
42 0.720164
43 0.72062
44 0.721816
45 0.721609
46 0.721017
47 0.720166
48 0.722188
49 0.722629
50 0.722946
51 0.723288
52 0.722958
53 0.723494
54 0.724409
55 0.724521
56 0.724971
57 0.723954
58 0.724886
59 0.725061
60 0.725916
61 0.726064
62 0.726238
63 0.726376
64 0.726625
65 0.726116
66 0.726944
67 0.728194
68 0.726775
69 0.728021
70 0.728947
71 0.728165
72 0.728498
73 0.729329
74 0.728955
75 0.729511
76 0.729961
77 0.729848
78 0.730761
79 0.730686
80 0.73078
81 0.730803
82 0.731263
83 0.730911
84 0.730531
85 0.731585
86 0.731777
87 0.731551
88 0.732244
89 0.73205
90 0.732289
91 0.73333
92 0.732159
93 0.732936
94 0.733029
95 0.733223
96 0.732821
97 0.733094
98 0.733777
99 0.733298
100 0.734041
101 0.73443
102 0.734734
103 0.734362
104 0.734471
105 0.734417
106 0.734774
107 0.735025
108 0.735104
109 0.735047
110 0.735018
111 0.735714
112 0.735203
113 0.735168
114 0.735056
115 0.735628
116 0.736045
117 0.735457
118 0.73659
119 0.736274
120 0.736129
121 0.735945
122 0.736113
123 0.735991
124 0.736653
125 0.736562
126 0.736939
127 0.736869
128 0.737504
129 0.736753
130 0.736526
131 0.736361
132 0.737639
133 0.737696
134 0.737593
135 0.737306
136 0.737245
137 0.737807
138 0.73786
139 0.73818
140 0.738243
141 0.7377
142 0.73813
143 0.737576
144 0.738249
145 0.738502
146 0.738044
147 0.737171
148 0.738946
149 0.738959
150 0.73804
151 0.737808
152 0.739377
153 0.738574
154 0.738443
155 0.739295
156 0.738972
157 0.73848
158 0.738854
159 0.739188
160 0.739505
161 0.73902
162 0.739638
163 0.739412
164 0.740117
165 0.739223
166 0.740604
167 0.739801
168 0.740676
169 0.739025
170 0.739874
171 0.739865
172 0.740033
173 0.739691
174 0.73967
175 0.73963
176 0.739968
177 0.740177
178 0.740998
179 0.74018
180 0.74065
181 0.741026
182 0.740032
183 0.741007
184 0.740562
185 0.740175
186 0.740671
187 0.740459
188 0.741158
189 0.741004
190 0.741046
191 0.740414
192 0.740539
193 0.740591
194 0.740488
195 0.741109
196 0.740325
197 0.740356
198 0.741135
199 0.740972
200 0.740474
201 0.74173
202 0.740924
203 0.741654
204 0.741102
205 0.742049
206 0.741216
207 0.741497
208 0.741622
209 0.741683
210 0.741304
211 0.74205
212 0.741448
213 0.741121
214 0.741606
215 0.740955
216 0.741544
217 0.741512
218 0.741214
219 0.74219
220 0.741837
221 0.741468
222 0.741623
223 0.741535
224 0.741268
225 0.741563
226 0.742436
227 0.741519
228 0.741552
229 0.742174
230 0.742249
231 0.741877
232 0.742426
233 0.74235
234 0.742212
235 0.74251
236 0.742149
237 0.742189
238 0.743207
239 0.742078
240 0.743013
241 0.742987
242 0.742388
243 0.742112
244 0.743006
245 0.742332
246 0.742402
247 0.742953
248 0.742657
249 0.742905
250 0.742751
251 0.743021
252 0.742655
253 0.743491
254 0.743155
255 0.743061
256 0.743137
257 0.743142
258 0.743319
259 0.743423
260 0.742234
261 0.742678
262 0.743057
263 0.742953
264 0.743336
265 0.743152
266 0.743365
267 0.743104
268 0.743539
269 0.742948
270 0.743751
271 0.743155
272 0.743383
273 0.743446
274 0.743306
275 0.743513
276 0.743491
277 0.743379
278 0.7435
279 0.743131
280 0.743541
281 0.742923
282 0.743298
283 0.743404
284 0.743678
285 0.743318
286 0.74321
287 0.743624
288 0.743762
289 0.743132
290 0.743286
291 0.744237
292 0.743549
293 0.743802
294 0.743291
295 0.743944
296 0.744363
297 0.743473
298 0.7435
299 0.744187
300 0.743838
