1 0.24975
2 0.249569
3 0.250033
4 0.249678
5 0.138718
6 0.121726
7 0.117613
8 0.103259
9 0.081388
10 0.0750301
11 0.0711745
12 0.066365
13 0.0643655
14 0.0617937
15 0.0598032
16 0.0579845
17 0.0565358
18 0.0545794
19 0.0523713
20 0.0503975
21 0.0490649
22 0.0480877
23 0.047101
24 0.0464673
25 0.0457715
26 0.0447246
27 0.0419277
28 0.0388917
29 0.0371818
30 0.0363403
31 0.035421
32 0.0346778
33 0.034033
34 0.0336204
35 0.032854
36 0.0322201
37 0.0318712
38 0.0313908
39 0.0309669
40 0.0307269
41 0.0303738
42 0.0298519
43 0.0295104
44 0.0293878
45 0.0291024
46 0.0288346
47 0.0286483
48 0.0280063
49 0.0275526
50 0.0272857
51 0.026761
52 0.0264368
53 0.0262178
54 0.02609
55 0.0257157
56 0.0254431
57 0.0253927
58 0.0250381
59 0.0246503
60 0.0244745
61 0.0243399
62 0.0240516
63 0.0236633
64 0.0235848
65 0.0234151
66 0.0230317
67 0.022829
68 0.0226677
69 0.022169
70 0.0217366
71 0.0214129
72 0.0211072
73 0.0209383
74 0.0206118
75 0.0204749
76 0.0203065
77 0.0199943
78 0.019823
79 0.0197388
80 0.0195201
81 0.0194132
82 0.0191971
83 0.0190792
84 0.0187787
85 0.0187058
86 0.0183495
87 0.0183646
88 0.018064
89 0.0178902
90 0.0176053
91 0.0174885
92 0.0173822
93 0.0172804
94 0.0170961
95 0.0169574
96 0.0167996
97 0.0166028
98 0.0164877
99 0.016432
100 0.0162373
101 0.0160375
102 0.0159547
103 0.0157694
104 0.0155936
105 0.0155705
106 0.0152984
107 0.0152506
108 0.0151097
109 0.0150792
110 0.0148867
111 0.0148882
112 0.0146782
113 0.0145634
114 0.0144807
115 0.0144147
116 0.0144414
117 0.0142362
118 0.0140992
119 0.0139469
120 0.0138261
121 0.0138135
122 0.0137375
123 0.0135799
124 0.0134004
125 0.0133571
126 0.0132873
127 0.0131363
128 0.0131893
129 0.0130774
130 0.012943
131 0.0128526
132 0.0127203
133 0.0126552
134 0.0125953
135 0.0124687
136 0.0124418
137 0.0123039
138 0.0122876
139 0.0121757
140 0.012081
141 0.0119802
142 0.0119667
143 0.011882
144 0.0118749
145 0.0117681
146 0.0117451
147 0.0116287
148 0.0116284
149 0.0115176
150 0.0114091
151 0.0114196
152 0.0112568
153 0.011245
154 0.0111552
155 0.0111387
156 0.0109221
157 0.0109849
158 0.0108865
159 0.0108401
160 0.0108218
161 0.0107058
162 0.0106336
163 0.010622
164 0.0105268
165 0.0104874
166 0.0104154
167 0.0103345
168 0.0102926
169 0.0102798
170 0.0102158
171 0.0101638
172 0.0101299
173 0.0100282
174 0.00998882
175 0.0099116
176 0.00985106
177 0.00976891
178 0.00977786
179 0.00970242
180 0.00968515
181 0.0097064
182 0.00959278
183 0.00955297
184 0.00954498
185 0.00947082
186 0.0094597
187 0.00940569
188 0.00938036
189 0.00927603
190 0.0092704
191 0.00922791
192 0.00915887
193 0.00912721
194 0.00904272
195 0.00908873
196 0.00902438
197 0.00904054
198 0.00892724
199 0.00885686
200 0.00886561
201 0.00881274
202 0.00888695
203 0.00863857
204 0.00870105
205 0.00863407
206 0.00860068
207 0.00854646
208 0.00860473
209 0.00849471
210 0.00851568
211 0.0084069
212 0.00842161
213 0.0083649
214 0.0083547
215 0.0083379
216 0.00827578
217 0.0082175
218 0.008168
219 0.00821023
220 0.00815447
221 0.00810817
222 0.00804316
223 0.0080656
224 0.00803846
225 0.0080343
226 0.00795795
227 0.00792061
228 0.00787755
229 0.0079142
230 0.0078247
231 0.00779602
232 0.00779054
233 0.0077766
234 0.00765253
235 0.00768129
236 0.0076853
237 0.00766798
238 0.00761672
239 0.00756393
240 0.00750727
241 0.00752137
242 0.00746799
243 0.00745931
244 0.00740259
245 0.00737433
246 0.00738376
247 0.00731238
248 0.00730698
249 0.00726194
250 0.00727448
251 0.00725301
252 0.00721611
253 0.00718348
254 0.00716406
255 0.00710081
256 0.00710491
257 0.00706349
258 0.00703679
259 0.0070619
260 0.00706253
261 0.00699974
262 0.0070325
263 0.0070242
264 0.00699881
265 0.00688285
266 0.00688186
267 0.0069246
268 0.00687566
269 0.00678918
270 0.00678856
271 0.00677352
272 0.00684207
273 0.00669442
274 0.00670464
275 0.00670136
276 0.00668716
277 0.00659126
278 0.00670151
279 0.00657737
280 0.0065849
281 0.0066001
282 0.00656881
283 0.00651371
284 0.0065184
285 0.00650036
286 0.00647151
287 0.0064592
288 0.00646237
289 0.00644643
290 0.00642524
291 0.00642721
292 0.00640623
293 0.0063771
294 0.00631275
295 0.00629073
296 0.00625499
297 0.00628374
298 0.00625958
299 0.00625169
300 0.0061876
