1 0.333763
2 0.333408
3 0.333293
4 0.333408
5 0.369623
6 0.398032
7 0.419562
8 0.440658
9 0.460161
10 0.468771
11 0.485861
12 0.5029
13 0.516167
14 0.528664
15 0.540194
16 0.550352
17 0.560117
18 0.57089
19 0.579984
20 0.588086
21 0.595056
22 0.599899
23 0.604407
24 0.608471
25 0.612905
26 0.617773
27 0.623733
28 0.630354
29 0.634235
30 0.638122
31 0.641743
32 0.645951
33 0.648974
34 0.651797
35 0.655433
36 0.658109
37 0.660596
38 0.663976
39 0.665582
40 0.668296
41 0.670585
42 0.673663
43 0.676085
44 0.677886
45 0.679456
46 0.681763
47 0.683435
48 0.685754
49 0.687798
50 0.689827
51 0.691865
52 0.694257
53 0.695709
54 0.69706
55 0.699298
56 0.700561
57 0.701408
58 0.703145
59 0.70564
60 0.706511
61 0.708101
62 0.709172
63 0.711366
64 0.712505
65 0.713841
66 0.715161
67 0.716942
68 0.717482
69 0.718696
70 0.72075
71 0.72154
72 0.723033
73 0.724555
74 0.726219
75 0.726821
76 0.727875
77 0.729161
78 0.730263
79 0.730976
80 0.732309
81 0.732998
82 0.734399
83 0.735411
84 0.736538
85 0.736996
86 0.738794
87 0.739246
88 0.740952
89 0.741695
90 0.74291
91 0.743717
92 0.744369
93 0.745484
94 0.746359
95 0.74704
96 0.748133
97 0.749255
98 0.749739
99 0.750691
100 0.751611
101 0.752691
102 0.753586
103 0.75429
104 0.755268
105 0.755627
106 0.757091
107 0.757703
108 0.758275
109 0.758794
110 0.759784
111 0.760006
112 0.761048
113 0.762188
114 0.762949
115 0.76359
116 0.763857
117 0.764551
118 0.765511
119 0.765972
120 0.7671
121 0.767494
122 0.767788
123 0.769049
124 0.769574
125 0.770179
126 0.770882
127 0.771881
128 0.771758
129 0.772409
130 0.773076
131 0.773893
132 0.774999
133 0.775524
134 0.775787
135 0.77663
136 0.776666
137 0.777593
138 0.777981
139 0.77858
140 0.77936
141 0.77982
142 0.780445
143 0.780917
144 0.781824
145 0.782184
146 0.782518
147 0.783161
148 0.783144
149 0.784094
150 0.784349
151 0.785133
152 0.785822
153 0.785915
154 0.786501
155 0.787022
156 0.788093
157 0.788189
158 0.788956
159 0.789213
160 0.789209
161 0.790468
162 0.790787
163 0.790741
164 0.791787
165 0.79222
166 0.792311
167 0.792719
168 0.792992
169 0.793779
170 0.794308
171 0.794534
172 0.794738
173 0.795617
174 0.79569
175 0.7965
176 0.797345
177 0.797376
178 0.797732
179 0.798119
180 0.798651
181 0.798837
182 0.799279
183 0.800196
184 0.799629
185 0.800212
186 0.800839
187 0.801305
188 0.80123
189 0.801971
190 0.802151
191 0.802581
192 0.803625
193 0.803751
194 0.804336
195 0.803992
196 0.804726
197 0.804753
198 0.805407
199 0.805905
200 0.806326
201 0.80647
202 0.80606
203 0.807406
204 0.807267
205 0.808316
206 0.808128
207 0.80866
208 0.808524
209 0.809154
210 0.80923
211 0.810236
212 0.810297
213 0.810384
214 0.810617
215 0.811135
216 0.81182
217 0.811868
218 0.812325
219 0.812376
220 0.81267
221 0.813128
222 0.813758
223 0.813858
224 0.813575
225 0.81419
226 0.81452
227 0.814665
228 0.815328
229 0.815527
230 0.815829
231 0.816311
232 0.816898
233 0.816777
234 0.817337
235 0.81731
236 0.817658
237 0.817693
238 0.818339
239 0.818674
240 0.818781
241 0.819406
242 0.819596
243 0.819588
244 0.820199
245 0.820409
246 0.820493
247 0.820964
248 0.821248
249 0.821431
250 0.821825
251 0.822015
252 0.822471
253 0.822732
254 0.823069
255 0.822996
256 0.823661
257 0.823597
258 0.82387
259 0.823832
260 0.824016
261 0.824457
262 0.824799
263 0.824912
264 0.824779
265 0.825856
266 0.825813
267 0.826037
268 0.826276
269 0.826873
270 0.826915
271 0.827018
272 0.82666
273 0.827785
274 0.827712
275 0.827646
276 0.828182
277 0.829069
278 0.828671
279 0.829301
280 0.829646
281 0.829062
282 0.829768
283 0.829769
284 0.829973
285 0.830186
286 0.830637
287 0.830899
288 0.831081
289 0.831194
290 0.831361
291 0.831128
292 0.831807
293 0.831877
294 0.832539
295 0.832361
296 0.83309
297 0.832812
298 0.832994
299 0.833249
300 0.833769
