1 0.5
2 0.35348
3 0.319346
4 0.288654
5 0.27081
6 0.262795
7 0.258826
8 0.255681
9 0.240846
10 0.235631
11 0.23435
12 0.233274
13 0.232834
14 0.232095
15 0.232026
16 0.231651
17 0.23123
18 0.231299
19 0.230446
20 0.229849
21 0.229413
22 0.229256
23 0.228972
24 0.228746
25 0.228398
26 0.228149
27 0.226856
28 0.224321
29 0.222932
30 0.222125
31 0.221843
32 0.220909
33 0.221159
34 0.220526
35 0.220007
36 0.219407
37 0.219196
38 0.218804
39 0.218475
40 0.218337
41 0.217916
42 0.217553
43 0.21733
44 0.21741
45 0.217288
46 0.217012
47 0.216915
48 0.216668
49 0.216159
50 0.216154
51 0.21588
52 0.215777
53 0.215952
54 0.215639
55 0.215421
56 0.215317
57 0.215548
58 0.215237
59 0.214664
60 0.214842
61 0.214796
62 0.214606
63 0.214301
64 0.213939
65 0.214172
66 0.213863
67 0.213502
68 0.213416
69 0.213339
70 0.213237
71 0.212841
72 0.212778
73 0.21238
74 0.212563
75 0.212378
76 0.212399
77 0.212117
78 0.211862
79 0.211686
80 0.211659
81 0.21172
82 0.211439
83 0.211386
84 0.211173
85 0.210882
86 0.210888
87 0.210894
88 0.210783
89 0.210895
90 0.210547
91 0.21055
92 0.210431
93 0.210518
94 0.210324
95 0.210093
96 0.209976
97 0.210017
98 0.2099
99 0.209895
100 0.209757
101 0.209462
102 0.209496
103 0.2096
104 0.209254
105 0.209384
106 0.2092
107 0.208983
108 0.209098
109 0.208982
110 0.208812
111 0.208844
112 0.208653
113 0.208473
114 0.208439
115 0.208556
116 0.2085
117 0.208579
118 0.208154
119 0.208073
120 0.207914
121 0.208108
122 0.208093
123 0.20786
124 0.207809
125 0.207668
126 0.20766
127 0.207475
128 0.207644
129 0.207706
130 0.207497
131 0.207458
132 0.207409
133 0.207202
134 0.207207
135 0.207288
136 0.207211
137 0.207082
138 0.207018
139 0.206854
140 0.206811
141 0.206754
142 0.206852
143 0.206789
144 0.206743
145 0.206612
146 0.206795
147 0.20639
148 0.206535
149 0.206386
150 0.206376
151 0.206331
152 0.206257
153 0.206229
154 0.206084
155 0.206224
156 0.205876
157 0.20601
158 0.205847
159 0.20599
160 0.205925
161 0.205916
162 0.205869
163 0.205805
164 0.205697
165 0.205628
166 0.205742
167 0.205551
168 0.205543
169 0.205375
170 0.205194
171 0.205789
172 0.205397
173 0.205221
174 0.205213
175 0.205122
176 0.205156
177 0.204966
178 0.205101
179 0.204851
180 0.204916
181 0.204928
182 0.204936
183 0.204925
184 0.204942
185 0.204735
186 0.204878
187 0.204681
188 0.204715
189 0.204587
190 0.204579
191 0.204598
192 0.204475
193 0.20457
194 0.204448
195 0.204615
196 0.204316
197 0.204596
198 0.204399
199 0.20421
200 0.204399
201 0.204187
202 0.204267
203 0.204096
204 0.20421
205 0.203891
206 0.204065
207 0.203971
208 0.203938
209 0.203979
210 0.204016
211 0.203888
212 0.2039
213 0.203795
214 0.20385
215 0.203817
216 0.203759
217 0.20367
218 0.20363
219 0.203709
220 0.203716
221 0.203655
222 0.203469
223 0.203612
224 0.203582
225 0.203673
226 0.203478
227 0.203536
228 0.203369
229 0.203471
230 0.20347
231 0.203381
232 0.203356
233 0.20335
234 0.203244
235 0.203289
236 0.203286
237 0.203235
238 0.20325
239 0.203167
240 0.203051
241 0.202936
242 0.203074
243 0.203025
244 0.202988
245 0.202861
246 0.202914
247 0.202881
248 0.202945
249 0.202909
250 0.202838
251 0.202722
252 0.202729
253 0.202765
254 0.202663
255 0.202556
256 0.20285
257 0.202905
258 0.202802
259 0.20266
260 0.202703
261 0.202659
262 0.20269
263 0.202663
264 0.202592
265 0.202482
266 0.202513
267 0.202609
268 0.202517
269 0.202399
270 0.202539
271 0.202324
272 0.20255
273 0.202542
274 0.202336
275 0.202344
276 0.202296
277 0.202242
278 0.202321
279 0.202178
280 0.2022
281 0.202305
282 0.202255
283 0.202167
284 0.202298
285 0.2021
286 0.202137
287 0.2021
288 0.202121
289 0.202082
290 0.202019
291 0.202116
292 0.202185
293 0.201961
294 0.201887
295 0.201979
296 0.201892
297 0.202001
298 0.201884
299 0.201831
300 0.201889
