1 0.333763
2 0.333606
3 0.333063
4 0.333753
5 0.514657
6 0.540401
7 0.55002
8 0.584468
9 0.63831
10 0.653732
11 0.665654
12 0.67912
13 0.684652
14 0.692134
15 0.698316
16 0.703395
17 0.708032
18 0.712659
19 0.719235
20 0.724344
21 0.728568
22 0.731134
23 0.734122
24 0.736554
25 0.738629
26 0.741719
27 0.749585
28 0.75776
29 0.763198
30 0.765749
31 0.768476
32 0.771812
33 0.773823
34 0.775417
35 0.778195
36 0.780424
37 0.781159
38 0.783202
39 0.784633
40 0.785987
41 0.787105
42 0.78923
43 0.790686
44 0.791434
45 0.791893
46 0.793678
47 0.793822
48 0.796369
49 0.798282
50 0.799615
51 0.801037
52 0.802974
53 0.803682
54 0.804097
55 0.805893
56 0.80658
57 0.806825
58 0.808237
59 0.810292
60 0.810805
61 0.811679
62 0.812443
63 0.814367
64 0.814897
65 0.815849
66 0.816344
67 0.818194
68 0.818232
69 0.820384
70 0.822548
71 0.82339
72 0.824543
73 0.825648
74 0.827376
75 0.827476
76 0.828094
77 0.829524
78 0.830281
79 0.830783
80 0.832013
81 0.832416
82 0.833575
83 0.834145
84 0.835268
85 0.835308
86 0.837256
87 0.836872
88 0.838966
89 0.83952
90 0.840243
91 0.840927
92 0.841164
93 0.842376
94 0.84302
95 0.843491
96 0.844252
97 0.845169
98 0.84578
99 0.846419
100 0.846814
101 0.847823
102 0.848509
103 0.849394
104 0.850144
105 0.849973
106 0.851491
107 0.8519
108 0.851933
109 0.852373
110 0.853135
111 0.853007
112 0.854196
113 0.854944
114 0.855732
115 0.856146
116 0.855824
117 0.856896
118 0.857321
119 0.85791
120 0.858677
121 0.859059
122 0.859091
123 0.86012
124 0.860832
125 0.860935
126 0.86184
127 0.862643
128 0.862264
129 0.862874
130 0.863124
131 0.863828
132 0.864878
133 0.865207
134 0.865289
135 0.866137
136 0.865747
137 0.866638
138 0.866795
139 0.867175
140 0.867846
141 0.868417
142 0.868652
143 0.868968
144 0.869509
145 0.869815
146 0.870208
147 0.870495
148 0.870386
149 0.871324
150 0.871457
151 0.872199
152 0.872646
153 0.872602
154 0.873119
155 0.873392
156 0.874504
157 0.874305
158 0.874961
159 0.875088
160 0.875232
161 0.87615
162 0.876509
163 0.876065
164 0.877041
165 0.877552
166 0.877403
167 0.877807
168 0.877884
169 0.878536
170 0.87879
171 0.879152
172 0.879216
173 0.879961
174 0.879837
175 0.880564
176 0.881289
177 0.881278
178 0.881474
179 0.881604
180 0.882214
181 0.881947
182 0.882718
183 0.883287
184 0.882682
185 0.882874
186 0.883892
187 0.884082
188 0.883587
189 0.884314
190 0.884509
191 0.884709
192 0.885625
193 0.885802
194 0.886106
195 0.885687
196 0.886317
197 0.886271
198 0.886992
199 0.887158
200 0.887612
201 0.887493
202 0.886925
203 0.888406
204 0.888001
205 0.888952
206 0.88905
207 0.889353
208 0.888803
209 0.889548
210 0.889433
211 0.890469
212 0.890245
213 0.890294
214 0.890044
215 0.890769
216 0.891358
217 0.891236
218 0.891755
219 0.891813
220 0.891845
221 0.892175
222 0.89279
223 0.892717
224 0.892396
225 0.892848
226 0.893028
227 0.893095
228 0.893451
229 0.893738
230 0.894077
231 0.894562
232 0.894836
233 0.894797
234 0.895315
235 0.894947
236 0.895235
237 0.895343
238 0.895942
239 0.895963
240 0.895833
241 0.896569
242 0.896992
243 0.896819
244 0.897191
245 0.897199
246 0.897301
247 0.897766
248 0.89792
249 0.897842
250 0.898096
251 0.897907
252 0.898478
253 0.898759
254 0.899037
255 0.899101
256 0.89978
257 0.899559
258 0.89977
259 0.899457
260 0.899857
261 0.900101
262 0.900116
263 0.900111
264 0.899833
265 0.900883
266 0.90097
267 0.900841
268 0.901127
269 0.901586
270 0.90178
271 0.901843
272 0.901027
273 0.90229
274 0.902087
275 0.901975
276 0.902427
277 0.903302
278 0.902681
279 0.903376
280 0.903333
281 0.902899
282 0.903658
283 0.903333
284 0.903616
285 0.903786
286 0.904125
287 0.90408
288 0.904408
289 0.904326
290 0.904552
291 0.904235
292 0.904959
293 0.904917
294 0.905325
295 0.905305
296 0.905826
297 0.905578
298 0.905472
299 0.905821
300 0.90646
