1 0.5
2 0.5
3 0.5
4 0.5
5 0.487569
6 0.483183
7 0.481978
8 0.47793
9 0.470511
10 0.46863
11 0.466932
12 0.465278
13 0.464296
14 0.463102
15 0.46258
16 0.461847
17 0.460832
18 0.460318
19 0.459076
20 0.458284
21 0.457954
22 0.457499
23 0.456864
24 0.456799
25 0.456553
26 0.456194
27 0.454946
28 0.453495
29 0.452628
30 0.451893
31 0.451482
32 0.451302
33 0.451192
34 0.45094
35 0.450283
36 0.449708
37 0.449762
38 0.449657
39 0.449612
40 0.449166
41 0.44894
42 0.448919
43 0.448695
44 0.448105
45 0.448208
46 0.4485
47 0.448918
48 0.447921
49 0.447702
50 0.447544
51 0.447374
52 0.447538
53 0.447271
54 0.446812
55 0.446756
56 0.44653
57 0.447041
58 0.446573
59 0.446484
60 0.446052
61 0.445977
62 0.445889
63 0.445819
64 0.445693
65 0.445951
66 0.44553
67 0.444891
68 0.445616
69 0.44498
70 0.444504
71 0.444906
72 0.444735
73 0.444307
74 0.4445
75 0.444213
76 0.443981
77 0.444039
78 0.443565
79 0.443604
80 0.443555
81 0.443543
82 0.443304
83 0.443487
84 0.443685
85 0.443136
86 0.443035
87 0.443153
88 0.442791
89 0.442892
90 0.442767
91 0.442219
92 0.442835
93 0.442427
94 0.442378
95 0.442276
96 0.442487
97 0.442344
98 0.441983
99 0.442236
100 0.441843
101 0.441637
102 0.441476
103 0.441673
104 0.441615
105 0.441644
106 0.441454
107 0.441321
108 0.441279
109 0.441309
110 0.441324
111 0.440953
112 0.441226
113 0.441245
114 0.441304
115 0.440999
116 0.440776
117 0.44109
118 0.440484
119 0.440653
120 0.440731
121 0.44083
122 0.44074
123 0.440805
124 0.44045
125 0.440499
126 0.440296
127 0.440334
128 0.439992
129 0.440396
130 0.440518
131 0.440607
132 0.439919
133 0.439888
134 0.439943
135 0.440098
136 0.440131
137 0.439828
138 0.439799
139 0.439626
140 0.439592
141 0.439886
142 0.439653
143 0.439953
144 0.439589
145 0.439451
146 0.4397
147 0.440171
148 0.43921
149 0.439203
150 0.439702
151 0.439827
152 0.438975
153 0.439412
154 0.439483
155 0.43902
156 0.439196
157 0.439463
158 0.43926
159 0.439078
160 0.438906
161 0.43917
162 0.438833
163 0.438956
164 0.438571
165 0.439059
166 0.438304
167 0.438744
168 0.438265
169 0.439167
170 0.438704
171 0.438709
172 0.438617
173 0.438804
174 0.438816
175 0.438837
176 0.438653
177 0.438538
178 0.438087
179 0.438536
180 0.438279
181 0.438072
182 0.438618
183 0.438083
184 0.438327
185 0.438539
186 0.438267
187 0.438384
188 0.437999
189 0.438084
190 0.438061
191 0.438408
192 0.43834
193 0.438311
194 0.438368
195 0.438026
196 0.438457
197 0.43844
198 0.438012
199 0.438102
200 0.438375
201 0.437684
202 0.438128
203 0.437726
204 0.43803
205 0.437508
206 0.437968
207 0.437813
208 0.437744
209 0.43771
210 0.437919
211 0.437507
212 0.43784
213 0.43802
214 0.437753
215 0.438111
216 0.437787
217 0.437804
218 0.437969
219 0.43743
220 0.437625
221 0.437829
222 0.437743
223 0.437792
224 0.437939
225 0.437776
226 0.437293
227 0.437801
228 0.437782
229 0.437438
230 0.437397
231 0.437603
232 0.437299
233 0.437341
234 0.437418
235 0.437252
236 0.437452
237 0.43743
238 0.436865
239 0.437492
240 0.436973
241 0.436988
242 0.43732
243 0.437473
244 0.436977
245 0.437351
246 0.437312
247 0.437006
248 0.437171
249 0.437033
250 0.437119
251 0.436969
252 0.437172
253 0.436707
254 0.436894
255 0.436946
256 0.436904
257 0.436901
258 0.436803
259 0.436745
260 0.437405
261 0.437159
262 0.436949
263 0.437006
264 0.436793
265 0.436896
266 0.436777
267 0.436922
268 0.43668
269 0.437009
270 0.436562
271 0.436894
272 0.436767
273 0.436732
274 0.43681
275 0.436695
276 0.436707
277 0.436769
278 0.436702
279 0.436907
280 0.436679
281 0.437023
282 0.436814
283 0.436755
284 0.436603
285 0.436803
286 0.436863
287 0.436633
288 0.436556
289 0.436907
290 0.436821
291 0.43629
292 0.436675
293 0.436533
294 0.436818
295 0.436454
296 0.436219
297 0.436717
298 0.436702
299 0.436318
300 0.436513
