1 0.266575
2 0.16641
3 0.141174
4 0.208855
5 0.104713
6 0.131533
7 0.0871971
8 0.0885897
9 0.0645674
10 0.0703881
11 0.0564356
12 0.0543545
13 0.0546681
14 0.0494426
15 0.0466755
16 0.0478156
17 0.0433272
18 0.0442927
19 0.043679
20 0.0395108
21 0.0385725
22 0.0383642
23 0.0375962
24 0.0368926
25 0.0355338
26 0.0356771
27 0.0347135
28 0.0328215
29 0.0322488
30 0.0315873
31 0.0304089
32 0.0297778
33 0.0295129
34 0.0290726
35 0.0277854
36 0.0280609
37 0.027702
38 0.0268678
39 0.0269826
40 0.0263657
41 0.0257542
42 0.0262481
43 0.0257377
44 0.0252815
45 0.0252508
46 0.024863
47 0.0248974
48 0.0243989
49 0.0239522
50 0.0234794
51 0.0233066
52 0.0229383
53 0.0226191
54 0.0227588
55 0.0223678
56 0.0219004
57 0.0221033
58 0.0216542
59 0.021343
60 0.0213011
61 0.0210791
62 0.0208145
63 0.0206071
64 0.0204571
65 0.0203257
66 0.0201761
67 0.0198074
68 0.0195631
69 0.0192254
70 0.0186789
71 0.0183583
72 0.0180774
73 0.0178822
74 0.0176523
75 0.0176529
76 0.0175504
77 0.0172052
78 0.0170508
79 0.01699
80 0.0166302
81 0.0166744
82 0.0164799
83 0.0164255
84 0.016201
85 0.016198
86 0.0158386
87 0.0159647
88 0.0155785
89 0.0154933
90 0.0153612
91 0.0151248
92 0.0150408
93 0.0149644
94 0.0148103
95 0.0146887
96 0.0146606
97 0.0144007
98 0.0143539
99 0.0142945
100 0.0141111
101 0.0140308
102 0.0138913
103 0.0137742
104 0.0136805
105 0.0136084
106 0.013346
107 0.0133207
108 0.0132374
109 0.0131933
110 0.0130264
111 0.0130026
112 0.0128292
113 0.0126847
114 0.0126886
115 0.0125859
116 0.012605
117 0.0124568
118 0.0123728
119 0.0123181
120 0.0122088
121 0.0121267
122 0.0120601
123 0.0119602
124 0.0118395
125 0.0118241
126 0.0117519
127 0.0115983
128 0.011606
129 0.0115639
130 0.0114613
131 0.011348
132 0.0111984
133 0.0111709
134 0.0111042
135 0.0110733
136 0.0109953
137 0.0108889
138 0.0108866
139 0.0107751
140 0.0106812
141 0.0106415
142 0.0106394
143 0.0104908
144 0.0105169
145 0.0104231
146 0.0103918
147 0.0103333
148 0.010319
149 0.0102388
150 0.010183
151 0.0101399
152 0.0100408
153 0.0100302
154 0.00995792
155 0.00993625
156 0.00976224
157 0.00976171
158 0.00971028
159 0.00966667
160 0.00964372
161 0.00955227
162 0.00945142
163 0.00947584
164 0.00940795
165 0.00932774
166 0.0092606
167 0.00922203
168 0.00921021
169 0.00916988
170 0.00914964
171 0.00906954
172 0.00905146
173 0.00897617
174 0.00894668
175 0.00888553
176 0.00880091
177 0.00877458
178 0.00877422
179 0.00874999
180 0.00869198
181 0.00870037
182 0.00861318
183 0.0085342
184 0.00860147
185 0.00852889
186 0.00847744
187 0.00847382
188 0.00843218
189 0.00836426
190 0.00834824
191 0.00831008
192 0.00822091
193 0.00821177
194 0.00816948
195 0.00819051
196 0.00810019
197 0.00809817
198 0.00803831
199 0.00798316
200 0.00791804
201 0.00792027
202 0.00798001
203 0.00779261
204 0.00784145
205 0.0077294
206 0.00774653
207 0.00774109
208 0.00774039
209 0.00769613
210 0.0076834
211 0.00760322
212 0.0075727
213 0.00756593
214 0.00757873
215 0.00751325
216 0.00746368
217 0.00744862
218 0.00740164
219 0.00743765
220 0.00735713
221 0.00734636
222 0.00726616
223 0.00729727
224 0.00731086
225 0.00724286
226 0.00719845
227 0.00717302
228 0.00718023
229 0.0071462
230 0.00708548
231 0.00705814
232 0.00701847
233 0.00704432
234 0.00691087
235 0.00697062
236 0.00693408
237 0.00693931
238 0.00688279
239 0.00686471
240 0.00683138
241 0.00683004
242 0.00675066
243 0.00676502
244 0.00672188
245 0.00672422
246 0.00672109
247 0.00663907
248 0.00661824
249 0.0066315
250 0.00662518
251 0.00659021
252 0.00658025
253 0.00651879
254 0.00650451
255 0.00644954
256 0.00644083
257 0.00641499
258 0.0063927
259 0.00642364
260 0.00641836
261 0.00638798
262 0.00637622
263 0.00636902
264 0.00635657
265 0.00627933
266 0.0062474
267 0.0062881
268 0.006277
269 0.00621156
270 0.00617783
271 0.00618434
272 0.00623819
273 0.00609308
274 0.00613078
275 0.0061201
276 0.00610883
277 0.0060596
278 0.00609361
279 0.00599316
280 0.00600188
281 0.00600414
282 0.00599791
283 0.00594372
284 0.00594855
285 0.00595437
286 0.0059301
287 0.00588694
288 0.0058853
289 0.00587626
290 0.00586226
291 0.00584444
292 0.00582776
293 0.00583898
294 0.00575883
295 0.0057659
296 0.00571851
297 0.00572335
298 0.00570128
299 0.0057266
300 0.00564945
