1 0.458614
2 0.533638
3 0.560845
4 0.561579
5 0.602404
6 0.613745
7 0.631586
8 0.653718
9 0.687617
10 0.695739
11 0.707809
12 0.7171
13 0.721844
14 0.72813
15 0.733593
16 0.736877
17 0.74148
18 0.743826
19 0.748458
20 0.753525
21 0.756839
22 0.758952
23 0.760903
24 0.763576
25 0.765888
26 0.767925
27 0.771973
28 0.775866
29 0.77965
30 0.782192
31 0.7845
32 0.787262
33 0.78909
34 0.790666
35 0.792574
36 0.794385
37 0.795252
38 0.796893
39 0.798071
40 0.799402
41 0.800319
42 0.801945
43 0.802993
44 0.80396
45 0.804136
46 0.806046
47 0.805713
48 0.807923
49 0.80973
50 0.811356
51 0.812374
52 0.813986
53 0.814879
54 0.814924
55 0.816618
56 0.816948
57 0.817656
58 0.81902
59 0.820483
60 0.821205
61 0.821958
62 0.822412
63 0.824097
64 0.82474
65 0.825229
66 0.825585
67 0.827681
68 0.827173
69 0.829381
70 0.831856
71 0.832403
72 0.833348
73 0.834622
74 0.835767
75 0.836023
76 0.83651
77 0.83761
78 0.838426
79 0.838888
80 0.840217
81 0.840582
82 0.84134
83 0.841636
84 0.842807
85 0.842429
86 0.844335
87 0.84399
88 0.846135
89 0.846448
90 0.846875
91 0.847928
92 0.847904
93 0.849026
94 0.849733
95 0.850193
96 0.850689
97 0.85172
98 0.851983
99 0.852877
100 0.852862
101 0.853703
102 0.854587
103 0.855187
104 0.855741
105 0.855791
106 0.856989
107 0.857454
108 0.857334
109 0.857834
110 0.858492
111 0.858536
112 0.859443
113 0.860441
114 0.86115
115 0.861498
116 0.860868
117 0.862157
118 0.862383
119 0.862704
120 0.863531
121 0.864021
122 0.863879
123 0.864906
124 0.865363
125 0.865363
126 0.866161
127 0.867143
128 0.866848
129 0.867261
130 0.867619
131 0.868328
132 0.869326
133 0.869497
134 0.869535
135 0.870124
136 0.870035
137 0.870664
138 0.870851
139 0.871296
140 0.872008
141 0.872205
142 0.872524
143 0.872917
144 0.873602
145 0.873652
146 0.874056
147 0.874209
148 0.874193
149 0.875061
150 0.875053
151 0.875863
152 0.876139
153 0.87617
154 0.876688
155 0.876827
156 0.877963
157 0.877926
158 0.878319
159 0.878483
160 0.878585
161 0.879369
162 0.879915
163 0.879418
164 0.880353
165 0.880704
166 0.880592
167 0.880943
168 0.881076
169 0.88163
170 0.881907
171 0.882339
172 0.88236
173 0.882852
174 0.882962
175 0.883617
176 0.884218
177 0.88409
178 0.884354
179 0.884392
180 0.885052
181 0.884844
182 0.885484
183 0.886054
184 0.885375
185 0.885683
186 0.886536
187 0.886686
188 0.886258
189 0.887049
190 0.887155
191 0.887281
192 0.888274
193 0.888352
194 0.888709
195 0.888322
196 0.888903
197 0.888911
198 0.889448
199 0.889471
200 0.890208
201 0.890001
202 0.889451
203 0.890723
204 0.890395
205 0.891564
206 0.891438
207 0.891617
208 0.891372
209 0.891823
210 0.891838
211 0.892735
212 0.892721
213 0.892564
214 0.892252
215 0.892923
216 0.893656
217 0.893411
218 0.893912
219 0.893999
220 0.894146
221 0.89422
222 0.894936
223 0.894916
224 0.894504
225 0.894865
226 0.895208
227 0.895226
228 0.89542
229 0.895989
230 0.896122
231 0.896589
232 0.896954
233 0.896793
234 0.897369
235 0.89694
236 0.897257
237 0.897388
238 0.897988
239 0.897748
240 0.897747
241 0.898478
242 0.899013
243 0.898686
244 0.899078
245 0.898905
246 0.899077
247 0.89968
248 0.899814
249 0.899495
250 0.899909
251 0.89979
252 0.900159
253 0.900517
254 0.900855
255 0.900929
256 0.901416
257 0.901231
258 0.901581
259 0.901211
260 0.901672
261 0.901746
262 0.901905
263 0.901912
264 0.901567
265 0.902503
266 0.902698
267 0.902617
268 0.90275
269 0.903051
270 0.903457
271 0.903384
272 0.902758
273 0.904059
274 0.903575
275 0.903634
276 0.904033
277 0.904718
278 0.904289
279 0.90495
280 0.904906
281 0.904541
282 0.905173
283 0.904974
284 0.905135
285 0.90528
286 0.905577
287 0.905597
288 0.905937
289 0.905894
290 0.906109
291 0.905876
292 0.906366
293 0.906395
294 0.906866
295 0.906754
296 0.907218
297 0.907242
298 0.906935
299 0.907058
300 0.907841
