1 0.0725588
2 0.122511
3 0.0572978
4 0.076545
5 0.0491689
6 0.0580525
7 0.0438778
8 0.0461082
9 0.0409669
10 0.0403103
11 0.0349915
12 0.0407291
13 0.0325272
14 0.0335536
15 0.0309181
16 0.0304838
17 0.0274031
18 0.0295769
19 0.0255535
20 0.0262881
21 0.0252682
22 0.0244268
23 0.0234968
24 0.0238548
25 0.0215866
26 0.0216554
27 0.0208061
28 0.0209242
29 0.0194853
30 0.0198754
31 0.0186256
32 0.0188306
33 0.0182009
34 0.0177698
35 0.0170545
36 0.0172484
37 0.016474
38 0.0165583
39 0.0158788
40 0.0158075
41 0.0151331
42 0.0152837
43 0.0147655
44 0.0146644
45 0.0142186
46 0.0140975
47 0.0136428
48 0.0138119
49 0.01321
50 0.0132019
51 0.0129326
52 0.0128262
53 0.0125327
54 0.0125014
55 0.0120627
56 0.0120869
57 0.0118191
58 0.0117672
59 0.0114176
60 0.0114732
61 0.0111059
62 0.0111197
63 0.0109504
64 0.0108431
65 0.0106262
66 0.0106172
67 0.0103222
68 0.0103511
69 0.0101527
70 0.0100756
71 0.00986881
72 0.00992945
73 0.00967551
74 0.00960711
75 0.00946324
76 0.00941165
77 0.00920229
78 0.00924877
79 0.00906448
80 0.00902008
81 0.00887449
82 0.00881391
83 0.00870641
84 0.00867692
85 0.00847755
86 0.00846467
87 0.00836057
88 0.00831968
89 0.00814548
90 0.00815487
91 0.00798212
92 0.00799053
93 0.00790518
94 0.00784559
95 0.00771179
96 0.00771584
97 0.00757146
98 0.00759033
99 0.00747938
100 0.00744712
101 0.00732312
102 0.00731735
103 0.00723467
104 0.00719324
105 0.00713582
106 0.00708506
107 0.0070051
108 0.00700441
109 0.0068801
110 0.00685944
111 0.00679318
112 0.00676242
113 0.00668346
114 0.00667643
115 0.00657191
116 0.00653889
117 0.00647167
118 0.00646283
119 0.00637302
120 0.00638029
121 0.00630014
122 0.00627234
123 0.00622719
124 0.00618994
125 0.00611031
126 0.00611745
127 0.00602755
128 0.00604061
129 0.00596047
130 0.00594643
131 0.00587794
132 0.00588758
133 0.00580304
134 0.0057798
135 0.00573629
136 0.00571577
137 0.0056369
138 0.00565449
139 0.00558071
140 0.00556737
141 0.00550829
142 0.00549557
143 0.00544015
144 0.0054328
145 0.00535561
146 0.00533054
147 0.00529615
148 0.00528471
149 0.00523222
150 0.00522718
151 0.00517259
152 0.00515071
153 0.00512195
154 0.00507908
155 0.00503939
156 0.00504912
157 0.00498756
158 0.00497937
159 0.00494067
160 0.00492478
161 0.0048761
162 0.00487664
163 0.00483126
164 0.00481552
165 0.00477901
166 0.00475609
167 0.00470938
168 0.00472887
169 0.00467071
170 0.00467076
171 0.0046357
172 0.00463205
173 0.00458306
174 0.00457882
175 0.00453515
176 0.00452605
177 0.00449748
178 0.00449236
179 0.00444639
180 0.0044489
181 0.00440785
182 0.00439859
183 0.00436939
184 0.00435216
185 0.00430769
186 0.00430924
187 0.00427712
188 0.00427303
189 0.00424846
190 0.00423296
191 0.00420508
192 0.00418737
193 0.00415761
194 0.00413458
195 0.0041147
196 0.00410214
197 0.00407849
198 0.0040804
199 0.00403742
200 0.00402343
201 0.00400165
202 0.00398938
203 0.00396351
204 0.00396269
205 0.00393707
206 0.00391871
207 0.00389583
208 0.00389418
209 0.0038618
210 0.00385891
211 0.00383807
212 0.00383323
213 0.00380374
214 0.0037845
215 0.00376048
216 0.00375732
217 0.00373909
218 0.0037268
219 0.00371336
220 0.00370292
221 0.0036842
222 0.00367619
223 0.00365278
224 0.0036478
225 0.00362655
226 0.00361908
227 0.00359858
228 0.00359553
229 0.00356681
230 0.00356847
231 0.00354832
232 0.00353296
233 0.0035148
234 0.00351156
235 0.00348624
236 0.0034703
237 0.00345221
238 0.00344841
239 0.00342473
240 0.00342812
241 0.00340493
242 0.00339633
243 0.0033884
244 0.00337971
245 0.00335472
246 0.00335408
247 0.00333337
248 0.00332765
249 0.00330477
250 0.00330408
251 0.00328533
252 0.00328327
253 0.003265
254 0.00325286
255 0.00323706
256 0.00323355
257 0.00321134
258 0.00321214
259 0.00318702
260 0.00319339
261 0.0031741
262 0.00315708
263 0.0031443
264 0.00314759
265 0.00312265
266 0.00312034
267 0.00310483
268 0.00310966
269 0.00308721
270 0.0030836
271 0.00307138
272 0.00306644
273 0.00305866
274 0.00305384
275 0.00303424
276 0.00303438
277 0.00301351
278 0.00300412
279 0.00299309
280 0.00298566
281 0.00297424
282 0.00297177
283 0.00295684
284 0.00295145
285 0.00293511
286 0.00292837
287 0.00291513
288 0.00291486
289 0.00289833
290 0.00288976
291 0.00287587
292 0.00286568
293 0.00285482
294 0.00285508
295 0.00283421
296 0.00283678
297 0.0028223
298 0.00281698
299 0.00280448
300 0.00280881
