1 0.499485
2 0.500515
3 0.608836
4 0.633021
5 0.658746
6 0.677966
7 0.690973
8 0.695717
9 0.69949
10 0.715639
11 0.715146
12 0.717816
13 0.718115
14 0.736911
15 0.733196
16 0.734567
17 0.735961
18 0.742072
19 0.747045
20 0.761411
21 0.756854
22 0.757908
23 0.758177
24 0.761764
25 0.768404
26 0.761862
27 0.772096
28 0.773354
29 0.778117
30 0.784534
31 0.785848
32 0.781211
33 0.785871
34 0.788239
35 0.793332
36 0.792948
37 0.794596
38 0.794291
39 0.795803
40 0.796898
41 0.800938
42 0.802429
43 0.801785
44 0.807457
45 0.805916
46 0.806952
47 0.811836
48 0.811712
49 0.813796
50 0.812549
51 0.814761
52 0.817171
53 0.818233
54 0.821479
55 0.820396
56 0.819285
57 0.823495
58 0.825739
59 0.825105
60 0.824554
61 0.831043
62 0.828112
63 0.823417
64 0.831933
65 0.831841
66 0.831899
67 0.830029
68 0.835009
69 0.836052
70 0.836604
71 0.836094
72 0.837767
73 0.839798
74 0.838106
75 0.839611
76 0.841311
77 0.841057
78 0.841137
79 0.843795
80 0.845399
81 0.845319
82 0.845008
83 0.848953
84 0.848458
85 0.848744
86 0.848779
87 0.849382
88 0.850338
89 0.849661
90 0.851663
91 0.850147
92 0.854375
93 0.853441
94 0.852663
95 0.854068
96 0.855197
97 0.854282
98 0.856166
99 0.856261
100 0.85862
101 0.85823
102 0.857529
103 0.858218
104 0.858049
105 0.859274
106 0.861619
107 0.860754
108 0.860729
109 0.8618
110 0.862062
111 0.863241
112 0.862927
113 0.862874
114 0.864755
115 0.86451
116 0.86485
117 0.86513
118 0.86438
119 0.866507
120 0.865968
121 0.866874
122 0.866487
123 0.867961
124 0.8685
125 0.868945
126 0.868252
127 0.87013
128 0.869852
129 0.869214
130 0.870416
131 0.870224
132 0.870808
133 0.870983
134 0.87168
135 0.872336
136 0.872259
137 0.872679
138 0.873801
139 0.873374
140 0.873686
141 0.874111
142 0.874462
143 0.874684
144 0.875739
145 0.875966
146 0.875643
147 0.876805
148 0.875774
149 0.876808
150 0.878501
151 0.877142
152 0.878431
153 0.877903
154 0.878685
155 0.879736
156 0.879957
157 0.878367
158 0.879076
159 0.879799
160 0.880037
161 0.881128
162 0.880966
163 0.881253
164 0.881059
165 0.881793
166 0.88281
167 0.882411
168 0.88319
169 0.882659
170 0.882413
171 0.883066
172 0.884267
173 0.884199
174 0.883882
175 0.884081
176 0.884489
177 0.88556
178 0.885229
179 0.88584
180 0.885325
181 0.885074
182 0.886983
183 0.887114
184 0.886312
185 0.88787
186 0.88729
187 0.887753
188 0.887199
189 0.889172
190 0.886989
191 0.889166
192 0.889024
193 0.88811
194 0.888728
195 0.889158
196 0.890348
197 0.889328
198 0.890777
199 0.889719
200 0.890669
201 0.890774
202 0.891104
203 0.891384
204 0.891182
205 0.892428
206 0.891516
207 0.89229
208 0.893156
209 0.891851
210 0.892994
211 0.89288
212 0.892455
213 0.892619
214 0.893337
215 0.893628
216 0.893364
217 0.894516
218 0.893389
219 0.893867
220 0.894705
221 0.894772
222 0.89488
223 0.895174
224 0.894975
225 0.895412
226 0.895136
227 0.895698
228 0.895843
229 0.896146
230 0.896306
231 0.8966
232 0.896616
233 0.896358
234 0.896721
235 0.89589
236 0.89741
237 0.897659
238 0.897897
239 0.897813
240 0.898116
241 0.897242
242 0.899224
243 0.898789
244 0.898443
245 0.898884
246 0.898422
247 0.899069
248 0.899595
249 0.899704
250 0.899695
251 0.899355
252 0.900139
253 0.899699
254 0.900012
255 0.900119
256 0.900235
257 0.900543
258 0.900894
259 0.900933
260 0.901007
261 0.899962
262 0.901145
263 0.901278
264 0.901504
265 0.902092
266 0.901842
267 0.902186
268 0.90236
269 0.902618
270 0.90272
271 0.902876
272 0.903476
273 0.902794
274 0.903184
275 0.903348
276 0.903095
277 0.903235
278 0.904058
279 0.904387
280 0.903388
281 0.904293
282 0.904227
283 0.904262
284 0.90451
285 0.904803
286 0.904996
287 0.905467
288 0.90513
289 0.905474
290 0.905818
291 0.905637
292 0.905957
293 0.906086
294 0.906448
295 0.906298
296 0.906611
297 0.906481
298 0.9067
299 0.907008
300 0.906876
