1 0.108258
2 0.108165
3 0.0724308
4 0.0648167
5 0.0571356
6 0.0512396
7 0.0478352
8 0.0462688
9 0.0454273
10 0.041223
11 0.0411108
12 0.0408892
13 0.0408416
14 0.0357358
15 0.0368502
16 0.0367314
17 0.0364064
18 0.0352398
19 0.0335968
20 0.0301712
21 0.0314107
22 0.0313819
23 0.0314484
24 0.0307127
25 0.0292945
26 0.0308062
27 0.028634
28 0.028087
29 0.026654
30 0.0253302
31 0.0252705
32 0.0264343
33 0.0254265
34 0.0250758
35 0.0237394
36 0.0240926
37 0.0238116
38 0.0238083
39 0.0235831
40 0.0233677
41 0.0225506
42 0.0222227
43 0.0222472
44 0.021159
45 0.0214953
46 0.021467
47 0.0203471
48 0.020353
49 0.0199782
50 0.0202882
51 0.0196785
52 0.0193842
53 0.0191232
54 0.0182643
55 0.0186205
56 0.0189881
57 0.0180346
58 0.0174686
59 0.0177163
60 0.0179867
61 0.0165223
62 0.0172471
63 0.0195563
64 0.0167601
65 0.0165726
66 0.0166868
67 0.0171582
68 0.0159299
69 0.0157012
70 0.0155562
71 0.0158558
72 0.0153311
73 0.0150569
74 0.0155163
75 0.0152692
76 0.014699
77 0.0156701
78 0.0152462
79 0.0144664
80 0.0141697
81 0.014347
82 0.0143088
83 0.0134915
84 0.0135935
85 0.0135734
86 0.0137512
87 0.0136851
88 0.0137297
89 0.0136824
90 0.0132946
91 0.0136429
92 0.0127236
93 0.0128442
94 0.0131707
95 0.012902
96 0.0125792
97 0.0131641
98 0.012555
99 0.0125393
100 0.011973
101 0.0121433
102 0.0123761
103 0.0122044
104 0.0124092
105 0.0122697
106 0.0116357
107 0.0118676
108 0.0118744
109 0.0116351
110 0.0115855
111 0.0113559
112 0.0115603
113 0.0117386
114 0.0111556
115 0.0112426
116 0.0111872
117 0.0112567
118 0.0114637
119 0.0109166
120 0.011022
121 0.0108965
122 0.0110376
123 0.0106891
124 0.0105789
125 0.0105259
126 0.0107175
127 0.0103819
128 0.0103853
129 0.0106669
130 0.0103471
131 0.0104481
132 0.0104422
133 0.0102976
134 0.0102505
135 0.0101499
136 0.0101078
137 0.0101501
138 0.00982159
139 0.0100131
140 0.00996132
141 0.00996313
142 0.00992208
143 0.00996486
144 0.00956415
145 0.00954714
146 0.00972453
147 0.00956916
148 0.00985903
149 0.00956719
150 0.00922087
151 0.00958853
152 0.00935138
153 0.00945209
154 0.00932831
155 0.00910501
156 0.00906222
157 0.00952072
158 0.00938836
159 0.00926119
160 0.00908957
161 0.00891881
162 0.00892147
163 0.00898477
164 0.00905952
165 0.00885832
166 0.00870889
167 0.00877183
168 0.00866862
169 0.00886451
170 0.00897443
171 0.00870348
172 0.00852798
173 0.0085167
174 0.00870245
175 0.00870749
176 0.00864903
177 0.00835426
178 0.00845801
179 0.00839794
180 0.00852364
181 0.00865457
182 0.00821001
183 0.00815843
184 0.00835178
185 0.00806715
186 0.00819288
187 0.00819165
188 0.00825751
189 0.00786628
190 0.00829964
191 0.00792889
192 0.00800748
193 0.00824752
194 0.00817634
195 0.00794775
196 0.00772546
197 0.008045
198 0.00777151
199 0.00804033
200 0.00786679
201 0.00777808
202 0.00778209
203 0.00773904
204 0.00777991
205 0.00754717
206 0.00774091
207 0.00749018
208 0.00738433
209 0.00771688
210 0.00748517
211 0.00755552
212 0.00769089
213 0.00760776
214 0.00748637
215 0.00742892
216 0.00748222
217 0.00727424
218 0.00756836
219 0.00749781
220 0.00733157
221 0.00729387
222 0.00728415
223 0.00725223
224 0.00732159
225 0.00726366
226 0.00731437
227 0.00712461
228 0.00717214
229 0.00712394
230 0.00710857
231 0.00706038
232 0.00711908
233 0.00712406
234 0.00706898
235 0.0073292
236 0.00695175
237 0.00696669
238 0.00693612
239 0.00696982
240 0.00699006
241 0.00707583
242 0.00665705
243 0.00674415
244 0.00683106
245 0.00679891
246 0.00693505
247 0.00684045
248 0.0066843
249 0.00670641
250 0.00673479
251 0.00684659
252 0.00666781
253 0.00677072
254 0.0067924
255 0.00663165
256 0.00659706
257 0.00654872
258 0.00653072
259 0.00654768
260 0.00659296
261 0.00678506
262 0.00656059
263 0.00649491
264 0.00644211
265 0.00640477
266 0.00648654
267 0.00647492
268 0.00640508
269 0.00640175
270 0.00638174
271 0.00636432
272 0.00621544
273 0.00638423
274 0.00634566
275 0.00629938
276 0.00636107
277 0.00639447
278 0.00614705
279 0.00609325
280 0.00632553
281 0.00623516
282 0.00615841
283 0.00624241
284 0.00616817
285 0.00617206
286 0.00608859
287 0.00605212
288 0.00610446
289 0.00604073
290 0.00600055
291 0.00604849
292 0.0060612
293 0.00608932
294 0.00594296
295 0.00594125
296 0.00590122
297 0.00594856
298 0.00595319
299 0.00591123
300 0.00598823
