1 0.108258
2 0.108211
3 0.0962844
4 0.0884175
5 0.0821611
6 0.0770076
7 0.0728401
8 0.0695186
9 0.0668418
10 0.06428
11 0.0621737
12 0.0604
13 0.0588955
14 0.0572412
15 0.0558819
16 0.0546849
17 0.0536097
18 0.0525892
19 0.0515895
20 0.0505187
21 0.0496087
22 0.0487802
23 0.0480267
24 0.0473053
25 0.0465848
26 0.0459779
27 0.0453355
28 0.0447196
29 0.0440966
30 0.043471
31 0.0428839
32 0.04237
33 0.0418565
34 0.041363
35 0.0408594
36 0.0403937
37 0.0399455
38 0.0395208
39 0.0391122
40 0.0387185
41 0.0383242
42 0.0379409
43 0.0375759
44 0.0372028
45 0.0368537
46 0.0365193
47 0.0361752
48 0.0358455
49 0.0355217
50 0.035217
51 0.0349123
52 0.0346137
53 0.0343214
54 0.0340241
55 0.033744
56 0.0334805
57 0.0332096
58 0.0329381
59 0.0326802
60 0.0324353
61 0.0321744
62 0.0319336
63 0.0317372
64 0.0315031
65 0.0312734
66 0.0310524
67 0.0308451
68 0.0306257
69 0.0304094
70 0.0301972
71 0.0299953
72 0.0297916
73 0.0295897
74 0.0293996
75 0.0292112
76 0.0290202
77 0.0288468
78 0.0286725
79 0.0284926
80 0.0283136
81 0.0281412
82 0.0279725
83 0.027798
84 0.0276289
85 0.0274636
86 0.0273041
87 0.0271476
88 0.0269951
89 0.0268455
90 0.0266949
91 0.0265515
92 0.0264012
93 0.0262554
94 0.0261162
95 0.0259771
96 0.0258376
97 0.0257069
98 0.0255727
99 0.0254411
100 0.0253064
101 0.0251761
102 0.0250506
103 0.0249259
104 0.0248055
105 0.0246861
106 0.024563
107 0.0244443
108 0.0243279
109 0.0242115
110 0.0240967
111 0.023982
112 0.023871
113 0.0237637
114 0.0236531
115 0.0235451
116 0.0234386
117 0.0233345
118 0.0232339
119 0.0231304
120 0.0230295
121 0.0229292
122 0.0228317
123 0.022733
124 0.022635
125 0.0225381
126 0.0224443
127 0.0223494
128 0.0222559
129 0.022166
130 0.0220751
131 0.0219864
132 0.0218989
133 0.0218117
134 0.0217254
135 0.0216397
136 0.0215549
137 0.0214716
138 0.0213872
139 0.0213054
140 0.0212243
141 0.0211445
142 0.0210654
143 0.0209878
144 0.0209085
145 0.0208301
146 0.020754
147 0.020678
148 0.0206049
149 0.0205308
150 0.0204554
151 0.0203834
152 0.0203109
153 0.0202399
154 0.020169
155 0.0200976
156 0.0200269
157 0.01996
158 0.0198931
159 0.0198262
160 0.0197591
161 0.0196918
162 0.0196253
163 0.01956
164 0.019496
165 0.0194315
166 0.0193669
167 0.0193035
168 0.0192402
169 0.0191788
170 0.0191188
171 0.0190578
172 0.0189966
173 0.018936
174 0.0188772
175 0.0188191
176 0.0187613
177 0.0187026
178 0.018645
179 0.0185877
180 0.0185318
181 0.0184773
182 0.0184209
183 0.0183648
184 0.0183103
185 0.018255
186 0.0182009
187 0.0181474
188 0.0180948
189 0.0180406
190 0.0179894
191 0.0179367
192 0.017885
193 0.017835
194 0.0177853
195 0.0177348
196 0.0176837
197 0.0176348
198 0.017585
199 0.017537
200 0.0174887
201 0.0174404
202 0.0173926
203 0.017345
204 0.0172981
205 0.0172505
206 0.0172044
207 0.0171575
208 0.0171105
209 0.0170655
210 0.0170199
211 0.0169751
212 0.0169313
213 0.0168875
214 0.0168436
215 0.0167998
216 0.0167566
217 0.0167129
218 0.016671
219 0.0166291
220 0.0165868
221 0.0165448
222 0.0165031
223 0.0164616
224 0.0164208
225 0.0163801
226 0.01634
227 0.0162994
228 0.0162594
229 0.0162195
230 0.0161798
231 0.0161403
232 0.0161015
233 0.0160629
234 0.0160245
235 0.0159875
236 0.0159492
237 0.0159113
238 0.0158736
239 0.0158364
240 0.0157995
241 0.0157633
242 0.0157257
243 0.0156887
244 0.0156524
245 0.0156163
246 0.015581
247 0.0155456
248 0.0155099
249 0.0154745
250 0.0154395
251 0.0154053
252 0.0153706
253 0.0153366
254 0.015303
255 0.015269
256 0.0152351
257 0.0152013
258 0.0151677
259 0.0151345
260 0.0151016
261 0.0150697
262 0.0150372
263 0.0150048
264 0.0149723
265 0.01494
266 0.0149082
267 0.0148766
268 0.014845
269 0.0148136
270 0.0147824
271 0.0147513
272 0.01472
273 0.0146894
274 0.014659
275 0.0146286
276 0.0145986
277 0.014569
278 0.0145387
279 0.0145084
280 0.0144792
281 0.0144499
282 0.0144205
283 0.0143916
284 0.0143626
285 0.0143339
286 0.0143051
287 0.0142763
288 0.0142479
289 0.0142195
290 0.0141912
291 0.0141632
292 0.0141355
293 0.014108
294 0.0140802
295 0.0140526
296 0.0140251
297 0.0139979
298 0.0139709
299 0.013944
300 0.0139174
