1 0.5
2 0.353551
3 0.301933
4 0.270421
5 0.253117
6 0.239789
7 0.230502
8 0.223508
9 0.217774
10 0.21286
11 0.208798
12 0.205196
13 0.202401
14 0.199372
15 0.19724
16 0.194978
17 0.193114
18 0.191228
19 0.189797
20 0.18829
21 0.186816
22 0.185779
23 0.184702
24 0.183516
25 0.182605
26 0.181797
27 0.180898
28 0.179927
29 0.179447
30 0.178693
31 0.178012
32 0.177378
33 0.176761
34 0.176355
35 0.175682
36 0.175101
37 0.174653
38 0.174192
39 0.173865
40 0.173415
41 0.172992
42 0.172462
43 0.17216
44 0.171933
45 0.171564
46 0.171213
47 0.170787
48 0.170474
49 0.170301
50 0.170036
51 0.169741
52 0.169489
53 0.169247
54 0.168877
55 0.168842
56 0.168593
57 0.168503
58 0.168253
59 0.167952
60 0.167783
61 0.16765
62 0.167421
63 0.167137
64 0.166755
65 0.166927
66 0.166716
67 0.166551
68 0.166412
69 0.166273
70 0.16613
71 0.165937
72 0.16579
73 0.165542
74 0.165615
75 0.165436
76 0.165424
77 0.165241
78 0.165186
79 0.16516
80 0.164963
81 0.164806
82 0.164812
83 0.164685
84 0.164537
85 0.164504
86 0.164419
87 0.164326
88 0.164273
89 0.16416
90 0.164053
91 0.163999
92 0.163887
93 0.163806
94 0.163721
95 0.163658
96 0.163528
97 0.163511
98 0.163492
99 0.16341
100 0.163349
101 0.163236
102 0.163259
103 0.163062
104 0.163129
105 0.163021
106 0.162969
107 0.162944
108 0.162859
109 0.162764
110 0.16283
111 0.162699
112 0.162663
113 0.162526
114 0.162492
115 0.162481
116 0.162509
117 0.162493
118 0.162425
119 0.162343
120 0.162274
121 0.16222
122 0.162225
123 0.162158
124 0.16212
125 0.162045
126 0.161951
127 0.162009
128 0.161929
129 0.16194
130 0.161865
131 0.161841
132 0.161838
133 0.161726
134 0.161754
135 0.161698
136 0.161671
137 0.161679
138 0.161592
139 0.161484
140 0.16154
141 0.161474
142 0.161444
143 0.161427
144 0.161353
145 0.161399
146 0.161358
147 0.161263
148 0.161244
149 0.161225
150 0.161159
151 0.161144
152 0.161111
153 0.161087
154 0.161015
155 0.161068
156 0.160998
157 0.16099
158 0.161023
159 0.160922
160 0.160904
161 0.160855
162 0.160813
163 0.160832
164 0.160807
165 0.160808
166 0.160711
167 0.160737
168 0.16066
169 0.160633
170 0.160707
171 0.160803
172 0.160565
173 0.160546
174 0.160538
175 0.160557
176 0.160501
177 0.160494
178 0.160491
179 0.16048
180 0.160384
181 0.160359
182 0.160392
183 0.160398
184 0.160338
185 0.160261
186 0.160232
187 0.160372
188 0.160196
189 0.160201
190 0.160191
191 0.160214
192 0.160044
193 0.160203
194 0.160147
195 0.160174
196 0.160126
197 0.160122
198 0.160052
199 0.159994
200 0.160002
201 0.159978
202 0.159964
203 0.159972
204 0.159899
205 0.159987
206 0.15986
207 0.159947
208 0.159868
209 0.159808
210 0.159824
211 0.159802
212 0.159769
213 0.159692
214 0.159794
215 0.159736
216 0.159722
217 0.159723
218 0.159684
219 0.159718
220 0.159713
221 0.159661
222 0.159635
223 0.159628
224 0.159622
225 0.15955
226 0.15956
227 0.159632
228 0.159562
229 0.159566
230 0.159495
231 0.15953
232 0.159543
233 0.159552
234 0.159514
235 0.159463
236 0.159497
237 0.159445
238 0.159398
239 0.159439
240 0.159381
241 0.159346
242 0.159346
243 0.159347
244 0.159354
245 0.15938
246 0.159331
247 0.159304
248 0.159314
249 0.159282
250 0.159309
251 0.159252
252 0.159227
253 0.159249
254 0.159224
255 0.159267
256 0.159252
257 0.159122
258 0.159172
259 0.159178
260 0.159109
261 0.159079
262 0.159083
263 0.159121
264 0.159127
265 0.159064
266 0.159089
267 0.159118
268 0.159104
269 0.158995
270 0.158989
271 0.159001
272 0.159022
273 0.159012
274 0.159006
275 0.158997
276 0.158959
277 0.158978
278 0.158881
279 0.158935
280 0.158961
281 0.158929
282 0.158906
283 0.158852
284 0.158902
285 0.15888
286 0.158864
287 0.158807
288 0.158808
289 0.158848
290 0.158876
291 0.158783
292 0.158863
293 0.158833
294 0.158753
295 0.158731
296 0.158762
297 0.158768
298 0.158734
299 0.158789
300 0.158732
