1 0.5
2 0.5
3 0.498715
4 0.498063
5 0.497539
6 0.49678
7 0.496318
8 0.496284
9 0.496032
10 0.495554
11 0.495519
12 0.495426
13 0.495553
14 0.494739
15 0.494945
16 0.494928
17 0.494868
18 0.49469
19 0.494367
20 0.493869
21 0.494133
22 0.494127
23 0.49412
24 0.493983
25 0.493705
26 0.494037
27 0.493696
28 0.493634
29 0.493323
30 0.493173
31 0.493176
32 0.493413
33 0.493108
34 0.493107
35 0.492717
36 0.493028
37 0.492873
38 0.492877
39 0.492844
40 0.492803
41 0.492695
42 0.492413
43 0.49263
44 0.492419
45 0.492467
46 0.492443
47 0.492119
48 0.492307
49 0.4922
50 0.492176
51 0.492256
52 0.4921
53 0.492062
54 0.491983
55 0.49204
56 0.492123
57 0.491906
58 0.49183
59 0.49173
60 0.491856
61 0.491571
62 0.491774
63 0.492005
64 0.491768
65 0.491577
66 0.491471
67 0.491539
68 0.491189
69 0.491414
70 0.491309
71 0.491365
72 0.491422
73 0.49133
74 0.491381
75 0.491344
76 0.4912
77 0.491558
78 0.491357
79 0.491186
80 0.491231
81 0.491154
82 0.491325
83 0.490946
84 0.490932
85 0.490815
86 0.490967
87 0.491009
88 0.491063
89 0.490923
90 0.490901
91 0.4909
92 0.4909
93 0.490968
94 0.490881
95 0.491057
96 0.490541
97 0.49089
98 0.490785
99 0.490771
100 0.490633
101 0.490675
102 0.490812
103 0.4908
104 0.490782
105 0.490692
106 0.490506
107 0.490802
108 0.490744
109 0.490611
110 0.490635
111 0.490552
112 0.490653
113 0.490724
114 0.490339
115 0.490611
116 0.490633
117 0.490499
118 0.490589
119 0.490521
120 0.490454
121 0.490431
122 0.490668
123 0.49038
124 0.490443
125 0.490488
126 0.49031
127 0.490386
128 0.490456
129 0.490472
130 0.490408
131 0.490414
132 0.490533
133 0.490235
134 0.490333
135 0.490332
136 0.490286
137 0.490389
138 0.490319
139 0.490155
140 0.490212
141 0.490389
142 0.490387
143 0.490361
144 0.490343
145 0.49005
146 0.490299
147 0.490078
148 0.490293
149 0.490306
150 0.490101
151 0.490164
152 0.490189
153 0.49014
154 0.490194
155 0.490114
156 0.489978
157 0.490197
158 0.49029
159 0.490258
160 0.490197
161 0.49008
162 0.490123
163 0.490167
164 0.490133
165 0.489979
166 0.490185
167 0.489985
168 0.490149
169 0.490166
170 0.49021
171 0.490128
172 0.490157
173 0.490043
174 0.490075
175 0.490155
176 0.490131
177 0.489937
178 0.490081
179 0.490147
180 0.490073
181 0.490062
182 0.489919
183 0.490069
184 0.489866
185 0.489876
186 0.489785
187 0.490004
188 0.489915
189 0.489866
190 0.489957
191 0.490018
192 0.489787
193 0.489965
194 0.489894
195 0.489829
196 0.489997
197 0.489972
198 0.489854
199 0.489935
200 0.489804
201 0.489691
202 0.489856
203 0.489829
204 0.489939
205 0.489805
206 0.489818
207 0.489917
208 0.489804
209 0.489886
210 0.489702
211 0.489703
212 0.489776
213 0.48976
214 0.489891
215 0.489738
216 0.489861
217 0.489627
218 0.489876
219 0.48971
220 0.489791
221 0.48988
222 0.48984
223 0.489769
224 0.489852
225 0.489767
226 0.489826
227 0.489844
228 0.489729
229 0.489754
230 0.489684
231 0.489881
232 0.489655
233 0.489791
234 0.48974
235 0.489578
236 0.489631
237 0.489734
238 0.48975
239 0.489627
240 0.489556
241 0.489725
242 0.4896
243 0.489689
244 0.489722
245 0.48972
246 0.489681
247 0.489565
248 0.489766
249 0.489683
250 0.489775
251 0.489735
252 0.489499
253 0.489659
254 0.489792
255 0.489553
256 0.489719
257 0.48942
258 0.489546
259 0.489699
260 0.489482
261 0.489597
262 0.489495
263 0.489641
264 0.489615
265 0.489426
266 0.48952
267 0.489644
268 0.489526
269 0.48966
270 0.489532
271 0.489576
272 0.48957
273 0.489747
274 0.489586
275 0.489444
276 0.489822
277 0.489573
278 0.489327
279 0.489444
280 0.489566
281 0.489681
282 0.489658
283 0.489733
284 0.489482
285 0.48948
286 0.489382
287 0.48975
288 0.489428
289 0.489549
290 0.489495
291 0.489454
292 0.489416
293 0.489503
294 0.489554
295 0.489586
296 0.489368
297 0.489444
298 0.489388
299 0.48926
300 0.489587
