1 0.50024
2 0.499285
3 0.535838
4 0.543971
5 0.549553
6 0.556657
7 0.560572
8 0.560849
9 0.562869
10 0.566537
11 0.566796
12 0.567478
13 0.566543
14 0.572343
15 0.570923
16 0.571042
17 0.571458
18 0.572679
19 0.574847
20 0.578065
21 0.576374
22 0.576411
23 0.576458
24 0.577339
25 0.579093
26 0.576993
27 0.579153
28 0.579536
29 0.581444
30 0.582349
31 0.582326
32 0.580896
33 0.582738
34 0.582742
35 0.585031
36 0.583209
37 0.584122
38 0.584101
39 0.584294
40 0.58453
41 0.585158
42 0.586776
43 0.585535
44 0.586744
45 0.586466
46 0.586603
47 0.588428
48 0.587374
49 0.587976
50 0.588112
51 0.587661
52 0.588535
53 0.588745
54 0.589182
55 0.588865
56 0.588403
57 0.589605
58 0.590024
59 0.590567
60 0.589881
61 0.591423
62 0.590326
63 0.589061
64 0.590357
65 0.591392
66 0.591963
67 0.591596
68 0.593457
69 0.592263
70 0.592824
71 0.592524
72 0.592223
73 0.592714
74 0.592442
75 0.592639
76 0.5934
77 0.591496
78 0.592566
79 0.593474
80 0.593233
81 0.593639
82 0.59274
83 0.594726
84 0.594798
85 0.595398
86 0.594616
87 0.594397
88 0.594118
89 0.594843
90 0.594959
91 0.594961
92 0.594962
93 0.594608
94 0.595059
95 0.594146
96 0.596799
97 0.595012
98 0.595557
99 0.595624
100 0.596333
101 0.596119
102 0.595416
103 0.595477
104 0.59557
105 0.596032
106 0.596979
107 0.595466
108 0.595766
109 0.596445
110 0.596324
111 0.596743
112 0.596229
113 0.595866
114 0.597816
115 0.596442
116 0.596332
117 0.597011
118 0.596555
119 0.596903
120 0.597239
121 0.597357
122 0.596154
123 0.597613
124 0.597296
125 0.597069
126 0.597961
127 0.597584
128 0.597228
129 0.59715
130 0.597471
131 0.59744
132 0.59684
133 0.598335
134 0.59785
135 0.597851
136 0.598085
137 0.597564
138 0.597918
139 0.598737
140 0.59845
141 0.597567
142 0.597579
143 0.597707
144 0.597798
145 0.599254
146 0.598016
147 0.599115
148 0.59805
149 0.597982
150 0.599002
151 0.598691
152 0.598566
153 0.598809
154 0.598543
155 0.598941
156 0.599609
157 0.598529
158 0.598063
159 0.598223
160 0.598528
161 0.599106
162 0.598894
163 0.598674
164 0.598845
165 0.599605
166 0.598585
167 0.599577
168 0.598764
169 0.598683
170 0.598461
171 0.59887
172 0.598724
173 0.599289
174 0.599132
175 0.598734
176 0.598854
177 0.599814
178 0.599104
179 0.598777
180 0.59914
181 0.599194
182 0.599899
183 0.599163
184 0.600158
185 0.60011
186 0.600557
187 0.599483
188 0.599918
189 0.600158
190 0.599715
191 0.599415
192 0.600545
193 0.599674
194 0.600023
195 0.600342
196 0.599516
197 0.59964
198 0.600216
199 0.599821
200 0.60046
201 0.601013
202 0.600206
203 0.60034
204 0.599804
205 0.600456
206 0.600393
207 0.599909
208 0.600464
209 0.600062
210 0.60096
211 0.600953
212 0.6006
213 0.600678
214 0.600036
215 0.600784
216 0.600183
217 0.601321
218 0.600112
219 0.600921
220 0.600525
221 0.600092
222 0.600288
223 0.600635
224 0.600227
225 0.600643
226 0.600356
227 0.600267
228 0.600828
229 0.600706
230 0.601047
231 0.600085
232 0.601184
233 0.600525
234 0.600774
235 0.601559
236 0.601301
237 0.600805
238 0.600724
239 0.601322
240 0.601663
241 0.600847
242 0.601453
243 0.601021
244 0.600859
245 0.600871
246 0.60106
247 0.60162
248 0.600649
249 0.601048
250 0.600603
251 0.600799
252 0.601938
253 0.601166
254 0.600522
255 0.60168
256 0.600877
257 0.602315
258 0.60171
259 0.600974
260 0.602017
261 0.601465
262 0.601956
263 0.601255
264 0.601377
265 0.602286
266 0.601838
267 0.601239
268 0.60181
269 0.601161
270 0.601781
271 0.601569
272 0.601595
273 0.60074
274 0.601518
275 0.602203
276 0.600372
277 0.601581
278 0.60276
279 0.602203
280 0.601617
281 0.601061
282 0.60117
283 0.60081
284 0.60202
285 0.60203
286 0.6025
287 0.600723
288 0.60228
289 0.601698
290 0.601957
291 0.602156
292 0.602336
293 0.60192
294 0.601675
295 0.601521
296 0.602564
297 0.602202
298 0.60247
299 0.603079
300 0.601514
