2 0.499451
3 0.249583
4 0.500111
6 0.083652
7 0.067014
8 0.055885
9 0.047881
10 0.110894
11 0.087665
12 0.077944
13 0.080332
14 0.103069
15 0.078623
16 0.067071
17 0.053447
18 0.076985
19 0.076824
20 0.073963
21 0.054904
22 0.06277
23 0.066001
24 0.059227
25 0.059323
26 0.052453
27 0.049289
28 0.060131
29 0.051434
30 0.053955
31 0.052061
32 0.043467
33 0.050338
34 0.051448
35 0.049375
36 0.045318
37 0.043136
38 0.047108
39 0.042501
40 0.047283
41 0.039685
42 0.037877
43 0.04482
44 0.040517
45 0.038177
46 0.040231
47 0.039308
48 0.039764
49 0.039074
50 0.039247
51 0.037159
52 0.038699
53 0.034872
54 0.036882
55 0.035295
56 0.034472
57 0.033282
58 0.036328
59 0.034256
60 0.032224
61 0.033709
62 0.03211
63 0.032452
64 0.035033
65 0.033177
66 0.03088
67 0.029285
68 0.029446
69 0.027781
70 0.03174
71 0.02946
72 0.028565
73 0.028355
74 0.028559
75 0.029253
76 0.028887
77 0.027625
78 0.029292
79 0.026987
80 0.026047
81 0.024689
82 0.025372
83 0.027026
84 0.026241
85 0.025101
86 0.025171
87 0.023776
88 0.026283
89 0.025556
90 0.024906
91 0.024196
92 0.022813
93 0.023498
94 0.024024
95 0.023031
96 0.022431
97 0.02217
98 0.02263
99 0.022618
100 0.022739
