2 0.249725
3 0.249669
4 0.312149
5 0.249825
6 0.222174
7 0.199967
8 0.186108
9 0.170776
10 0.172833
11 0.164915
12 0.165388
13 0.163148
14 0.162536
15 0.149185
16 0.142789
17 0.140475
18 0.145121
19 0.147541
20 0.151172
21 0.148648
22 0.149391
23 0.145726
24 0.145238
25 0.146513
26 0.142595
27 0.143242
28 0.146245
29 0.147785
30 0.147099
31 0.147532
32 0.147951
33 0.147312
34 0.147213
35 0.14652
36 0.146117
37 0.146978
38 0.147093
39 0.144456
40 0.145082
41 0.144417
42 0.144884
43 0.146648
44 0.146312
45 0.144954
46 0.145408
47 0.145913
48 0.145829
49 0.145627
50 0.14531
51 0.145197
52 0.14506
53 0.143645
54 0.143991
55 0.143414
56 0.143963
57 0.144918
58 0.144505
59 0.144521
60 0.144528
61 0.144117
62 0.144069
63 0.144234
64 0.144144
65 0.144658
66 0.143573
67 0.143312
68 0.143267
69 0.143058
70 0.142559
71 0.142513
72 0.142524
73 0.142147
74 0.142839
75 0.14273
76 0.142799
77 0.143069
78 0.142659
79 0.142392
80 0.142608
81 0.142572
82 0.142471
83 0.141927
84 0.141926
85 0.142117
86 0.142448
87 0.142454
88 0.142319
89 0.142405
90 0.142468
91 0.142549
92 0.142234
93 0.142345
94 0.142165
95 0.1416
96 0.141852
97 0.141648
98 0.141459
99 0.141464
100 0.141577
