1 0.5
2 0.35333
3 0.288201
4 0.249698
5 0.223346
6 0.203915
7 0.188723
8 0.176631
9 0.166476
10 0.157868
11 0.149861
12 0.142877
13 0.1366
14 0.130394
15 0.124352
16 0.118968
17 0.114578
18 0.111055
19 0.108208
20 0.105834
21 0.103919
22 0.102426
23 0.101368
24 0.100664
25 0.100244
26 0.100033
27 0.0999458
28 0.0999897
29 0.10017
30 0.100388
31 0.100684
32 0.101022
33 0.101376
34 0.101695
35 0.102005
36 0.102296
37 0.102547
38 0.102806
39 0.103036
40 0.103182
41 0.103255
42 0.103301
43 0.103292
44 0.10331
45 0.103284
46 0.103259
47 0.103171
48 0.103076
49 0.102979
50 0.102782
51 0.10264
52 0.102503
53 0.102372
54 0.102141
55 0.101964
56 0.101806
57 0.101659
58 0.101532
59 0.101401
60 0.101273
61 0.10119
62 0.101084
63 0.100994
64 0.100939
65 0.100887
66 0.100841
67 0.100752
68 0.100709
69 0.1007
70 0.100713
71 0.100736
72 0.100783
73 0.100827
74 0.100836
75 0.100864
76 0.100908
77 0.100929
78 0.100966
79 0.101008
80 0.101069
81 0.101133
82 0.101159
83 0.10119
84 0.101221
85 0.101255
86 0.101283
87 0.101302
88 0.10132
89 0.10132
90 0.101324
91 0.101324
92 0.10131
93 0.101302
94 0.101289
95 0.10126
96 0.101232
97 0.101201
98 0.101156
99 0.10109
100 0.100996
101 0.10091
102 0.100831
103 0.100745
104 0.100662
105 0.100582
106 0.100511
107 0.100424
108 0.100323
109 0.100213
110 0.100099
111 0.0999736
112 0.0998404
113 0.0997033
114 0.0995683
115 0.0994322
116 0.0992765
117 0.0991187
118 0.0989521
119 0.0987806
120 0.0986028
121 0.0984171
122 0.0982226
123 0.0980193
124 0.0978155
125 0.0975953
126 0.0973713
127 0.0971373
128 0.0968964
129 0.0966411
130 0.0963811
131 0.0961323
132 0.0958821
133 0.0956316
134 0.0953869
135 0.0951337
136 0.094891
137 0.0946468
138 0.0944082
139 0.0941682
140 0.0939286
141 0.0936899
142 0.0934659
143 0.0932436
144 0.0930317
145 0.092822
146 0.0926195
147 0.0924208
148 0.0922254
149 0.0920371
150 0.0918492
151 0.0916682
152 0.0914921
153 0.0913131
154 0.09114
155 0.0909718
156 0.0908102
157 0.0906466
158 0.0904894
159 0.0903327
160 0.0901828
161 0.0900333
162 0.089879
163 0.0897379
164 0.0896029
165 0.0894711
166 0.0893492
167 0.0892263
168 0.0891156
169 0.0890043
170 0.0889002
171 0.0887994
172 0.0887028
173 0.0886101
174 0.0885202
175 0.0884412
176 0.0883624
177 0.0882883
178 0.0882169
179 0.0881559
180 0.0880927
181 0.0880349
182 0.0879861
183 0.0879328
184 0.0878848
185 0.0878394
186 0.0878016
187 0.0877645
188 0.0877304
189 0.0876964
190 0.0876682
191 0.087641
192 0.0876197
193 0.0875941
194 0.0875711
195 0.0875481
196 0.0875342
197 0.0875145
198 0.0874982
199 0.0874846
200 0.0874729
201 0.0874623
202 0.0874487
203 0.0874393
204 0.0874313
205 0.0874227
206 0.0874129
207 0.0874068
208 0.0873993
209 0.0873924
210 0.0873873
211 0.0873849
212 0.0873792
213 0.0873766
214 0.0873723
215 0.0873689
216 0.0873609
217 0.0873559
218 0.0873502
219 0.0873478
220 0.0873451
221 0.0873426
222 0.0873409
223 0.08734
224 0.0873374
225 0.0873313
226 0.0873249
227 0.0873234
228 0.0873163
229 0.0873131
230 0.0873073
231 0.0873041
232 0.0872983
233 0.0872969
234 0.0872937
235 0.0872894
236 0.0872864
237 0.0872823
238 0.0872823
239 0.0872794
240 0.0872774
241 0.0872748
242 0.0872707
243 0.0872636
244 0.0872601
245 0.0872545
246 0.0872499
247 0.0872465
248 0.0872406
249 0.0872356
250 0.0872336
251 0.0872321
252 0.0872319
253 0.0872295
254 0.0872242
255 0.0872231
256 0.0872207
257 0.0872189
258 0.087219
259 0.087219
260 0.0872176
261 0.0872161
262 0.0872147
263 0.0872132
264 0.0872096
265 0.087207
266 0.0872057
267 0.0872042
268 0.0872034
269 0.0872009
270 0.087201
271 0.087204
272 0.0872031
273 0.0872024
274 0.0872006
275 0.0871973
276 0.087192
277 0.0871894
278 0.0871907
279 0.0871856
280 0.0871846
281 0.0871841
282 0.087181
283 0.0871801
284 0.0871815
285 0.0871782
286 0.0871755
287 0.0871727
288 0.0871699
289 0.0871702
290 0.0871702
291 0.0871676
292 0.0871663
293 0.087166
294 0.0871674
295 0.0871643
296 0.0871624
297 0.0871608
298 0.0871602
299 0.0871582
300 0.0871572
