1 0.409381
2 0.409234
3 0.409393
4 0.409455
5 0.409369
6 0.409245
7 0.409308
8 0.409274
9 0.409283
10 0.409262
11 0.394145
12 0.381498
13 0.370687
14 0.360715
15 0.350932
16 0.340962
17 0.330897
18 0.321066
19 0.311677
20 0.302731
21 0.294222
22 0.286151
23 0.278542
24 0.271361
25 0.264604
26 0.25828
27 0.252282
28 0.246608
29 0.241317
30 0.236299
31 0.231546
32 0.227082
33 0.222928
34 0.21911
35 0.215575
36 0.212284
37 0.209263
38 0.206422
39 0.203685
40 0.201133
41 0.19883
42 0.196608
43 0.194575
44 0.192553
45 0.190658
46 0.188857
47 0.187153
48 0.18548
49 0.183816
50 0.182367
51 0.180866
52 0.179357
53 0.177859
54 0.17657
55 0.175218
56 0.173889
57 0.172616
58 0.171346
59 0.170087
60 0.168864
61 0.167606
62 0.166413
63 0.165213
64 0.163993
65 0.162797
66 0.161607
67 0.160493
68 0.15937
69 0.158244
70 0.157127
71 0.156036
72 0.154955
73 0.153897
74 0.152892
75 0.151885
76 0.150879
77 0.1499
78 0.148928
79 0.147968
80 0.147031
81 0.146119
82 0.145257
83 0.144403
84 0.143564
85 0.142742
86 0.141951
87 0.141197
88 0.140454
89 0.139716
90 0.138988
91 0.138262
92 0.137554
93 0.136848
94 0.136149
95 0.135455
96 0.134775
97 0.134105
98 0.133464
99 0.13289
100 0.132469
101 0.132036
102 0.131588
103 0.131133
104 0.130666
105 0.130177
106 0.129671
107 0.129159
108 0.128647
109 0.128143
110 0.127648
111 0.127166
112 0.1267
113 0.126256
114 0.125827
115 0.125411
116 0.125017
117 0.124637
118 0.124265
119 0.123904
120 0.123558
121 0.123225
122 0.122908
123 0.122605
124 0.122315
125 0.122044
126 0.12178
127 0.121532
128 0.121304
129 0.121106
130 0.120895
131 0.120667
132 0.120431
133 0.120187
134 0.119932
135 0.119676
136 0.119413
137 0.11915
138 0.118884
139 0.118618
140 0.11835
141 0.118082
142 0.117807
143 0.117534
144 0.117255
145 0.116976
146 0.116686
147 0.116394
148 0.1161
149 0.115801
150 0.115505
151 0.115206
152 0.114908
153 0.114611
154 0.114316
155 0.11402
156 0.113722
157 0.113427
158 0.113135
159 0.11284
160 0.11254
161 0.112247
162 0.111964
163 0.111671
164 0.111369
165 0.111063
166 0.110753
167 0.110437
168 0.110119
169 0.109802
170 0.109482
171 0.10916
172 0.108844
173 0.108523
174 0.108203
175 0.107878
176 0.107554
177 0.10723
178 0.106907
179 0.106582
180 0.106256
181 0.105933
182 0.105605
183 0.10528
184 0.104954
185 0.104631
186 0.104303
187 0.10398
188 0.103656
189 0.103333
190 0.103012
191 0.102691
192 0.102373
193 0.102054
194 0.101738
195 0.101422
196 0.101108
197 0.100797
198 0.100485
199 0.100175
200 0.0998649
201 0.0995583
202 0.099253
203 0.0989493
204 0.0986479
205 0.0983487
206 0.0980511
207 0.0977545
208 0.0974602
209 0.0971679
210 0.0968777
211 0.0965896
212 0.0963032
213 0.096019
214 0.0957376
215 0.0954577
216 0.0951791
217 0.0949024
218 0.0946279
219 0.0943553
220 0.0940846
221 0.0938158
222 0.0935506
223 0.0932858
224 0.0930235
225 0.0927637
226 0.0925057
227 0.0922494
228 0.0919952
229 0.0917419
230 0.0914906
231 0.0912405
232 0.0909937
233 0.0907485
234 0.0905043
235 0.0902608
236 0.0900191
237 0.0897799
238 0.0895417
239 0.0893055
240 0.0890703
241 0.0888378
242 0.0886077
243 0.0883796
244 0.0881543
245 0.0879296
246 0.0877037
247 0.0874787
248 0.0872545
249 0.0870303
250 0.0868083
251 0.086588
252 0.0863681
253 0.0861505
254 0.0859339
255 0.0857183
256 0.0855044
257 0.0852915
258 0.0850794
259 0.0848692
260 0.08466
261 0.0844522
262 0.0842454
263 0.0840398
264 0.0838354
265 0.0836328
266 0.0834319
267 0.0832313
268 0.0830319
269 0.082834
270 0.0826383
271 0.0824433
272 0.082251
273 0.0820603
274 0.0818708
275 0.081683
276 0.0814965
277 0.0813096
278 0.0811233
279 0.0809374
280 0.0807527
281 0.0805688
282 0.0803859
283 0.0802037
284 0.080023
285 0.0798433
286 0.0796654
287 0.0794879
288 0.0793115
289 0.0791359
290 0.0789612
291 0.0787867
292 0.0786142
293 0.0784421
294 0.0782708
295 0.0781001
296 0.0779304
297 0.0777616
298 0.0775939
299 0.0774276
300 0.0772623
