1 0.099769
2 0.0999715
3 0.09966
4 0.0996715
5 0.0997242
6 0.0999213
7 0.0998613
8 0.0998609
9 0.099891
10 0.1
11 0.108993
12 0.116562
13 0.123236
14 0.129963
15 0.137389
16 0.145591
17 0.154352
18 0.163347
19 0.17239
20 0.181455
21 0.19049
22 0.199389
23 0.20802
24 0.216411
25 0.224502
26 0.232196
27 0.239742
28 0.247032
29 0.25399
30 0.260718
31 0.267274
32 0.273514
33 0.279363
34 0.284699
35 0.289612
36 0.294093
37 0.298096
38 0.301877
39 0.305569
40 0.309105
41 0.312194
42 0.315079
43 0.317682
44 0.320442
45 0.323014
46 0.325571
47 0.327938
48 0.330341
49 0.33281
50 0.335042
51 0.337402
52 0.339804
53 0.342247
54 0.344407
55 0.346683
56 0.348974
57 0.351232
58 0.353419
59 0.355616
60 0.357913
61 0.360272
62 0.362501
63 0.364742
64 0.367067
65 0.369381
66 0.371668
67 0.373927
68 0.376171
69 0.378426
70 0.380667
71 0.382821
72 0.384985
73 0.387097
74 0.389119
75 0.391146
76 0.39318
77 0.395149
78 0.397131
79 0.39909
80 0.401017
81 0.402879
82 0.404662
83 0.406403
84 0.40813
85 0.409824
86 0.411474
87 0.413056
88 0.414604
89 0.416128
90 0.41764
91 0.419151
92 0.42062
93 0.422072
94 0.423517
95 0.424956
96 0.426375
97 0.427775
98 0.429109
99 0.430364
100 0.431377
101 0.432379
102 0.433386
103 0.434399
104 0.435426
105 0.436488
106 0.437582
107 0.438664
108 0.439734
109 0.440805
110 0.441879
111 0.442937
112 0.443968
113 0.444982
114 0.445982
115 0.446969
116 0.447907
117 0.448826
118 0.449731
119 0.450611
120 0.451469
121 0.452303
122 0.453119
123 0.453893
124 0.454663
125 0.4554
126 0.456136
127 0.456858
128 0.457569
129 0.458275
130 0.45898
131 0.459698
132 0.460405
133 0.461114
134 0.461819
135 0.462504
136 0.463193
137 0.463869
138 0.464545
139 0.465225
140 0.465901
141 0.466577
142 0.467277
143 0.467971
144 0.468686
145 0.469397
146 0.470131
147 0.470868
148 0.47161
149 0.472358
150 0.473107
151 0.473866
152 0.474623
153 0.475385
154 0.47614
155 0.476897
156 0.47765
157 0.478407
158 0.479162
159 0.479918
160 0.480685
161 0.481429
162 0.482163
163 0.482919
164 0.483695
165 0.484472
166 0.485268
167 0.486066
168 0.48687
169 0.487668
170 0.488476
171 0.489282
172 0.49008
173 0.490876
174 0.491674
175 0.492474
176 0.493275
177 0.494072
178 0.494872
179 0.495667
180 0.496461
181 0.497249
182 0.49804
183 0.498834
184 0.499625
185 0.500411
186 0.501203
187 0.501985
188 0.502766
189 0.503549
190 0.504322
191 0.505093
192 0.505862
193 0.506629
194 0.507393
195 0.508152
196 0.508912
197 0.509663
198 0.510415
199 0.511165
200 0.511912
201 0.512651
202 0.513387
203 0.514119
204 0.514848
205 0.515572
206 0.516294
207 0.517008
208 0.517722
209 0.518431
210 0.519138
211 0.519843
212 0.520543
213 0.52124
214 0.521929
215 0.522614
216 0.523298
217 0.523978
218 0.524655
219 0.525328
220 0.525999
221 0.526666
222 0.52732
223 0.527977
224 0.528629
225 0.529276
226 0.52992
227 0.530559
228 0.531198
229 0.531836
230 0.53247
231 0.533102
232 0.533728
233 0.53435
234 0.534968
235 0.535587
236 0.5362
237 0.53681
238 0.537418
239 0.538022
240 0.538623
241 0.53922
242 0.539809
243 0.540395
244 0.540976
245 0.541554
246 0.542131
247 0.542708
248 0.543283
249 0.543859
250 0.54443
251 0.544998
252 0.545567
253 0.54613
254 0.546694
255 0.547252
256 0.547807
257 0.548361
258 0.548912
259 0.54946
260 0.550007
261 0.550552
262 0.551093
263 0.551631
264 0.552169
265 0.552702
266 0.553232
267 0.553761
268 0.554288
269 0.554813
270 0.555331
271 0.555849
272 0.556361
273 0.55687
274 0.557374
275 0.557873
276 0.558369
277 0.558868
278 0.559366
279 0.559863
280 0.560359
281 0.560855
282 0.561348
283 0.561839
284 0.562328
285 0.562815
286 0.563296
287 0.563779
288 0.564257
289 0.564736
290 0.565214
291 0.565691
292 0.566163
293 0.566634
294 0.567103
295 0.567572
296 0.568037
297 0.568501
298 0.568962
299 0.569422
300 0.569878
