1 0.909283
2 0.909283
3 0.909283
4 0.909283
5 0.909283
6 0.909283
7 0.909283
8 0.909283
9 0.909283
10 0.909283
11 0.909283
12 0.909283
13 0.909283
14 0.909283
15 0.909283
16 0.909283
17 0.909283
18 0.909283
19 0.909283
20 0.909283
21 0.909283
22 0.909283
23 0.909283
24 0.909283
25 0.909283
26 0.909283
27 0.909283
28 0.909283
29 0.909283
30 0.909283
31 0.909283
32 0.909283
33 0.909283
34 0.909283
35 0.909283
36 0.909283
37 0.909283
38 0.909283
39 0.909283
40 0.909283
41 0.909283
42 0.909283
43 0.909283
44 0.909283
45 0.909283
46 0.909283
47 0.909283
48 0.909283
49 0.909283
50 0.909283
51 0.909283
52 0.909283
53 0.909283
54 0.909283
55 0.909283
56 0.909283
57 0.909283
58 0.909283
59 0.909283
60 0.909283
61 0.909283
62 0.909283
63 0.909283
64 0.909283
65 0.909283
66 0.909283
67 0.909283
68 0.909283
69 0.909283
70 0.909283
71 0.909283
72 0.909283
73 0.909283
74 0.909283
75 0.909283
76 0.909283
77 0.909283
78 0.909283
79 0.909283
80 0.909283
81 0.909283
82 0.909283
83 0.909283
84 0.909283
85 0.909283
86 0.909283
87 0.909283
88 0.909283
89 0.909283
90 0.909283
91 0.909283
92 0.909283
93 0.909283
94 0.909283
95 0.909283
96 0.909283
97 0.909283
98 0.909283
99 0.909283
100 0.909283
101 0.909283
102 0.909283
103 0.909283
104 0.909283
105 0.909283
106 0.909283
107 0.909283
108 0.909283
109 0.909283
110 0.909283
111 0.909283
112 0.909283
113 0.909283
114 0.909283
115 0.909283
116 0.909283
117 0.909283
118 0.909283
119 0.909283
120 0.909283
121 0.909283
122 0.909283
123 0.909283
124 0.909283
125 0.909283
126 0.909283
127 0.909283
128 0.909283
129 0.909283
130 0.909283
131 0.909283
132 0.909283
133 0.909283
134 0.909283
135 0.909283
136 0.909283
137 0.909283
138 0.909283
139 0.909283
140 0.909283
141 0.909283
142 0.909283
143 0.909283
144 0.909283
145 0.909283
146 0.909283
147 0.909283
148 0.909283
149 0.909283
150 0.909283
151 0.909283
152 0.909283
153 0.909283
154 0.909283
155 0.909283
156 0.909283
157 0.909283
158 0.909283
159 0.909283
160 0.909283
161 0.909283
162 0.909283
163 0.909283
164 0.909283
165 0.909283
166 0.909283
167 0.909283
168 0.909283
169 0.909283
170 0.909283
171 0.909283
172 0.909283
173 0.909283
174 0.909283
175 0.909283
176 0.909283
177 0.909283
178 0.909283
179 0.909283
180 0.909283
181 0.909283
182 0.909283
183 0.909283
184 0.909283
185 0.909283
186 0.909283
187 0.909283
188 0.909283
189 0.909283
190 0.909283
191 0.909283
192 0.909283
193 0.909283
194 0.909283
195 0.909283
196 0.909283
197 0.909283
198 0.909283
199 0.909283
200 0.909283
201 0.909283
202 0.909283
203 0.909283
204 0.909283
205 0.909283
206 0.909283
207 0.909283
208 0.909283
209 0.909283
210 0.909283
211 0.909283
212 0.909283
213 0.909283
214 0.909283
215 0.909283
216 0.909283
217 0.909283
218 0.909283
219 0.909283
220 0.909283
221 0.909283
222 0.909283
223 0.909283
224 0.909283
225 0.909283
226 0.909283
227 0.909283
228 0.909283
229 0.909283
230 0.909283
231 0.909283
232 0.909283
233 0.909283
234 0.909283
235 0.909283
236 0.909283
237 0.909283
238 0.909283
239 0.909283
240 0.909283
241 0.909283
242 0.909283
243 0.909283
244 0.909283
245 0.909283
246 0.909283
247 0.909283
248 0.909283
249 0.909283
250 0.909283
251 0.909283
252 0.909283
253 0.909283
254 0.909283
255 0.909283
256 0.909283
257 0.909283
258 0.909283
259 0.909283
260 0.909283
261 0.909283
262 0.909283
263 0.909283
264 0.909283
265 0.909283
266 0.909283
267 0.909283
268 0.909283
269 0.909283
270 0.909283
271 0.909283
272 0.909283
273 0.909283
274 0.909283
275 0.909283
276 0.909283
277 0.909283
278 0.909283
279 0.909283
280 0.909283
281 0.909283
282 0.909283
283 0.909283
284 0.909283
285 0.909283
286 0.909283
287 0.909283
288 0.909283
289 0.909283
290 0.909283
291 0.909283
292 0.909283
293 0.909283
294 0.909283
295 0.909283
296 0.909283
297 0.909283
298 0.909283
299 0.909283
300 0.909283
