1 0.314119
2 0.313902
3 0.313884
4 0.313902
5 0.303686
6 0.294576
7 0.287354
8 0.280933
9 0.278027
10 0.274376
11 0.268808
12 0.263757
13 0.261425
14 0.258123
15 0.255213
16 0.252192
17 0.251209
18 0.248416
19 0.245375
20 0.243185
21 0.241178
22 0.238883
23 0.236434
24 0.234352
25 0.232548
26 0.230517
27 0.228654
28 0.226299
29 0.224628
30 0.222915
31 0.221263
32 0.219633
33 0.218171
34 0.216811
35 0.215394
36 0.214112
37 0.212747
38 0.211607
39 0.210492
40 0.209247
41 0.208142
42 0.207103
43 0.205934
44 0.204827
45 0.203963
46 0.202923
47 0.201906
48 0.201
49 0.200073
50 0.199043
51 0.198043
52 0.197222
53 0.196309
54 0.195398
55 0.194457
56 0.193613
57 0.192629
58 0.191651
59 0.190756
60 0.189826
61 0.188859
62 0.187951
63 0.186825
64 0.186009
65 0.184998
66 0.184063
67 0.183144
68 0.182101
69 0.181155
70 0.180297
71 0.179264
72 0.178369
73 0.177408
74 0.176465
75 0.175528
76 0.174711
77 0.17386
78 0.172759
79 0.171885
80 0.171029
81 0.170112
82 0.169214
83 0.168345
84 0.167541
85 0.166532
86 0.165735
87 0.164956
88 0.163936
89 0.163183
90 0.162349
91 0.161544
92 0.16075
93 0.159929
94 0.159126
95 0.158366
96 0.157513
97 0.156705
98 0.156019
99 0.155117
100 0.154474
101 0.153709
102 0.152967
103 0.152177
104 0.151429
105 0.150776
106 0.149987
107 0.149346
108 0.148524
109 0.147904
110 0.147225
111 0.1465
112 0.145867
113 0.145157
114 0.144547
115 0.143854
116 0.143127
117 0.142567
118 0.141911
119 0.141394
120 0.140636
121 0.140093
122 0.139367
123 0.138843
124 0.138084
125 0.137486
126 0.137075
127 0.136428
128 0.135752
129 0.135193
130 0.134639
131 0.134114
132 0.133586
133 0.133021
134 0.132439
135 0.131951
136 0.131325
137 0.130839
138 0.130356
139 0.129904
140 0.129293
141 0.128757
142 0.128361
143 0.127856
144 0.127321
145 0.12691
146 0.126388
147 0.125917
148 0.125465
149 0.125091
150 0.124617
151 0.124152
152 0.123779
153 0.123365
154 0.122894
155 0.122578
156 0.122131
157 0.121726
158 0.121383
159 0.120911
160 0.120529
161 0.120163
162 0.119774
163 0.11939
164 0.119063
165 0.118684
166 0.118273
167 0.11798
168 0.117634
169 0.11728
170 0.116905
171 0.116526
172 0.116223
173 0.115774
174 0.115573
175 0.11512
176 0.114831
177 0.114531
178 0.114244
179 0.11389
180 0.113469
181 0.113242
182 0.11296
183 0.11264
184 0.112362
185 0.112025
186 0.1117
187 0.111364
188 0.110986
189 0.110742
190 0.110477
191 0.110292
192 0.109849
193 0.109542
194 0.10921
195 0.109074
196 0.108683
197 0.1085
198 0.108176
199 0.107875
200 0.107626
201 0.107261
202 0.107079
203 0.106849
204 0.106541
205 0.106337
206 0.106014
207 0.105746
208 0.105458
209 0.10524
210 0.104992
211 0.104754
212 0.104566
213 0.104237
214 0.104075
215 0.103794
216 0.10348
217 0.103269
218 0.10302
219 0.10278
220 0.102491
221 0.10232
222 0.102033
223 0.101833
224 0.101538
225 0.101451
226 0.101158
227 0.100929
228 0.100631
229 0.100431
230 0.100227
231 0.100059
232 0.0999067
233 0.0995619
234 0.0994382
235 0.0992169
236 0.0990332
237 0.0987607
238 0.0985215
239 0.098354
240 0.0981573
241 0.0979903
242 0.0977708
243 0.0975326
244 0.097327
245 0.097104
246 0.0970959
247 0.0968226
248 0.0965714
249 0.096364
250 0.0962681
251 0.0960527
252 0.0958449
253 0.0956574
254 0.0955254
255 0.0952608
256 0.0951391
257 0.0949326
258 0.0948089
259 0.0946373
260 0.0944324
261 0.094285
262 0.0941165
263 0.0939224
264 0.0938127
265 0.0935945
266 0.0934432
267 0.0933011
268 0.0932102
269 0.0929743
270 0.0928159
271 0.0927285
272 0.0924899
273 0.0924929
274 0.0921389
275 0.0920191
276 0.0919021
277 0.0917529
278 0.0916452
279 0.0914498
280 0.0913448
281 0.0911031
282 0.0909397
283 0.0908456
284 0.0905891
285 0.0905923
286 0.090401
287 0.0902835
288 0.0901071
289 0.0899439
290 0.0898623
291 0.0896375
292 0.0894781
293 0.0893273
294 0.089167
295 0.0890249
296 0.08892
297 0.0888008
298 0.0886715
299 0.0884957
300 0.0883131
