1 0.066347
2 0.066458
3 0.066514
4 0.066458
5 0.0733014
6 0.0790805
7 0.0840403
8 0.0895765
9 0.091931
10 0.0939919
11 0.0990156
12 0.10345
13 0.104621
14 0.107958
15 0.110592
16 0.113699
17 0.114896
18 0.118067
19 0.121246
20 0.123362
21 0.12567
22 0.128349
23 0.13129
24 0.133339
25 0.135565
26 0.13798
27 0.140191
28 0.14324
29 0.145046
30 0.147572
31 0.149615
32 0.151849
33 0.15358
34 0.155545
35 0.157193
36 0.159064
37 0.16083
38 0.162506
39 0.163892
40 0.165869
41 0.16771
42 0.169048
43 0.170876
44 0.172457
45 0.17392
46 0.175508
47 0.177125
48 0.178863
49 0.180472
50 0.181965
51 0.183836
52 0.185249
53 0.186833
54 0.188598
55 0.190415
56 0.191997
57 0.193673
58 0.195737
59 0.197382
60 0.199405
61 0.201341
62 0.202751
63 0.205379
64 0.206864
65 0.208808
66 0.21066
67 0.212434
68 0.214881
69 0.216738
70 0.218515
71 0.220735
72 0.222887
73 0.22475
74 0.226504
75 0.228561
76 0.230095
77 0.231824
78 0.23446
79 0.235948
80 0.23764
81 0.240045
82 0.241683
83 0.24348
84 0.245403
85 0.247412
86 0.249075
87 0.250843
88 0.253302
89 0.254883
90 0.256176
91 0.258125
92 0.259997
93 0.261736
94 0.263513
95 0.26556
96 0.266843
97 0.268295
98 0.270159
99 0.272272
100 0.273774
101 0.275289
102 0.276929
103 0.279093
104 0.280547
105 0.281773
106 0.283992
107 0.285205
108 0.287348
109 0.288021
110 0.290082
111 0.2915
112 0.293119
113 0.294678
114 0.296384
115 0.297668
116 0.299336
117 0.30058
118 0.301969
119 0.302928
120 0.305098
121 0.305988
122 0.308112
123 0.309304
124 0.310874
125 0.312599
126 0.313093
127 0.314426
128 0.316304
129 0.317529
130 0.31878
131 0.320078
132 0.320668
133 0.322699
134 0.324118
135 0.325042
136 0.326745
137 0.327633
138 0.329183
139 0.329696
140 0.331381
141 0.332605
142 0.332951
143 0.335001
144 0.336206
145 0.336975
146 0.337933
147 0.339364
148 0.340042
149 0.341379
150 0.342231
151 0.343267
152 0.343819
153 0.345323
154 0.346517
155 0.347215
156 0.348093
157 0.349432
158 0.350108
159 0.351436
160 0.351804
161 0.353215
162 0.354197
163 0.355054
164 0.3555
165 0.356688
166 0.35775
167 0.35791
168 0.359028
169 0.359767
170 0.361183
171 0.361954
172 0.362753
173 0.363892
174 0.364296
175 0.365872
176 0.366116
177 0.366982
178 0.367672
179 0.368551
180 0.369813
181 0.370126
182 0.370799
183 0.371524
184 0.372106
185 0.373031
186 0.373641
187 0.374648
188 0.376095
189 0.3764
190 0.377409
191 0.377349
192 0.378936
193 0.379751
194 0.380629
195 0.380664
196 0.382101
197 0.382294
198 0.382833
199 0.383688
200 0.384552
201 0.385465
202 0.385659
203 0.386634
204 0.387389
205 0.38782
206 0.388806
207 0.389646
208 0.390158
209 0.390777
210 0.391747
211 0.392004
212 0.391992
213 0.393187
214 0.393515
215 0.394728
216 0.395628
217 0.395794
218 0.396869
219 0.397204
220 0.398502
221 0.398362
222 0.399573
223 0.400046
224 0.400581
225 0.400996
226 0.40169
227 0.40247
228 0.402965
229 0.404152
230 0.404772
231 0.404672
232 0.404942
233 0.406268
234 0.406666
235 0.407521
236 0.407794
237 0.408598
238 0.40913
239 0.409259
240 0.410061
241 0.410059
242 0.411319
243 0.411424
244 0.412849
245 0.412853
246 0.412682
247 0.413868
248 0.414565
249 0.415124
250 0.415372
251 0.415964
252 0.416636
253 0.417348
254 0.417473
255 0.418494
256 0.418745
257 0.419044
258 0.419384
259 0.420123
260 0.42077
261 0.420684
262 0.421579
263 0.421946
264 0.422491
265 0.423037
266 0.423048
267 0.423814
268 0.423415
269 0.424667
270 0.425199
271 0.425729
272 0.426356
273 0.4264
274 0.427113
275 0.427765
276 0.427784
277 0.428519
278 0.428361
279 0.42911
280 0.429484
281 0.430193
282 0.430953
283 0.430977
284 0.431876
285 0.431603
286 0.432457
287 0.432606
288 0.433491
289 0.434369
290 0.433926
291 0.435106
292 0.435571
293 0.436163
294 0.436157
295 0.436406
296 0.436862
297 0.437217
298 0.437839
299 0.438113
300 0.439403
