1 0.5
2 0.5
3 0.5
4 0.5
5 0.497432
6 0.495832
7 0.495028
8 0.493889
9 0.492446
10 0.491477
11 0.490208
12 0.489288
13 0.488358
14 0.486936
15 0.485985
16 0.484807
17 0.48377
18 0.482211
19 0.48085
20 0.479869
21 0.47873
22 0.477428
23 0.476105
24 0.474923
25 0.473763
26 0.472752
27 0.472148
28 0.470769
29 0.470023
30 0.468596
31 0.468285
32 0.467483
33 0.466536
34 0.465524
35 0.464693
36 0.464002
37 0.463222
38 0.462294
39 0.462003
40 0.460795
41 0.459992
42 0.459288
43 0.458356
44 0.457353
45 0.456889
46 0.456486
47 0.455778
48 0.454616
49 0.453742
50 0.453198
51 0.452856
52 0.452363
53 0.450982
54 0.450859
55 0.450039
56 0.44965
57 0.448201
58 0.447681
59 0.44714
60 0.446727
61 0.446407
62 0.445557
63 0.444485
64 0.444149
65 0.443974
66 0.443057
67 0.442614
68 0.441616
69 0.441154
70 0.441231
71 0.440014
72 0.439501
73 0.439084
74 0.438195
75 0.438061
76 0.43751
77 0.436873
78 0.43669
79 0.436107
80 0.435758
81 0.434649
82 0.435046
83 0.434245
84 0.433737
85 0.433596
86 0.433089
87 0.43267
88 0.432233
89 0.431763
90 0.432115
91 0.431123
92 0.430351
93 0.430478
94 0.429731
95 0.429492
96 0.429227
97 0.429335
98 0.428786
99 0.428053
100 0.428049
101 0.427844
102 0.427727
103 0.427493
104 0.426968
105 0.426642
106 0.426075
107 0.426533
108 0.426276
109 0.425743
110 0.426005
111 0.425525
112 0.425106
113 0.424978
114 0.425108
115 0.424005
116 0.423838
117 0.423768
118 0.424155
119 0.424383
120 0.423526
121 0.42312
122 0.422945
123 0.422736
124 0.422852
125 0.422165
126 0.422298
127 0.422645
128 0.422448
129 0.422062
130 0.421622
131 0.421503
132 0.422016
133 0.421193
134 0.421644
135 0.420966
136 0.420701
137 0.420398
138 0.420654
139 0.420595
140 0.42033
141 0.420348
142 0.420284
143 0.420099
144 0.420057
145 0.41935
146 0.419538
147 0.419788
148 0.419492
149 0.419114
150 0.419037
151 0.419066
152 0.418872
153 0.4194
154 0.41899
155 0.418814
156 0.418526
157 0.418321
158 0.418321
159 0.418117
160 0.417839
161 0.4182
162 0.418041
163 0.418137
164 0.418042
165 0.417741
166 0.41758
167 0.417896
168 0.417922
169 0.417976
170 0.41716
171 0.417621
172 0.417407
173 0.416976
174 0.416839
175 0.416895
176 0.416674
177 0.416598
178 0.416929
179 0.416981
180 0.416388
181 0.416514
182 0.416913
183 0.416757
184 0.416381
185 0.416137
186 0.416132
187 0.416104
188 0.416197
189 0.416665
190 0.416067
191 0.416416
192 0.416181
193 0.415891
194 0.415551
195 0.415376
196 0.4157
197 0.415273
198 0.41574
199 0.415328
200 0.415437
201 0.415075
202 0.415208
203 0.415626
204 0.415403
205 0.415417
206 0.414474
207 0.415123
208 0.41507
209 0.415012
210 0.414403
211 0.414567
212 0.414446
213 0.414149
214 0.414791
215 0.414478
216 0.414349
217 0.414006
218 0.414161
219 0.4143
220 0.413987
221 0.413825
222 0.414711
223 0.414252
224 0.413889
225 0.414094
226 0.414131
227 0.413884
228 0.413767
229 0.413241
230 0.41366
231 0.413857
232 0.413524
233 0.4135
234 0.413584
235 0.413715
236 0.413548
237 0.413689
238 0.413126
239 0.412855
240 0.413481
241 0.413366
242 0.413049
243 0.413235
244 0.41288
245 0.412427
246 0.413114
247 0.412759
248 0.412905
249 0.412142
250 0.412429
251 0.412542
252 0.412721
253 0.412742
254 0.411816
255 0.412566
256 0.412966
257 0.412091
258 0.4126
259 0.412501
260 0.412331
261 0.412364
262 0.412118
263 0.411936
264 0.412486
265 0.411799
266 0.411865
267 0.411646
268 0.411479
269 0.411566
270 0.411766
271 0.41188
272 0.411507
273 0.411516
274 0.411857
275 0.411681
276 0.412226
277 0.410969
278 0.411373
279 0.411143
280 0.411746
281 0.411051
282 0.411499
283 0.411275
284 0.410999
285 0.4109
286 0.411109
287 0.410854
288 0.410519
289 0.410966
290 0.411315
291 0.41152
292 0.410794
293 0.410276
294 0.410721
295 0.410563
296 0.410734
297 0.410785
298 0.410682
299 0.41071
300 0.410775
