1 0.499384
2 0.500271
3 0.500242
4 0.500262
5 0.510268
6 0.519159
7 0.526589
8 0.532734
9 0.535602
10 0.539693
11 0.545017
12 0.549901
13 0.552253
14 0.55566
15 0.558641
16 0.561621
17 0.562588
18 0.565335
19 0.568462
20 0.570608
21 0.572635
22 0.574899
23 0.577284
24 0.579462
25 0.581246
26 0.583394
27 0.58528
28 0.587458
29 0.589121
30 0.590849
31 0.592542
32 0.594082
33 0.595571
34 0.596996
35 0.598358
36 0.599672
37 0.600955
38 0.602137
39 0.603183
40 0.604478
41 0.605666
42 0.606633
43 0.607804
44 0.608921
45 0.609825
46 0.610881
47 0.611815
48 0.612851
49 0.613754
50 0.614794
51 0.615747
52 0.616596
53 0.617476
54 0.618385
55 0.619268
56 0.6202
57 0.6212
58 0.62216
59 0.622997
60 0.62397
61 0.625052
62 0.625902
63 0.62698
64 0.627791
65 0.62881
66 0.629753
67 0.630663
68 0.631717
69 0.632655
70 0.633495
71 0.634481
72 0.635454
73 0.636391
74 0.637374
75 0.638269
76 0.63907
77 0.639958
78 0.640996
79 0.641924
80 0.642756
81 0.643697
82 0.6446
83 0.645463
84 0.646238
85 0.647234
86 0.648047
87 0.648876
88 0.649886
89 0.650605
90 0.651432
91 0.652238
92 0.653008
93 0.653819
94 0.654624
95 0.655439
96 0.656255
97 0.657064
98 0.657793
99 0.658702
100 0.659344
101 0.660112
102 0.660799
103 0.661602
104 0.662388
105 0.663061
106 0.663821
107 0.664471
108 0.665256
109 0.665886
110 0.666588
111 0.667289
112 0.667973
113 0.668638
114 0.669217
115 0.669935
116 0.670712
117 0.67126
118 0.671883
119 0.672408
120 0.67318
121 0.673718
122 0.674461
123 0.674983
124 0.675704
125 0.676325
126 0.67678
127 0.677404
128 0.678067
129 0.678577
130 0.679151
131 0.679673
132 0.680212
133 0.680763
134 0.681378
135 0.681856
136 0.68253
137 0.682964
138 0.683446
139 0.68389
140 0.684515
141 0.685051
142 0.685462
143 0.685963
144 0.686483
145 0.686869
146 0.687441
147 0.68788
148 0.688301
149 0.688763
150 0.689188
151 0.689659
152 0.690078
153 0.690469
154 0.690915
155 0.691237
156 0.691684
157 0.692093
158 0.692438
159 0.692912
160 0.693266
161 0.693651
162 0.69403
163 0.694408
164 0.694734
165 0.695152
166 0.695519
167 0.695816
168 0.696177
169 0.696494
170 0.696917
171 0.69731
172 0.697596
173 0.698086
174 0.698229
175 0.698698
176 0.698984
177 0.699316
178 0.699545
179 0.699934
180 0.70031
181 0.700589
182 0.700848
183 0.70118
184 0.701461
185 0.701813
186 0.702141
187 0.702463
188 0.702835
189 0.703092
190 0.703373
191 0.703526
192 0.703945
193 0.704273
194 0.704622
195 0.704741
196 0.705126
197 0.705314
198 0.705651
199 0.705921
200 0.706201
201 0.70657
202 0.70674
203 0.706989
204 0.70726
205 0.707489
206 0.707792
207 0.708064
208 0.708359
209 0.708582
210 0.708815
211 0.709091
212 0.709245
213 0.709564
214 0.70975
215 0.710042
216 0.710329
217 0.710545
218 0.710784
219 0.711039
220 0.711342
221 0.711486
222 0.711826
223 0.711997
224 0.712286
225 0.712366
226 0.712653
227 0.712874
228 0.713196
229 0.713375
230 0.713592
231 0.713748
232 0.713883
233 0.714246
234 0.714385
235 0.714605
236 0.714781
237 0.715077
238 0.715306
239 0.71546
240 0.715644
241 0.715807
242 0.716048
243 0.716258
244 0.71647
245 0.716697
246 0.716719
247 0.716969
248 0.717206
249 0.717441
250 0.717534
251 0.717745
252 0.71795
253 0.718182
254 0.718271
255 0.718533
256 0.718654
257 0.71888
258 0.719012
259 0.719184
260 0.71936
261 0.719517
262 0.719702
263 0.719859
264 0.719963
265 0.720192
266 0.72036
267 0.720515
268 0.720618
269 0.720838
270 0.720987
271 0.721084
272 0.721323
273 0.721331
274 0.721671
275 0.721785
276 0.721911
277 0.722065
278 0.722183
279 0.722375
280 0.722463
281 0.722715
282 0.722868
283 0.722933
284 0.723216
285 0.723237
286 0.723427
287 0.723551
288 0.723715
289 0.723871
290 0.723925
291 0.724181
292 0.724358
293 0.724488
294 0.724638
295 0.724779
296 0.724886
297 0.725021
298 0.72512
299 0.725305
300 0.725494
