1 0.314119
2 0.313797
3 0.313847
4 0.313957
5 0.262822
6 0.249186
7 0.243961
8 0.235471
9 0.226792
10 0.22242
11 0.215468
12 0.210387
13 0.206943
14 0.200308
15 0.196337
16 0.191398
17 0.187265
18 0.181956
19 0.177169
20 0.172902
21 0.168866
22 0.165078
23 0.161315
24 0.157699
25 0.154538
26 0.15157
27 0.148991
28 0.145592
29 0.143206
30 0.140655
31 0.138272
32 0.135899
33 0.133684
34 0.131555
35 0.129183
36 0.127417
37 0.125253
38 0.12318
39 0.121416
40 0.119394
41 0.117463
42 0.115878
43 0.114194
44 0.11225
45 0.110839
46 0.109236
47 0.107418
48 0.105999
49 0.104467
50 0.10288
51 0.101383
52 0.100081
53 0.0985211
54 0.0972505
55 0.0958043
56 0.0946236
57 0.0930709
58 0.0918015
59 0.0905813
60 0.0892184
61 0.0879783
62 0.0867351
63 0.0852565
64 0.0842216
65 0.0832194
66 0.0818909
67 0.0808909
68 0.0795108
69 0.0786086
70 0.0777307
71 0.0764329
72 0.0754786
73 0.0745467
74 0.0736083
75 0.0725927
76 0.0718437
77 0.0710704
78 0.0699912
79 0.0692953
80 0.0683782
81 0.0674501
82 0.0667926
83 0.0660884
84 0.0653279
85 0.0644277
86 0.0639146
87 0.0633247
88 0.0623619
89 0.0617945
90 0.061254
91 0.0607458
92 0.0600531
93 0.0594878
94 0.0589075
95 0.0583993
96 0.0577675
97 0.0573556
98 0.0569415
99 0.0561642
100 0.0558386
101 0.0554048
102 0.0549178
103 0.0543543
104 0.0538656
105 0.0535391
106 0.0531238
107 0.0527577
108 0.0521486
109 0.0518689
110 0.0514588
111 0.0511359
112 0.0507645
113 0.0503309
114 0.0500004
115 0.0496554
116 0.0491778
117 0.0489921
118 0.0486927
119 0.0485284
120 0.0480037
121 0.0478795
122 0.0474231
123 0.0472181
124 0.0467616
125 0.0465191
126 0.0465165
127 0.0461527
128 0.0457207
129 0.0454718
130 0.0453666
131 0.0450767
132 0.0449407
133 0.0446921
134 0.0443853
135 0.044208
136 0.0438817
137 0.0437774
138 0.0435185
139 0.0435073
140 0.0431619
141 0.0430085
142 0.0428584
143 0.0426014
144 0.0424272
145 0.0422841
146 0.0420723
147 0.0418819
148 0.0417237
149 0.0416515
150 0.0414265
151 0.0411466
152 0.0411389
153 0.0409296
154 0.0407223
155 0.0406025
156 0.0405142
157 0.0403838
158 0.0402699
159 0.0400482
160 0.0399416
161 0.0397601
162 0.0396098
163 0.0394268
164 0.0393575
165 0.0391994
166 0.0390923
167 0.0389796
168 0.0389198
169 0.0388163
170 0.0385202
171 0.0384765
172 0.0383294
173 0.0381529
174 0.0381666
175 0.0379181
176 0.0379092
177 0.0378057
178 0.0377856
179 0.037606
180 0.0374025
181 0.0373601
182 0.0373327
183 0.0372518
184 0.0370969
185 0.0369957
186 0.0368756
187 0.0367549
188 0.036568
189 0.0365609
190 0.0364455
191 0.0364692
192 0.0362311
193 0.0361423
194 0.0359653
195 0.0361287
196 0.0358944
197 0.0359028
198 0.0356846
199 0.0356095
200 0.0355157
201 0.0353714
202 0.0353725
203 0.0353197
204 0.0351619
205 0.0351166
206 0.034953
207 0.0348626
208 0.0347982
209 0.0347345
210 0.0346631
211 0.0345518
212 0.03458
213 0.0343651
214 0.0343844
215 0.0342304
216 0.0341154
217 0.0340308
218 0.0339723
219 0.0338891
220 0.0337164
221 0.0337113
222 0.0336073
223 0.033519
224 0.0333974
225 0.0334764
226 0.0333133
227 0.0332672
228 0.0331214
229 0.0330135
230 0.0329785
231 0.0330033
232 0.0329437
233 0.0327631
234 0.0327481
235 0.0327041
236 0.0326305
237 0.0324732
238 0.0323739
239 0.0323102
240 0.0322867
241 0.0322576
242 0.032102
243 0.0320555
244 0.0319825
245 0.0318518
246 0.0320152
247 0.031796
248 0.0316577
249 0.0316008
250 0.0316277
251 0.0314753
252 0.0314125
253 0.0313457
254 0.0312865
255 0.0311419
256 0.0311603
257 0.031099
258 0.0310294
259 0.0309956
260 0.0308448
261 0.0308283
262 0.030771
263 0.0306901
264 0.0306963
265 0.0305722
266 0.0305231
267 0.0304666
268 0.0304947
269 0.030357
270 0.0302584
271 0.0302534
272 0.0301047
273 0.0302142
274 0.0299754
275 0.0298723
276 0.0299049
277 0.0298885
278 0.0298429
279 0.0297522
280 0.0297041
281 0.0295876
282 0.0294805
283 0.0294827
284 0.029318
285 0.0294439
286 0.0293041
287 0.0292362
288 0.0291931
289 0.0290935
290 0.0291328
291 0.02895
292 0.0288709
293 0.0288529
294 0.02875
295 0.0287246
296 0.0286912
297 0.0286555
298 0.0286135
299 0.0285257
300 0.0284238
