1 0.499384
2 0.500194
3 0.500576
4 0.499916
5 0.550613
6 0.564429
7 0.570341
8 0.577936
9 0.586589
10 0.591927
11 0.59847
12 0.602947
13 0.607269
14 0.613551
15 0.617554
16 0.622323
17 0.62636
18 0.632186
19 0.637053
20 0.640449
21 0.644285
22 0.648538
23 0.652724
24 0.656362
25 0.659841
26 0.662806
27 0.66455
28 0.668455
29 0.670526
30 0.674408
31 0.675241
32 0.67737
33 0.679848
34 0.682449
35 0.684557
36 0.686288
37 0.688219
38 0.690485
39 0.69119
40 0.694083
41 0.69598
42 0.697624
43 0.699777
44 0.702062
45 0.703108
46 0.704013
47 0.705589
48 0.708146
49 0.710044
50 0.711216
51 0.711949
52 0.712998
53 0.715908
54 0.716164
55 0.717867
56 0.718668
57 0.721623
58 0.722672
59 0.723755
60 0.724579
61 0.725215
62 0.726891
63 0.728985
64 0.729636
65 0.729973
66 0.731736
67 0.73258
68 0.73447
69 0.735338
70 0.735193
71 0.737462
72 0.738411
73 0.739177
74 0.740803
75 0.741047
76 0.742045
77 0.743193
78 0.743522
79 0.744563
80 0.745185
81 0.747146
82 0.746447
83 0.747854
84 0.748742
85 0.748989
86 0.749869
87 0.750594
88 0.751347
89 0.752153
90 0.75155
91 0.753247
92 0.754556
93 0.754342
94 0.755601
95 0.756003
96 0.756447
97 0.756266
98 0.757184
99 0.758401
100 0.758409
101 0.758747
102 0.758941
103 0.759327
104 0.76019
105 0.760725
106 0.76165
107 0.760903
108 0.761322
109 0.76219
110 0.761765
111 0.762543
112 0.763221
113 0.763428
114 0.763219
115 0.764991
116 0.765259
117 0.765371
118 0.764751
119 0.764386
120 0.765757
121 0.766403
122 0.76668
123 0.767011
124 0.766827
125 0.767913
126 0.767703
127 0.767155
128 0.767466
129 0.768075
130 0.768767
131 0.768954
132 0.768148
133 0.769438
134 0.768733
135 0.769794
136 0.770206
137 0.770678
138 0.770279
139 0.770372
140 0.770783
141 0.770755
142 0.770854
143 0.771141
144 0.771207
145 0.772299
146 0.772008
147 0.771623
148 0.772079
149 0.772661
150 0.772779
151 0.772735
152 0.773033
153 0.772222
154 0.772852
155 0.773122
156 0.773563
157 0.773877
158 0.773876
159 0.774188
160 0.774612
161 0.774061
162 0.774304
163 0.774158
164 0.774302
165 0.77476
166 0.775005
167 0.774525
168 0.774485
169 0.774403
170 0.775642
171 0.774942
172 0.775267
173 0.77592
174 0.776127
175 0.776042
176 0.776376
177 0.776491
178 0.775991
179 0.775912
180 0.776806
181 0.776617
182 0.776015
183 0.776251
184 0.776817
185 0.777183
186 0.777191
187 0.777233
188 0.777094
189 0.776389
190 0.777288
191 0.776764
192 0.777118
193 0.777552
194 0.778061
195 0.778323
196 0.777838
197 0.778476
198 0.777778
199 0.778395
200 0.778232
201 0.778771
202 0.778573
203 0.777949
204 0.778282
205 0.778261
206 0.779664
207 0.7787
208 0.778779
209 0.778865
210 0.779769
211 0.779527
212 0.779705
213 0.780145
214 0.779194
215 0.779658
216 0.779849
217 0.780357
218 0.780128
219 0.779922
220 0.780384
221 0.780623
222 0.779312
223 0.779993
224 0.78053
225 0.780226
226 0.780172
227 0.780537
228 0.780709
229 0.781483
230 0.780867
231 0.780576
232 0.781067
233 0.781102
234 0.780979
235 0.780786
236 0.781032
237 0.780824
238 0.781651
239 0.782049
240 0.78113
241 0.781299
242 0.781765
243 0.781492
244 0.782012
245 0.782675
246 0.781669
247 0.782189
248 0.781976
249 0.78309
250 0.782671
251 0.782506
252 0.782245
253 0.782214
254 0.783563
255 0.782471
256 0.781886
257 0.783164
258 0.782422
259 0.782567
260 0.782815
261 0.782766
262 0.783125
263 0.78339
264 0.782588
265 0.783589
266 0.783493
267 0.783811
268 0.784052
269 0.783926
270 0.783637
271 0.78347
272 0.784012
273 0.783999
274 0.783504
275 0.78376
276 0.782968
277 0.78479
278 0.784206
279 0.784539
280 0.783666
281 0.784671
282 0.784024
283 0.784348
284 0.784746
285 0.784889
286 0.784588
287 0.784956
288 0.785438
289 0.784794
290 0.78429
291 0.783993
292 0.785042
293 0.785788
294 0.785147
295 0.785375
296 0.785128
297 0.785055
298 0.785203
299 0.785163
300 0.785069
