1 0.066347
2 0.066489
3 0.066626
4 0.06629
5 0.100675
6 0.107816
7 0.113666
8 0.122303
9 0.129556
10 0.13357
11 0.141618
12 0.146248
13 0.148245
14 0.157109
15 0.16162
16 0.167724
17 0.173289
18 0.180484
19 0.187268
20 0.192974
21 0.198393
22 0.204253
23 0.210168
24 0.214788
25 0.220129
26 0.224984
27 0.22914
28 0.234791
29 0.239002
30 0.244152
31 0.24847
32 0.25366
33 0.257659
34 0.26214
35 0.266327
36 0.270349
37 0.274498
38 0.279337
39 0.282393
40 0.287569
41 0.292629
42 0.295842
43 0.30018
44 0.304149
45 0.308426
46 0.312318
47 0.316411
48 0.32044
49 0.325037
50 0.327971
51 0.332865
52 0.336566
53 0.340358
54 0.344433
55 0.34864
56 0.351933
57 0.356378
58 0.360146
59 0.363795
60 0.368359
61 0.371905
62 0.375302
63 0.380305
64 0.383161
65 0.386478
66 0.389978
67 0.393062
68 0.398014
69 0.401095
70 0.404011
71 0.408525
72 0.411517
73 0.414686
74 0.41759
75 0.420765
76 0.423142
77 0.425746
78 0.430086
79 0.431696
80 0.434622
81 0.438525
82 0.440445
83 0.443343
84 0.446357
85 0.448604
86 0.45092
87 0.453369
88 0.456871
89 0.458902
90 0.460191
91 0.4628
92 0.46569
93 0.467355
94 0.469837
95 0.472206
96 0.473737
97 0.474577
98 0.477359
99 0.479881
100 0.481508
101 0.482887
102 0.484787
103 0.487849
104 0.489286
105 0.490022
106 0.492427
107 0.493691
108 0.496474
109 0.496606
110 0.499214
111 0.500233
112 0.50154
113 0.503563
114 0.505512
115 0.506322
116 0.508368
117 0.509323
118 0.510044
119 0.510658
120 0.513427
121 0.513757
122 0.516241
123 0.517329
124 0.518449
125 0.520278
126 0.519881
127 0.521346
128 0.523196
129 0.524292
130 0.524882
131 0.526338
132 0.525791
133 0.52842
134 0.529867
135 0.529926
136 0.531879
137 0.531995
138 0.533955
139 0.533429
140 0.535319
141 0.536013
142 0.536084
143 0.538319
144 0.539165
145 0.539573
146 0.540221
147 0.541575
148 0.541615
149 0.543245
150 0.543481
151 0.544572
152 0.544292
153 0.546287
154 0.547174
155 0.547864
156 0.547957
157 0.549183
158 0.549842
159 0.551015
160 0.551036
161 0.552618
162 0.55366
163 0.553923
164 0.553961
165 0.555332
166 0.555939
167 0.555998
168 0.556628
169 0.557149
170 0.558866
171 0.55908
172 0.559853
173 0.560692
174 0.560709
175 0.562861
176 0.561967
177 0.562868
178 0.563178
179 0.563956
180 0.565389
181 0.565146
182 0.565759
183 0.566052
184 0.56657
185 0.567517
186 0.567493
187 0.568173
188 0.569866
189 0.569724
190 0.570938
191 0.570175
192 0.572027
193 0.572324
194 0.573505
195 0.572389
196 0.57434
197 0.573955
198 0.574554
199 0.575041
200 0.576215
201 0.576985
202 0.576652
203 0.577527
204 0.578141
205 0.578644
206 0.57947
207 0.580199
208 0.580531
209 0.580758
210 0.581482
211 0.581731
212 0.580911
213 0.582626
214 0.582888
215 0.58391
216 0.584676
217 0.584541
218 0.585567
219 0.585842
220 0.586922
221 0.586292
222 0.587776
223 0.588267
224 0.588538
225 0.588506
226 0.589279
227 0.589845
228 0.590305
229 0.591564
230 0.591923
231 0.591236
232 0.591732
233 0.593207
234 0.593226
235 0.594116
236 0.594244
237 0.59495
238 0.595688
239 0.59515
240 0.596156
241 0.595588
242 0.597163
243 0.597168
244 0.598753
245 0.598029
246 0.597812
247 0.599221
248 0.60004
249 0.600492
250 0.600303
251 0.601171
252 0.601727
253 0.602325
254 0.602369
255 0.603617
256 0.603594
257 0.603336
258 0.604017
259 0.604786
260 0.605655
261 0.605425
262 0.60627
263 0.606381
264 0.606485
265 0.607312
266 0.607312
267 0.608218
268 0.607286
269 0.608724
270 0.609379
271 0.609831
272 0.610712
273 0.610498
274 0.611272
275 0.61187
276 0.611727
277 0.612473
278 0.612043
279 0.612892
280 0.613391
281 0.613769
282 0.61497
283 0.614546
284 0.615391
285 0.615203
286 0.616253
287 0.616486
288 0.61686
289 0.618036
290 0.617403
291 0.618817
292 0.619067
293 0.619494
294 0.619456
295 0.619845
296 0.619953
297 0.620398
298 0.620834
299 0.620647
300 0.62258
