1 0.5
2 0.353511
3 0.302302
4 0.267324
5 0.241836
6 0.227294
7 0.218002
8 0.210717
9 0.197132
10 0.190945
11 0.187006
12 0.182818
13 0.176025
14 0.172231
15 0.168915
16 0.165557
17 0.160955
18 0.157597
19 0.154651
20 0.151295
21 0.148244
22 0.145639
23 0.143213
24 0.140706
25 0.138465
26 0.136555
27 0.134742
28 0.132843
29 0.131099
30 0.129622
31 0.128142
32 0.126759
33 0.125434
34 0.124067
35 0.122834
36 0.121657
37 0.120441
38 0.119174
39 0.118117
40 0.117027
41 0.115895
42 0.114942
43 0.113916
44 0.112845
45 0.111976
46 0.111038
47 0.110101
48 0.109302
49 0.108399
50 0.107497
51 0.106765
52 0.106056
53 0.10529
54 0.10457
55 0.103962
56 0.103263
57 0.102561
58 0.102069
59 0.101379
60 0.100795
61 0.100193
62 0.0996184
63 0.0989862
64 0.0985665
65 0.0981691
66 0.0976917
67 0.097321
68 0.0967681
69 0.0963841
70 0.0961747
71 0.0957479
72 0.0953482
73 0.094995
74 0.0946471
75 0.0943379
76 0.0940113
77 0.0937083
78 0.0934243
79 0.0931171
80 0.0928393
81 0.0925645
82 0.0922935
83 0.0919731
84 0.0918453
85 0.0915623
86 0.0913591
87 0.0911628
88 0.0908115
89 0.0907554
90 0.0904625
91 0.0902665
92 0.0901069
93 0.0899079
94 0.0897497
95 0.0896159
96 0.0893571
97 0.0893653
98 0.0890834
99 0.088931
100 0.0888319
101 0.0886497
102 0.0886161
103 0.0884575
104 0.0882511
105 0.0880935
106 0.0881083
107 0.0879331
108 0.0877957
109 0.0878239
110 0.0876561
111 0.0874342
112 0.0873757
113 0.0873465
114 0.0872036
115 0.0870736
116 0.08696
117 0.0868382
118 0.0867954
119 0.0868013
120 0.086626
121 0.0865906
122 0.086396
123 0.0864893
124 0.0862475
125 0.0861685
126 0.0862946
127 0.0861691
128 0.08603
129 0.0859536
130 0.0858612
131 0.0859849
132 0.0858678
133 0.0858511
134 0.0856583
135 0.0857503
136 0.0856775
137 0.0856254
138 0.0855874
139 0.085706
140 0.0854819
141 0.0854519
142 0.0854014
143 0.0854631
144 0.0853304
145 0.0853982
146 0.0852739
147 0.0852745
148 0.0851888
149 0.0852063
150 0.0852448
151 0.0851024
152 0.0851352
153 0.0849846
154 0.0850211
155 0.0849326
156 0.0849286
157 0.0848953
158 0.0849614
159 0.084796
160 0.0848193
161 0.0848252
162 0.0848302
163 0.0847306
164 0.0847529
165 0.0846692
166 0.0846331
167 0.0846023
168 0.0846766
169 0.0846621
170 0.0845451
171 0.0845392
172 0.0845559
173 0.0845216
174 0.0846269
175 0.0844585
176 0.0844987
177 0.0844318
178 0.0845135
179 0.0844975
180 0.0844226
181 0.0844359
182 0.0844619
183 0.0844138
184 0.0844616
185 0.0843881
186 0.0843024
187 0.0843638
188 0.0843273
189 0.0842956
190 0.0843163
191 0.0843985
192 0.0842724
193 0.0842978
194 0.0843154
195 0.0843985
196 0.0844603
197 0.0843619
198 0.0842713
199 0.0843224
200 0.0843479
201 0.0842742
202 0.0842354
203 0.084382
204 0.0843158
205 0.0842826
206 0.0843484
207 0.0842662
208 0.0842963
209 0.0843085
210 0.0842845
211 0.0842403
212 0.0843137
213 0.0842407
214 0.0843551
215 0.084261
216 0.0842209
217 0.0841962
218 0.084354
219 0.0842431
220 0.0842394
221 0.084174
222 0.0842193
223 0.084283
224 0.0842352
225 0.0843275
226 0.0842789
227 0.0843067
228 0.0843216
229 0.0842501
230 0.08422
231 0.084331
232 0.084315
233 0.0843047
234 0.0842913
235 0.0842942
236 0.0843631
237 0.0843407
238 0.0842935
239 0.084336
240 0.0843358
241 0.0843748
242 0.0843426
243 0.0842775
244 0.0843951
245 0.0842205
246 0.0844449
247 0.0844283
248 0.0843176
249 0.0842895
250 0.0844378
251 0.084364
252 0.0843495
253 0.0843105
254 0.0843585
255 0.0842911
256 0.0843429
257 0.0842984
258 0.0842915
259 0.0843777
260 0.0843532
261 0.084265
262 0.0842584
263 0.0842924
264 0.0843533
265 0.0842497
266 0.0842606
267 0.0842444
268 0.0843111
269 0.084342
270 0.0842871
271 0.0843019
272 0.0843071
273 0.0842774
274 0.0842472
275 0.0842381
276 0.0841972
277 0.0842251
278 0.0842206
279 0.084267
280 0.0843076
281 0.0841086
282 0.0841616
283 0.0841907
284 0.0841923
285 0.0842858
286 0.0841808
287 0.0841302
288 0.0842293
289 0.0841943
290 0.0841934
291 0.0841776
292 0.0841975
293 0.0840916
294 0.0840873
295 0.0840331
296 0.0840815
297 0.0841078
298 0.0841372
299 0.084041
300 0.0840992
