1 0.099032
2 0.121417
3 0.135543
4 0.14856
5 0.159656
6 0.169237
7 0.178838
8 0.187178
9 0.195639
10 0.203416
11 0.211016
12 0.218264
13 0.225022
14 0.231082
15 0.237476
16 0.243459
17 0.249296
18 0.255215
19 0.260236
20 0.265313
21 0.270318
22 0.27552
23 0.279803
24 0.284668
25 0.289145
26 0.292778
27 0.297342
28 0.301189
29 0.304539
30 0.307901
31 0.310906
32 0.314175
33 0.317376
34 0.320608
35 0.32396
36 0.32718
37 0.330112
38 0.333538
39 0.3365
40 0.339191
41 0.342288
42 0.345078
43 0.347164
44 0.34995
45 0.352725
46 0.355343
47 0.357644
48 0.3602
49 0.362661
50 0.364982
51 0.366863
52 0.368964
53 0.371286
54 0.373133
55 0.375447
56 0.377552
57 0.379348
58 0.38132
59 0.38312
60 0.385337
61 0.387159
62 0.389548
63 0.391714
64 0.393798
65 0.395662
66 0.397361
67 0.399201
68 0.400912
69 0.402266
70 0.403958
71 0.405747
72 0.407536
73 0.40888
74 0.410289
75 0.412002
76 0.413694
77 0.41521
78 0.416668
79 0.418366
80 0.420187
81 0.421785
82 0.423219
83 0.424685
84 0.426231
85 0.427773
86 0.429174
87 0.430613
88 0.431801
89 0.433577
90 0.434914
91 0.436175
92 0.437686
93 0.439023
94 0.440011
95 0.441378
96 0.442423
97 0.443994
98 0.445198
99 0.4466
100 0.447718
101 0.448765
102 0.450194
103 0.451401
104 0.452277
105 0.453121
106 0.454442
107 0.455754
108 0.456877
109 0.457976
110 0.459154
111 0.460414
112 0.461712
113 0.462318
114 0.463154
115 0.464045
116 0.465057
117 0.466255
118 0.467079
119 0.468105
120 0.46936
121 0.470034
122 0.471182
123 0.472314
124 0.473216
125 0.474527
126 0.47561
127 0.476596
128 0.477703
129 0.478686
130 0.479849
131 0.480633
132 0.482017
133 0.482928
134 0.484025
135 0.484812
136 0.485522
137 0.486495
138 0.487285
139 0.487765
140 0.48861
141 0.489497
142 0.490659
143 0.491454
144 0.49243
145 0.493287
146 0.494133
147 0.495258
148 0.495992
149 0.496766
150 0.497672
151 0.498223
152 0.49878
153 0.49953
154 0.500463
155 0.501093
156 0.502113
157 0.502952
158 0.503839
159 0.504441
160 0.50531
161 0.505974
162 0.506751
163 0.507427
164 0.50792
165 0.508823
166 0.509392
167 0.510207
168 0.510997
169 0.511838
170 0.512368
171 0.51306
172 0.513768
173 0.514586
174 0.515234
175 0.515813
176 0.51662
177 0.517023
178 0.517757
179 0.518268
180 0.519129
181 0.519759
182 0.520574
183 0.521194
184 0.521909
185 0.522825
186 0.52345
187 0.524226
188 0.524808
189 0.525258
190 0.525372
191 0.526262
192 0.52694
193 0.528069
194 0.528719
195 0.529047
196 0.529671
197 0.530419
198 0.530811
199 0.53119
200 0.531663
201 0.53231
202 0.53313
203 0.533973
204 0.534496
205 0.535069
206 0.535622
207 0.536264
208 0.536737
209 0.537141
210 0.537522
211 0.537856
212 0.538597
213 0.538609
214 0.539186
215 0.539949
216 0.540402
217 0.541384
218 0.54186
219 0.542392
220 0.542805
221 0.543685
222 0.544175
223 0.544564
224 0.544901
225 0.545033
226 0.545334
227 0.546058
228 0.546185
229 0.546807
230 0.547114
231 0.547246
232 0.547757
233 0.548219
234 0.548581
235 0.549267
236 0.549776
237 0.550287
238 0.550854
239 0.551305
240 0.551731
241 0.552565
242 0.553243
243 0.553195
244 0.553797
245 0.553998
246 0.554688
247 0.554942
248 0.555251
249 0.555832
250 0.55601
251 0.556359
252 0.556704
253 0.557544
254 0.557961
255 0.558599
256 0.559181
257 0.559519
258 0.55996
259 0.560105
260 0.560556
261 0.560936
262 0.561359
263 0.561737
264 0.562327
265 0.562779
266 0.563282
267 0.563806
268 0.564441
269 0.564627
270 0.565239
271 0.565569
272 0.565906
273 0.56611
274 0.566666
275 0.567059
276 0.567211
277 0.567804
278 0.568249
279 0.568344
280 0.568788
281 0.568879
282 0.568938
283 0.56929
284 0.569427
285 0.570045
286 0.570608
287 0.570841
288 0.570967
289 0.571296
290 0.571846
291 0.572071
292 0.572878
293 0.573124
294 0.573451
295 0.573815
296 0.574273
297 0.574599
298 0.575103
299 0.575303
300 0.575665
