1 0.19711
2 0.180368
3 0.171981
4 0.16394
5 0.157951
6 0.152224
7 0.147391
8 0.14438
9 0.140254
10 0.136763
11 0.134035
12 0.130804
13 0.128046
14 0.125904
15 0.123376
16 0.120987
17 0.119182
18 0.11709
19 0.115252
20 0.113536
21 0.111682
22 0.109907
23 0.108577
24 0.106768
25 0.105214
26 0.104131
27 0.102587
28 0.101242
29 0.10046
30 0.0997962
31 0.0991684
32 0.0981074
33 0.097155
34 0.0962597
35 0.0952928
36 0.0942297
37 0.0932481
38 0.0922419
39 0.0913156
40 0.0906282
41 0.0897141
42 0.0888495
43 0.0885885
44 0.0878122
45 0.0869724
46 0.0864419
47 0.0859236
48 0.0852031
49 0.0845158
50 0.0840242
51 0.0836625
52 0.0830709
53 0.0824906
54 0.0820484
55 0.0814958
56 0.0810998
57 0.0806578
58 0.0802096
59 0.0796096
60 0.0790701
61 0.0785764
62 0.0779152
63 0.0773094
64 0.076849
65 0.076337
66 0.0758265
67 0.0754208
68 0.0750538
69 0.0747542
70 0.0742843
71 0.0739504
72 0.0735202
73 0.073313
74 0.0729288
75 0.0725211
76 0.0721711
77 0.0718501
78 0.0715108
79 0.0711105
80 0.0706859
81 0.0703996
82 0.0700033
83 0.0696474
84 0.0692713
85 0.0689405
86 0.0685705
87 0.0681534
88 0.0678469
89 0.0675364
90 0.0671999
91 0.0669188
92 0.0665805
93 0.0662226
94 0.0659917
95 0.0656489
96 0.0654205
97 0.0651954
98 0.0649048
99 0.0645098
100 0.0643221
101 0.0641486
102 0.0637826
103 0.0635446
104 0.0633548
105 0.0631353
106 0.0628998
107 0.0625392
108 0.0623036
109 0.0620626
110 0.0618678
111 0.0616972
112 0.0613388
113 0.0612404
114 0.0611505
115 0.0608555
116 0.0606859
117 0.0604859
118 0.0602226
119 0.0600843
120 0.059894
121 0.0596815
122 0.0594251
123 0.0591426
124 0.0588445
125 0.0585667
126 0.0583651
127 0.0581867
128 0.0578522
129 0.0576444
130 0.057387
131 0.0571977
132 0.0569723
133 0.0568169
134 0.0566026
135 0.0564629
136 0.0562397
137 0.0560405
138 0.0558942
139 0.0557983
140 0.0556384
141 0.0555055
142 0.0552032
143 0.0550454
144 0.0548258
145 0.0547122
146 0.0545341
147 0.0542749
148 0.0540925
149 0.054
150 0.0538165
151 0.0536479
152 0.0536033
153 0.053437
154 0.0531603
155 0.0530119
156 0.0528665
157 0.0527143
158 0.0526185
159 0.0525245
160 0.0522752
161 0.0521873
162 0.0519904
163 0.0518113
164 0.0517661
165 0.051601
166 0.0514759
167 0.0513209
168 0.0512005
169 0.0510685
170 0.0509692
171 0.0507478
172 0.0506006
173 0.0503971
174 0.0502642
175 0.0502297
176 0.0500174
177 0.0498527
178 0.0497567
179 0.0496383
180 0.0494491
181 0.049349
182 0.0491967
183 0.049057
184 0.0489961
185 0.0488795
186 0.0487285
187 0.0486383
188 0.0485279
189 0.048435
190 0.048371
191 0.0481943
192 0.0481111
193 0.0478822
194 0.0478283
195 0.0478212
196 0.047676
197 0.0476032
198 0.0476166
199 0.0475552
200 0.0474919
201 0.0473792
202 0.0472221
203 0.0469773
204 0.046822
205 0.0467652
206 0.0466422
207 0.046454
208 0.0463419
209 0.0463046
210 0.0462353
211 0.0461896
212 0.0461459
213 0.0461579
214 0.0459284
215 0.045817
216 0.0457737
217 0.0456039
218 0.0454908
219 0.0453929
220 0.0453237
221 0.0451535
222 0.0451282
223 0.0450781
224 0.045037
225 0.0450442
226 0.0450018
227 0.0448869
228 0.0448232
229 0.0446769
230 0.0445666
231 0.0445654
232 0.0444451
233 0.0443403
234 0.0443386
235 0.0441753
236 0.0440419
237 0.0439683
238 0.043894
239 0.0437755
240 0.0436933
241 0.0436199
242 0.0435549
243 0.0435772
244 0.0434089
245 0.0433788
246 0.0432615
247 0.0432874
248 0.0432668
249 0.0431501
250 0.043098
251 0.0430432
252 0.0430362
253 0.0429152
254 0.0427408
255 0.0426746
256 0.0425841
257 0.042481
258 0.0423413
259 0.0423526
260 0.0422918
261 0.0421844
262 0.0421499
263 0.0421234
264 0.0419823
265 0.0418532
266 0.0418021
267 0.041701
268 0.0415352
269 0.0414823
270 0.0414082
271 0.0413693
272 0.0413525
273 0.0413224
274 0.0411762
275 0.0411347
276 0.041042
277 0.0409314
278 0.0409185
279 0.0409191
280 0.0408613
281 0.0408931
282 0.0408673
283 0.040749
284 0.0406874
285 0.0406099
286 0.0405701
287 0.0405227
288 0.0404743
289 0.0404721
290 0.0403345
291 0.0402734
292 0.0401787
293 0.0401107
294 0.0400922
295 0.040043
296 0.0400042
297 0.0399729
298 0.0398385
299 0.0398398
300 0.0397672
