1 0.499423
2 0.517199
3 0.525542
4 0.53289
5 0.538876
6 0.544203
7 0.549543
8 0.553508
9 0.555953
10 0.560436
11 0.562566
12 0.566339
13 0.568575
14 0.57003
15 0.572997
16 0.575015
17 0.578043
18 0.579968
19 0.581863
20 0.583844
21 0.585201
22 0.586292
23 0.587729
24 0.590386
25 0.591733
26 0.591995
27 0.593486
28 0.595436
29 0.596337
30 0.59755
31 0.597275
32 0.59892
33 0.59991
34 0.600208
35 0.601424
36 0.602689
37 0.604317
38 0.604795
39 0.604537
40 0.606559
41 0.607169
42 0.608484
43 0.608341
44 0.609416
45 0.6096
46 0.610075
47 0.611505
48 0.611591
49 0.612987
50 0.612555
51 0.613266
52 0.614249
53 0.614314
54 0.615702
55 0.615245
56 0.615741
57 0.616897
58 0.616687
59 0.616794
60 0.617124
61 0.61884
62 0.61868
63 0.620138
64 0.620612
65 0.621018
66 0.620267
67 0.620637
68 0.622189
69 0.622401
70 0.622921
71 0.622714
72 0.623486
73 0.623031
74 0.6239
75 0.625422
76 0.624402
77 0.624632
78 0.624842
79 0.625846
80 0.626081
81 0.62601
82 0.627467
83 0.627451
84 0.628227
85 0.626706
86 0.628052
87 0.628736
88 0.629097
89 0.628506
90 0.629046
91 0.63014
92 0.630649
93 0.630716
94 0.631136
95 0.631362
96 0.630893
97 0.631357
98 0.631133
99 0.63253
100 0.631619
101 0.632704
102 0.632473
103 0.633631
104 0.633658
105 0.634466
106 0.634007
107 0.634346
108 0.633781
109 0.634911
110 0.63425
111 0.635235
112 0.636112
113 0.636255
114 0.634693
115 0.636101
116 0.635517
117 0.636117
118 0.636646
119 0.636678
120 0.636995
121 0.636243
122 0.637658
123 0.637889
124 0.638213
125 0.637731
126 0.638699
127 0.63898
128 0.638656
129 0.638239
130 0.639781
131 0.639465
132 0.640187
133 0.63916
134 0.640127
135 0.6397
136 0.640372
137 0.640615
138 0.640914
139 0.64078
140 0.641081
141 0.640552
142 0.641536
143 0.642605
144 0.642263
145 0.642235
146 0.642964
147 0.64324
148 0.64237
149 0.642759
150 0.642694
151 0.643174
152 0.644073
153 0.643388
154 0.643888
155 0.643756
156 0.645143
157 0.644209
158 0.644736
159 0.643253
160 0.644081
161 0.643888
162 0.644851
163 0.644689
164 0.64503
165 0.645627
166 0.645535
167 0.645443
168 0.645223
169 0.645505
170 0.646177
171 0.646703
172 0.645994
173 0.64681
174 0.64679
175 0.646366
176 0.646812
177 0.646991
178 0.646357
179 0.647085
180 0.647489
181 0.647446
182 0.647255
183 0.647755
184 0.647805
185 0.647523
186 0.648981
187 0.648278
188 0.648176
189 0.64909
190 0.648343
191 0.648546
192 0.648766
193 0.649751
194 0.648604
195 0.649277
196 0.649171
197 0.64989
198 0.649477
199 0.649206
200 0.649421
201 0.6489
202 0.649893
203 0.648778
204 0.649904
205 0.649985
206 0.650474
207 0.649814
208 0.651084
209 0.650121
210 0.650436
211 0.650564
212 0.650402
213 0.650602
214 0.650312
215 0.65084
216 0.651952
217 0.650909
218 0.651574
219 0.650868
220 0.651968
221 0.652332
222 0.651482
223 0.652241
224 0.651905
225 0.651657
226 0.651814
227 0.652281
228 0.651802
229 0.6526
230 0.651923
231 0.652823
232 0.653137
233 0.651552
234 0.653275
235 0.652469
236 0.652769
237 0.653535
238 0.65337
239 0.652589
240 0.653513
241 0.652999
242 0.653561
243 0.652519
244 0.653188
245 0.652982
246 0.653547
247 0.653845
248 0.653719
249 0.654074
250 0.653424
251 0.653738
252 0.653954
253 0.654028
254 0.654526
255 0.654123
256 0.653963
257 0.654498
258 0.654518
259 0.655052
260 0.654159
261 0.654129
262 0.654048
263 0.655342
264 0.654616
265 0.655406
266 0.654827
267 0.655587
268 0.655398
269 0.655124
270 0.655593
271 0.654836
272 0.655504
273 0.655312
274 0.655358
275 0.655406
276 0.655599
277 0.65652
278 0.655311
279 0.655327
280 0.655632
281 0.655775
282 0.655464
283 0.656221
284 0.656263
285 0.656022
286 0.655907
287 0.656326
288 0.656451
289 0.65627
290 0.656786
291 0.657281
292 0.657048
293 0.657235
294 0.656139
295 0.656527
296 0.656549
297 0.657987
298 0.656414
299 0.656935
300 0.657101
