1 0.5
2 0.499705
3 0.499348
4 0.498918
5 0.498487
6 0.498043
7 0.49754
8 0.497129
9 0.49686
10 0.496335
11 0.496071
12 0.49558
13 0.495276
14 0.495072
15 0.494643
16 0.494341
17 0.493872
18 0.493564
19 0.493254
20 0.492921
21 0.492688
22 0.492498
23 0.492244
24 0.491763
25 0.491514
26 0.491465
27 0.491183
28 0.490808
29 0.490632
30 0.490392
31 0.490447
32 0.490118
33 0.489917
34 0.489856
35 0.489606
36 0.489342
37 0.488998
38 0.488895
39 0.488951
40 0.488514
41 0.48838
42 0.48809
43 0.488122
44 0.487882
45 0.487841
46 0.487734
47 0.487409
48 0.487389
49 0.487067
50 0.487167
51 0.487002
52 0.486773
53 0.486758
54 0.48643
55 0.486538
56 0.48642
57 0.486144
58 0.486194
59 0.486168
60 0.486089
61 0.485672
62 0.485712
63 0.485353
64 0.485235
65 0.485134
66 0.485321
67 0.485229
68 0.484841
69 0.484787
70 0.484656
71 0.484708
72 0.484512
73 0.484628
74 0.484406
75 0.484014
76 0.484278
77 0.484218
78 0.484164
79 0.483904
80 0.483843
81 0.483862
82 0.48348
83 0.483484
84 0.483279
85 0.48368
86 0.483325
87 0.483144
88 0.483047
89 0.483205
90 0.483061
91 0.482767
92 0.48263
93 0.482612
94 0.482498
95 0.482436
96 0.482564
97 0.482438
98 0.482498
99 0.482117
100 0.482366
101 0.482069
102 0.482132
103 0.481813
104 0.481805
105 0.48158
106 0.481708
107 0.481614
108 0.481771
109 0.481456
110 0.481641
111 0.481365
112 0.481118
113 0.481077
114 0.481517
115 0.481121
116 0.481286
117 0.481116
118 0.480966
119 0.480957
120 0.480867
121 0.481081
122 0.480678
123 0.480611
124 0.480518
125 0.480657
126 0.480378
127 0.480297
128 0.480391
129 0.480511
130 0.480064
131 0.480156
132 0.479946
133 0.480245
134 0.479964
135 0.480088
136 0.479892
137 0.479821
138 0.479733
139 0.479772
140 0.479684
141 0.479839
142 0.47955
143 0.479233
144 0.479335
145 0.479343
146 0.479126
147 0.479044
148 0.479303
149 0.479187
150 0.479207
151 0.479064
152 0.478794
153 0.479
154 0.47885
155 0.478889
156 0.478471
157 0.478753
158 0.478594
159 0.47904
160 0.478792
161 0.47885
162 0.478559
163 0.478608
164 0.478505
165 0.478324
166 0.478352
167 0.47838
168 0.478446
169 0.478361
170 0.478156
171 0.477995
172 0.478212
173 0.477962
174 0.477968
175 0.478098
176 0.477961
177 0.477906
178 0.478101
179 0.477877
180 0.477753
181 0.477766
182 0.477825
183 0.477671
184 0.477655
185 0.477742
186 0.47729
187 0.477508
188 0.47754
189 0.477256
190 0.477488
191 0.477425
192 0.477357
193 0.477049
194 0.477407
195 0.477197
196 0.47723
197 0.477005
198 0.477134
199 0.477219
200 0.477152
201 0.477315
202 0.477004
203 0.477353
204 0.477
205 0.476975
206 0.476821
207 0.477029
208 0.476628
209 0.476932
210 0.476833
211 0.476793
212 0.476844
213 0.476781
214 0.476872
215 0.476705
216 0.476352
217 0.476683
218 0.476472
219 0.476696
220 0.476347
221 0.476231
222 0.476502
223 0.47626
224 0.476367
225 0.476446
226 0.476396
227 0.476247
228 0.4764
229 0.476145
230 0.476361
231 0.476073
232 0.475972
233 0.476479
234 0.475928
235 0.476187
236 0.476091
237 0.475844
238 0.475897
239 0.476148
240 0.475851
241 0.476017
242 0.475836
243 0.476171
244 0.475956
245 0.476022
246 0.47584
247 0.475744
248 0.475785
249 0.47567
250 0.47588
251 0.475779
252 0.475709
253 0.475685
254 0.475523
255 0.475654
256 0.475706
257 0.475532
258 0.475526
259 0.475352
260 0.475642
261 0.475652
262 0.475678
263 0.475257
264 0.475494
265 0.475236
266 0.475425
267 0.475177
268 0.475239
269 0.475329
270 0.475175
271 0.475422
272 0.475204
273 0.475267
274 0.475252
275 0.475236
276 0.475173
277 0.474871
278 0.475267
279 0.475262
280 0.475162
281 0.475116
282 0.475217
283 0.474969
284 0.474955
285 0.475035
286 0.475072
287 0.474935
288 0.474893
289 0.474953
290 0.474783
291 0.474619
292 0.474696
293 0.474634
294 0.474996
295 0.474868
296 0.474861
297 0.474385
298 0.474906
299 0.474734
300 0.474679
