1 0.099032
2 0.110225
3 0.118664
4 0.126138
5 0.132842
6 0.138907
7 0.144612
8 0.149933
9 0.155011
10 0.159852
11 0.164503
12 0.168983
13 0.173294
14 0.177421
15 0.181425
16 0.185302
17 0.189067
18 0.192741
19 0.196294
20 0.199745
21 0.203105
22 0.206397
23 0.209589
24 0.212717
25 0.215774
26 0.218736
27 0.221647
28 0.224488
29 0.227248
30 0.229937
31 0.232549
32 0.235099
33 0.237593
34 0.240034
35 0.242432
36 0.244786
37 0.247092
38 0.249367
39 0.251601
40 0.253791
41 0.25595
42 0.258072
43 0.260144
44 0.262185
45 0.264197
46 0.266178
47 0.268124
48 0.270042
49 0.271933
50 0.273794
51 0.275618
52 0.277414
53 0.279185
54 0.280925
55 0.282643
56 0.284338
57 0.286005
58 0.287648
59 0.289266
60 0.290867
61 0.292446
62 0.294012
63 0.295563
64 0.297098
65 0.298614
66 0.30011
67 0.301589
68 0.30305
69 0.304488
70 0.305909
71 0.307315
72 0.308707
73 0.310079
74 0.311434
75 0.312774
76 0.314102
77 0.315415
78 0.316714
79 0.318
80 0.319278
81 0.320543
82 0.321795
83 0.323035
84 0.324263
85 0.325481
86 0.326687
87 0.327881
88 0.329062
89 0.330237
90 0.3314
91 0.332551
92 0.333694
93 0.334826
94 0.335945
95 0.337055
96 0.338153
97 0.339244
98 0.340325
99 0.341399
100 0.342462
101 0.343514
102 0.34456
103 0.345598
104 0.346623
105 0.347638
106 0.348645
107 0.349646
108 0.350639
109 0.351624
110 0.352601
111 0.353573
112 0.354538
113 0.355492
114 0.356436
115 0.357372
116 0.3583
117 0.359223
118 0.360137
119 0.361044
120 0.361947
121 0.36284
122 0.363728
123 0.364611
124 0.365487
125 0.366359
126 0.367226
127 0.368088
128 0.368944
129 0.369795
130 0.370641
131 0.371481
132 0.372318
133 0.37315
134 0.373977
135 0.374798
136 0.375612
137 0.376422
138 0.377225
139 0.37802
140 0.37881
141 0.379595
142 0.380378
143 0.381154
144 0.381927
145 0.382695
146 0.383458
147 0.384219
148 0.384974
149 0.385724
150 0.386471
151 0.387211
152 0.387945
153 0.388674
154 0.3894
155 0.390121
156 0.390838
157 0.391553
158 0.392263
159 0.392969
160 0.393671
161 0.394368
162 0.395062
163 0.395752
164 0.396435
165 0.397117
166 0.397793
167 0.398466
168 0.399136
169 0.399803
170 0.400465
171 0.401123
172 0.401778
173 0.40243
174 0.403079
175 0.403723
176 0.404364
177 0.405001
178 0.405634
179 0.406264
180 0.406891
181 0.407514
182 0.408135
183 0.408753
184 0.409368
185 0.409981
186 0.410591
187 0.411199
188 0.411803
189 0.412404
190 0.412998
191 0.413591
192 0.414182
193 0.414772
194 0.415359
195 0.415942
196 0.416522
197 0.417101
198 0.417675
199 0.418245
200 0.418812
201 0.419377
202 0.41994
203 0.420502
204 0.421061
205 0.421617
206 0.42217
207 0.422721
208 0.42327
209 0.423814
210 0.424356
211 0.424894
212 0.42543
213 0.425961
214 0.426491
215 0.427018
216 0.427543
217 0.428068
218 0.42859
219 0.429109
220 0.429626
221 0.430142
222 0.430656
223 0.431167
224 0.431675
225 0.432178
226 0.432679
227 0.433179
228 0.433674
229 0.434168
230 0.434659
231 0.435147
232 0.435632
233 0.436115
234 0.436596
235 0.437075
236 0.437553
237 0.438029
238 0.438503
239 0.438975
240 0.439444
241 0.439914
242 0.440382
243 0.440846
244 0.441309
245 0.441769
246 0.442228
247 0.442685
248 0.443138
249 0.443591
250 0.444041
251 0.444488
252 0.444933
253 0.445379
254 0.445822
255 0.446264
256 0.446705
257 0.447144
258 0.447581
259 0.448016
260 0.448449
261 0.44888
262 0.449309
263 0.449736
264 0.450163
265 0.450588
266 0.451012
267 0.451434
268 0.451856
269 0.452275
270 0.452693
271 0.45311
272 0.453525
273 0.453937
274 0.454348
275 0.454758
276 0.455166
277 0.455572
278 0.455978
279 0.45638
280 0.456782
281 0.457181
282 0.457577
283 0.457972
284 0.458364
285 0.458756
286 0.459147
287 0.459536
288 0.459923
289 0.460309
290 0.460693
291 0.461076
292 0.461459
293 0.46184
294 0.46222
295 0.462598
296 0.462975
297 0.463351
298 0.463726
299 0.464099
300 0.464471
