1 0.5
2 0.358869
3 0.297598
4 0.26159
5 0.237194
6 0.219482
7 0.205887
8 0.194958
9 0.186092
10 0.178599
11 0.172177
12 0.166779
13 0.162023
14 0.157754
15 0.154019
16 0.1506
17 0.147569
18 0.144796
19 0.142297
20 0.139966
21 0.137858
22 0.135917
23 0.134129
24 0.132467
25 0.130907
26 0.129459
27 0.128123
28 0.126815
29 0.125624
30 0.124533
31 0.123504
32 0.122528
33 0.121601
34 0.12072
35 0.11987
36 0.119078
37 0.118354
38 0.117617
39 0.116934
40 0.116284
41 0.115642
42 0.115031
43 0.114466
44 0.113912
45 0.113398
46 0.112893
47 0.112407
48 0.111938
49 0.111488
50 0.11105
51 0.110629
52 0.110206
53 0.109825
54 0.109454
55 0.109087
56 0.108734
57 0.108397
58 0.108068
59 0.107748
60 0.107428
61 0.107129
62 0.106831
63 0.106538
64 0.106259
65 0.105979
66 0.105712
67 0.105452
68 0.105203
69 0.104968
70 0.104726
71 0.104491
72 0.104267
73 0.104043
74 0.103829
75 0.103607
76 0.103405
77 0.103203
78 0.102996
79 0.102812
80 0.102621
81 0.102438
82 0.102254
83 0.102083
84 0.10191
85 0.101747
86 0.101569
87 0.101402
88 0.101236
89 0.101069
90 0.100906
91 0.100754
92 0.100604
93 0.100457
94 0.100312
95 0.100171
96 0.100027
97 0.0998858
98 0.0997445
99 0.0996091
100 0.0994779
101 0.0993451
102 0.0992114
103 0.0990857
104 0.0989485
105 0.0988208
106 0.0986992
107 0.0985808
108 0.0984609
109 0.0983384
110 0.0982181
111 0.0981109
112 0.097999
113 0.0978895
114 0.0977819
115 0.0976758
116 0.0975801
117 0.0974786
118 0.0973768
119 0.0972786
120 0.0971821
121 0.0970833
122 0.0969889
123 0.0968854
124 0.0967918
125 0.0967033
126 0.0966118
127 0.0965216
128 0.0964339
129 0.0963435
130 0.0962484
131 0.09616
132 0.0960728
133 0.095993
134 0.0959093
135 0.0958182
136 0.095737
137 0.095654
138 0.0955739
139 0.0954957
140 0.0954172
141 0.0953379
142 0.0952616
143 0.0951879
144 0.095116
145 0.0950415
146 0.0949685
147 0.0948986
148 0.0948276
149 0.0947529
150 0.0946803
151 0.0946153
152 0.0945479
153 0.0944814
154 0.0944193
155 0.0943532
156 0.0942876
157 0.0942188
158 0.0941518
159 0.094083
160 0.0940211
161 0.093957
162 0.0938951
163 0.0938303
164 0.0937681
165 0.0937026
166 0.0936409
167 0.0935795
168 0.0935179
169 0.0934595
170 0.0933982
171 0.0933348
172 0.0932773
173 0.0932204
174 0.0931561
175 0.0930911
176 0.0930307
177 0.092969
178 0.0929072
179 0.092848
180 0.0927881
181 0.0927308
182 0.0926727
183 0.0926197
184 0.0925667
185 0.09251
186 0.0924584
187 0.0924033
188 0.0923493
189 0.0922984
190 0.0922443
191 0.0921909
192 0.0921404
193 0.0920904
194 0.0920405
195 0.091989
196 0.091941
197 0.0918913
198 0.0918388
199 0.0917895
200 0.0917435
201 0.0916961
202 0.0916482
203 0.0915977
204 0.0915474
205 0.0914985
206 0.0914497
207 0.0914017
208 0.0913553
209 0.0913086
210 0.0912571
211 0.0912121
212 0.0911637
213 0.0911189
214 0.0910764
215 0.0910313
216 0.0909822
217 0.0909388
218 0.0908905
219 0.0908465
220 0.0908034
221 0.0907605
222 0.0907187
223 0.0906747
224 0.0906281
225 0.090586
226 0.0905423
227 0.0905022
228 0.0904572
229 0.0904184
230 0.090374
231 0.0903335
232 0.0902942
233 0.0902521
234 0.090212
235 0.0901728
236 0.0901336
237 0.0900924
238 0.09005
239 0.0900092
240 0.0899682
241 0.0899293
242 0.0898897
243 0.0898494
244 0.0898085
245 0.0897719
246 0.089736
247 0.0896981
248 0.0896618
249 0.089626
250 0.0895894
251 0.0895519
252 0.0895113
253 0.0894776
254 0.0894392
255 0.0894039
256 0.0893675
257 0.089332
258 0.0892964
259 0.0892606
260 0.0892238
261 0.089187
262 0.0891551
263 0.0891182
264 0.0890843
265 0.0890488
266 0.0890138
267 0.0889804
268 0.0889455
269 0.0889121
270 0.0888769
271 0.0888442
272 0.0888107
273 0.0887774
274 0.0887437
275 0.0887105
276 0.0886754
277 0.0886433
278 0.0886111
279 0.0885777
280 0.0885449
281 0.0885149
282 0.0884812
283 0.0884456
284 0.0884122
285 0.0883828
286 0.0883516
287 0.0883215
288 0.0882924
289 0.0882593
290 0.0882295
291 0.0881981
292 0.0881706
293 0.088142
294 0.088109
295 0.0880781
296 0.0880478
297 0.0880194
298 0.0879917
299 0.0879607
300 0.087932
