1 0.499423
2 0.508311
3 0.514055
4 0.518764
5 0.522786
6 0.526356
7 0.529668
8 0.532648
9 0.535237
10 0.537757
11 0.540013
12 0.542206
13 0.544235
14 0.546077
15 0.547872
16 0.549568
17 0.551243
18 0.552839
19 0.554367
20 0.555841
21 0.557239
22 0.558559
23 0.559828
24 0.561101
25 0.562326
26 0.563467
27 0.564579
28 0.565681
29 0.566738
30 0.567765
31 0.568717
32 0.569661
33 0.570578
34 0.571449
35 0.572306
36 0.57315
37 0.573992
38 0.574803
39 0.575565
40 0.57634
41 0.577092
42 0.577839
43 0.578549
44 0.57925
45 0.579924
46 0.58058
47 0.581238
48 0.58187
49 0.582505
50 0.583106
51 0.583698
52 0.584285
53 0.584852
54 0.585423
55 0.585965
56 0.586497
57 0.58703
58 0.587542
59 0.588037
60 0.588522
61 0.589019
62 0.589498
63 0.589984
64 0.590463
65 0.590933
66 0.591377
67 0.591814
68 0.592261
69 0.592697
70 0.593129
71 0.593546
72 0.593962
73 0.59436
74 0.594759
75 0.595168
76 0.595553
77 0.59593
78 0.596301
79 0.596675
80 0.597042
81 0.5974
82 0.597767
83 0.598124
84 0.598483
85 0.598815
86 0.599155
87 0.599495
88 0.599831
89 0.600153
90 0.600474
91 0.6008
92 0.601125
93 0.601443
94 0.601759
95 0.60207
96 0.602371
97 0.60267
98 0.60296
99 0.603259
100 0.603542
101 0.603831
102 0.604112
103 0.604398
104 0.60468
105 0.604963
106 0.605237
107 0.605509
108 0.605771
109 0.606039
110 0.606295
111 0.606556
112 0.60682
113 0.60708
114 0.607322
115 0.607573
116 0.607813
117 0.608055
118 0.608298
119 0.608536
120 0.608773
121 0.609
122 0.609235
123 0.609468
124 0.6097
125 0.609924
126 0.610153
127 0.61038
128 0.610601
129 0.610815
130 0.611038
131 0.611255
132 0.611474
133 0.611682
134 0.611894
135 0.6121
136 0.612308
137 0.612515
138 0.612721
139 0.612922
140 0.613124
141 0.613318
142 0.613517
143 0.61372
144 0.613918
145 0.614114
146 0.614311
147 0.614508
148 0.614696
149 0.614885
150 0.61507
151 0.615256
152 0.615446
153 0.615628
154 0.615812
155 0.615992
156 0.616179
157 0.616358
158 0.616537
159 0.616705
160 0.616876
161 0.617044
162 0.617216
163 0.617384
164 0.617553
165 0.617723
166 0.617891
167 0.618056
168 0.618217
169 0.618379
170 0.618542
171 0.618707
172 0.618866
173 0.619027
174 0.619187
175 0.619342
176 0.619498
177 0.619653
178 0.619803
179 0.619956
180 0.620109
181 0.62026
182 0.620408
183 0.620558
184 0.620706
185 0.620851
186 0.621002
187 0.621148
188 0.621291
189 0.621439
190 0.62158
191 0.621721
192 0.621862
193 0.622007
194 0.622144
195 0.622283
196 0.62242
197 0.62256
198 0.622696
199 0.622829
200 0.622962
201 0.623091
202 0.623223
203 0.623349
204 0.623479
205 0.623609
206 0.623739
207 0.623865
208 0.623996
209 0.624121
210 0.624246
211 0.624371
212 0.624494
213 0.624616
214 0.624736
215 0.624858
216 0.624983
217 0.625103
218 0.625224
219 0.625341
220 0.625462
221 0.625584
222 0.625701
223 0.62582
224 0.625936
225 0.62605
226 0.626164
227 0.626279
228 0.626391
229 0.626506
230 0.626616
231 0.62673
232 0.626844
233 0.62695
234 0.627062
235 0.62717
236 0.627279
237 0.62739
238 0.627499
239 0.627604
240 0.627712
241 0.627817
242 0.627923
243 0.628024
244 0.628127
245 0.628229
246 0.628332
247 0.628435
248 0.628537
249 0.628639
250 0.628739
251 0.628838
252 0.628938
253 0.629037
254 0.629137
255 0.629235
256 0.629332
257 0.62943
258 0.629527
259 0.629626
260 0.62972
261 0.629814
262 0.629906
263 0.630003
264 0.630096
265 0.630191
266 0.630284
267 0.630379
268 0.630472
269 0.630564
270 0.630657
271 0.630746
272 0.630837
273 0.630926
274 0.631016
275 0.631104
276 0.631193
277 0.631285
278 0.631371
279 0.631457
280 0.631543
281 0.631629
282 0.631714
283 0.6318
284 0.631887
285 0.631971
286 0.632055
287 0.63214
288 0.632224
289 0.632307
290 0.632392
291 0.632477
292 0.632561
293 0.632645
294 0.632725
295 0.632806
296 0.632886
297 0.632971
298 0.633049
299 0.633129
300 0.633209
