1 0
2 0.499821
3 0.750018
4 0
5 0.332997
6 0.11156
7 0.124796
8 0.069503
9 0.157026
10 0.104629
11 0.14083
12 0.096547
13 0.141896
14 0.123483
15 0.142364
16 0.115519
17 0.165274
18 0.131352
19 0.164496
20 0.138257
21 0.159849
22 0.119215
23 0.135255
24 0.128483
25 0.146951
26 0.124091
27 0.142602
28 0.153224
29 0.178862
30 0.147434
31 0.144126
32 0.142194
33 0.135312
34 0.123573
35 0.134397
36 0.116767
37 0.147838
38 0.126833
39 0.132865
40 0.124152
41 0.130384
42 0.120127
43 0.130923
44 0.118344
45 0.131977
46 0.11503
47 0.126138
48 0.117807
49 0.123766
50 0.111807
51 0.117712
52 0.113816
53 0.116171
54 0.111493
55 0.113466
56 0.112023
57 0.112525
58 0.111356
59 0.11624
60 0.110757
61 0.110641
62 0.121294
63 0.119808
64 0.113708
65 0.114687
66 0.115124
67 0.111718
68 0.110127
69 0.112083
70 0.108362
71 0.107644
72 0.10798
73 0.109211
74 0.10336
75 0.110921
76 0.110806
77 0.121767
78 0.114875
79 0.111603
80 0.108227
81 0.112305
82 0.107444
83 0.109718
84 0.103793
85 0.108729
86 0.102667
87 0.107554
88 0.117946
89 0.113859
90 0.103652
91 0.104579
92 0.098146
93 0.10339
94 0.097443
95 0.09979
96 0.096987
97 0.111766
98 0.111232
99 0.108176
100 0.103708
