1 0
2 0.249911
3 0.416579
4 0.31259
5 0.3165
6 0.282616
7 0.260061
8 0.23611
9 0.227347
10 0.212287
11 0.20415
12 0.195275
13 0.190562
14 0.187963
15 0.183275
16 0.17841
17 0.176388
18 0.171782
19 0.177091
20 0.173134
21 0.169973
22 0.16728
23 0.163551
24 0.161149
25 0.160901
26 0.158827
27 0.157585
28 0.156591
29 0.156443
30 0.154538
31 0.153425
32 0.152408
33 0.151427
34 0.150129
35 0.148844
36 0.147366
37 0.146764
38 0.146169
39 0.145069
40 0.144018
41 0.142903
42 0.141826
43 0.141057
44 0.139761
45 0.139271
46 0.138268
47 0.137677
48 0.136762
49 0.135904
50 0.135088
51 0.133999
52 0.132802
53 0.131946
54 0.131091
55 0.130177
56 0.129419
57 0.128408
58 0.127968
59 0.127275
60 0.12711
61 0.126416
62 0.126051
63 0.125378
64 0.124966
65 0.124481
66 0.123996
67 0.123432
68 0.122905
69 0.122568
70 0.121966
71 0.121412
72 0.12119
73 0.121522
74 0.12133
75 0.120989
76 0.120609
77 0.120252
78 0.120429
79 0.120028
80 0.119711
81 0.119184
82 0.118766
83 0.118464
84 0.118135
85 0.117879
86 0.117494
87 0.11709
88 0.116965
89 0.116855
90 0.116482
91 0.116174
92 0.115657
93 0.115461
94 0.114906
95 0.114792
96 0.114554
97 0.114268
98 0.114034
99 0.11413
100 0.113858
