1 0.458185
2 0.458782
3 0.458578
4 0.458241
5 0.458278
6 0.4585
7 0.458017
8 0.458647
9 0.458508
10 0.458706
11 0.458276
12 0.457965
13 0.458143
14 0.458447
15 0.458471
16 0.458139
17 0.458559
18 0.458321
19 0.458509
20 0.458446
21 0.458569
22 0.458454
23 0.458304
24 0.458359
25 0.458397
26 0.458436
27 0.458138
28 0.458015
29 0.458166
30 0.458347
31 0.458248
32 0.458383
33 0.458132
34 0.45814
35 0.45837
36 0.458397
37 0.458256
38 0.458645
39 0.458009
40 0.458448
41 0.45861
42 0.458331
43 0.458297
44 0.458526
45 0.458457
46 0.458169
47 0.458155
48 0.458133
49 0.458849
50 0.458428
51 0.458264
52 0.458473
53 0.458521
54 0.458577
55 0.458275
56 0.458259
57 0.458379
58 0.458842
59 0.457995
60 0.458709
61 0.458083
62 0.458387
63 0.458309
64 0.457958
65 0.458229
66 0.458037
67 0.458392
68 0.458513
69 0.45849
70 0.458164
71 0.457988
72 0.458339
73 0.458297
74 0.458645
75 0.458435
76 0.458204
77 0.458191
78 0.458443
79 0.45848
80 0.458473
81 0.458568
82 0.458262
83 0.458178
84 0.458321
85 0.458404
86 0.458247
87 0.458752
88 0.458489
89 0.458256
90 0.458575
91 0.45844
92 0.458281
93 0.458347
94 0.458387
95 0.458154
96 0.458604
97 0.45851
98 0.458324
99 0.458431
100 0.458335
101 0.458454
102 0.458486
103 0.458232
104 0.458189
105 0.458071
106 0.458166
107 0.458134
108 0.458237
109 0.458481
110 0.458405
111 0.458421
112 0.45826
113 0.458168
114 0.458144
115 0.458307
116 0.458347
117 0.458355
118 0.458771
119 0.458191
120 0.458566
121 0.457943
122 0.458561
123 0.458159
124 0.458413
125 0.457945
126 0.458278
127 0.457934
128 0.458263
129 0.458383
130 0.458357
131 0.458497
132 0.458111
133 0.457998
134 0.458417
135 0.458821
136 0.458134
137 0.458098
138 0.458475
139 0.458035
140 0.458342
141 0.458436
142 0.458001
143 0.458421
144 0.458423
145 0.458629
146 0.458307
147 0.458271
148 0.458962
149 0.458174
150 0.45837
151 0.458221
152 0.45845
153 0.458002
154 0.457882
155 0.458129
156 0.458415
157 0.458283
158 0.45805
159 0.458312
160 0.45814
161 0.458448
162 0.458185
163 0.458163
164 0.458243
165 0.458552
166 0.458242
167 0.458381
168 0.457994
169 0.458481
170 0.458465
171 0.458546
172 0.45821
173 0.45823
174 0.458247
175 0.458294
176 0.458585
177 0.457846
178 0.458235
179 0.458396
180 0.458394
181 0.458519
182 0.458325
183 0.458243
184 0.458098
185 0.458558
186 0.458264
187 0.458383
188 0.458179
189 0.458583
190 0.458143
191 0.458554
192 0.458526
193 0.458258
194 0.45874
195 0.458596
196 0.458369
197 0.458263
198 0.458184
199 0.458222
200 0.457903
201 0.458316
202 0.458559
203 0.458337
204 0.458677
205 0.458372
206 0.458324
207 0.45824
208 0.458721
209 0.458153
210 0.458127
211 0.458689
212 0.458567
213 0.458269
214 0.458466
215 0.458144
216 0.458451
217 0.458081
218 0.458119
219 0.458814
220 0.458212
221 0.458286
222 0.458249
223 0.458278
224 0.458749
225 0.458159
226 0.458317
227 0.458406
228 0.45883
229 0.458171
230 0.458348
231 0.458309
232 0.458406
233 0.458134
234 0.457939
235 0.458479
236 0.458624
237 0.45858
238 0.458042
239 0.458271
240 0.458166
241 0.458389
242 0.458102
243 0.457961
244 0.458402
245 0.458397
246 0.458272
247 0.458311
248 0.45832
249 0.458599
250 0.457972
251 0.458322
252 0.45835
253 0.458448
254 0.458368
255 0.45828
256 0.458334
257 0.458306
258 0.458349
259 0.45846
260 0.45826
261 0.458237
262 0.458515
263 0.458627
264 0.45865
265 0.458354
266 0.458126
267 0.457761
268 0.458252
269 0.458216
270 0.458364
271 0.45839
272 0.458354
273 0.458076
274 0.458398
275 0.458618
276 0.458153
277 0.458158
278 0.458285
279 0.458133
280 0.458345
281 0.458538
282 0.458493
283 0.45844
284 0.458247
285 0.458521
286 0.458318
287 0.458339
288 0.458415
289 0.458133
290 0.458329
291 0.458339
292 0.458029
293 0.458223
294 0.458116
295 0.458527
296 0.458149
297 0.458069
298 0.458293
299 0.45866
300 0.458304
