1 0.0780466
2 0.0780077
3 0.0780175
4 0.0780439
5 0.078064
6 0.0780477
7 0.078054
8 0.0780503
9 0.078037
10 0.0780581
11 0.0780524
12 0.0780514
13 0.0780265
14 0.0780297
15 0.078027
16 0.0780313
17 0.07803
18 0.0780297
19 0.0780307
20 0.0780247
21 0.0780208
22 0.0780145
23 0.0780187
24 0.0780205
25 0.0780237
26 0.0780328
27 0.0780346
28 0.0780381
29 0.0780402
30 0.0780391
31 0.0780365
32 0.078033
33 0.0780327
34 0.0780366
35 0.078035
36 0.0780376
37 0.0780365
38 0.0780285
39 0.0780302
40 0.078028
41 0.0780239
42 0.0780246
43 0.0780268
44 0.0780214
45 0.0780216
46 0.07802
47 0.0780198
48 0.078018
49 0.078019
50 0.0780197
51 0.0780195
52 0.0780174
53 0.0780149
54 0.0780128
55 0.0780133
56 0.0780104
57 0.0780082
58 0.0780044
59 0.0780028
60 0.0780002
61 0.0780013
62 0.0779991
63 0.0780022
64 0.0780033
65 0.0779998
66 0.0780008
67 0.0779995
68 0.0779978
69 0.0779963
70 0.0779956
71 0.0779937
72 0.0779934
73 0.0779949
74 0.0779934
75 0.0779957
76 0.0779977
77 0.0779972
78 0.0779947
79 0.0779937
80 0.0779918
81 0.0779912
82 0.0779928
83 0.0779955
84 0.0779958
85 0.0779944
86 0.0779951
87 0.0779961
88 0.0779953
89 0.0779944
90 0.0779944
91 0.0779962
92 0.0779919
93 0.0779935
94 0.077996
95 0.0779946
96 0.0779921
97 0.0779902
98 0.0779898
99 0.0779897
100 0.0779908
101 0.0779903
102 0.0779878
103 0.0779874
104 0.0779885
105 0.0779887
106 0.0779883
107 0.0779878
108 0.077988
109 0.0779872
110 0.0779876
111 0.0779871
112 0.0779873
113 0.0779871
114 0.0779881
115 0.0779887
116 0.0779882
117 0.0779876
118 0.0779888
119 0.0779886
120 0.0779885
121 0.0779888
122 0.0779895
123 0.0779893
124 0.0779888
125 0.0779883
126 0.0779885
127 0.077989
128 0.0779905
129 0.0779906
130 0.0779901
131 0.0779898
132 0.0779875
133 0.0779881
134 0.0779895
135 0.0779892
136 0.0779883
137 0.077987
138 0.0779869
139 0.0779859
140 0.0779859
141 0.0779863
142 0.0779861
143 0.0779867
144 0.0779864
145 0.0779872
146 0.0779873
147 0.0779878
148 0.0779864
149 0.0779869
150 0.0779878
151 0.0779876
152 0.0779867
153 0.0779879
154 0.0779869
155 0.0779877
156 0.0779875
157 0.0779882
158 0.0779878
159 0.0779865
160 0.0779872
161 0.0779872
162 0.0779863
163 0.0779867
164 0.0779854
165 0.0779855
166 0.0779852
167 0.0779846
168 0.0779858
169 0.0779851
170 0.0779843
171 0.0779856
172 0.0779853
173 0.0779858
174 0.0779866
175 0.0779874
176 0.0779871
177 0.0779872
178 0.077987
179 0.0779871
180 0.0779871
181 0.0779862
182 0.0779864
183 0.0779871
184 0.0779878
185 0.0779877
186 0.0779876
187 0.077987
188 0.0779872
189 0.0779874
190 0.0779883
191 0.0779878
192 0.0779873
193 0.0779876
194 0.0779869
195 0.0779862
196 0.077986
197 0.0779864
198 0.0779865
199 0.0779864
200 0.0779877
201 0.0779876
202 0.0779877
203 0.0779876
204 0.0779881
205 0.0779885
206 0.0779886
207 0.0779885
208 0.077988
209 0.077988
210 0.0779879
211 0.0779869
212 0.0779873
213 0.077987
214 0.0779865
215 0.0779856
216 0.0779854
217 0.0779854
218 0.0779854
219 0.0779853
220 0.0779858
221 0.0779858
222 0.0779854
223 0.0779863
224 0.0779871
225 0.0779873
226 0.0779879
227 0.0779881
228 0.0779877
229 0.0779872
230 0.0779865
231 0.0779873
232 0.0779876
233 0.0779887
234 0.0779887
235 0.0779882
236 0.077988
237 0.0779878
238 0.0779871
239 0.0779873
240 0.0779877
241 0.0779888
242 0.0779887
243 0.0779894
244 0.0779891
245 0.0779897
246 0.0779891
247 0.0779892
248 0.0779898
249 0.0779897
250 0.0779898
251 0.07799
252 0.0779894
253 0.0779895
254 0.0779894
255 0.0779901
256 0.0779906
257 0.0779904
258 0.0779906
259 0.0779904
260 0.0779905
261 0.0779908
262 0.0779901
263 0.07799
264 0.0779899
265 0.0779897
266 0.0779906
267 0.0779911
268 0.077991
269 0.0779908
270 0.0779907
271 0.0779906
272 0.07799
273 0.07799
274 0.0779905
275 0.0779901
276 0.0779901
277 0.07799
278 0.0779896
279 0.0779891
280 0.0779888
281 0.0779884
282 0.0779883
283 0.0779888
284 0.0779883
285 0.0779883
286 0.0779888
287 0.0779887
288 0.0779883
289 0.0779891
290 0.0779887
291 0.0779895
292 0.0779896
293 0.0779896
294 0.0779894
295 0.07799
296 0.0779904
297 0.0779906
298 0.0779902
299 0.07799
300 0.0779896
