1 0.299833
2 0.301205
3 0.300735
4 0.299961
5 0.300045
6 0.300555
7 0.299448
8 0.300894
9 0.300574
10 0.30103
11 0.300041
12 0.299331
13 0.299738
14 0.300433
15 0.30049
16 0.299727
17 0.300692
18 0.300144
19 0.300577
20 0.300431
21 0.300715
22 0.30045
23 0.300105
24 0.300232
25 0.30032
26 0.300409
27 0.299726
28 0.299445
29 0.29979
30 0.300205
31 0.299977
32 0.300288
33 0.299712
34 0.299731
35 0.300257
36 0.300318
37 0.299996
38 0.30089
39 0.299431
40 0.300435
41 0.300809
42 0.300167
43 0.30009
44 0.300615
45 0.300458
46 0.299796
47 0.299765
48 0.299713
49 0.301359
50 0.300391
51 0.300015
52 0.300493
53 0.300604
54 0.300733
55 0.30004
56 0.300003
57 0.300277
58 0.301343
59 0.299398
60 0.301037
61 0.2996
62 0.300296
63 0.300117
64 0.299314
65 0.299934
66 0.299494
67 0.300308
68 0.300585
69 0.300532
70 0.299784
71 0.299382
72 0.300186
73 0.30009
74 0.30089
75 0.300406
76 0.299876
77 0.299846
78 0.300425
79 0.300509
80 0.300494
81 0.300711
82 0.30001
83 0.299818
84 0.300144
85 0.300334
86 0.299974
87 0.301135
88 0.30053
89 0.299996
90 0.300729
91 0.300417
92 0.300053
93 0.300205
94 0.300296
95 0.299762
96 0.300796
97 0.300579
98 0.300152
99 0.300397
100 0.300177
101 0.300449
102 0.300524
103 0.299941
104 0.299843
105 0.299573
106 0.29979
107 0.299716
108 0.299953
109 0.300512
110 0.300337
111 0.300375
112 0.300004
113 0.299794
114 0.299739
115 0.300113
116 0.300205
117 0.300223
118 0.30118
119 0.299846
120 0.300707
121 0.29928
122 0.300697
123 0.299774
124 0.300355
125 0.299284
126 0.300045
127 0.299259
128 0.300012
129 0.300287
130 0.300228
131 0.300549
132 0.299663
133 0.299406
134 0.300365
135 0.301296
136 0.299717
137 0.299634
138 0.300499
139 0.29949
140 0.300193
141 0.300409
142 0.299413
143 0.300375
144 0.300378
145 0.300852
146 0.300113
147 0.30003
148 0.301622
149 0.299809
150 0.300256
151 0.299916
152 0.300441
153 0.299415
154 0.29914
155 0.299704
156 0.30036
157 0.300057
158 0.299524
159 0.300123
160 0.299729
161 0.300436
162 0.299834
163 0.299782
164 0.299967
165 0.300676
166 0.299963
167 0.300282
168 0.299396
169 0.300512
170 0.300475
171 0.300661
172 0.299891
173 0.299936
174 0.299975
175 0.300083
176 0.300752
177 0.29906
178 0.299947
179 0.300316
180 0.300312
181 0.3006
182 0.300153
183 0.299967
184 0.299633
185 0.300688
186 0.300013
187 0.300288
188 0.299819
189 0.300746
190 0.299737
191 0.300679
192 0.300615
193 0.3
194 0.301108
195 0.300777
196 0.300255
197 0.300012
198 0.29983
199 0.299917
200 0.299188
201 0.300133
202 0.300692
203 0.300181
204 0.300964
205 0.300261
206 0.300151
207 0.29996
208 0.301064
209 0.29976
210 0.2997
211 0.30099
212 0.30071
213 0.300025
214 0.300478
215 0.299739
216 0.300443
217 0.299595
218 0.299682
219 0.301279
220 0.299894
221 0.300064
222 0.29998
223 0.300046
224 0.30113
225 0.299774
226 0.300136
227 0.30034
228 0.301316
229 0.299801
230 0.300206
231 0.300117
232 0.30034
233 0.299716
234 0.299271
235 0.300507
236 0.30084
237 0.300739
238 0.299507
239 0.30003
240 0.29979
241 0.300301
242 0.299643
243 0.29932
244 0.30033
245 0.30032
246 0.300032
247 0.300122
248 0.300143
249 0.300784
250 0.299347
251 0.300147
252 0.300211
253 0.300435
254 0.300252
255 0.300051
256 0.300175
257 0.300111
258 0.30021
259 0.300463
260 0.300004
261 0.299953
262 0.300591
263 0.300847
264 0.3009
265 0.30022
266 0.299697
267 0.298866
268 0.299986
269 0.299904
270 0.300244
271 0.300303
272 0.300221
273 0.299583
274 0.300322
275 0.300826
276 0.29976
277 0.299772
278 0.300062
279 0.299713
280 0.300199
281 0.300644
282 0.30054
283 0.300417
284 0.299976
285 0.300604
286 0.300138
287 0.300185
288 0.30036
289 0.299713
290 0.300163
291 0.300187
292 0.299477
293 0.29992
294 0.299676
295 0.300617
296 0.29975
297 0.299568
298 0.300081
299 0.300923
300 0.300106
