1 0.0589406
2 0.0772232
3 0.0498632
4 0.0580135
5 0.0432391
6 0.04836
7 0.0408588
8 0.0439599
9 0.0349455
10 0.0378098
11 0.0320377
12 0.0339154
13 0.0305241
14 0.0308486
15 0.0282407
16 0.0295269
17 0.0254662
18 0.0264159
19 0.0245249
20 0.0250282
21 0.022487
22 0.0235251
23 0.0212346
24 0.0222352
25 0.020904
26 0.0206487
27 0.0191326
28 0.0198889
29 0.0184295
30 0.018744
31 0.017713
32 0.0179945
33 0.0167181
34 0.0171792
35 0.0162598
36 0.0163973
37 0.0155439
38 0.0155883
39 0.0147557
40 0.0153232
41 0.0142086
42 0.0144447
43 0.0139877
44 0.0139511
45 0.0133651
46 0.0135014
47 0.0127804
48 0.0130567
49 0.0124734
50 0.0126476
51 0.0119927
52 0.0123025
53 0.011646
54 0.0117949
55 0.011485
56 0.0115171
57 0.0111406
58 0.0112163
59 0.0107411
60 0.0109151
61 0.0105343
62 0.0105416
63 0.0101491
64 0.010371
65 0.00997125
66 0.00998031
67 0.00971556
68 0.00979608
69 0.00943326
70 0.00961019
71 0.00926418
72 0.00931972
73 0.00904334
74 0.00906136
75 0.00883012
76 0.00893487
77 0.00858859
78 0.0086862
79 0.00850075
80 0.00853815
81 0.00822085
82 0.0083142
83 0.008041
84 0.00816431
85 0.00799375
86 0.00794184
87 0.00771248
88 0.00782486
89 0.00755672
90 0.00765979
91 0.00745969
92 0.00751868
93 0.00728395
94 0.00734955
95 0.00716712
96 0.00721221
97 0.00708351
98 0.00706321
99 0.00692326
100 0.00698375
101 0.00678526
102 0.00681489
103 0.00667412
104 0.00671902
105 0.00656397
106 0.00664057
107 0.00644284
108 0.00650579
109 0.00636926
110 0.00641149
111 0.00623786
112 0.00630803
113 0.00614379
114 0.00614792
115 0.00607366
116 0.00607179
117 0.00593969
118 0.0059894
119 0.00586582
120 0.00592245
121 0.00578412
122 0.0057983
123 0.00570439
124 0.00573173
125 0.00560831
126 0.00561524
127 0.00554572
128 0.00553384
129 0.00542379
130 0.00548587
131 0.00535518
132 0.00539999
133 0.00530981
134 0.00533018
135 0.00523585
136 0.00526818
137 0.00515328
138 0.00517704
139 0.00510195
140 0.00513012
141 0.00504355
142 0.00506533
143 0.00496972
144 0.00499888
145 0.0049454
146 0.00492805
147 0.00484132
148 0.00489102
149 0.00479002
150 0.00481268
151 0.00475559
152 0.00475696
153 0.00467177
154 0.00469411
155 0.00463605
156 0.00464748
157 0.00456387
158 0.00458451
159 0.0045115
160 0.00455449
161 0.0044697
162 0.00448383
163 0.00441838
164 0.00443238
165 0.00437112
166 0.0043806
167 0.00431946
168 0.00433565
169 0.00428213
170 0.00428664
171 0.00421721
172 0.00423877
173 0.00416943
174 0.00418866
175 0.00414641
176 0.00414594
177 0.00407165
178 0.00410642
179 0.00403145
180 0.00406063
181 0.0040064
182 0.00401223
183 0.00396407
184 0.00398882
185 0.00391837
186 0.00393313
187 0.00389551
188 0.00390489
189 0.00386253
190 0.00387325
191 0.00380855
192 0.00382318
193 0.00377209
194 0.00377931
195 0.00374
196 0.00376498
197 0.00371226
198 0.00371093
199 0.00367366
200 0.00368674
201 0.00363534
202 0.0036455
203 0.00359511
204 0.00360654
205 0.00358202
206 0.00357895
207 0.00352789
208 0.00354744
209 0.00349522
210 0.0035142
211 0.00347713
212 0.00348428
213 0.00343633
214 0.00345555
215 0.00341157
216 0.00342008
217 0.00338594
218 0.00339499
219 0.00335414
220 0.00336948
221 0.00331843
222 0.00333148
223 0.00329664
224 0.00329806
225 0.003267
226 0.00327189
227 0.00324083
228 0.00324575
229 0.00321655
230 0.00322395
231 0.00318539
232 0.00321459
233 0.00317116
234 0.00317853
235 0.00315637
236 0.00315212
237 0.00311743
238 0.00312701
239 0.0030921
240 0.0031035
241 0.00307193
242 0.00306823
243 0.0030375
244 0.00304526
245 0.00301243
246 0.00301938
247 0.00298608
248 0.00298809
249 0.00295958
250 0.00297723
251 0.00294336
252 0.00295222
253 0.00292734
254 0.00292047
255 0.00289726
256 0.00290458
257 0.00287416
258 0.0028737
259 0.00285483
260 0.0028654
261 0.0028266
262 0.0028362
263 0.0028014
264 0.00281333
265 0.00279064
266 0.00279582
267 0.00276856
268 0.00277511
269 0.00274376
270 0.00275286
271 0.00272543
272 0.00273188
273 0.00271026
274 0.00271859
275 0.00268904
276 0.00269449
277 0.00267789
278 0.00267347
279 0.00265393
280 0.00266191
281 0.00263952
282 0.00264433
283 0.00262607
284 0.00263518
285 0.00261275
286 0.00261672
287 0.00259096
288 0.00259716
289 0.00257386
290 0.00258059
291 0.00255927
292 0.00256772
293 0.00254128
294 0.00254122
295 0.00252231
296 0.00252573
297 0.00250545
298 0.00250866
299 0.00248862
300 0.00249869
