1 0.458185
2 0.331764
3 0.276564
4 0.244414
5 0.223038
6 0.207604
7 0.19563
8 0.18621
9 0.178401
10 0.172113
11 0.166847
12 0.162112
13 0.158033
14 0.154456
15 0.151378
16 0.148623
17 0.146163
18 0.143859
19 0.141839
20 0.139909
21 0.138063
22 0.136589
23 0.135144
24 0.133767
25 0.132358
26 0.131379
27 0.130307
28 0.12921
29 0.128399
30 0.127462
31 0.126714
32 0.125761
33 0.125201
34 0.124299
35 0.123539
36 0.122946
37 0.122405
38 0.12182
39 0.121179
40 0.120726
41 0.12005
42 0.119671
43 0.119213
44 0.11883
45 0.11829
46 0.118004
47 0.11754
48 0.117166
49 0.116801
50 0.116455
51 0.116107
52 0.115848
53 0.115481
54 0.11527
55 0.114926
56 0.114616
57 0.114384
58 0.11419
59 0.113853
60 0.113636
61 0.113366
62 0.113148
63 0.112803
64 0.112662
65 0.11242
66 0.112266
67 0.112024
68 0.1119
69 0.111709
70 0.111483
71 0.111305
72 0.111108
73 0.110948
74 0.110794
75 0.110621
76 0.110477
77 0.110328
78 0.110205
79 0.110098
80 0.109883
81 0.109715
82 0.109597
83 0.109541
84 0.109298
85 0.109189
86 0.109065
87 0.108966
88 0.108868
89 0.108739
90 0.108624
91 0.108437
92 0.108409
93 0.108464
94 0.108147
95 0.10808
96 0.107927
97 0.107876
98 0.107765
99 0.107673
100 0.107578
101 0.107478
102 0.10738
103 0.10728
104 0.107206
105 0.107013
106 0.107028
107 0.106917
108 0.106821
109 0.10678
110 0.106729
111 0.106602
112 0.106564
113 0.10649
114 0.106457
115 0.106339
116 0.106301
117 0.106156
118 0.106126
119 0.106065
120 0.106
121 0.105972
122 0.105893
123 0.10582
124 0.10573
125 0.105693
126 0.105589
127 0.105562
128 0.1054
129 0.105443
130 0.105424
131 0.105304
132 0.105292
133 0.105199
134 0.105176
135 0.105151
136 0.105081
137 0.105027
138 0.104984
139 0.104894
140 0.104876
141 0.104837
142 0.104752
143 0.104693
144 0.104652
145 0.104651
146 0.104539
147 0.104515
148 0.104507
149 0.104437
150 0.104394
151 0.104372
152 0.104345
153 0.104303
154 0.10424
155 0.10421
156 0.104191
157 0.104142
158 0.104139
159 0.104054
160 0.104029
161 0.104005
162 0.103934
163 0.103918
164 0.103891
165 0.103845
166 0.103824
167 0.103775
168 0.103726
169 0.103714
170 0.103664
171 0.103685
172 0.103618
173 0.10356
174 0.103549
175 0.103518
176 0.103499
177 0.103481
178 0.103432
179 0.103424
180 0.103362
181 0.103285
182 0.103317
183 0.103304
184 0.103252
185 0.103186
186 0.103193
187 0.103178
188 0.103118
189 0.103112
190 0.103083
191 0.103087
192 0.102999
193 0.103025
194 0.102977
195 0.102904
196 0.102937
197 0.1029
198 0.10289
199 0.102854
200 0.102829
201 0.102791
202 0.102765
203 0.102747
204 0.102729
205 0.102498
206 0.102653
207 0.102694
208 0.10265
209 0.102595
210 0.102587
211 0.102565
212 0.102547
213 0.102502
214 0.102507
215 0.102487
216 0.102465
217 0.102403
218 0.102402
219 0.102424
220 0.102403
221 0.102361
222 0.102349
223 0.10231
224 0.102314
225 0.102289
226 0.102251
227 0.102273
228 0.102221
229 0.102218
230 0.102206
231 0.102196
232 0.10219
233 0.102169
234 0.102162
235 0.102101
236 0.102109
237 0.102062
238 0.102066
239 0.102044
240 0.102011
241 0.102074
242 0.101974
243 0.101947
244 0.101962
245 0.101948
246 0.101918
247 0.101923
248 0.101878
249 0.101888
250 0.101843
251 0.101868
252 0.101797
253 0.101814
254 0.1018
255 0.101777
256 0.101758
257 0.101739
258 0.101743
259 0.101738
260 0.1017
261 0.101695
262 0.101673
263 0.101642
264 0.101658
265 0.101623
266 0.101612
267 0.101644
268 0.101597
269 0.101576
270 0.101569
271 0.101553
272 0.101536
273 0.101444
274 0.101521
275 0.101512
276 0.10148
277 0.101485
278 0.101424
279 0.10138
280 0.101428
281 0.101432
282 0.101394
283 0.101389
284 0.10137
285 0.10135
286 0.101343
287 0.101345
288 0.101311
289 0.101305
290 0.10132
291 0.101296
292 0.101294
293 0.101281
294 0.101241
295 0.101221
296 0.10123
297 0.101226
298 0.101214
299 0.101216
300 0.101178
