1 0.577461
2 0.591235
3 0.617928
4 0.629893
5 0.647441
6 0.655666
7 0.668939
8 0.676185
9 0.686915
10 0.693352
11 0.701524
12 0.707284
13 0.71461
14 0.719733
15 0.726058
16 0.730263
17 0.735899
18 0.739839
19 0.744518
20 0.748285
21 0.752674
22 0.756036
23 0.76018
24 0.763279
25 0.767035
26 0.769699
27 0.773105
28 0.775642
29 0.778958
30 0.781112
31 0.783608
32 0.785778
33 0.788529
34 0.790763
35 0.793223
36 0.795556
37 0.797816
38 0.799902
39 0.80185
40 0.803482
41 0.805648
42 0.806961
43 0.809137
44 0.810544
45 0.812612
46 0.814107
47 0.815648
48 0.817136
49 0.818879
50 0.820168
51 0.821844
52 0.822975
53 0.82452
54 0.825644
55 0.82704
56 0.828178
57 0.82941
58 0.830682
59 0.831765
60 0.833073
61 0.834203
62 0.835169
63 0.836511
64 0.837493
65 0.838654
66 0.839678
67 0.840617
68 0.841566
69 0.842544
70 0.843403
71 0.844509
72 0.845352
73 0.846168
74 0.847265
75 0.848126
76 0.848873
77 0.849929
78 0.850522
79 0.851481
80 0.852161
81 0.853216
82 0.854057
83 0.854863
84 0.855363
85 0.856202
86 0.85703
87 0.857924
88 0.858747
89 0.859476
90 0.859843
91 0.860659
92 0.861228
93 0.861976
94 0.862743
95 0.863388
96 0.86393
97 0.864636
98 0.865202
99 0.865906
100 0.866566
101 0.867154
102 0.867643
103 0.868301
104 0.86881
105 0.869368
106 0.869781
107 0.870479
108 0.870825
109 0.871475
110 0.871893
111 0.872505
112 0.873007
113 0.873653
114 0.874325
115 0.87479
116 0.875246
117 0.875676
118 0.876172
119 0.876473
120 0.876867
121 0.877369
122 0.877819
123 0.878461
124 0.87885
125 0.879365
126 0.879834
127 0.88024
128 0.880903
129 0.881351
130 0.881586
131 0.882084
132 0.882463
133 0.882901
134 0.88309
135 0.883569
136 0.88399
137 0.884193
138 0.884597
139 0.885042
140 0.885395
141 0.885749
142 0.886039
143 0.886334
144 0.886721
145 0.886945
146 0.887368
147 0.887847
148 0.888097
149 0.888456
150 0.888829
151 0.889088
152 0.889421
153 0.889836
154 0.890204
155 0.890441
156 0.890742
157 0.891184
158 0.891388
159 0.891766
160 0.892075
161 0.892363
162 0.892836
163 0.893119
164 0.893342
165 0.893562
166 0.894055
167 0.894369
168 0.894537
169 0.894879
170 0.895091
171 0.895445
172 0.895764
173 0.895994
174 0.896119
175 0.896558
176 0.896822
177 0.897234
178 0.897309
179 0.897664
180 0.897953
181 0.898157
182 0.898457
183 0.898707
184 0.898798
185 0.899185
186 0.899405
187 0.899622
188 0.899799
189 0.899903
190 0.900214
191 0.900504
192 0.900809
193 0.901091
194 0.90132
195 0.90148
196 0.901609
197 0.901867
198 0.902266
199 0.902529
200 0.902754
201 0.903153
202 0.903347
203 0.90354
204 0.903855
205 0.903902
206 0.904094
207 0.904444
208 0.904723
209 0.904926
210 0.905009
211 0.905236
212 0.905388
213 0.905639
214 0.905869
215 0.906089
216 0.906336
217 0.906515
218 0.906635
219 0.906829
220 0.90706
221 0.907289
222 0.907578
223 0.907786
224 0.908027
225 0.908144
226 0.908338
227 0.908378
228 0.908654
229 0.90871
230 0.908983
231 0.909124
232 0.909261
233 0.909432
234 0.909525
235 0.909726
236 0.909904
237 0.910119
238 0.910309
239 0.910596
240 0.910729
241 0.910993
242 0.91114
243 0.911335
244 0.91154
245 0.911708
246 0.911896
247 0.912097
248 0.912318
249 0.912413
250 0.912526
251 0.912692
252 0.912809
253 0.912874
254 0.913199
255 0.913354
256 0.913536
257 0.913662
258 0.913866
259 0.914041
260 0.914168
261 0.914383
262 0.914445
263 0.91469
264 0.914813
265 0.915042
266 0.915079
267 0.915282
268 0.915417
269 0.915619
270 0.915677
271 0.9159
272 0.916013
273 0.916092
274 0.91626
275 0.916445
276 0.916522
277 0.916651
278 0.91683
279 0.916987
280 0.917125
281 0.917225
282 0.917266
283 0.917403
284 0.917539
285 0.91761
286 0.917852
287 0.917993
288 0.918141
289 0.918256
290 0.91837
291 0.918477
292 0.918595
293 0.918759
294 0.918992
295 0.919186
296 0.919245
297 0.91936
298 0.919506
299 0.919636
300 0.919655
