1 0.499956
2 0.50039
3 0.499319
4 0.4991
5 0.499728
6 0.500162
7 0.499174
8 0.500157
9 0.500043
10 0.499482
11 0.50008
12 0.499589
13 0.501133
14 0.499698
15 0.500168
16 0.499164
17 0.500203
18 0.499385
19 0.500141
20 0.50048
21 0.500558
22 0.499983
23 0.499649
24 0.499704
25 0.49963
26 0.499436
27 0.499625
28 0.499079
29 0.499127
30 0.499991
31 0.500796
32 0.499992
33 0.499675
34 0.499008
35 0.499841
36 0.498943
37 0.500227
38 0.500925
39 0.499655
40 0.500192
41 0.5
42 0.500289
43 0.499945
44 0.500941
45 0.499538
46 0.499844
47 0.50035
48 0.500297
49 0.499627
50 0.499716
51 0.499829
52 0.500573
53 0.500927
54 0.500732
55 0.499946
56 0.500294
57 0.500407
58 0.500518
59 0.500075
60 0.500174
61 0.499418
62 0.500361
63 0.499026
64 0.499907
65 0.500448
66 0.499635
67 0.500693
68 0.500476
69 0.499985
70 0.500416
71 0.50044
72 0.500505
73 0.49976
74 0.50031
75 0.498847
76 0.499778
77 0.499595
78 0.501019
79 0.500595
80 0.501628
81 0.500112
82 0.499686
83 0.499112
84 0.499829
85 0.500107
86 0.499688
87 0.499629
88 0.500773
89 0.500375
90 0.500325
91 0.499672
92 0.501278
93 0.499695
94 0.499345
95 0.500155
96 0.500626
97 0.500418
98 0.500232
99 0.500101
100 0.500168
101 0.500705
102 0.500667
103 0.499871
104 0.499677
105 0.49952
106 0.500466
107 0.500319
108 0.499984
109 0.49995
110 0.500319
111 0.500185
112 0.4996
113 0.500232
114 0.499626
115 0.500051
116 0.499764
117 0.500219
118 0.499478
119 0.500462
120 0.499759
121 0.499674
122 0.499577
123 0.500553
124 0.500397
125 0.500173
126 0.49972
127 0.499674
128 0.499271
129 0.499993
130 0.500171
131 0.500197
132 0.501464
133 0.499403
134 0.499487
135 0.500652
136 0.500567
137 0.500674
138 0.499857
139 0.50008
140 0.500533
141 0.499958
142 0.500773
143 0.499581
144 0.499576
145 0.499461
146 0.499876
147 0.500004
148 0.500892
149 0.499793
150 0.498953
151 0.499438
152 0.499944
153 0.499593
154 0.499959
155 0.499342
156 0.500163
157 0.499839
158 0.499833
159 0.500307
160 0.499705
161 0.500705
162 0.500295
163 0.499591
164 0.50065
165 0.499885
166 0.500128
167 0.500227
168 0.499785
169 0.500754
170 0.500023
171 0.498711
172 0.499635
173 0.498915
174 0.499735
175 0.498738
176 0.500339
177 0.500872
178 0.500055
179 0.499298
180 0.500313
181 0.501033
182 0.500138
183 0.500067
184 0.500454
185 0.50045
186 0.4999
187 0.499935
188 0.499677
189 0.499669
190 0.499832
191 0.50021
192 0.499967
193 0.499335
194 0.500448
195 0.500878
196 0.50011
197 0.499618
198 0.49975
199 0.5001
200 0.499071
201 0.500083
202 0.499972
203 0.500639
204 0.49947
205 0.499884
206 0.499896
207 0.500758
208 0.500102
209 0.500111
210 0.500124
211 0.500895
212 0.499679
213 0.499737
214 0.500394
215 0.500936
216 0.500398
217 0.499229
218 0.500225
219 0.499653
220 0.499612
221 0.499468
222 0.500708
223 0.499538
224 0.499452
225 0.499337
226 0.499198
227 0.499884
228 0.500913
229 0.500233
230 0.500798
231 0.499381
232 0.499831
233 0.499032
234 0.500514
235 0.500585
236 0.500076
237 0.50096
238 0.500857
239 0.499944
240 0.498851
241 0.499204
242 0.499964
243 0.499581
244 0.500066
245 0.499757
246 0.500533
247 0.500302
248 0.498782
249 0.500486
250 0.499553
251 0.499884
252 0.500845
253 0.499899
254 0.500155
255 0.499356
256 0.499846
257 0.500254
258 0.499849
259 0.499664
260 0.500215
261 0.499061
262 0.500476
263 0.500228
264 0.50014
265 0.500206
266 0.49863
267 0.499931
268 0.500725
269 0.500075
270 0.500546
271 0.500166
272 0.500819
273 0.500172
274 0.49929
275 0.500955
276 0.500045
277 0.500241
278 0.500278
279 0.500534
280 0.500419
281 0.501061
282 0.499945
283 0.499043
284 0.50103
285 0.500381
286 0.499792
287 0.500248
288 0.500604
289 0.498577
290 0.49999
291 0.499017
292 0.499608
293 0.500394
294 0.501045
295 0.499558
296 0.500202
297 0.499656
298 0.500526
299 0.499816
300 0.500453
