1 0.0780356
2 0.0684409
3 0.0653315
4 0.061665
5 0.0593485
6 0.0569548
7 0.0550631
8 0.0532194
9 0.0519068
10 0.0501677
11 0.0490722
12 0.0478631
13 0.046668
14 0.045691
15 0.0447498
16 0.0439191
17 0.0430632
18 0.0423225
19 0.041493
20 0.0408603
21 0.0401236
22 0.039517
23 0.0388506
24 0.038363
25 0.0376387
26 0.0371107
27 0.0366186
28 0.0361597
29 0.0357448
30 0.0352218
31 0.0348306
32 0.0343289
33 0.0339197
34 0.0335046
35 0.0331521
36 0.0328308
37 0.032474
38 0.0321468
39 0.031825
40 0.0314503
41 0.031163
42 0.0308419
43 0.0305367
44 0.0302089
45 0.0298998
46 0.0296895
47 0.0293771
48 0.0290452
49 0.0288491
50 0.0285366
51 0.0282878
52 0.0280679
53 0.0278709
54 0.027603
55 0.0273695
56 0.0271058
57 0.0269445
58 0.0267302
59 0.0265622
60 0.0263677
61 0.0261292
62 0.0259712
63 0.0257195
64 0.025508
65 0.025372
66 0.0251571
67 0.0250585
68 0.0248537
69 0.0246336
70 0.0245097
71 0.0243959
72 0.0241985
73 0.0240784
74 0.023864
75 0.023743
76 0.023584
77 0.0234192
78 0.0232678
79 0.0232003
80 0.0230352
81 0.0228837
82 0.022745
83 0.0225991
84 0.0224472
85 0.0224151
86 0.0222234
87 0.022125
88 0.0219486
89 0.0218288
90 0.0217371
91 0.0216667
92 0.0215022
93 0.0213885
94 0.0212339
95 0.0212121
96 0.0210588
97 0.0209499
98 0.0207648
99 0.0207415
100 0.0205896
101 0.0205434
102 0.0203735
103 0.0203091
104 0.0202516
105 0.020129
106 0.0199915
107 0.019908
108 0.019855
109 0.01977
110 0.0196618
111 0.0195962
112 0.019468
113 0.0193644
114 0.0192786
115 0.0192498
116 0.0191382
117 0.0189969
118 0.0189355
119 0.0188723
120 0.0188022
121 0.0187297
122 0.0185963
123 0.0185554
124 0.0184394
125 0.0183627
126 0.0183153
127 0.0182499
128 0.0182087
129 0.0180626
130 0.0179806
131 0.0179673
132 0.0178491
133 0.0177921
134 0.0176938
135 0.0176721
136 0.0175636
137 0.0175402
138 0.0174416
139 0.0173938
140 0.0173097
141 0.0172882
142 0.0172082
143 0.0171378
144 0.0170901
145 0.0170347
146 0.0169706
147 0.0168778
148 0.0167958
149 0.0167605
150 0.0166749
151 0.0166238
152 0.0165252
153 0.0164823
154 0.0164709
155 0.0163857
156 0.0163119
157 0.0163255
158 0.016251
159 0.0161439
160 0.0161358
161 0.0160664
162 0.0159594
163 0.0159822
164 0.0159033
165 0.015886
166 0.0158193
167 0.0157462
168 0.0157558
169 0.0156131
170 0.0155897
171 0.015532
172 0.0155261
173 0.0154219
174 0.0154218
175 0.0153399
176 0.0152986
177 0.015292
178 0.0152124
179 0.0151544
180 0.0151549
181 0.0150294
182 0.0150292
183 0.0149705
184 0.0149208
185 0.0149317
186 0.0148389
187 0.0147991
188 0.0147619
189 0.0146943
190 0.01471
191 0.0146409
192 0.0145674
193 0.0145373
194 0.0144678
195 0.0144633
196 0.0144308
197 0.0143604
198 0.0143215
199 0.0143293
200 0.0142876
201 0.0142184
202 0.0141613
203 0.0141505
204 0.0141217
205 0.0140744
206 0.0140166
207 0.0139715
208 0.0139674
209 0.0139365
210 0.0138894
211 0.0138753
212 0.0137675
213 0.0137867
214 0.0137261
215 0.0136913
216 0.0136547
217 0.0135976
218 0.0135647
219 0.0135453
220 0.0135222
221 0.0134992
222 0.0134317
223 0.0134383
224 0.0133942
225 0.0133694
226 0.0133227
227 0.013282
228 0.0132749
229 0.0132087
230 0.0131894
231 0.0131631
232 0.0131288
233 0.0131216
234 0.0130858
235 0.0130753
236 0.0129638
237 0.0129397
238 0.0129328
239 0.0129124
240 0.0128626
241 0.0128408
242 0.0128013
243 0.0127751
244 0.0127027
245 0.0127395
246 0.0126729
247 0.0126739
248 0.0126273
249 0.012568
250 0.0126258
251 0.0125401
252 0.0125101
253 0.0124664
254 0.0124652
255 0.0124518
256 0.0123678
257 0.0124153
258 0.0123431
259 0.0123399
260 0.0122993
261 0.0122618
262 0.0122683
263 0.0121905
264 0.0121878
265 0.0121568
266 0.0121325
267 0.0121181
268 0.0120876
269 0.0120671
270 0.0120378
271 0.012041
272 0.0119857
273 0.0119804
274 0.0119038
275 0.0119111
276 0.0118851
277 0.0118651
278 0.0118414
279 0.0117964
280 0.0117643
281 0.0117741
282 0.0117229
283 0.011738
284 0.0116709
285 0.0116765
286 0.0116705
287 0.0116222
288 0.011582
289 0.0115611
290 0.0115571
291 0.0115472
292 0.0115053
293 0.01148
294 0.01142
295 0.011417
296 0.0114185
297 0.0113943
298 0.0113697
299 0.0113674
300 0.0113226
