1 0.49986
2 0.539079
3 0.551599
4 0.567528
5 0.577045
6 0.587401
7 0.595279
8 0.603745
9 0.609233
10 0.617337
11 0.621937
12 0.627602
13 0.632769
14 0.637356
15 0.641631
16 0.64561
17 0.650026
18 0.653376
19 0.657003
20 0.660319
21 0.664056
22 0.66675
23 0.669942
24 0.672387
25 0.676172
26 0.678868
27 0.680858
28 0.683363
29 0.685478
30 0.688262
31 0.690329
32 0.692754
33 0.694952
34 0.697081
35 0.698593
36 0.700808
37 0.702502
38 0.704203
39 0.705993
40 0.707877
41 0.709639
42 0.711205
43 0.712619
44 0.714613
45 0.716666
46 0.71749
47 0.719282
48 0.721207
49 0.722093
50 0.723944
51 0.725501
52 0.726637
53 0.727612
54 0.729154
55 0.730328
56 0.732171
57 0.732712
58 0.734301
59 0.735305
60 0.736109
61 0.737688
62 0.738236
63 0.740001
64 0.741278
65 0.74191
66 0.743643
67 0.743746
68 0.745263
69 0.746332
70 0.747301
71 0.748009
72 0.749333
73 0.749876
74 0.751059
75 0.751925
76 0.752478
77 0.753808
78 0.754545
79 0.754899
80 0.756051
81 0.757339
82 0.757886
83 0.758894
84 0.759777
85 0.760302
86 0.761078
87 0.761783
88 0.762736
89 0.763486
90 0.764257
91 0.764571
92 0.765467
93 0.766114
94 0.767364
95 0.767572
96 0.768646
97 0.769153
98 0.770395
99 0.770609
100 0.771702
101 0.771725
102 0.772928
103 0.773299
104 0.773514
105 0.774672
106 0.775425
107 0.776039
108 0.776397
109 0.776715
110 0.777616
111 0.777786
112 0.778683
113 0.779492
114 0.780072
115 0.780413
116 0.780891
117 0.78194
118 0.782501
119 0.782974
120 0.783324
121 0.783911
122 0.784537
123 0.784851
124 0.78564
125 0.786168
126 0.786497
127 0.787242
128 0.78731
129 0.788254
130 0.78901
131 0.788782
132 0.789844
133 0.790126
134 0.790797
135 0.791004
136 0.791896
137 0.792235
138 0.792747
139 0.792939
140 0.79324
141 0.793627
142 0.794274
143 0.794496
144 0.79511
145 0.795426
146 0.795984
147 0.796763
148 0.797312
149 0.797467
150 0.798175
151 0.798223
152 0.799048
153 0.799332
154 0.799357
155 0.799931
156 0.800482
157 0.800427
158 0.800882
159 0.801728
160 0.802011
161 0.802246
162 0.803236
163 0.802868
164 0.803541
165 0.803601
166 0.804224
167 0.804528
168 0.804778
169 0.805929
170 0.80586
171 0.806179
172 0.806222
173 0.807242
174 0.80674
175 0.807653
176 0.80797
177 0.807552
178 0.808427
179 0.808999
180 0.809178
181 0.809857
182 0.810094
183 0.810383
184 0.810954
185 0.810325
186 0.811347
187 0.811695
188 0.811945
189 0.812316
190 0.812158
191 0.812748
192 0.813339
193 0.813503
194 0.81418
195 0.814365
196 0.814362
197 0.815097
198 0.815295
199 0.815225
200 0.815528
201 0.816238
202 0.816579
203 0.816152
204 0.816791
205 0.817208
206 0.817809
207 0.81783
208 0.817778
209 0.818398
210 0.818127
211 0.818407
212 0.819439
213 0.819343
214 0.819659
215 0.819893
216 0.820502
217 0.820928
218 0.821181
219 0.821211
220 0.821473
221 0.821482
222 0.822262
223 0.82175
224 0.822283
225 0.822851
226 0.822894
227 0.82347
228 0.823583
229 0.823763
230 0.824123
231 0.823987
232 0.824448
233 0.824539
234 0.824787
235 0.824702
236 0.825721
237 0.825976
238 0.826089
239 0.826169
240 0.826639
241 0.82692
242 0.826959
243 0.827564
244 0.828092
245 0.827412
246 0.828071
247 0.828109
248 0.828262
249 0.828976
250 0.828701
251 0.829222
252 0.829337
253 0.829742
254 0.829643
255 0.830078
256 0.830687
257 0.830181
258 0.830952
259 0.830706
260 0.830848
261 0.831488
262 0.831317
263 0.831965
264 0.83206
265 0.832042
266 0.832349
267 0.832378
268 0.832797
269 0.832989
270 0.833199
271 0.832962
272 0.833524
273 0.833452
274 0.834396
275 0.834068
276 0.834486
277 0.834553
278 0.834716
279 0.835319
280 0.83556
281 0.83504
282 0.835609
283 0.835643
284 0.836231
285 0.836177
286 0.836107
287 0.836562
288 0.837115
289 0.837038
290 0.837217
291 0.837231
292 0.837772
293 0.837787
294 0.83852
295 0.838524
296 0.838283
297 0.838536
298 0.838718
299 0.838908
300 0.839359
