1 0.300277
2 0.309675
3 0.312562
4 0.316618
5 0.318709
6 0.321019
7 0.322965
8 0.324657
9 0.326119
10 0.327992
11 0.328846
12 0.330052
13 0.331338
14 0.332203
15 0.333266
16 0.334
17 0.334898
18 0.335616
19 0.336541
20 0.337052
21 0.337984
22 0.338487
23 0.339216
24 0.339657
25 0.34038
26 0.340815
27 0.341399
28 0.341868
29 0.342313
30 0.342776
31 0.343115
32 0.343626
33 0.344061
34 0.344468
35 0.344897
36 0.345153
37 0.345545
38 0.345882
39 0.346254
40 0.346545
41 0.346947
42 0.347203
43 0.347479
44 0.347783
45 0.348172
46 0.348317
47 0.348613
48 0.349036
49 0.349127
50 0.349491
51 0.34971
52 0.349898
53 0.350143
54 0.350399
55 0.35064
56 0.350901
57 0.351045
58 0.351304
59 0.351395
60 0.351577
61 0.351866
62 0.351924
63 0.352272
64 0.352491
65 0.352608
66 0.35284
67 0.352984
68 0.353135
69 0.353341
70 0.353462
71 0.353612
72 0.353769
73 0.353908
74 0.354057
75 0.354237
76 0.354407
77 0.354573
78 0.354731
79 0.3548
80 0.354968
81 0.355058
82 0.355236
83 0.35536
84 0.355586
85 0.35553
86 0.355759
87 0.355813
88 0.356049
89 0.35611
90 0.35626
91 0.356306
92 0.35654
93 0.356496
94 0.35677
95 0.356706
96 0.356944
97 0.356942
98 0.357216
99 0.357212
100 0.357377
101 0.357433
102 0.35762
103 0.35763
104 0.35773
105 0.357827
106 0.358007
107 0.358103
108 0.358097
109 0.358205
110 0.358367
111 0.358394
112 0.358552
113 0.358596
114 0.358658
115 0.358734
116 0.358813
117 0.359022
118 0.35903
119 0.359106
120 0.359157
121 0.359247
122 0.359362
123 0.359435
124 0.35953
125 0.359658
126 0.359675
127 0.359753
128 0.359785
129 0.359927
130 0.359987
131 0.360024
132 0.360158
133 0.36022
134 0.360336
135 0.360339
136 0.360456
137 0.360454
138 0.360534
139 0.360592
140 0.360721
141 0.360673
142 0.360758
143 0.360839
144 0.360875
145 0.360967
146 0.36101
147 0.361109
148 0.361174
149 0.361273
150 0.361351
151 0.361384
152 0.361465
153 0.361506
154 0.361489
155 0.361577
156 0.361673
157 0.361653
158 0.361774
159 0.361847
160 0.361843
161 0.361871
162 0.361996
163 0.362007
164 0.362092
165 0.362082
166 0.362157
167 0.362238
168 0.362235
169 0.362368
170 0.362362
171 0.362433
172 0.362479
173 0.362574
174 0.362556
175 0.362636
176 0.362665
177 0.362679
178 0.362791
179 0.362793
180 0.362816
181 0.362964
182 0.362952
183 0.362995
184 0.363064
185 0.363005
186 0.363151
187 0.363185
188 0.36323
189 0.363274
190 0.363251
191 0.363335
192 0.363391
193 0.363405
194 0.363531
195 0.363505
196 0.363508
197 0.363594
198 0.363669
199 0.363636
200 0.363665
201 0.363756
202 0.363779
203 0.363832
204 0.363842
205 0.363931
206 0.363949
207 0.363947
208 0.363974
209 0.363998
210 0.36406
211 0.36405
212 0.364182
213 0.364134
214 0.364224
215 0.364266
216 0.364277
217 0.364341
218 0.364386
219 0.364407
220 0.364435
221 0.364461
222 0.364502
223 0.36452
224 0.364574
225 0.364582
226 0.364628
227 0.364678
228 0.364663
229 0.364742
230 0.364751
231 0.364817
232 0.364806
233 0.364838
234 0.364871
235 0.364857
236 0.364995
237 0.365004
238 0.365012
239 0.365064
240 0.365126
241 0.365107
242 0.365142
243 0.365172
244 0.365274
245 0.365192
246 0.365275
247 0.365281
248 0.365328
249 0.365381
250 0.365317
251 0.365406
252 0.365434
253 0.365479
254 0.365491
255 0.365511
256 0.365584
257 0.36553
258 0.365584
259 0.365648
260 0.365644
261 0.365696
262 0.365668
263 0.365757
264 0.365775
265 0.365788
266 0.365842
267 0.365841
268 0.36586
269 0.365865
270 0.365914
271 0.365932
272 0.365955
273 0.365993
274 0.366031
275 0.366043
276 0.366069
277 0.3661
278 0.366099
279 0.366126
280 0.366194
281 0.366184
282 0.366222
283 0.366219
284 0.366301
285 0.366298
286 0.366287
287 0.366338
288 0.366384
289 0.366371
290 0.3664
291 0.366417
292 0.366471
293 0.366481
294 0.366526
295 0.36651
296 0.366526
297 0.366541
298 0.366574
299 0.366602
300 0.366612
