1 0.0590569
2 0.0943356
3 0.0508098
4 0.0669389
5 0.0450852
6 0.0535408
7 0.0405709
8 0.0530509
9 0.0376273
10 0.0415813
11 0.0346786
12 0.0400179
13 0.0342349
14 0.033827
15 0.0331637
16 0.033979
17 0.0290651
18 0.0295456
19 0.0285908
20 0.0305381
21 0.0261644
22 0.0282182
23 0.0250847
24 0.0267059
25 0.0256059
26 0.0240483
27 0.0231029
28 0.024654
29 0.0226446
30 0.0230398
31 0.0220759
32 0.0222207
33 0.0207168
34 0.0212973
35 0.0210029
36 0.0209758
37 0.0199516
38 0.0196314
39 0.0190595
40 0.0199923
41 0.018566
42 0.0185108
43 0.0185286
44 0.0182999
45 0.0179422
46 0.017904
47 0.0170997
48 0.0172717
49 0.0169244
50 0.0169913
51 0.0162228
52 0.0166595
53 0.0159457
54 0.0158313
55 0.0158566
56 0.0155715
57 0.0154482
58 0.0153882
59 0.0149583
60 0.0151779
61 0.0147123
62 0.0145968
63 0.0143186
64 0.0145317
65 0.0142265
66 0.0139
67 0.0139582
68 0.0139247
69 0.0135516
70 0.0137782
71 0.0134956
72 0.0133625
73 0.013242
74 0.0130116
75 0.0130258
76 0.0130193
77 0.0126419
78 0.0126907
79 0.0126552
80 0.0125602
81 0.0122574
82 0.012331
83 0.0120749
84 0.0121416
85 0.0121367
86 0.0118978
87 0.0117759
88 0.0117995
89 0.0116043
90 0.0116051
91 0.0115416
92 0.0114697
93 0.0112554
94 0.0112157
95 0.0112105
96 0.0110798
97 0.0110314
98 0.0108693
99 0.0108508
100 0.0108341
101 0.0106865
102 0.0105866
103 0.0105782
104 0.0105266
105 0.010448
106 0.0103953
107 0.010258
108 0.0102734
109 0.0102003
110 0.0101557
111 0.0100586
112 0.0100548
113 0.00993628
114 0.00986947
115 0.00989396
116 0.00983305
117 0.00966004
118 0.00968277
119 0.00955702
120 0.00959796
121 0.00951837
122 0.00940721
123 0.00941714
124 0.00936718
125 0.00928072
126 0.00926158
127 0.00921092
128 0.00920156
129 0.00903934
130 0.00903289
131 0.0089999
132 0.00895837
133 0.00891467
134 0.00887019
135 0.00882937
136 0.00877272
137 0.0087099
138 0.00867179
139 0.00865252
140 0.00861961
141 0.00859704
142 0.00855791
143 0.0084957
144 0.00847946
145 0.00844217
146 0.00838779
147 0.00832061
148 0.0083347
149 0.00823167
150 0.00819391
151 0.00818035
152 0.00810276
153 0.00805137
154 0.00811305
155 0.00804596
156 0.00797687
157 0.00800367
158 0.00795065
159 0.00784176
160 0.00789392
161 0.00783234
162 0.00775161
163 0.00780934
164 0.0077225
165 0.007721
166 0.00769223
167 0.00762817
168 0.00766644
169 0.00756326
170 0.00755428
171 0.00750078
172 0.0075364
173 0.00741501
174 0.00746674
175 0.00739974
176 0.00736015
177 0.00736703
178 0.0073067
179 0.00726902
180 0.00730541
181 0.0071919
182 0.00718543
183 0.00717584
184 0.00714405
185 0.00715517
186 0.00707855
187 0.00705276
188 0.00705567
189 0.00699895
190 0.00704214
191 0.00695536
192 0.00694355
193 0.00690932
194 0.00684699
195 0.00683601
196 0.0068463
197 0.0067855
198 0.00678326
199 0.00677885
200 0.00677483
201 0.00671111
202 0.00667627
203 0.00668112
204 0.00668576
205 0.0066357
206 0.00658535
207 0.0065753
208 0.00659244
209 0.00653587
210 0.00654137
211 0.00653587
212 0.0064516
213 0.00646582
214 0.00643875
215 0.00640988
216 0.00639551
217 0.00634412
218 0.00632317
219 0.00629598
220 0.00634549
221 0.00628033
222 0.00625918
223 0.0062888
224 0.00624827
225 0.00622432
226 0.00619476
227 0.00617113
228 0.00617024
229 0.00613765
230 0.00612885
231 0.00610382
232 0.00611842
233 0.00609216
234 0.00608082
235 0.00608849
236 0.00598789
237 0.00596749
238 0.00599347
239 0.00596227
240 0.00595165
241 0.00593073
242 0.00590273
243 0.00588345
244 0.00582069
245 0.00587925
246 0.00583439
247 0.00582722
248 0.00580874
249 0.00574365
250 0.0058189
251 0.0057527
252 0.00576102
253 0.00571904
254 0.00570586
255 0.00571233
256 0.00567615
257 0.00568623
258 0.00562395
259 0.0056449
260 0.00562465
261 0.00559665
262 0.00561965
263 0.00554061
264 0.00555873
265 0.00553311
266 0.00552053
267 0.00551654
268 0.00551244
269 0.0055103
270 0.00547994
271 0.0054997
272 0.00544808
273 0.00544489
274 0.00539203
275 0.00540868
276 0.00539672
277 0.0053814
278 0.00536756
279 0.00533209
280 0.00531967
281 0.00533312
282 0.00530899
283 0.00532125
284 0.00528012
285 0.00527054
286 0.00528107
287 0.00526033
288 0.00522087
289 0.00521273
290 0.0052088
291 0.00522261
292 0.00518475
293 0.00515669
294 0.00510535
295 0.00512398
296 0.00512071
297 0.00512051
298 0.00510653
299 0.00511039
300 0.00507961
