1 0.577817
2 0.578165
3 0.613331
4 0.617989
5 0.639132
6 0.640662
7 0.659431
8 0.661898
9 0.673784
10 0.677584
11 0.68749
12 0.690937
13 0.696997
14 0.704113
15 0.707078
16 0.711348
17 0.717437
18 0.720536
19 0.725928
20 0.726629
21 0.733084
22 0.735413
23 0.738991
24 0.740391
25 0.745031
26 0.748408
27 0.750503
28 0.751791
29 0.755489
30 0.757633
31 0.759956
32 0.761871
33 0.765424
34 0.766619
35 0.767829
36 0.769746
37 0.772074
38 0.773673
39 0.775631
40 0.776842
41 0.778951
42 0.780751
43 0.782
44 0.783914
45 0.786114
46 0.787068
47 0.788676
48 0.789998
49 0.790905
50 0.792818
51 0.794794
52 0.795518
53 0.796419
54 0.797902
55 0.798647
56 0.800731
57 0.801241
58 0.802738
59 0.803626
60 0.804283
61 0.806255
62 0.806449
63 0.808167
64 0.809002
65 0.809777
66 0.811885
67 0.810932
68 0.812822
69 0.813491
70 0.814555
71 0.815207
72 0.816365
73 0.816601
74 0.818037
75 0.818732
76 0.818926
77 0.820551
78 0.820946
79 0.821107
80 0.822263
81 0.823693
82 0.823904
83 0.825047
84 0.825545
85 0.826037
86 0.826605
87 0.827393
88 0.828197
89 0.828535
90 0.829754
91 0.829556
92 0.830484
93 0.831222
94 0.832696
95 0.83231
96 0.83356
97 0.833996
98 0.834866
99 0.835371
100 0.836317
101 0.836316
102 0.837029
103 0.8373
104 0.8377
105 0.838727
106 0.839284
107 0.839752
108 0.840162
109 0.840246
110 0.841277
111 0.841331
112 0.842013
113 0.842753
114 0.843088
115 0.843521
116 0.843445
117 0.844772
118 0.845128
119 0.846045
120 0.846069
121 0.846409
122 0.847005
123 0.847283
124 0.847848
125 0.848136
126 0.848436
127 0.849218
128 0.849356
129 0.85029
130 0.85112
131 0.850657
132 0.851574
133 0.851865
134 0.852201
135 0.852521
136 0.853245
137 0.853545
138 0.854007
139 0.853875
140 0.854338
141 0.85465
142 0.855183
143 0.855019
144 0.855721
145 0.856268
146 0.856521
147 0.857089
148 0.85736
149 0.857777
150 0.858473
151 0.858163
152 0.859057
153 0.859363
154 0.859143
155 0.85951
156 0.860321
157 0.860335
158 0.860263
159 0.861302
160 0.861478
161 0.861437
162 0.862609
163 0.861782
164 0.862541
165 0.862717
166 0.863109
167 0.863401
168 0.863544
169 0.864599
170 0.864303
171 0.864775
172 0.864625
173 0.865707
174 0.865051
175 0.866003
176 0.866211
177 0.86562
178 0.866754
179 0.86691
180 0.867139
181 0.867713
182 0.86795
183 0.868064
184 0.868663
185 0.867859
186 0.869075
187 0.869131
188 0.869173
189 0.869676
190 0.869503
191 0.870066
192 0.870351
193 0.870372
194 0.871357
195 0.871587
196 0.871313
197 0.87197
198 0.871887
199 0.872031
200 0.872191
201 0.872944
202 0.873031
203 0.872503
204 0.87308
205 0.873468
206 0.874036
207 0.873951
208 0.873747
209 0.874609
210 0.873943
211 0.874334
212 0.875233
213 0.875075
214 0.875404
215 0.87558
216 0.87595
217 0.876365
218 0.876652
219 0.876897
220 0.876708
221 0.877011
222 0.877587
223 0.876795
224 0.8775
225 0.878088
226 0.878052
227 0.878395
228 0.87855
229 0.878545
230 0.878883
231 0.87872
232 0.87904
233 0.879185
234 0.879162
235 0.879098
236 0.88014
237 0.880384
238 0.880361
239 0.880472
240 0.880864
241 0.880967
242 0.880925
243 0.881619
244 0.882268
245 0.881325
246 0.881795
247 0.881945
248 0.881961
249 0.882746
250 0.882312
251 0.882741
252 0.882577
253 0.882985
254 0.88291
255 0.883367
256 0.883916
257 0.883811
258 0.884384
259 0.883889
260 0.884086
261 0.884705
262 0.884479
263 0.884999
264 0.885046
265 0.885014
266 0.885227
267 0.885218
268 0.885526
269 0.885445
270 0.885813
271 0.88536
272 0.886045
273 0.885981
274 0.886908
275 0.886482
276 0.886943
277 0.886907
278 0.887
279 0.887759
280 0.887725
281 0.887146
282 0.887478
283 0.887676
284 0.888124
285 0.888175
286 0.887985
287 0.888334
288 0.889019
289 0.888742
290 0.8889
291 0.888847
292 0.889424
293 0.889319
294 0.89005
295 0.890072
296 0.889791
297 0.889924
298 0.889991
299 0.890149
300 0.890769
