1 0.300277
2 0.319033
3 0.319082
4 0.32804
5 0.328423
6 0.33308
7 0.333502
8 0.337813
9 0.337541
10 0.340544
11 0.340904
12 0.343302
13 0.343744
14 0.34569
15 0.346543
16 0.347116
17 0.347095
18 0.349754
19 0.350248
20 0.350337
21 0.351407
22 0.35225
23 0.352098
24 0.353545
25 0.353951
26 0.35468
27 0.355137
28 0.354172
29 0.35572
30 0.355477
31 0.356452
32 0.356559
33 0.356574
34 0.35733
35 0.358174
36 0.35813
37 0.357938
38 0.358997
39 0.358982
40 0.359388
41 0.359638
42 0.359361
43 0.360947
44 0.360243
45 0.360493
46 0.361351
47 0.360362
48 0.361163
49 0.361217
50 0.361553
51 0.361699
52 0.362217
53 0.362173
54 0.361813
55 0.363145
56 0.362957
57 0.362312
58 0.362395
59 0.363375
60 0.362608
61 0.36362
62 0.363414
63 0.363969
64 0.363421
65 0.363725
66 0.364133
67 0.364305
68 0.363929
69 0.364166
70 0.364952
71 0.364652
72 0.365082
73 0.36478
74 0.365843
75 0.36554
76 0.365768
77 0.36531
78 0.365126
79 0.366049
80 0.364756
81 0.365478
82 0.366554
83 0.365288
84 0.365455
85 0.365816
86 0.366227
87 0.366739
88 0.366574
89 0.366359
90 0.366835
91 0.365424
92 0.366658
93 0.36604
94 0.367658
95 0.366748
96 0.367494
97 0.366792
98 0.36805
99 0.367823
100 0.366336
101 0.366567
102 0.367119
103 0.366889
104 0.367104
105 0.367266
106 0.368423
107 0.36781
108 0.367624
109 0.367352
110 0.367636
111 0.368847
112 0.367361
113 0.368249
114 0.368548
115 0.367821
116 0.368215
117 0.368399
118 0.368947
119 0.367617
120 0.368561
121 0.368489
122 0.368498
123 0.368425
124 0.368302
125 0.367945
126 0.368263
127 0.368127
128 0.368382
129 0.369251
130 0.36934
131 0.368622
132 0.36892
133 0.369773
134 0.369292
135 0.369476
136 0.368643
137 0.369538
138 0.368399
139 0.369408
140 0.36902
141 0.369245
142 0.369954
143 0.369539
144 0.369244
145 0.369691
146 0.369175
147 0.36939
148 0.369323
149 0.370878
150 0.369645
151 0.369781
152 0.369966
153 0.370216
154 0.369795
155 0.37047
156 0.370575
157 0.369563
158 0.370259
159 0.369378
160 0.370006
161 0.369538
162 0.370071
163 0.370036
164 0.36999
165 0.370343
166 0.370703
167 0.370802
168 0.370214
169 0.369954
170 0.370429
171 0.37067
172 0.370166
173 0.370109
174 0.370886
175 0.36955
176 0.369422
177 0.371056
178 0.370085
179 0.370216
180 0.369609
181 0.370226
182 0.371061
183 0.370146
184 0.37093
185 0.371229
186 0.371078
187 0.370051
188 0.37108
189 0.371061
190 0.37086
191 0.370875
192 0.370362
193 0.370919
194 0.370675
195 0.371051
196 0.371867
197 0.371031
198 0.371188
199 0.371179
200 0.371936
201 0.370902
202 0.371357
203 0.371468
204 0.370838
205 0.37212
206 0.37086
207 0.371514
208 0.371091
209 0.370952
210 0.371884
211 0.371115
212 0.37116
213 0.372417
214 0.371475
215 0.371586
216 0.371102
217 0.371914
218 0.372547
219 0.370982
220 0.371804
221 0.371665
222 0.37145
223 0.371874
224 0.371853
225 0.371712
226 0.371827
227 0.37185
228 0.370407
229 0.371481
230 0.372114
231 0.371162
232 0.371062
233 0.371033
234 0.371604
235 0.371594
236 0.37127
237 0.371526
238 0.37164
239 0.372122
240 0.371654
241 0.371677
242 0.373008
243 0.372659
244 0.372425
245 0.371854
246 0.371335
247 0.373407
248 0.372609
249 0.371881
250 0.371708
251 0.371655
252 0.37252
253 0.372015
254 0.371796
255 0.372285
256 0.372085
257 0.372566
258 0.372294
259 0.372119
260 0.372629
261 0.371899
262 0.372218
263 0.372027
264 0.372916
265 0.372879
266 0.372153
267 0.372172
268 0.372417
269 0.372604
270 0.372253
271 0.372636
272 0.37247
273 0.372885
274 0.372364
275 0.372278
276 0.372662
277 0.372655
278 0.372034
279 0.372921
280 0.373292
281 0.371352
282 0.372217
283 0.372316
284 0.373266
285 0.373359
286 0.372978
287 0.372386
288 0.372919
289 0.37193
290 0.372491
291 0.373106
292 0.373155
293 0.373232
294 0.373079
295 0.372371
296 0.372485
297 0.372711
298 0.37292
299 0.373007
300 0.372926
