1 0.49986
2 0.578299
3 0.577111
4 0.613829
5 0.617699
6 0.639104
7 0.640291
8 0.660776
9 0.660435
10 0.677323
11 0.677871
12 0.68843
13 0.691389
14 0.699148
15 0.70474
16 0.707164
17 0.713882
18 0.718648
19 0.722672
20 0.725574
21 0.728179
22 0.734625
23 0.735895
24 0.739031
25 0.743544
26 0.746234
27 0.749836
28 0.751377
29 0.753233
30 0.757299
31 0.758058
32 0.76118
33 0.764057
34 0.766103
35 0.766935
36 0.769065
37 0.771053
38 0.772976
39 0.775008
40 0.776425
41 0.777724
42 0.780049
43 0.781504
44 0.782887
45 0.785782
46 0.78689
47 0.787878
48 0.789977
49 0.790239
50 0.792214
51 0.793898
52 0.795543
53 0.795773
54 0.797372
55 0.798861
56 0.80001
57 0.800935
58 0.802443
59 0.80327
60 0.804281
61 0.805679
62 0.806225
63 0.807788
64 0.808935
65 0.809382
66 0.811814
67 0.810787
68 0.812819
69 0.81313
70 0.814366
71 0.814716
72 0.816123
73 0.816443
74 0.817829
75 0.818614
76 0.818852
77 0.820381
78 0.820938
79 0.821014
80 0.821948
81 0.823482
82 0.823789
83 0.824892
84 0.825428
85 0.825928
86 0.826356
87 0.827146
88 0.828066
89 0.828297
90 0.829548
91 0.829381
92 0.830478
93 0.83104
94 0.832554
95 0.83211
96 0.833389
97 0.833819
98 0.834911
99 0.835216
100 0.836079
101 0.836019
102 0.836814
103 0.837289
104 0.837531
105 0.838498
106 0.839059
107 0.839689
108 0.840091
109 0.840362
110 0.841305
111 0.841312
112 0.841863
113 0.842578
114 0.842871
115 0.843345
116 0.843524
117 0.844623
118 0.845154
119 0.846016
120 0.84599
121 0.846145
122 0.847028
123 0.847137
124 0.847785
125 0.847997
126 0.848357
127 0.849126
128 0.849143
129 0.850257
130 0.850907
131 0.850456
132 0.851432
133 0.851783
134 0.852096
135 0.852455
136 0.853169
137 0.853309
138 0.853909
139 0.853978
140 0.854128
141 0.854575
142 0.855234
143 0.855102
144 0.855792
145 0.856134
146 0.856505
147 0.857086
148 0.857299
149 0.857676
150 0.858417
151 0.858181
152 0.858911
153 0.859141
154 0.859061
155 0.859554
156 0.860244
157 0.860168
158 0.860263
159 0.861214
160 0.861463
161 0.861379
162 0.862593
163 0.861769
164 0.862383
165 0.862605
166 0.863145
167 0.863362
168 0.863573
169 0.864605
170 0.864151
171 0.864699
172 0.86457
173 0.865652
174 0.864975
175 0.866098
176 0.866291
177 0.865604
178 0.866754
179 0.866939
180 0.867222
181 0.867717
182 0.868042
183 0.868071
184 0.868703
185 0.867735
186 0.869035
187 0.869133
188 0.869191
189 0.869646
190 0.869489
191 0.870095
192 0.870376
193 0.870383
194 0.871385
195 0.871476
196 0.87127
197 0.871922
198 0.871938
199 0.872017
200 0.872086
201 0.872897
202 0.873038
203 0.872421
204 0.873099
205 0.873415
206 0.874067
207 0.873903
208 0.873696
209 0.874514
210 0.87396
211 0.874214
212 0.875176
213 0.874985
214 0.875297
215 0.875557
216 0.875972
217 0.876273
218 0.876557
219 0.876806
220 0.876654
221 0.876857
222 0.877475
223 0.8767
224 0.877332
225 0.878154
226 0.878055
227 0.878396
228 0.878549
229 0.878546
230 0.878874
231 0.878655
232 0.879074
233 0.879144
234 0.87914
235 0.879067
236 0.880059
237 0.880297
238 0.880258
239 0.880393
240 0.880806
241 0.880963
242 0.880916
243 0.881537
244 0.882183
245 0.881308
246 0.88178
247 0.881995
248 0.881914
249 0.882818
250 0.882341
251 0.882649
252 0.882491
253 0.882922
254 0.882873
255 0.883298
256 0.883863
257 0.88374
258 0.884368
259 0.883879
260 0.884158
261 0.884669
262 0.884468
263 0.885057
264 0.885023
265 0.88496
266 0.885182
267 0.885171
268 0.885569
269 0.885446
270 0.885789
271 0.885368
272 0.886048
273 0.88592
274 0.886854
275 0.886412
276 0.88693
277 0.886907
278 0.886967
279 0.887678
280 0.887684
281 0.887098
282 0.88746
283 0.887682
284 0.888119
285 0.888169
286 0.887963
287 0.888309
288 0.889018
289 0.888657
290 0.888904
291 0.888913
292 0.889421
293 0.889255
294 0.889991
295 0.890028
296 0.889742
297 0.889841
298 0.889947
299 0.890078
300 0.890831
