1 0.0780356
2 0.0588462
3 0.0590788
4 0.0508042
5 0.0495938
6 0.0450887
7 0.0442987
8 0.0403362
9 0.0402976
10 0.0370814
11 0.0366141
12 0.0345998
13 0.0339499
14 0.0323824
15 0.0313879
16 0.0307749
17 0.0298047
18 0.0287918
19 0.0280317
20 0.0275537
21 0.0269715
22 0.0259466
23 0.0256608
24 0.0251111
25 0.0244013
26 0.0238942
27 0.0233061
28 0.0229947
29 0.0226132
30 0.0220853
31 0.0218709
32 0.0213716
33 0.0209254
34 0.0205534
35 0.0203844
36 0.020114
37 0.0198138
38 0.019479
39 0.0192002
40 0.0189392
41 0.0187469
42 0.0183839
43 0.0181383
44 0.0179576
45 0.0175861
46 0.0174029
47 0.0172183
48 0.0169505
49 0.0168209
50 0.0165566
51 0.0163266
52 0.0161415
53 0.0160276
54 0.0157789
55 0.0155917
56 0.0153997
57 0.0152935
58 0.0151257
59 0.0150036
60 0.0148592
61 0.0146296
62 0.0145517
63 0.0143643
64 0.0141952
65 0.0141373
66 0.0138569
67 0.0139071
68 0.0137289
69 0.0135917
70 0.0134995
71 0.0134291
72 0.0132614
73 0.0132014
74 0.0130041
75 0.012946
76 0.0128217
77 0.0126688
78 0.012599
79 0.0125473
80 0.012431
81 0.0122851
82 0.0122194
83 0.0121016
84 0.0120324
85 0.0120063
86 0.0118967
87 0.011804
88 0.0116719
89 0.0116369
90 0.011519
91 0.0115196
92 0.0113591
93 0.0112782
94 0.011138
95 0.0111789
96 0.0110364
97 0.0109752
98 0.010848
99 0.0108226
100 0.0107151
101 0.0106969
102 0.0105839
103 0.0105591
104 0.0104965
105 0.0104323
106 0.0103105
107 0.0102694
108 0.0102289
109 0.0101759
110 0.0100956
111 0.0100748
112 0.00998252
113 0.00992497
114 0.00986565
115 0.0098504
116 0.00977803
117 0.00967775
118 0.00963639
119 0.00956428
120 0.00953031
121 0.00952265
122 0.00939694
123 0.0093963
124 0.00929964
125 0.0092698
126 0.00925323
127 0.00918677
128 0.00918661
129 0.0090404
130 0.00899012
131 0.0090149
132 0.00893295
133 0.00889194
134 0.00883098
135 0.00881474
136 0.00872431
137 0.00872756
138 0.00867308
139 0.00863517
140 0.00858154
141 0.00858338
142 0.00852513
143 0.00849829
144 0.00846243
145 0.00841413
146 0.008387
147 0.0083234
148 0.00828712
149 0.00823619
150 0.00816854
151 0.00816429
152 0.00809103
153 0.00806858
154 0.00809431
155 0.00802206
156 0.00795382
157 0.00800758
158 0.00795107
159 0.00784756
160 0.00785184
161 0.00783571
162 0.00772996
163 0.00780352
164 0.0077154
165 0.0077143
166 0.00767612
167 0.00762169
168 0.0076546
169 0.00754403
170 0.00754506
171 0.00750553
172 0.00751167
173 0.00742041
174 0.00746602
175 0.00737272
176 0.00734182
177 0.0073685
178 0.00728116
179 0.0072742
180 0.00728117
181 0.00718652
182 0.00718059
183 0.00717238
184 0.00712214
185 0.00715264
186 0.00707725
187 0.00704277
188 0.00703912
189 0.0069969
190 0.00701067
191 0.00695577
192 0.00693568
193 0.00690384
194 0.00684473
195 0.00683741
196 0.00682789
197 0.00678122
198 0.00677763
199 0.0067774
200 0.00676246
201 0.00670998
202 0.00666501
203 0.00668504
204 0.0066719
205 0.00662594
206 0.00658467
207 0.00657901
208 0.00657895
209 0.00654244
210 0.00653392
211 0.00653059
212 0.00644802
213 0.00647193
214 0.00642814
215 0.00640853
216 0.00639069
217 0.00634674
218 0.00631834
219 0.00630361
220 0.00633043
221 0.00629009
222 0.00625804
223 0.00628704
224 0.00624852
225 0.00621578
226 0.00618644
227 0.00616664
228 0.00616407
229 0.00613501
230 0.00612281
231 0.00610966
232 0.00609927
233 0.00609138
234 0.00607984
235 0.00607988
236 0.00598445
237 0.00597089
238 0.00599376
239 0.00596379
240 0.00594286
241 0.00592561
242 0.00589812
243 0.00589009
244 0.00581125
245 0.00587703
246 0.00583185
247 0.00582327
248 0.00580839
249 0.00574153
250 0.00580578
251 0.0057595
252 0.00575657
253 0.0057156
254 0.00570758
255 0.00570998
256 0.00566983
257 0.00568967
258 0.00562439
259 0.0056417
260 0.00561003
261 0.00560109
262 0.00561358
263 0.00554141
264 0.0055543
265 0.00553113
266 0.00551605
267 0.00551724
268 0.00550249
269 0.00551006
270 0.00547608
271 0.00549733
272 0.0054461
273 0.00544734
274 0.0053865
275 0.00540804
276 0.00539173
277 0.00537758
278 0.00536737
279 0.00533325
280 0.00530847
281 0.00533026
282 0.00530831
283 0.00532118
284 0.00527636
285 0.00526814
286 0.00527509
287 0.00526204
288 0.00521393
289 0.00521529
290 0.00520649
291 0.00522014
292 0.00517698
293 0.00515802
294 0.00510696
295 0.00511754
296 0.0051187
297 0.00512417
298 0.00510546
299 0.00511233
300 0.00507005
