1 0.458379
2 0.466102
3 0.466121
4 0.4695
5 0.46964
6 0.471315
7 0.471464
8 0.472965
9 0.472871
10 0.473893
11 0.474014
12 0.474812
13 0.474957
14 0.475593
15 0.475869
16 0.476053
17 0.476047
18 0.476893
19 0.477048
20 0.477076
21 0.47741
22 0.477672
23 0.477625
24 0.47807
25 0.478195
26 0.478417
27 0.478555
28 0.478262
29 0.478731
30 0.478658
31 0.478951
32 0.478983
33 0.478988
34 0.479214
35 0.479464
36 0.479451
37 0.479394
38 0.479707
39 0.479702
40 0.479821
41 0.479895
42 0.479814
43 0.480276
44 0.480071
45 0.480144
46 0.480392
47 0.480106
48 0.480338
49 0.480354
50 0.480451
51 0.480493
52 0.480641
53 0.480629
54 0.480525
55 0.480906
56 0.480853
57 0.480669
58 0.480692
59 0.480972
60 0.480753
61 0.481041
62 0.480983
63 0.48114
64 0.480985
65 0.481071
66 0.481187
67 0.481235
68 0.481129
69 0.481196
70 0.481417
71 0.481333
72 0.481454
73 0.481369
74 0.481666
75 0.481582
76 0.481645
77 0.481517
78 0.481466
79 0.481723
80 0.481362
81 0.481564
82 0.481864
83 0.481511
84 0.481558
85 0.481659
86 0.481773
87 0.481915
88 0.481869
89 0.48181
90 0.481941
91 0.481549
92 0.481892
93 0.481721
94 0.482168
95 0.481917
96 0.482123
97 0.481929
98 0.482275
99 0.482213
100 0.481803
101 0.481867
102 0.48202
103 0.481956
104 0.482016
105 0.48206
106 0.482377
107 0.48221
108 0.482159
109 0.482084
110 0.482162
111 0.482493
112 0.482086
113 0.48233
114 0.482411
115 0.482213
116 0.482321
117 0.482371
118 0.48252
119 0.482157
120 0.482415
121 0.482395
122 0.482398
123 0.482378
124 0.482344
125 0.482247
126 0.482334
127 0.482296
128 0.482366
129 0.482602
130 0.482626
131 0.482432
132 0.482513
133 0.482744
134 0.482614
135 0.482663
136 0.482437
137 0.48268
138 0.482371
139 0.482645
140 0.48254
141 0.482601
142 0.482792
143 0.48268
144 0.4826
145 0.482721
146 0.482582
147 0.48264
148 0.482622
149 0.48304
150 0.482709
151 0.482746
152 0.482796
153 0.482863
154 0.482749
155 0.482931
156 0.482959
157 0.482687
158 0.482874
159 0.482637
160 0.482806
161 0.48268
162 0.482824
163 0.482814
164 0.482802
165 0.482897
166 0.482993
167 0.48302
168 0.482862
169 0.482792
170 0.48292
171 0.482985
172 0.482849
173 0.482834
174 0.483042
175 0.482683
176 0.482649
177 0.483088
178 0.482828
179 0.482863
180 0.482699
181 0.482866
182 0.483089
183 0.482844
184 0.483054
185 0.483134
186 0.483094
187 0.482818
188 0.483094
189 0.483089
190 0.483035
191 0.483039
192 0.482902
193 0.483051
194 0.482986
195 0.483086
196 0.483304
197 0.483081
198 0.483123
199 0.483121
200 0.483322
201 0.483047
202 0.483168
203 0.483198
204 0.48303
205 0.483371
206 0.483035
207 0.48321
208 0.483097
209 0.48306
210 0.483308
211 0.483104
212 0.483116
213 0.483449
214 0.483199
215 0.483229
216 0.4831
217 0.483316
218 0.483483
219 0.483068
220 0.483287
221 0.48325
222 0.483193
223 0.483305
224 0.4833
225 0.483262
226 0.483293
227 0.483299
228 0.482914
229 0.483201
230 0.483369
231 0.483116
232 0.483089
233 0.483082
234 0.483234
235 0.483231
236 0.483145
237 0.483213
238 0.483243
239 0.483371
240 0.483247
241 0.483253
242 0.483605
243 0.483513
244 0.483451
245 0.4833
246 0.483162
247 0.483709
248 0.4835
249 0.483307
250 0.483261
251 0.483247
252 0.483476
253 0.483343
254 0.483285
255 0.483414
256 0.483361
257 0.483488
258 0.483417
259 0.48337
260 0.483505
261 0.483312
262 0.483396
263 0.483346
264 0.48358
265 0.483571
266 0.483379
267 0.483384
268 0.483449
269 0.483498
270 0.483406
271 0.483507
272 0.483463
273 0.483572
274 0.483435
275 0.483412
276 0.483514
277 0.483512
278 0.483348
279 0.483582
280 0.483679
281 0.483167
282 0.483396
283 0.483422
284 0.483672
285 0.483697
286 0.483597
287 0.483441
288 0.483581
289 0.48332
290 0.483469
291 0.48363
292 0.483643
293 0.483663
294 0.483623
295 0.483437
296 0.483467
297 0.483526
298 0.483581
299 0.483604
300 0.483583
