1 0
2 0
3 0
4 0.0434783
5 0.0588235
6 0.0679612
7 0.0765306
8 0.0804598
9 0.0847458
10 0.0854167
11 0.0876494
12 0.0877729
13 0.0869437
14 0.0876656
15 0.0865371
16 0.0850689
17 0.0841866
18 0.0830374
19 0.0818962
20 0.0808209
21 0.0801171
22 0.0793266
23 0.07874
24 0.0781843
25 0.0777358
26 0.0772152
27 0.0767583
28 0.0761424
29 0.0756622
30 0.0751651
31 0.0746055
32 0.0740597
33 0.0736146
34 0.0730269
35 0.0724998
36 0.0720009
37 0.0713998
38 0.0708883
39 0.0703702
40 0.0698029
41 0.0692526
42 0.0687487
43 0.0682192
44 0.0677059
45 0.0671955
46 0.0666766
47 0.066156
48 0.0656624
49 0.0651476
50 0.0646455
51 0.0641328
52 0.0636307
53 0.0631421
54 0.0626639
55 0.0621713
56 0.0617084
57 0.0612504
58 0.0607968
59 0.0603466
60 0.0599045
61 0.0594558
62 0.0590174
63 0.0585825
64 0.0581535
65 0.0577266
66 0.057307
67 0.0568822
68 0.0564709
69 0.0560579
70 0.0556518
71 0.0552443
72 0.0548463
73 0.054447
74 0.0540579
75 0.0536684
76 0.0532822
77 0.052899
78 0.0525219
79 0.0521401
80 0.0517711
81 0.0514014
82 0.0510339
83 0.0506704
84 0.0503136
85 0.0499537
86 0.049602
87 0.0492494
88 0.0489017
89 0.0485556
90 0.0482149
91 0.0478748
92 0.0475402
93 0.0472074
94 0.0468792
95 0.0465527
96 0.0462285
97 0.0459079
98 0.045591
99 0.0452768
100 0.0449656
