1 0.500001
2 0.359497
3 0.297854
4 0.263365
5 0.239795
6 0.222767
7 0.209731
8 0.199761
9 0.191326
10 0.184791
11 0.178858
12 0.173539
13 0.169422
14 0.165184
15 0.162021
16 0.158811
17 0.156091
18 0.153502
19 0.151468
20 0.14946
21 0.14735
22 0.145843
23 0.144162
24 0.142544
25 0.141183
26 0.140135
27 0.138725
28 0.137477
29 0.136834
30 0.135628
31 0.134676
32 0.133781
33 0.132788
34 0.132293
35 0.131243
36 0.130411
37 0.129631
38 0.129138
39 0.128501
40 0.128056
41 0.127374
42 0.126546
43 0.126176
44 0.12582
45 0.125415
46 0.124638
47 0.124104
48 0.123774
49 0.123487
50 0.123148
51 0.12274
52 0.1223
53 0.121868
54 0.121353
55 0.121341
56 0.120849
57 0.120558
58 0.120386
59 0.119852
60 0.119479
61 0.119326
62 0.11898
63 0.118614
64 0.118067
65 0.118424
66 0.117988
67 0.117773
68 0.117599
69 0.117337
70 0.117122
71 0.116725
72 0.11629
73 0.116063
74 0.116105
75 0.11579
76 0.115842
77 0.115614
78 0.115377
79 0.115371
80 0.115025
81 0.11476
82 0.114989
83 0.114661
84 0.114365
85 0.114364
86 0.114005
87 0.113949
88 0.113974
89 0.113689
90 0.113423
91 0.113427
92 0.113157
93 0.113012
94 0.112844
95 0.112867
96 0.112549
97 0.112477
98 0.11251
99 0.1123
100 0.112295
101 0.111966
102 0.112202
103 0.111699
104 0.111799
105 0.111518
106 0.111468
107 0.111518
108 0.111267
109 0.111129
110 0.111258
111 0.11098
112 0.111002
113 0.110674
114 0.110502
115 0.110687
116 0.110609
117 0.110613
118 0.110452
119 0.1103
120 0.110155
121 0.110058
122 0.110046
123 0.109998
124 0.109858
125 0.109715
126 0.109495
127 0.10964
128 0.109392
129 0.109429
130 0.109298
131 0.109273
132 0.109309
133 0.109101
134 0.109054
135 0.109018
136 0.108863
137 0.108891
138 0.108723
139 0.108465
140 0.108713
141 0.108499
142 0.108504
143 0.108456
144 0.108225
145 0.108387
146 0.10824
147 0.108103
148 0.108094
149 0.108021
150 0.107981
151 0.107957
152 0.10777
153 0.107766
154 0.107749
155 0.107741
156 0.107571
157 0.107644
158 0.107573
159 0.107492
160 0.107439
161 0.107351
162 0.107243
163 0.107215
164 0.1073
165 0.1072
166 0.107008
167 0.107053
168 0.106904
169 0.106883
170 0.107283
171 0.107172
172 0.106784
173 0.106713
174 0.106688
175 0.106721
176 0.106613
177 0.106645
178 0.106468
179 0.106554
180 0.106319
181 0.106226
182 0.106415
183 0.106357
184 0.106339
185 0.106176
186 0.106032
187 0.106375
188 0.106049
189 0.106031
190 0.106049
191 0.106028
192 0.105799
193 0.106072
194 0.105837
195 0.105922
196 0.10587
197 0.105911
198 0.105704
199 0.105722
200 0.10562
201 0.105561
202 0.105553
203 0.105648
204 0.105432
205 0.105763
206 0.105337
207 0.105481
208 0.105418
209 0.105261
210 0.105276
211 0.105265
212 0.105244
213 0.105063
214 0.105192
215 0.105206
216 0.105093
217 0.105087
218 0.105049
219 0.104977
220 0.105068
221 0.10502
222 0.104935
223 0.104934
224 0.1049
225 0.104781
226 0.10482
227 0.104896
228 0.104747
229 0.104687
230 0.10466
231 0.104677
232 0.104754
233 0.104687
234 0.104593
235 0.104565
236 0.104602
237 0.104509
238 0.104461
239 0.104446
240 0.104427
241 0.104339
242 0.104404
243 0.104398
244 0.104386
245 0.104445
246 0.104338
247 0.104327
248 0.104303
249 0.104222
250 0.104324
251 0.104166
252 0.104084
253 0.104174
254 0.104047
255 0.104444
256 0.104102
257 0.103561
258 0.104006
259 0.103954
260 0.103836
261 0.103775
262 0.103845
263 0.103893
264 0.10394
265 0.103784
266 0.103842
267 0.103895
268 0.103839
269 0.103574
270 0.103674
271 0.103634
272 0.103657
273 0.103681
274 0.103664
275 0.103666
276 0.10353
277 0.103569
278 0.103411
279 0.103493
280 0.103577
281 0.103495
282 0.103533
283 0.103375
284 0.103481
285 0.103414
286 0.103433
287 0.103304
288 0.10336
289 0.103336
290 0.103365
291 0.10324
292 0.103247
293 0.103216
294 0.103184
295 0.103102
296 0.103133
297 0.103129
298 0.103104
299 0.103267
300 0.10317
