1 0.110084
2 0.101843
3 0.0961976
4 0.0923823
5 0.0889412
6 0.0863189
7 0.0838565
8 0.0815419
9 0.0797096
10 0.0779157
11 0.0763445
12 0.074699
13 0.0733415
14 0.072078
15 0.0708112
16 0.0695117
17 0.0684847
18 0.0674946
19 0.0664942
20 0.0655834
21 0.0645924
22 0.0638071
23 0.0629462
24 0.062151
25 0.0613116
26 0.0605261
27 0.0600052
28 0.0592652
29 0.0585311
30 0.0579521
31 0.0573647
32 0.0567886
33 0.0561641
34 0.0556022
35 0.0550662
36 0.0545668
37 0.0540869
38 0.0536032
39 0.0530312
40 0.0526185
41 0.0520589
42 0.0517667
43 0.0512741
44 0.0508494
45 0.0504498
46 0.0500879
47 0.0496758
48 0.0491863
49 0.0487909
50 0.0484673
51 0.0481939
52 0.0477187
53 0.0474425
54 0.0470443
55 0.0467343
56 0.0464547
57 0.0461373
58 0.0457816
59 0.0455
60 0.0451872
61 0.0449168
62 0.0446621
63 0.0443095
64 0.0440958
65 0.0437829
66 0.0435458
67 0.0432493
68 0.0428581
69 0.0427736
70 0.0425463
71 0.0422097
72 0.042045
73 0.0417511
74 0.0414423
75 0.0412663
76 0.0410503
77 0.0407868
78 0.0406182
79 0.0403221
80 0.0402372
81 0.0399415
82 0.0397405
83 0.0395396
84 0.0392777
85 0.0391694
86 0.0389224
87 0.0387231
88 0.0385581
89 0.0383451
90 0.0381696
91 0.0380541
92 0.037798
93 0.0375978
94 0.03738
95 0.0372362
96 0.0370832
97 0.0369129
98 0.0367529
99 0.0365671
100 0.036389
101 0.0362498
102 0.0361367
103 0.0359763
104 0.0357423
105 0.0356252
106 0.0354803
107 0.0353406
108 0.0351911
109 0.0350082
110 0.0348463
111 0.0346518
112 0.034581
113 0.0344243
114 0.0343349
115 0.0341511
116 0.0340523
117 0.033878
118 0.0337934
119 0.0336451
120 0.0334941
121 0.0333987
122 0.0332615
123 0.0330564
124 0.0329471
125 0.0328661
126 0.0327582
127 0.0326246
128 0.0325118
129 0.0323836
130 0.0322656
131 0.0321964
132 0.0320751
133 0.0319618
134 0.0318178
135 0.0317301
136 0.0315921
137 0.0314591
138 0.0313928
139 0.031249
140 0.0311588
141 0.0310304
142 0.0309361
143 0.0308359
144 0.0307755
145 0.0306166
146 0.0305483
147 0.0304365
148 0.0303
149 0.0302488
150 0.0301199
151 0.0300075
152 0.0299116
153 0.0298165
154 0.0296984
155 0.0296779
156 0.029507
157 0.0293816
158 0.0293465
159 0.0292581
160 0.0291531
161 0.0290773
162 0.0290002
163 0.0288939
164 0.0288661
165 0.0287006
166 0.0286374
167 0.0285383
168 0.0284991
169 0.0283962
170 0.0283266
171 0.0282024
172 0.0281573
173 0.0281106
174 0.0279558
175 0.0278863
176 0.0278184
177 0.0277353
178 0.0276902
179 0.0275879
180 0.0275589
181 0.0274571
182 0.0273677
183 0.027267
184 0.0271198
185 0.027113
186 0.0270838
187 0.0269964
188 0.0269141
189 0.0268853
190 0.0268056
191 0.0267104
192 0.0266471
193 0.0265225
194 0.0265168
195 0.0264456
196 0.026344
197 0.0263065
198 0.0262714
199 0.0260845
200 0.0261311
201 0.0260376
202 0.0259917
203 0.0258699
204 0.0258478
205 0.0257778
206 0.0256774
207 0.025653
208 0.0255476
209 0.0255391
210 0.025405
211 0.0253444
212 0.0253027
213 0.0252255
214 0.0252059
215 0.0251135
216 0.0250518
217 0.0249797
218 0.0249027
219 0.0248789
220 0.024857
221 0.0247662
222 0.0247297
223 0.0246771
224 0.0246488
225 0.0245056
226 0.024494
227 0.0244236
228 0.0243325
229 0.0243311
230 0.0242963
231 0.0241229
232 0.0241242
233 0.0241168
234 0.0240639
235 0.0240182
236 0.0239525
237 0.0238545
238 0.0238153
239 0.0237601
240 0.0237296
241 0.0236602
242 0.0235928
243 0.0235656
244 0.0235248
245 0.0234666
246 0.0234513
247 0.0233734
248 0.0233248
249 0.0232316
250 0.0232054
251 0.0231875
252 0.0231318
253 0.0230916
254 0.0230177
255 0.0229925
256 0.0229158
257 0.022904
258 0.0228166
259 0.0227496
260 0.0227355
261 0.0226895
262 0.0226519
263 0.0225505
264 0.022561
265 0.0225087
266 0.022525
267 0.0223685
268 0.0223492
269 0.0222996
270 0.0222726
271 0.0222016
272 0.0222202
273 0.0221714
274 0.0220865
275 0.0221016
276 0.0220491
277 0.0219681
278 0.0218751
279 0.021908
280 0.0218532
281 0.0218018
282 0.0217803
283 0.0217128
284 0.0216441
285 0.0215923
286 0.0216023
287 0.0215341
288 0.0214998
289 0.0215182
290 0.0214175
291 0.0214397
292 0.021347
293 0.021306
294 0.0212632
295 0.0212477
296 0.0211531
297 0.021128
298 0.0211488
299 0.0210709
300 0.021066
