1 0.388288
2 0.419156
3 0.431798
4 0.45361
5 0.464406
6 0.479057
7 0.487546
8 0.499136
9 0.505832
10 0.514668
11 0.521341
12 0.530044
13 0.534832
14 0.541996
15 0.547381
16 0.553452
17 0.558686
18 0.563521
19 0.567335
20 0.57333
21 0.577438
22 0.581948
23 0.585459
24 0.58879
25 0.593306
26 0.59762
27 0.59912
28 0.602913
29 0.605989
30 0.609752
31 0.612189
32 0.614374
33 0.617484
34 0.621202
35 0.623017
36 0.626112
37 0.628669
38 0.630585
39 0.633822
40 0.635097
41 0.638382
42 0.640231
43 0.643022
44 0.644589
45 0.64653
46 0.648589
47 0.649936
48 0.65315
49 0.655141
50 0.656341
51 0.65714
52 0.660649
53 0.662018
54 0.664095
55 0.665242
56 0.666317
57 0.6684
58 0.670267
59 0.672078
60 0.673306
61 0.674851
62 0.675958
63 0.677751
64 0.67884
65 0.680436
66 0.681255
67 0.683773
68 0.685016
69 0.685895
70 0.687096
71 0.688736
72 0.689643
73 0.69042
74 0.693505
75 0.693984
76 0.694592
77 0.696117
78 0.697311
79 0.699191
80 0.699401
81 0.700787
82 0.701535
83 0.702849
84 0.704298
85 0.70515
86 0.706298
87 0.707969
88 0.708458
89 0.709244
90 0.709981
91 0.710873
92 0.712721
93 0.713417
94 0.714497
95 0.715461
96 0.716452
97 0.71694
98 0.7179
99 0.718817
100 0.719888
101 0.721093
102 0.720985
103 0.721875
104 0.723607
105 0.724239
106 0.724706
107 0.725617
108 0.726136
109 0.726968
110 0.727876
111 0.729058
112 0.729631
113 0.730319
114 0.730479
115 0.731883
116 0.732445
117 0.733814
118 0.73367
119 0.734456
120 0.735604
121 0.735931
122 0.736896
123 0.737941
124 0.738628
125 0.739121
126 0.739583
127 0.740244
128 0.740956
129 0.741471
130 0.74292
131 0.742384
132 0.743355
133 0.744022
134 0.744829
135 0.745437
136 0.74602
137 0.746599
138 0.746701
139 0.74797
140 0.748384
141 0.749572
142 0.74923
143 0.75022
144 0.750517
145 0.751942
146 0.75199
147 0.75265
148 0.753971
149 0.753061
150 0.754095
151 0.754516
152 0.755694
153 0.756145
154 0.756731
155 0.756859
156 0.758263
157 0.758763
158 0.758637
159 0.75896
160 0.760005
161 0.760556
162 0.760231
163 0.761272
164 0.76154
165 0.761984
166 0.762632
167 0.763223
168 0.763778
169 0.764041
170 0.764594
171 0.765121
172 0.765197
173 0.764868
174 0.76711
175 0.767011
176 0.767778
177 0.767771
178 0.767453
179 0.769115
180 0.769469
181 0.769699
182 0.769413
183 0.770414
184 0.771811
185 0.771837
186 0.771455
187 0.772816
188 0.772836
189 0.772681
190 0.773122
191 0.77335
192 0.773774
193 0.775177
194 0.775277
195 0.775424
196 0.775948
197 0.775478
198 0.775751
199 0.777683
200 0.77697
201 0.777909
202 0.77762
203 0.779086
204 0.779153
205 0.779623
206 0.780348
207 0.779866
208 0.781022
209 0.780744
210 0.781413
211 0.782078
212 0.782408
213 0.782547
214 0.782507
215 0.782511
216 0.783415
217 0.784086
218 0.784667
219 0.784867
220 0.785072
221 0.785101
222 0.78545
223 0.785731
224 0.785252
225 0.786683
226 0.786826
227 0.786974
228 0.788098
229 0.788105
230 0.787632
231 0.789115
232 0.789115
233 0.788841
234 0.789742
235 0.789693
236 0.789778
237 0.790854
238 0.791557
239 0.791146
240 0.790902
241 0.791838
242 0.791615
243 0.792164
244 0.792093
245 0.792819
246 0.793161
247 0.792961
248 0.793662
249 0.794603
250 0.794779
251 0.793866
252 0.795147
253 0.7948
254 0.795236
255 0.795865
256 0.796253
257 0.796018
258 0.796716
259 0.797283
260 0.797302
261 0.797784
262 0.797637
263 0.799049
264 0.798421
265 0.798479
266 0.798214
267 0.799536
268 0.799571
269 0.800075
270 0.800367
271 0.800947
272 0.800736
273 0.800821
274 0.801056
275 0.800816
276 0.801372
277 0.802188
278 0.803239
279 0.802377
280 0.802614
281 0.803011
282 0.803119
283 0.803804
284 0.804061
285 0.804231
286 0.804582
287 0.80453
288 0.804375
289 0.804401
290 0.80534
291 0.804871
292 0.805937
293 0.806204
294 0.806426
295 0.806271
296 0.806777
297 0.806835
298 0.807083
299 0.807539
300 0.807783
