1 0.143026
2 0.135542
3 0.131194
4 0.105316
5 0.0858756
6 0.0925475
7 0.078284
8 0.0767158
9 0.0707438
10 0.0703603
11 0.0644736
12 0.0637716
13 0.0601857
14 0.0592113
15 0.0557713
16 0.055636
17 0.0525669
18 0.0529036
19 0.0508886
20 0.0489762
21 0.0481625
22 0.0471836
23 0.0460842
24 0.0453383
25 0.0440955
26 0.0432272
27 0.0426712
28 0.0416668
29 0.0411697
30 0.040052
31 0.0398999
32 0.0387636
33 0.0385779
34 0.0375781
35 0.0370571
36 0.0366389
37 0.0360094
38 0.0356499
39 0.0350032
40 0.0344819
41 0.0341292
42 0.0336366
43 0.0332151
44 0.032701
45 0.0324228
46 0.0321306
47 0.031628
48 0.0311888
49 0.0308498
50 0.0304227
51 0.0304584
52 0.0297557
53 0.0295667
54 0.0291954
55 0.0288828
56 0.0286849
57 0.0283409
58 0.0280122
59 0.0277769
60 0.0274666
61 0.0272555
62 0.0269582
63 0.0266907
64 0.0265163
65 0.0262298
66 0.0261025
67 0.0257661
68 0.0255002
69 0.0254066
70 0.0251314
71 0.0248946
72 0.0247003
73 0.0245515
74 0.0241374
75 0.0240538
76 0.023945
77 0.0236511
78 0.0235557
79 0.0232522
80 0.0231571
81 0.0230016
82 0.0227999
83 0.0226065
84 0.0224251
85 0.0222863
86 0.0221185
87 0.0219311
88 0.0218188
89 0.0216834
90 0.021483
91 0.0214508
92 0.0212039
93 0.0210675
94 0.020905
95 0.0207478
96 0.0206623
97 0.0205126
98 0.0203867
99 0.020239
100 0.0201261
101 0.0199708
102 0.0198816
103 0.0197952
104 0.0195497
105 0.0195259
106 0.0194063
107 0.0192828
108 0.0192228
109 0.0190395
110 0.0189345
111 0.0187824
112 0.0187039
113 0.0186064
114 0.0185358
115 0.0183844
116 0.0183633
117 0.0181806
118 0.0181327
119 0.0179937
120 0.0179392
121 0.0178237
122 0.0177122
123 0.0175816
124 0.0175112
125 0.0174306
126 0.0173725
127 0.017273
128 0.0171857
129 0.0171128
130 0.0169703
131 0.0169901
132 0.0169071
133 0.0167979
134 0.0166975
135 0.0166233
136 0.0165378
137 0.0164064
138 0.0163985
139 0.0162349
140 0.0162551
141 0.0161021
142 0.0160893
143 0.0159924
144 0.0159578
145 0.015795
146 0.0157595
147 0.0156796
148 0.015562
149 0.0155569
150 0.0154837
151 0.0154046
152 0.0153415
153 0.0152743
154 0.0151773
155 0.0151498
156 0.0150138
157 0.0149318
158 0.0149176
159 0.0148764
160 0.0148118
161 0.0147415
162 0.014709
163 0.0146129
164 0.0146099
165 0.0145026
166 0.0144466
167 0.0143577
168 0.0143698
169 0.014263
170 0.0142322
171 0.0141397
172 0.0141258
173 0.0141397
174 0.0139295
175 0.0139142
176 0.0138783
177 0.0138378
178 0.0138509
179 0.013718
180 0.0136663
181 0.0136376
182 0.0136271
183 0.0135168
184 0.0133862
185 0.013402
186 0.0134086
187 0.013303
188 0.0132758
189 0.0132798
190 0.0132081
191 0.0131721
192 0.0131002
193 0.0129835
194 0.0130043
195 0.0129633
196 0.0128969
197 0.0129133
198 0.012903
199 0.0126862
200 0.0127702
201 0.0126935
202 0.0126909
203 0.0125519
204 0.0125581
205 0.0125253
206 0.0124555
207 0.0124643
208 0.0123695
209 0.0123786
210 0.0122657
211 0.0122371
212 0.0122044
213 0.0121727
214 0.01217
215 0.0121083
216 0.0120536
217 0.0119968
218 0.0119721
219 0.0119381
220 0.0119133
221 0.0119026
222 0.0118499
223 0.0118424
224 0.0118073
225 0.011715
226 0.0116956
227 0.0116755
228 0.0115933
229 0.0115639
230 0.011574
231 0.0114556
232 0.0114675
233 0.0114912
234 0.0113945
235 0.0113915
236 0.0113783
237 0.0112904
238 0.0112465
239 0.0112302
240 0.0112501
241 0.0111736
242 0.0111667
243 0.0111013
244 0.0111047
245 0.0110558
246 0.0110597
247 0.0109839
248 0.0109713
249 0.0109074
250 0.0108738
251 0.0109202
252 0.0108246
253 0.0108425
254 0.0107881
255 0.0107514
256 0.0107298
257 0.0107146
258 0.0106594
259 0.0105981
260 0.0106066
261 0.0105579
262 0.0105511
263 0.0104578
264 0.0104866
265 0.0104841
266 0.0104912
267 0.0103758
268 0.0103492
269 0.0103365
270 0.0103193
271 0.010253
272 0.010286
273 0.0102524
274 0.0102113
275 0.0102347
276 0.0102131
277 0.0101224
278 0.0100548
279 0.0101113
280 0.0100684
281 0.0100446
282 0.0100158
283 0.00998749
284 0.00993076
285 0.00989298
286 0.00988083
287 0.00988403
288 0.00985235
289 0.00990122
290 0.00980911
291 0.00984207
292 0.00975742
293 0.00973187
294 0.00971879
295 0.0097303
296 0.00965156
297 0.00961284
298 0.00964592
299 0.00959534
300 0.00959588
