1 0.333506
2 0.387312
3 0.418877
4 0.43262
5 0.454863
6 0.465187
7 0.478585
8 0.488774
9 0.498282
10 0.50625
11 0.514968
12 0.523274
13 0.529391
14 0.535906
15 0.542859
16 0.548242
17 0.55442
18 0.558702
19 0.563476
20 0.569058
21 0.573987
22 0.578345
23 0.582348
24 0.585371
25 0.590425
26 0.594925
27 0.596732
28 0.600309
29 0.603963
30 0.607141
31 0.610201
32 0.612282
33 0.615736
34 0.619307
35 0.621444
36 0.624334
37 0.627173
38 0.629126
39 0.632544
40 0.633674
41 0.637247
42 0.638837
43 0.641728
44 0.643203
45 0.645454
46 0.647435
47 0.648778
48 0.652123
49 0.654046
50 0.655377
51 0.656276
52 0.659695
53 0.661133
54 0.663304
55 0.664553
56 0.665593
57 0.66752
58 0.669412
59 0.671282
60 0.672784
61 0.674275
62 0.675272
63 0.677078
64 0.678305
65 0.679897
66 0.680725
67 0.68308
68 0.68453
69 0.685274
70 0.686592
71 0.688071
72 0.68901
73 0.689939
74 0.692992
75 0.693688
76 0.693984
77 0.695906
78 0.696958
79 0.698781
80 0.699036
81 0.70037
82 0.701027
83 0.702458
84 0.703927
85 0.704748
86 0.705905
87 0.707589
88 0.708117
89 0.708931
90 0.709796
91 0.710597
92 0.712354
93 0.71326
94 0.714227
95 0.71519
96 0.716072
97 0.716594
98 0.717727
99 0.718544
100 0.719498
101 0.72073
102 0.720588
103 0.721639
104 0.723266
105 0.724031
106 0.724371
107 0.725372
108 0.725847
109 0.726665
110 0.727595
111 0.728807
112 0.72943
113 0.730097
114 0.730218
115 0.731768
116 0.732195
117 0.733559
118 0.733418
119 0.734275
120 0.735489
121 0.735652
122 0.73675
123 0.737706
124 0.738491
125 0.738908
126 0.739371
127 0.7401
128 0.740735
129 0.741351
130 0.74271
131 0.742078
132 0.743204
133 0.74394
134 0.744681
135 0.74528
136 0.745838
137 0.7464
138 0.746499
139 0.74795
140 0.74827
141 0.749459
142 0.749274
143 0.750026
144 0.750311
145 0.751727
146 0.751815
147 0.752522
148 0.7538
149 0.752906
150 0.753926
151 0.754302
152 0.755552
153 0.75601
154 0.756603
155 0.756822
156 0.75807
157 0.758652
158 0.758439
159 0.758842
160 0.759859
161 0.760398
162 0.760099
163 0.761125
164 0.761436
165 0.761802
166 0.762484
167 0.763072
168 0.763558
169 0.763879
170 0.764399
171 0.765028
172 0.765091
173 0.764782
174 0.767041
175 0.766911
176 0.76765
177 0.767679
178 0.76734
179 0.768957
180 0.769342
181 0.769583
182 0.769384
183 0.770342
184 0.771682
185 0.771732
186 0.771336
187 0.772766
188 0.772739
189 0.772483
190 0.773106
191 0.773363
192 0.773705
193 0.775039
194 0.775157
195 0.775324
196 0.775829
197 0.775435
198 0.775654
199 0.777596
200 0.776927
201 0.777868
202 0.777549
203 0.778986
204 0.779073
205 0.77954
206 0.78031
207 0.779863
208 0.781022
209 0.780701
210 0.781297
211 0.782042
212 0.782344
213 0.782444
214 0.782504
215 0.782431
216 0.7833
217 0.784064
218 0.784527
219 0.784725
220 0.785029
221 0.784972
222 0.785354
223 0.785624
224 0.785169
225 0.786607
226 0.78672
227 0.786868
228 0.787958
229 0.788065
230 0.787546
231 0.789058
232 0.789102
233 0.78875
234 0.789671
235 0.789585
236 0.789626
237 0.790735
238 0.791626
239 0.791111
240 0.790887
241 0.791753
242 0.791531
243 0.792062
244 0.792032
245 0.792634
246 0.793099
247 0.792936
248 0.793619
249 0.794528
250 0.794665
251 0.793815
252 0.794982
253 0.794747
254 0.795139
255 0.795813
256 0.796154
257 0.796006
258 0.796584
259 0.797216
260 0.797263
261 0.797705
262 0.797631
263 0.799042
264 0.798349
265 0.798479
266 0.798078
267 0.799494
268 0.799601
269 0.800059
270 0.800313
271 0.800899
272 0.800731
273 0.800741
274 0.801028
275 0.800663
276 0.801389
277 0.802111
278 0.803172
279 0.802389
280 0.80261
281 0.803038
282 0.803047
283 0.803863
284 0.804086
285 0.804176
286 0.804537
287 0.804469
288 0.804322
289 0.804352
290 0.805283
291 0.804777
292 0.805904
293 0.806158
294 0.806352
295 0.806274
296 0.806731
297 0.8068
298 0.807037
299 0.807531
300 0.807707
