1 0.500061
2 0.507852
3 0.513529
4 0.517523
5 0.521219
6 0.523733
7 0.526271
8 0.528719
9 0.530399
10 0.532165
11 0.533689
12 0.535382
13 0.53672
14 0.53797
15 0.539257
16 0.540531
17 0.541597
18 0.542621
19 0.543507
20 0.544482
21 0.545592
22 0.546304
23 0.547209
24 0.548048
25 0.548897
26 0.549633
27 0.550178
28 0.550909
29 0.551578
30 0.552128
31 0.552864
32 0.553354
33 0.554033
34 0.55452
35 0.555097
36 0.55552
37 0.55602
38 0.556497
39 0.557032
40 0.557485
41 0.558069
42 0.558417
43 0.558801
44 0.559332
45 0.559704
46 0.560031
47 0.560362
48 0.560943
49 0.561276
50 0.561688
51 0.561888
52 0.562412
53 0.562651
54 0.563062
55 0.563356
56 0.563689
57 0.563892
58 0.564306
59 0.564583
60 0.56485
61 0.565178
62 0.565486
63 0.565804
64 0.56605
65 0.566338
66 0.566622
67 0.566891
68 0.567246
69 0.56738
70 0.567589
71 0.567936
72 0.5681
73 0.568432
74 0.56867
75 0.568889
76 0.569116
77 0.569388
78 0.569548
79 0.569812
80 0.569929
81 0.570241
82 0.57039
83 0.570621
84 0.570907
85 0.570923
86 0.57122
87 0.571423
88 0.571534
89 0.571791
90 0.57197
91 0.572072
92 0.572352
93 0.572575
94 0.57279
95 0.572917
96 0.573073
97 0.573272
98 0.573349
99 0.573629
100 0.573787
101 0.573879
102 0.573955
103 0.574172
104 0.574429
105 0.574524
106 0.574687
107 0.574799
108 0.574969
109 0.575187
110 0.575291
111 0.575518
112 0.575623
113 0.575709
114 0.575818
115 0.57597
116 0.576044
117 0.576271
118 0.57636
119 0.57648
120 0.576664
121 0.576754
122 0.576937
123 0.577091
124 0.577188
125 0.577297
126 0.577413
127 0.57752
128 0.57771
129 0.577761
130 0.577889
131 0.577931
132 0.578059
133 0.578188
134 0.578362
135 0.578408
136 0.578596
137 0.578693
138 0.578736
139 0.578885
140 0.578953
141 0.579081
142 0.579244
143 0.5793
144 0.579355
145 0.579544
146 0.579607
147 0.579693
148 0.579831
149 0.579906
150 0.580042
151 0.580104
152 0.58022
153 0.580329
154 0.58041
155 0.58047
156 0.580636
157 0.580748
158 0.580778
159 0.58088
160 0.580955
161 0.581081
162 0.581121
163 0.581229
164 0.581268
165 0.581464
166 0.581526
167 0.581624
168 0.581663
169 0.581725
170 0.581731
171 0.581854
172 0.581962
173 0.582042
174 0.582196
175 0.582255
176 0.582322
177 0.582392
178 0.582439
179 0.582527
180 0.582583
181 0.582667
182 0.582789
183 0.582896
184 0.583016
185 0.582995
186 0.583083
187 0.583108
188 0.583218
189 0.583257
190 0.583304
191 0.583423
192 0.583489
193 0.583636
194 0.58366
195 0.583677
196 0.583808
197 0.583793
198 0.583893
199 0.58404
200 0.584017
201 0.584077
202 0.584154
203 0.584257
204 0.584268
205 0.584344
206 0.584501
207 0.584478
208 0.584579
209 0.58461
210 0.584757
211 0.584772
212 0.584817
213 0.584902
214 0.584941
215 0.585036
216 0.585082
217 0.585151
218 0.585271
219 0.585244
220 0.58529
221 0.585388
222 0.585399
223 0.585484
224 0.585483
225 0.585619
226 0.585647
227 0.58572
228 0.585816
229 0.585803
230 0.585839
231 0.586021
232 0.586027
233 0.58602
234 0.586099
235 0.586119
236 0.58621
237 0.586292
238 0.586305
239 0.586367
240 0.58641
241 0.58649
242 0.586562
243 0.58657
244 0.586617
245 0.586671
246 0.586685
247 0.586733
248 0.586808
249 0.586916
250 0.586938
251 0.586968
252 0.587037
253 0.587064
254 0.587138
255 0.587084
256 0.587217
257 0.587324
258 0.587338
259 0.587388
260 0.587424
261 0.587464
262 0.587495
263 0.587601
264 0.58756
265 0.587642
266 0.587639
267 0.587758
268 0.587802
269 0.587847
270 0.587887
271 0.587938
272 0.587945
273 0.587938
274 0.588046
275 0.588026
276 0.588111
277 0.588172
278 0.588302
279 0.588262
280 0.588302
281 0.588346
282 0.588358
283 0.588441
284 0.588516
285 0.58853
286 0.58855
287 0.588625
288 0.588637
289 0.588632
290 0.588719
291 0.588719
292 0.588773
293 0.588864
294 0.588849
295 0.588859
296 0.588985
297 0.58903
298 0.588996
299 0.589085
300 0.589066
