1 0.500061
2 0.515831
3 0.524725
4 0.529189
5 0.535005
6 0.537305
7 0.541177
8 0.543607
9 0.546377
10 0.548125
11 0.550323
12 0.552158
13 0.553945
14 0.55508
15 0.557169
16 0.557358
17 0.558643
18 0.560643
19 0.560912
20 0.561491
21 0.563543
22 0.564963
23 0.566337
24 0.566734
25 0.566806
26 0.568034
27 0.568658
28 0.568647
29 0.570133
30 0.570343
31 0.571318
32 0.572416
33 0.572508
34 0.573678
35 0.573407
36 0.574901
37 0.574418
38 0.575301
39 0.575655
40 0.576176
41 0.576753
42 0.576296
43 0.577435
44 0.578032
45 0.57847
46 0.578267
47 0.57759
48 0.578828
49 0.580391
50 0.579967
51 0.578894
52 0.580851
53 0.580078
54 0.580507
55 0.580965
56 0.581809
57 0.582896
58 0.581904
59 0.582781
60 0.583064
61 0.583676
62 0.583815
63 0.583721
64 0.583297
65 0.583347
66 0.584677
67 0.585145
68 0.585028
69 0.584475
70 0.585675
71 0.58453
72 0.585709
73 0.586552
74 0.585633
75 0.586532
76 0.586461
77 0.587764
78 0.5874
79 0.587409
80 0.586503
81 0.587298
82 0.587087
83 0.587581
84 0.588029
85 0.58751
86 0.588205
87 0.588438
88 0.588426
89 0.587605
90 0.588985
91 0.589002
92 0.589087
93 0.588812
94 0.589671
95 0.589277
96 0.588922
97 0.59087
98 0.590392
99 0.590042
100 0.589995
101 0.590952
102 0.590301
103 0.591288
104 0.590786
105 0.591289
106 0.590832
107 0.590446
108 0.59102
109 0.592134
110 0.59105
111 0.591273
112 0.591879
113 0.591472
114 0.591925
115 0.592449
116 0.591792
117 0.591811
118 0.591562
119 0.591856
120 0.592665
121 0.591585
122 0.592477
123 0.592515
124 0.592469
125 0.593067
126 0.592852
127 0.592936
128 0.592896
129 0.592548
130 0.593419
131 0.593332
132 0.59301
133 0.594237
134 0.593056
135 0.593258
136 0.594199
137 0.593959
138 0.594356
139 0.594309
140 0.594567
141 0.593761
142 0.593844
143 0.595464
144 0.594717
145 0.59442
146 0.594513
147 0.594271
148 0.594452
149 0.594329
150 0.595158
151 0.59485
152 0.594758
153 0.594962
154 0.59494
155 0.594922
156 0.594732
157 0.595269
158 0.595975
159 0.595619
160 0.595332
161 0.596195
162 0.59593
163 0.595729
164 0.594732
165 0.596525
166 0.595512
167 0.595639
168 0.596164
169 0.596199
170 0.595677
171 0.596273
172 0.595729
173 0.596406
174 0.596597
175 0.596424
176 0.596473
177 0.59645
178 0.595371
179 0.597102
180 0.596836
181 0.597332
182 0.596351
183 0.597384
184 0.596145
185 0.597798
186 0.596827
187 0.596937
188 0.596818
189 0.597831
190 0.596768
191 0.596645
192 0.595975
193 0.596798
194 0.596213
195 0.597234
196 0.597437
197 0.596876
198 0.59752
199 0.597543
200 0.597742
201 0.597137
202 0.597155
203 0.598029
204 0.598651
205 0.596456
206 0.597266
207 0.597891
208 0.597674
209 0.597819
210 0.597969
211 0.598605
212 0.598589
213 0.598063
214 0.597868
215 0.598226
216 0.598702
217 0.599187
218 0.598935
219 0.59849
220 0.598856
221 0.598144
222 0.59824
223 0.599012
224 0.598434
225 0.598007
226 0.598391
227 0.598246
228 0.598669
229 0.599184
230 0.59881
231 0.597802
232 0.598092
233 0.597881
234 0.599152
235 0.598016
236 0.599242
237 0.599036
238 0.599459
239 0.598882
240 0.599097
241 0.598985
242 0.599305
243 0.599164
244 0.599237
245 0.59789
246 0.599459
247 0.598951
248 0.599149
249 0.599299
250 0.599368
251 0.598436
252 0.599157
253 0.600244
254 0.599241
255 0.599803
256 0.599424
257 0.600634
258 0.599487
259 0.599806
260 0.599275
261 0.599816
262 0.598982
263 0.599545
264 0.599963
265 0.599849
266 0.599978
267 0.599533
268 0.600394
269 0.599665
270 0.600117
271 0.599306
272 0.600104
273 0.5995
274 0.599673
275 0.599462
276 0.600224
277 0.599836
278 0.600198
279 0.600113
280 0.599995
281 0.600684
282 0.599826
283 0.600419
284 0.599453
285 0.59983
286 0.601236
287 0.600018
288 0.60021
289 0.599932
290 0.600486
291 0.60058
292 0.600937
293 0.600434
294 0.601636
295 0.600126
296 0.600427
297 0.600937
298 0.60114
299 0.601126
300 0.601341
