1 0.500001
2 0.49975
3 0.499389
4 0.499148
5 0.498774
6 0.498607
7 0.498302
8 0.498095
9 0.497845
10 0.497679
11 0.497462
12 0.497273
13 0.497082
14 0.496957
15 0.496721
16 0.4967
17 0.49655
18 0.496309
19 0.496276
20 0.496205
21 0.495946
22 0.495762
23 0.49558
24 0.495527
25 0.495517
26 0.49535
27 0.495264
28 0.495266
29 0.495058
30 0.495028
31 0.494888
32 0.494729
33 0.494715
34 0.494542
35 0.494583
36 0.494359
37 0.494431
38 0.494298
39 0.494244
40 0.494164
41 0.494074
42 0.494145
43 0.493968
44 0.493874
45 0.493805
46 0.493837
47 0.493944
48 0.493748
49 0.493496
50 0.493564
51 0.493737
52 0.49342
53 0.493546
54 0.493477
55 0.493402
56 0.493262
57 0.493081
58 0.493247
59 0.4931
60 0.493053
61 0.492949
62 0.492926
63 0.492942
64 0.493013
65 0.493005
66 0.492778
67 0.492698
68 0.492718
69 0.492813
70 0.492606
71 0.492803
72 0.4926
73 0.492452
74 0.492613
75 0.492456
76 0.492468
77 0.492238
78 0.492303
79 0.492301
80 0.492461
81 0.492321
82 0.492358
83 0.49227
84 0.49219
85 0.492283
86 0.492159
87 0.492117
88 0.492119
89 0.492266
90 0.492018
91 0.492015
92 0.492
93 0.49205
94 0.491894
95 0.491966
96 0.49203
97 0.491674
98 0.491762
99 0.491826
100 0.491835
101 0.491659
102 0.491779
103 0.491596
104 0.491689
105 0.491596
106 0.491681
107 0.491752
108 0.491646
109 0.491439
110 0.491641
111 0.491599
112 0.491486
113 0.491562
114 0.491478
115 0.491379
116 0.491503
117 0.491499
118 0.491546
119 0.491491
120 0.491339
121 0.491541
122 0.491374
123 0.491367
124 0.491376
125 0.491263
126 0.491303
127 0.491288
128 0.491295
129 0.491361
130 0.491196
131 0.491213
132 0.491274
133 0.49104
134 0.491265
135 0.491227
136 0.491047
137 0.491093
138 0.491017
139 0.491026
140 0.490976
141 0.491131
142 0.491115
143 0.490803
144 0.490947
145 0.491005
146 0.490987
147 0.491033
148 0.490998
149 0.491022
150 0.490862
151 0.490922
152 0.490939
153 0.4909
154 0.490904
155 0.490908
156 0.490944
157 0.490841
158 0.490703
159 0.490772
160 0.490828
161 0.49066
162 0.490712
163 0.490751
164 0.490944
165 0.490595
166 0.490793
167 0.490769
168 0.490666
169 0.490659
170 0.490761
171 0.490645
172 0.490751
173 0.490618
174 0.490581
175 0.490615
176 0.490605
177 0.49061
178 0.490821
179 0.490481
180 0.490534
181 0.490436
182 0.490629
183 0.490425
184 0.49067
185 0.490343
186 0.490536
187 0.490514
188 0.490537
189 0.490336
190 0.490547
191 0.490571
192 0.490703
193 0.490541
194 0.490656
195 0.490455
196 0.490415
197 0.490526
198 0.490398
199 0.490394
200 0.490354
201 0.490474
202 0.490471
203 0.490297
204 0.490172
205 0.490609
206 0.490449
207 0.490324
208 0.490368
209 0.490339
210 0.490309
211 0.490181
212 0.490184
213 0.49029
214 0.490329
215 0.490257
216 0.490162
217 0.490064
218 0.490115
219 0.490204
220 0.490131
221 0.490274
222 0.490255
223 0.490099
224 0.490216
225 0.490301
226 0.490224
227 0.490253
228 0.490168
229 0.490064
230 0.49014
231 0.490342
232 0.490284
233 0.490326
234 0.490071
235 0.490299
236 0.490053
237 0.490094
238 0.490009
239 0.490125
240 0.490082
241 0.490105
242 0.49004
243 0.490068
244 0.490054
245 0.490325
246 0.490009
247 0.490112
248 0.490071
249 0.490041
250 0.490027
251 0.490215
252 0.49007
253 0.489849
254 0.490053
255 0.489939
256 0.490016
257 0.489769
258 0.490003
259 0.489938
260 0.490046
261 0.489936
262 0.490105
263 0.489991
264 0.489906
265 0.489929
266 0.489903
267 0.489994
268 0.489818
269 0.489967
270 0.489875
271 0.49004
272 0.489877
273 0.49
274 0.489965
275 0.490008
276 0.489853
277 0.489932
278 0.489858
279 0.489875
280 0.4899
281 0.489758
282 0.489934
283 0.489813
284 0.49001
285 0.489933
286 0.489645
287 0.489895
288 0.489856
289 0.489912
290 0.489799
291 0.48978
292 0.489706
293 0.48981
294 0.489562
295 0.489873
296 0.489811
297 0.489706
298 0.489664
299 0.489667
300 0.489623
