1 0.333506
2 0.360409
3 0.380343
4 0.393966
5 0.406523
6 0.416248
7 0.425107
8 0.433863
9 0.440411
10 0.447229
11 0.453454
12 0.459989
13 0.464858
14 0.47012
15 0.475209
16 0.480382
17 0.484841
18 0.488827
19 0.492631
20 0.496948
21 0.500672
22 0.504392
23 0.507715
24 0.510736
25 0.51446
26 0.518438
27 0.52006
28 0.523439
29 0.526456
30 0.52936
31 0.531835
32 0.533885
33 0.536645
34 0.539762
35 0.541686
36 0.544183
37 0.546223
38 0.548364
39 0.551615
40 0.552709
41 0.555893
42 0.556932
43 0.559493
44 0.56131
45 0.563297
46 0.565128
47 0.56648
48 0.569489
49 0.5712
50 0.572686
51 0.573785
52 0.57643
53 0.577684
54 0.579757
55 0.580983
56 0.582211
57 0.583884
58 0.585781
59 0.587515
60 0.588804
61 0.590095
62 0.59136
63 0.592815
64 0.59435
65 0.595622
66 0.596761
67 0.598812
68 0.600498
69 0.601077
70 0.602156
71 0.603803
72 0.604572
73 0.606015
74 0.608049
75 0.60893
76 0.609833
77 0.611301
78 0.612313
79 0.613981
80 0.614195
81 0.615856
82 0.616379
83 0.617918
84 0.619381
85 0.620004
86 0.621369
87 0.622613
88 0.623298
89 0.624243
90 0.624996
91 0.625948
92 0.627608
93 0.628246
94 0.629576
95 0.630468
96 0.631288
97 0.63218
98 0.633207
99 0.634039
100 0.635136
101 0.635984
102 0.636252
103 0.637124
104 0.638727
105 0.639579
106 0.639937
107 0.640944
108 0.641596
109 0.642636
110 0.643655
111 0.644898
112 0.645291
113 0.645968
114 0.646377
115 0.647745
116 0.648427
117 0.649557
118 0.649376
119 0.650345
120 0.651564
121 0.651877
122 0.6527
123 0.654062
124 0.654767
125 0.655145
126 0.655671
127 0.656499
128 0.657298
129 0.657746
130 0.658629
131 0.658921
132 0.659859
133 0.660393
134 0.661461
135 0.661867
136 0.662648
137 0.663173
138 0.663502
139 0.664534
140 0.665273
141 0.666052
142 0.666402
143 0.667134
144 0.667453
145 0.66865
146 0.668962
147 0.669545
148 0.670925
149 0.67027
150 0.671435
151 0.671921
152 0.672996
153 0.673585
154 0.674126
155 0.674094
156 0.675444
157 0.676346
158 0.676118
159 0.676732
160 0.677623
161 0.678213
162 0.678331
163 0.679145
164 0.679332
165 0.68004
166 0.680704
167 0.681208
168 0.681758
169 0.682034
170 0.68269
171 0.683411
172 0.683574
173 0.683664
174 0.685172
175 0.685487
176 0.686158
177 0.686446
178 0.686443
179 0.687544
180 0.687689
181 0.688379
182 0.688431
183 0.68916
184 0.690555
185 0.690551
186 0.690418
187 0.691586
188 0.691877
189 0.691652
190 0.692123
191 0.692829
192 0.693135
193 0.694245
194 0.694484
195 0.694763
196 0.695453
197 0.695228
198 0.695645
199 0.697154
200 0.696609
201 0.697466
202 0.69748
203 0.698608
204 0.698777
205 0.699378
206 0.700073
207 0.699898
208 0.700671
209 0.700789
210 0.701512
211 0.702173
212 0.702374
213 0.702861
214 0.702836
215 0.702953
216 0.703827
217 0.704308
218 0.705098
219 0.705271
220 0.705404
221 0.705897
222 0.706021
223 0.70635
224 0.705964
225 0.707711
226 0.707582
227 0.708091
228 0.709035
229 0.708944
230 0.708685
231 0.710228
232 0.71043
233 0.71025
234 0.710626
235 0.710815
236 0.711176
237 0.712284
238 0.712708
239 0.712684
240 0.712793
241 0.713565
242 0.71365
243 0.713996
244 0.714011
245 0.714593
246 0.715073
247 0.714896
248 0.715589
249 0.716603
250 0.71668
251 0.716281
252 0.717085
253 0.717199
254 0.717621
255 0.717939
256 0.7187
257 0.718341
258 0.71923
259 0.719649
260 0.719685
261 0.720186
262 0.720279
263 0.721362
264 0.720933
265 0.721386
266 0.721084
267 0.722209
268 0.722387
269 0.723044
270 0.723265
271 0.723815
272 0.723661
273 0.723619
274 0.724296
275 0.723876
276 0.724703
277 0.725281
278 0.726232
279 0.725691
280 0.726012
281 0.726466
282 0.726493
283 0.727365
284 0.727679
285 0.7279
286 0.727877
287 0.728341
288 0.728155
289 0.728232
290 0.72937
291 0.728983
292 0.729944
293 0.730137
294 0.730431
295 0.730544
296 0.730916
297 0.731051
298 0.73124
299 0.731758
300 0.731907
