1 0.110084
2 0.0936018
3 0.0850859
4 0.0811369
5 0.0752503
6 0.0725279
7 0.0690771
8 0.0664208
9 0.0639626
10 0.0620136
11 0.0599192
12 0.0580229
13 0.0564471
14 0.0550221
15 0.0534146
16 0.0521207
17 0.0508006
18 0.0497737
19 0.0485963
20 0.0475066
21 0.0463956
22 0.0455457
23 0.044617
24 0.043908
25 0.0428566
26 0.0421267
27 0.041534
28 0.0408093
29 0.0400446
30 0.0394763
31 0.0388293
32 0.0383191
33 0.0376739
34 0.0370827
35 0.0365567
36 0.0360169
37 0.0355043
38 0.0350853
39 0.0345051
40 0.0341292
41 0.0335947
42 0.033303
43 0.0327947
44 0.0324531
45 0.0320628
46 0.0317638
47 0.0313577
48 0.0309115
49 0.0305117
50 0.0302877
51 0.0300887
52 0.0295739
53 0.0293031
54 0.0289744
55 0.0286705
56 0.0284573
57 0.0281144
58 0.0278602
59 0.027592
60 0.027307
61 0.0270214
62 0.0268525
63 0.0265041
64 0.0263781
65 0.0261067
66 0.0259269
67 0.0256553
68 0.0253639
69 0.0252747
70 0.0250432
71 0.0247699
72 0.0246421
73 0.024415
74 0.0240455
75 0.0239546
76 0.0238465
77 0.0235594
78 0.0234578
79 0.0231576
80 0.0230909
81 0.0228959
82 0.0227379
83 0.0225437
84 0.0223552
85 0.0222328
86 0.0220526
87 0.0218548
88 0.0217549
89 0.0216159
90 0.0214093
91 0.0213756
92 0.0211563
93 0.0209926
94 0.0208244
95 0.0207043
96 0.0206046
97 0.0204722
98 0.0203304
99 0.020198
100 0.0200926
101 0.0199312
102 0.0198417
103 0.0197588
104 0.0195177
105 0.0194833
106 0.0193651
107 0.0192555
108 0.0191719
109 0.0190143
110 0.0189027
111 0.0187482
112 0.0186638
113 0.01858
114 0.0185065
115 0.0183501
116 0.0183321
117 0.0181606
118 0.0181035
119 0.0179756
120 0.0178902
121 0.0178148
122 0.0176875
123 0.0175622
124 0.0174762
125 0.0174152
126 0.01734
127 0.0172557
128 0.0171737
129 0.0170779
130 0.0169483
131 0.0169869
132 0.0168802
133 0.0167704
134 0.0166749
135 0.0166081
136 0.016518
137 0.0163926
138 0.0163786
139 0.0162096
140 0.0162221
141 0.0160863
142 0.0160571
143 0.0159839
144 0.0159451
145 0.0157865
146 0.0157447
147 0.0156666
148 0.0155489
149 0.0155488
150 0.0154586
151 0.0153984
152 0.0153269
153 0.0152663
154 0.0151593
155 0.015132
156 0.0149991
157 0.0149193
158 0.0149161
159 0.0148695
160 0.0147982
161 0.0147338
162 0.0147029
163 0.0146027
164 0.0145942
165 0.0144959
166 0.0144344
167 0.0143488
168 0.0143621
169 0.0142553
170 0.0142259
171 0.0141298
172 0.0141149
173 0.0141249
174 0.0139191
175 0.0139036
176 0.0138761
177 0.0138273
178 0.0138436
179 0.0137142
180 0.0136556
181 0.0136286
182 0.0136121
183 0.0135056
184 0.0133769
185 0.0133901
186 0.0133979
187 0.0132949
188 0.0132663
189 0.0132762
190 0.0131958
191 0.0131575
192 0.0130909
193 0.0129772
194 0.0130013
195 0.0129562
196 0.0128909
197 0.0129057
198 0.0129021
199 0.0126798
200 0.0127645
201 0.0126803
202 0.0126838
203 0.0125501
204 0.0125535
205 0.0125197
206 0.0124479
207 0.0124496
208 0.0123607
209 0.0123728
210 0.0122657
211 0.0122273
212 0.0121995
213 0.0121665
214 0.012159
215 0.0121132
216 0.0120469
217 0.0119819
218 0.0119711
219 0.011935
220 0.0119097
221 0.0118972
222 0.0118457
223 0.011841
224 0.0118037
225 0.0117083
226 0.0116933
227 0.0116764
228 0.0115935
229 0.0115583
230 0.0115747
231 0.0114494
232 0.0114618
233 0.011488
234 0.0113863
235 0.0113929
236 0.0113794
237 0.0112907
238 0.0112366
239 0.0112245
240 0.0112447
241 0.0111728
242 0.0111676
243 0.0110959
244 0.0111014
245 0.0110616
246 0.0110565
247 0.0109796
248 0.0109686
249 0.0109045
250 0.0108713
251 0.0109174
252 0.0108334
253 0.0108364
254 0.0107926
255 0.0107477
256 0.0107293
257 0.0107075
258 0.0106552
259 0.0105946
260 0.0106023
261 0.0105551
262 0.0105454
263 0.0104456
264 0.0104849
265 0.0104793
266 0.0104962
267 0.0103722
268 0.0103415
269 0.0103358
270 0.0103176
271 0.0102506
272 0.0102818
273 0.0102469
274 0.0102077
275 0.0102348
276 0.0102053
277 0.0101207
278 0.0100545
279 0.0101088
280 0.0100612
281 0.0100396
282 0.0100097
283 0.00998251
284 0.00992273
285 0.00989202
286 0.00987967
287 0.00988149
288 0.00985152
289 0.00989929
290 0.00980865
291 0.00984503
292 0.00975545
293 0.00972847
294 0.00971629
295 0.00972406
296 0.00964873
297 0.00961312
298 0.00964424
299 0.00959273
300 0.00959725
