1 0
2 0
3 0
4 0.0434783
5 0.0588235
6 0.0873786
7 0.102041
8 0.112069
9 0.118644
10 0.123958
11 0.128154
12 0.131004
13 0.131742
14 0.132926
15 0.132613
16 0.132422
17 0.131892
18 0.131574
19 0.130193
20 0.129255
21 0.127797
22 0.126352
23 0.124796
24 0.123455
25 0.12198
26 0.120611
27 0.119154
28 0.11773
29 0.116309
30 0.115013
31 0.113539
32 0.112226
33 0.110863
34 0.10951
35 0.108153
36 0.106845
37 0.105521
38 0.104262
39 0.103027
40 0.101806
41 0.100634
42 0.0994924
43 0.0983586
44 0.097258
45 0.0961551
46 0.0950972
47 0.094042
48 0.0930074
49 0.0919961
50 0.0909927
51 0.0900059
52 0.0890535
53 0.0880975
54 0.0871694
55 0.0862456
56 0.0853392
57 0.08446
58 0.0835806
59 0.0827257
60 0.0818827
61 0.0810546
62 0.0802457
63 0.079441
64 0.0786544
65 0.0778805
66 0.0771185
67 0.0763682
68 0.0756338
69 0.0749169
70 0.0742083
71 0.0735069
72 0.0728229
73 0.07214
74 0.0714771
75 0.0708191
76 0.0701723
77 0.0695356
78 0.0689051
79 0.0682841
80 0.0676711
81 0.0670705
82 0.0664785
83 0.0658911
84 0.065316
85 0.0647451
86 0.0641866
87 0.0636319
88 0.0630847
89 0.0625453
90 0.0620113
91 0.0614822
92 0.0609631
93 0.0604489
94 0.059941
95 0.05944
96 0.0589435
97 0.0584521
98 0.057968
99 0.0574886
100 0.0570143
