1 0.499676
2 0.499749
3 0.499728
4 0.499865
5 0.498882
6 0.499817
7 0.500273
8 0.499572
9 0.499562
10 0.500813
11 0.499728
12 0.49996
13 0.500949
14 0.498967
15 0.499901
16 0.571254
17 0.570372
18 0.571521
19 0.572246
20 0.573943
21 0.579425
22 0.587464
23 0.598541
24 0.612573
25 0.623342
26 0.633095
27 0.640979
28 0.647287
29 0.6517
30 0.657078
31 0.662459
32 0.666543
33 0.668106
34 0.667434
35 0.669386
36 0.670907
37 0.670506
38 0.670633
39 0.668731
40 0.664295
41 0.663922
42 0.664616
43 0.662372
44 0.660791
45 0.660061
46 0.657917
47 0.656272
48 0.656372
49 0.657418
50 0.651241
51 0.653269
52 0.654904
53 0.656528
54 0.652845
55 0.65502
56 0.654113
57 0.654452
58 0.655179
59 0.656186
60 0.654274
61 0.657675
62 0.658515
63 0.660166
64 0.662392
65 0.66403
66 0.664274
67 0.662422
68 0.662455
69 0.664604
70 0.665472
71 0.666182
72 0.66629
73 0.666574
74 0.665366
75 0.666107
76 0.667018
77 0.666934
78 0.665541
79 0.665793
80 0.666076
81 0.665413
82 0.664473
83 0.665118
84 0.665263
85 0.665789
86 0.666087
87 0.665106
88 0.664585
89 0.665287
90 0.665123
91 0.665909
92 0.665186
93 0.665692
94 0.665599
95 0.665709
96 0.665018
97 0.6644
98 0.664259
99 0.663857
100 0.659003
101 0.660952
102 0.661451
103 0.662736
104 0.66353
105 0.666125
106 0.667799
107 0.668062
108 0.670044
109 0.671949
110 0.674076
111 0.674783
112 0.676029
113 0.677301
114 0.676441
115 0.678156
116 0.678503
117 0.679513
118 0.68108
119 0.680242
120 0.681798
121 0.683317
122 0.684054
123 0.684627
124 0.686104
125 0.6867
126 0.685833
127 0.687455
128 0.686254
129 0.685717
130 0.687999
131 0.691022
132 0.692637
133 0.695229
134 0.697125
135 0.698734
136 0.701091
137 0.702442
138 0.704397
139 0.706697
140 0.706753
141 0.708236
142 0.709664
143 0.710704
144 0.711379
145 0.711727
146 0.712575
147 0.714201
148 0.714077
149 0.715019
150 0.716587
151 0.716915
152 0.718243
153 0.718588
154 0.719397
155 0.71979
156 0.721118
157 0.721797
158 0.722594
159 0.72274
160 0.722473
161 0.723234
162 0.720826
163 0.722696
164 0.724228
165 0.725085
166 0.725444
167 0.727227
168 0.727948
169 0.728646
170 0.730121
171 0.728902
172 0.729114
173 0.730476
174 0.730215
175 0.731845
176 0.731071
177 0.73204
178 0.732151
179 0.732847
180 0.733352
181 0.732975
182 0.734005
183 0.734075
184 0.73331
185 0.734927
186 0.734366
187 0.735212
188 0.735497
189 0.73565
190 0.735642
191 0.736341
192 0.736484
193 0.736925
194 0.736204
195 0.737305
196 0.737471
197 0.737792
198 0.738111
199 0.738027
200 0.738659
201 0.738554
202 0.739925
203 0.739396
204 0.740074
205 0.740014
206 0.740773
207 0.740736
208 0.74106
209 0.741551
210 0.740266
211 0.741158
212 0.74173
213 0.740875
214 0.741165
215 0.742262
216 0.742264
217 0.742646
218 0.742653
219 0.743168
220 0.743016
221 0.743019
222 0.743509
223 0.743987
224 0.743875
225 0.744053
226 0.743321
227 0.744258
228 0.744768
229 0.745057
230 0.745122
231 0.745403
232 0.745577
233 0.745652
234 0.745322
235 0.746091
236 0.746
237 0.747371
238 0.746936
239 0.74674
240 0.746684
241 0.747095
242 0.748028
243 0.748137
244 0.748384
245 0.748085
246 0.747857
247 0.7484
248 0.749776
249 0.74883
250 0.749675
251 0.750495
252 0.749614
253 0.750392
254 0.750712
255 0.750785
256 0.750439
257 0.750645
258 0.750504
259 0.750596
260 0.751221
261 0.750098
262 0.750891
263 0.751
264 0.751389
265 0.752102
266 0.751592
267 0.752756
268 0.752647
269 0.752414
270 0.75316
271 0.751892
272 0.752378
273 0.751797
274 0.752545
275 0.753003
276 0.752391
277 0.752506
278 0.752676
279 0.753747
280 0.753756
281 0.753674
282 0.754245
283 0.753865
284 0.754531
285 0.754454
286 0.754396
287 0.754834
288 0.755243
289 0.754262
290 0.75433
291 0.754551
292 0.755309
293 0.75592
294 0.756336
295 0.756388
296 0.756108
297 0.756064
298 0.756388
299 0.756843
300 0.756079
