1 0.5
2 0.5
3 0.5
4 0.5
5 0.499999
6 0.5
7 0.5
8 0.5
9 0.5
10 0.5
11 0.5
12 0.5
13 0.5
14 0.499999
15 0.5
16 0.494897
17 0.495024
18 0.494859
19 0.494754
20 0.494503
21 0.493652
22 0.492291
23 0.490194
24 0.487163
25 0.484549
26 0.481961
27 0.479714
28 0.477815
29 0.476432
30 0.474686
31 0.472872
32 0.471449
33 0.470894
34 0.471133
35 0.470435
36 0.469885
37 0.47003
38 0.469984
39 0.47067
40 0.472237
41 0.472367
42 0.472125
43 0.472902
44 0.473442
45 0.473689
46 0.474408
47 0.474952
48 0.474919
49 0.474574
50 0.476578
51 0.47593
52 0.4754
53 0.474868
54 0.476066
55 0.475362
56 0.475657
57 0.475547
58 0.475311
59 0.474981
60 0.475605
61 0.474488
62 0.474208
63 0.473653
64 0.472895
65 0.472329
66 0.472244
67 0.472885
68 0.472873
69 0.472129
70 0.471826
71 0.471576
72 0.471538
73 0.471438
74 0.471863
75 0.471603
76 0.471281
77 0.471311
78 0.471802
79 0.471713
80 0.471614
81 0.471847
82 0.472175
83 0.47195
84 0.471899
85 0.471715
86 0.47161
87 0.471954
88 0.472136
89 0.471891
90 0.471948
91 0.471672
92 0.471926
93 0.471749
94 0.471781
95 0.471743
96 0.471985
97 0.4722
98 0.47225
99 0.472389
100 0.474045
101 0.473387
102 0.473217
103 0.472777
104 0.472502
105 0.471596
106 0.471003
107 0.47091
108 0.470198
109 0.469504
110 0.46872
111 0.468457
112 0.46799
113 0.467509
114 0.467835
115 0.467184
116 0.467052
117 0.466665
118 0.466059
119 0.466383
120 0.465779
121 0.465183
122 0.464892
123 0.464665
124 0.464075
125 0.463836
126 0.464184
127 0.463531
128 0.464015
129 0.46423
130 0.463311
131 0.462073
132 0.461402
133 0.460311
134 0.459502
135 0.458809
136 0.457781
137 0.457185
138 0.456314
139 0.455277
140 0.455251
141 0.454575
142 0.453918
143 0.453436
144 0.453122
145 0.45296
146 0.452562
147 0.451795
148 0.451854
149 0.451406
150 0.450656
151 0.450498
152 0.449856
153 0.449689
154 0.449295
155 0.449103
156 0.44845
157 0.448115
158 0.447719
159 0.447647
160 0.44778
161 0.447401
162 0.448594
163 0.447669
164 0.446903
165 0.446472
166 0.446291
167 0.445386
168 0.445017
169 0.444659
170 0.443898
171 0.444527
172 0.444418
173 0.443713
174 0.443849
175 0.443
176 0.443404
177 0.442897
178 0.442839
179 0.442474
180 0.442208
181 0.442406
182 0.441862
183 0.441825
184 0.44223
185 0.441373
186 0.441671
187 0.441221
188 0.441069
189 0.440987
190 0.440992
191 0.440617
192 0.440541
193 0.440304
194 0.440691
195 0.440099
196 0.440009
197 0.439836
198 0.439663
199 0.439709
200 0.439366
201 0.439423
202 0.438676
203 0.438965
204 0.438595
205 0.438627
206 0.438211
207 0.438232
208 0.438053
209 0.437783
210 0.438489
211 0.437999
212 0.437684
213 0.438155
214 0.437996
215 0.43739
216 0.437389
217 0.437177
218 0.437173
219 0.436887
220 0.436971
221 0.43697
222 0.436697
223 0.43643
224 0.436493
225 0.436393
226 0.436802
227 0.436278
228 0.435992
229 0.43583
230 0.435793
231 0.435635
232 0.435537
233 0.435495
234 0.435681
235 0.435247
236 0.435298
237 0.434521
238 0.434768
239 0.434879
240 0.434911
241 0.434678
242 0.434146
243 0.434084
244 0.433943
245 0.434114
246 0.434244
247 0.433933
248 0.433143
249 0.433687
250 0.433201
251 0.432727
252 0.433236
253 0.432787
254 0.432602
255 0.432559
256 0.43276
257 0.432641
258 0.432722
259 0.432669
260 0.432306
261 0.432957
262 0.432498
263 0.432435
264 0.432209
265 0.431793
266 0.432091
267 0.431411
268 0.431475
269 0.431611
270 0.431174
271 0.431916
272 0.431632
273 0.431971
274 0.431534
275 0.431266
276 0.431624
277 0.431557
278 0.431458
279 0.430829
280 0.430823
281 0.430872
282 0.430535
283 0.430759
284 0.430366
285 0.430411
286 0.430446
287 0.430186
288 0.429944
289 0.430525
290 0.430485
291 0.430354
292 0.429905
293 0.429541
294 0.429293
295 0.429262
296 0.429429
297 0.429455
298 0.429262
299 0.42899
300 0.429447
