1 0.0590569
2 0.0943356
3 0.0508098
4 0.0669389
5 0.0450852
6 0.0535408
7 0.0403144
8 0.0530509
9 0.0376273
10 0.0412069
11 0.0346308
12 0.0398019
13 0.0341705
14 0.0336414
15 0.0334691
16 0.0333727
17 0.0287434
18 0.0295363
19 0.0284103
20 0.0301426
21 0.0258902
22 0.0279092
23 0.0248034
24 0.0262852
25 0.0255021
26 0.023874
27 0.0229075
28 0.0241553
29 0.022332
30 0.0227625
31 0.0217463
32 0.0219074
33 0.0203125
34 0.0210322
35 0.0205156
36 0.0204018
37 0.0193937
38 0.0190672
39 0.0186133
40 0.0193938
41 0.0180109
42 0.0179751
43 0.018084
44 0.0176947
45 0.0173664
46 0.0173988
47 0.0165703
48 0.016659
49 0.0163478
50 0.0164847
51 0.0159145
52 0.0160805
53 0.015439
54 0.0153582
55 0.0153792
56 0.0151574
57 0.0149531
58 0.0148975
59 0.0144855
60 0.0146685
61 0.0142795
62 0.0141213
63 0.0138997
64 0.0140085
65 0.0137793
66 0.0135396
67 0.0133551
68 0.0133891
69 0.0130236
70 0.0131873
71 0.0129594
72 0.0128226
73 0.0126011
74 0.0125289
75 0.0124385
76 0.0123605
77 0.0121179
78 0.0121167
79 0.0120592
80 0.0119824
81 0.0117121
82 0.0117921
83 0.0114641
84 0.0115828
85 0.0115156
86 0.011346
87 0.0111779
88 0.0112142
89 0.0110113
90 0.0111909
91 0.0110234
92 0.0108941
93 0.0106658
94 0.0107828
95 0.0106494
96 0.0106006
97 0.0104841
98 0.0104078
99 0.010318
100 0.010364
101 0.0101662
102 0.0100984
103 0.0100452
104 0.00994438
105 0.00991373
106 0.00985032
107 0.00976248
108 0.00978498
109 0.00963591
110 0.00963585
111 0.00948346
112 0.00953704
113 0.00941776
114 0.00930823
115 0.00927267
116 0.00924224
117 0.00915042
118 0.00917054
119 0.00907534
120 0.00907714
121 0.00897105
122 0.00892011
123 0.00890193
124 0.00885735
125 0.00878165
126 0.00873146
127 0.00868421
128 0.00867232
129 0.0085726
130 0.00856085
131 0.00851843
132 0.00847618
133 0.00836826
134 0.00839643
135 0.00832852
136 0.00824659
137 0.00823766
138 0.00818227
139 0.00812646
140 0.00819221
141 0.00809999
142 0.00803771
143 0.0079328
144 0.0079779
145 0.00793526
146 0.00782694
147 0.00782349
148 0.00783612
149 0.00774879
150 0.00771869
151 0.00770458
152 0.0076891
153 0.00760023
154 0.00760662
155 0.00756764
156 0.00753852
157 0.00749163
158 0.00745406
159 0.00738106
160 0.00741334
161 0.00735031
162 0.00731283
163 0.00727563
164 0.00725919
165 0.00725943
166 0.00721344
167 0.00713896
168 0.00714299
169 0.00708905
170 0.0070549
171 0.00700725
172 0.0070179
173 0.00698017
174 0.00695095
175 0.00694825
176 0.0068838
177 0.00687311
178 0.00685
179 0.00679157
180 0.00677847
181 0.00672127
182 0.00671334
183 0.00671752
184 0.00662541
185 0.00665903
186 0.00664836
187 0.00659402
188 0.00660801
189 0.00653965
190 0.00652767
191 0.00651579
192 0.00649663
193 0.0064642
194 0.00641717
195 0.0064346
196 0.00637834
197 0.00634319
198 0.00632142
199 0.0062965
200 0.0063315
201 0.00626316
202 0.0062575
203 0.00621792
204 0.00620651
205 0.00615924
206 0.00617915
207 0.00613475
208 0.00614835
209 0.00608624
210 0.00609291
211 0.00605928
212 0.00605294
213 0.00604507
214 0.00597179
215 0.00596888
216 0.00593791
217 0.00594863
218 0.00589813
219 0.00589517
220 0.00585803
221 0.00584768
222 0.00583292
223 0.00578735
224 0.00579909
225 0.00581485
226 0.0057378
227 0.00577354
228 0.00574804
229 0.00571812
230 0.00569112
231 0.00567646
232 0.00568764
233 0.00564196
234 0.0056057
235 0.00559354
236 0.00555677
237 0.00556614
238 0.00556813
239 0.0055418
240 0.00552169
241 0.00550248
242 0.00552121
243 0.00545211
244 0.00545951
245 0.0054397
246 0.00540095
247 0.00542889
248 0.00540849
249 0.00539391
250 0.00534842
251 0.00533777
252 0.00537016
253 0.00533136
254 0.00530668
255 0.00530897
256 0.00528025
257 0.00523185
258 0.00521794
259 0.0052293
260 0.00520445
261 0.00518159
262 0.00518033
263 0.00516746
264 0.00516982
265 0.00513061
266 0.00515419
267 0.00512201
268 0.00512797
269 0.00509672
270 0.00509806
271 0.00502722
272 0.00503117
273 0.00504158
274 0.00500801
275 0.00497949
276 0.00503924
277 0.00498131
278 0.00495126
279 0.00493762
280 0.00495676
281 0.00488539
282 0.00493251
283 0.00486953
284 0.00487129
285 0.00485951
286 0.00489481
287 0.00483124
288 0.00484087
289 0.00480166
290 0.00478751
291 0.00476999
292 0.00477947
293 0.00474859
294 0.00472012
295 0.00472252
296 0.00471448
297 0.00470288
298 0.0047009
299 0.00472029
300 0.00467949
