1 0.300277
2 0.319033
3 0.319082
4 0.32804
5 0.328423
6 0.33308
7 0.333246
8 0.337813
9 0.337541
10 0.341476
11 0.341871
12 0.343772
13 0.343923
14 0.345187
15 0.346257
16 0.347278
17 0.349136
18 0.349142
19 0.350396
20 0.351512
21 0.351887
22 0.351996
23 0.353189
24 0.353317
25 0.353705
26 0.35481
27 0.355357
28 0.356429
29 0.356238
30 0.356432
31 0.356321
32 0.35711
33 0.35799
34 0.357954
35 0.358557
36 0.358039
37 0.359815
38 0.358476
39 0.359375
40 0.35899
41 0.36002
42 0.360584
43 0.360438
44 0.361118
45 0.360559
46 0.360967
47 0.360667
48 0.36121
49 0.362165
50 0.362214
51 0.361504
52 0.361962
53 0.362963
54 0.363657
55 0.362544
56 0.363042
57 0.36296
58 0.363557
59 0.36345
60 0.362827
61 0.364091
62 0.363955
63 0.364417
64 0.364709
65 0.364473
66 0.364401
67 0.365181
68 0.363876
69 0.364682
70 0.365301
71 0.364892
72 0.365322
73 0.365364
74 0.365879
75 0.366022
76 0.365701
77 0.365307
78 0.365713
79 0.366456
80 0.365978
81 0.366092
82 0.366635
83 0.366358
84 0.366678
85 0.365655
86 0.367186
87 0.366571
88 0.366438
89 0.366375
90 0.366873
91 0.366018
92 0.367017
93 0.367189
94 0.367732
95 0.36712
96 0.367153
97 0.368401
98 0.367431
99 0.36696
100 0.367872
101 0.367722
102 0.368203
103 0.367632
104 0.367924
105 0.368648
106 0.368246
107 0.368387
108 0.368217
109 0.368815
110 0.368789
111 0.367904
112 0.368334
113 0.368564
114 0.369065
115 0.36908
116 0.368599
117 0.368216
118 0.369226
119 0.368693
120 0.369392
121 0.369015
122 0.369116
123 0.369381
124 0.368799
125 0.368981
126 0.369012
127 0.369363
128 0.369335
129 0.368978
130 0.369995
131 0.370076
132 0.368939
133 0.370021
134 0.369855
135 0.370073
136 0.370039
137 0.370007
138 0.369834
139 0.370078
140 0.370422
141 0.370186
142 0.370182
143 0.369862
144 0.370018
145 0.370886
146 0.370306
147 0.37053
148 0.370204
149 0.370047
150 0.370803
151 0.370279
152 0.370053
153 0.37005
154 0.370183
155 0.370616
156 0.370167
157 0.369866
158 0.370512
159 0.37108
160 0.370498
161 0.370703
162 0.369925
163 0.371497
164 0.371091
165 0.370652
166 0.371017
167 0.371843
168 0.370656
169 0.371352
170 0.371104
171 0.371269
172 0.371478
173 0.369627
174 0.371623
175 0.371252
176 0.370014
177 0.370788
178 0.371288
179 0.370965
180 0.371555
181 0.370859
182 0.371182
183 0.371429
184 0.37167
185 0.371679
186 0.371933
187 0.371794
188 0.371407
189 0.371489
190 0.37134
191 0.371467
192 0.371715
193 0.371682
194 0.371482
195 0.370731
196 0.371588
197 0.371647
198 0.371104
199 0.371336
200 0.371614
201 0.371227
202 0.371571
203 0.371783
204 0.37095
205 0.371856
206 0.372154
207 0.371865
208 0.371542
209 0.372831
210 0.372052
211 0.371556
212 0.372555
213 0.372968
214 0.371627
215 0.371538
216 0.372622
217 0.371463
218 0.372543
219 0.37117
220 0.371612
221 0.371774
222 0.371773
223 0.37187
224 0.373028
225 0.372167
226 0.372947
227 0.372297
228 0.372422
229 0.37347
230 0.372867
231 0.372455
232 0.372327
233 0.372545
234 0.37267
235 0.372244
236 0.372521
237 0.372489
238 0.372492
239 0.372868
240 0.373158
241 0.372461
242 0.37185
243 0.372098
244 0.372105
245 0.372156
246 0.372175
247 0.372647
248 0.372136
249 0.373262
250 0.371973
251 0.372861
252 0.371896
253 0.372439
254 0.372925
255 0.372114
256 0.37325
257 0.372369
258 0.372799
259 0.372733
260 0.373063
261 0.371939
262 0.372932
263 0.372964
264 0.372081
265 0.372881
266 0.373173
267 0.372891
268 0.373606
269 0.372357
270 0.372572
271 0.373632
272 0.37355
273 0.373508
274 0.373275
275 0.373038
276 0.371878
277 0.373314
278 0.373541
279 0.373227
280 0.372015
281 0.37299
282 0.372965
283 0.373121
284 0.372694
285 0.371922
286 0.372274
287 0.373348
288 0.373574
289 0.372996
290 0.373582
291 0.373717
292 0.373004
293 0.373531
294 0.373162
295 0.373496
296 0.372838
297 0.373548
298 0.37432
299 0.37329
300 0.373704
