1 0.458379
2 0.336772
3 0.286463
4 0.256103
5 0.236349
6 0.222419
7 0.211648
8 0.20317
9 0.196661
10 0.190732
11 0.186399
12 0.182022
13 0.178732
14 0.175439
15 0.172987
16 0.170539
17 0.168361
18 0.166571
19 0.164934
20 0.163153
21 0.161654
22 0.160506
23 0.159294
24 0.158043
25 0.156802
26 0.155986
27 0.155
28 0.154126
29 0.153529
30 0.152612
31 0.151901
32 0.151287
33 0.150881
34 0.150012
35 0.149484
36 0.148994
37 0.148653
38 0.14809
39 0.147478
40 0.147183
41 0.146509
42 0.146196
43 0.145824
44 0.145535
45 0.145179
46 0.144883
47 0.144537
48 0.144187
49 0.143866
50 0.143653
51 0.143352
52 0.142991
53 0.14287
54 0.142639
55 0.142205
56 0.142113
57 0.14187
58 0.141628
59 0.141387
60 0.141119
61 0.141054
62 0.14084
63 0.140526
64 0.140256
65 0.140164
66 0.140031
67 0.139913
68 0.139664
69 0.139639
70 0.139403
71 0.139267
72 0.139105
73 0.138898
74 0.138752
75 0.138747
76 0.138625
77 0.138529
78 0.13835
79 0.138216
80 0.137939
81 0.137991
82 0.137824
83 0.13785
84 0.137506
85 0.137452
86 0.137399
87 0.137372
88 0.137233
89 0.137095
90 0.137063
91 0.136887
92 0.13678
93 0.137
94 0.136571
95 0.13652
96 0.136335
97 0.13642
98 0.136106
99 0.136182
100 0.136022
101 0.136056
102 0.135909
103 0.135964
104 0.135762
105 0.135663
106 0.13569
107 0.135586
108 0.135632
109 0.135489
110 0.135384
111 0.135308
112 0.135277
113 0.135191
114 0.135141
115 0.135141
116 0.135064
117 0.134941
118 0.134868
119 0.134861
120 0.134832
121 0.134805
122 0.134697
123 0.134605
124 0.134473
125 0.134554
126 0.134477
127 0.134453
128 0.134255
129 0.13428
130 0.134265
131 0.134272
132 0.134227
133 0.134143
134 0.134109
135 0.134035
136 0.13397
137 0.133983
138 0.133905
139 0.133827
140 0.133843
141 0.133744
142 0.133773
143 0.133677
144 0.133688
145 0.133633
146 0.133573
147 0.133437
148 0.133462
149 0.133428
150 0.133408
151 0.133338
152 0.133328
153 0.133369
154 0.133304
155 0.133233
156 0.133159
157 0.133151
158 0.133164
159 0.133156
160 0.133119
161 0.133043
162 0.133036
163 0.132984
164 0.132901
165 0.13285
166 0.132948
167 0.132796
168 0.132821
169 0.132814
170 0.132645
171 0.132769
172 0.132635
173 0.132638
174 0.132627
175 0.13256
176 0.132576
177 0.132558
178 0.132548
179 0.132472
180 0.132482
181 0.132336
182 0.132474
183 0.132327
184 0.132356
185 0.132357
186 0.132305
187 0.132248
188 0.132225
189 0.132169
190 0.132212
191 0.132181
192 0.132135
193 0.13209
194 0.132156
195 0.132106
196 0.132046
197 0.131992
198 0.132047
199 0.132031
200 0.131954
201 0.131903
202 0.131889
203 0.131906
204 0.131837
205 0.131567
206 0.131823
207 0.131833
208 0.131766
209 0.13179
210 0.131777
211 0.131637
212 0.131715
213 0.131702
214 0.131639
215 0.131638
216 0.131621
217 0.131549
218 0.131506
219 0.131568
220 0.131484
221 0.131573
222 0.131479
223 0.131459
224 0.131399
225 0.131433
226 0.131382
227 0.131378
228 0.131341
229 0.131361
230 0.131378
231 0.131366
232 0.131281
233 0.131271
234 0.131319
235 0.131248
236 0.131263
237 0.131192
238 0.131227
239 0.131184
240 0.131188
241 0.131247
242 0.131077
243 0.13112
244 0.131132
245 0.1311
246 0.131116
247 0.131061
248 0.131061
249 0.131018
250 0.131032
251 0.131007
252 0.130971
253 0.131012
254 0.130937
255 0.130939
256 0.130974
257 0.130902
258 0.130887
259 0.130856
260 0.130839
261 0.130878
262 0.130862
263 0.130835
264 0.130855
265 0.130768
266 0.130803
267 0.130828
268 0.130743
269 0.130765
270 0.130818
271 0.13075
272 0.130761
273 0.130614
274 0.130711
275 0.130671
276 0.130636
277 0.130642
278 0.130652
279 0.130583
280 0.130613
281 0.130588
282 0.130561
283 0.13057
284 0.130552
285 0.130565
286 0.130545
287 0.130495
288 0.13049
289 0.130477
290 0.130526
291 0.130577
292 0.130463
293 0.130464
294 0.130467
295 0.130489
296 0.130459
297 0.13043
298 0.130423
299 0.130359
300 0.130392
