1 0.0780356
2 0.0684409
3 0.0653315
4 0.061665
5 0.0593485
6 0.0569548
7 0.0550754
8 0.0532194
9 0.0519068
10 0.0502815
11 0.0490928
12 0.0477358
13 0.0467439
14 0.0457296
15 0.0448044
16 0.0439442
17 0.0430114
18 0.0422941
19 0.0415372
20 0.0407672
21 0.0401568
22 0.0393627
23 0.0388167
24 0.0382786
25 0.0377104
26 0.0371634
27 0.036649
28 0.0360881
29 0.0356705
30 0.0352682
31 0.0347939
32 0.0343948
33 0.0338828
34 0.0335133
35 0.0331993
36 0.0327752
37 0.0323561
38 0.0319907
39 0.0317524
40 0.0313694
41 0.031105
42 0.0307614
43 0.0304734
44 0.030148
45 0.0298498
46 0.0295598
47 0.0292859
48 0.0290314
49 0.0287709
50 0.0284885
51 0.0283885
52 0.0279871
53 0.0278066
54 0.0275658
55 0.0273424
56 0.0270963
57 0.0269147
58 0.0267004
59 0.0265373
60 0.026338
61 0.0260725
62 0.0259032
63 0.025701
64 0.0254804
65 0.0253675
66 0.0251647
67 0.0249445
68 0.0248226
69 0.0246411
70 0.0244989
71 0.0243586
72 0.0241781
73 0.0239944
74 0.0238456
75 0.023651
76 0.0234805
77 0.0233937
78 0.023238
79 0.0231166
80 0.022972
81 0.0228107
82 0.022663
83 0.0224972
84 0.0224422
85 0.0223148
86 0.0221781
87 0.0220157
88 0.0218778
89 0.0217553
90 0.0217879
91 0.0216576
92 0.021396
93 0.0212965
94 0.0212689
95 0.0211131
96 0.0210483
97 0.0208897
98 0.0208066
99 0.020695
100 0.0205898
101 0.0205048
102 0.0203472
103 0.0202883
104 0.0201513
105 0.02006
106 0.0199261
107 0.0198829
108 0.0197821
109 0.0196909
110 0.0195878
111 0.0194986
112 0.0194281
113 0.019331
114 0.0192161
115 0.019111
116 0.0190415
117 0.0189949
118 0.0188875
119 0.0188045
120 0.0187436
121 0.0186431
122 0.0185751
123 0.0185036
124 0.0184295
125 0.0183518
126 0.0182709
127 0.0182059
128 0.0181372
129 0.0180506
130 0.017948
131 0.0179258
132 0.0178519
133 0.0177132
134 0.0177115
135 0.0176152
136 0.0174998
137 0.0174915
138 0.017411
139 0.0173248
140 0.0173137
141 0.0172665
142 0.0171623
143 0.0170724
144 0.0170443
145 0.0169679
146 0.0168801
147 0.0168443
148 0.0167966
149 0.016711
150 0.0166494
151 0.0166086
152 0.0165385
153 0.0164724
154 0.01643
155 0.0163599
156 0.0163402
157 0.0162534
158 0.0162112
159 0.0161388
160 0.0160741
161 0.0160563
162 0.015956
163 0.0159191
164 0.0158674
165 0.0158427
166 0.0157738
167 0.0156946
168 0.0156474
169 0.015576
170 0.0155162
171 0.0154721
172 0.0154589
173 0.0154135
174 0.0153412
175 0.015309
176 0.0152454
177 0.0152407
178 0.0151629
179 0.0151166
180 0.0150323
181 0.0149983
182 0.014985
183 0.0149557
184 0.0148535
185 0.0148447
186 0.0148252
187 0.0147365
188 0.0147395
189 0.0146752
190 0.014607
191 0.0146131
192 0.0145399
193 0.0145211
194 0.0144378
195 0.0144593
196 0.0143653
197 0.0143484
198 0.0143003
199 0.014263
200 0.0142638
201 0.0141754
202 0.0141506
203 0.0141004
204 0.014066
205 0.0140037
206 0.013991
207 0.0139537
208 0.0139325
209 0.0138761
210 0.0138452
211 0.0137982
212 0.0137709
213 0.013736
214 0.0136748
215 0.0136548
216 0.0136052
217 0.0135942
218 0.0135213
219 0.0135019
220 0.0134567
221 0.0134432
222 0.0134243
223 0.0133684
224 0.0133338
225 0.0133325
226 0.0132601
227 0.013271
228 0.0132283
229 0.0131807
230 0.0131415
231 0.0131362
232 0.0130916
233 0.0130504
234 0.0130089
235 0.0129841
236 0.0129135
237 0.0129332
238 0.0129193
239 0.0128691
240 0.0128326
241 0.0128106
242 0.0128059
243 0.0127313
244 0.0127072
245 0.0126895
246 0.0126364
247 0.0126576
248 0.0126185
249 0.012592
250 0.0125158
251 0.0125356
252 0.012506
253 0.0124692
254 0.0124423
255 0.012417
256 0.0123833
257 0.0123277
258 0.0123064
259 0.01228
260 0.0122608
261 0.0122297
262 0.0122032
263 0.0121789
264 0.0121562
265 0.012117
266 0.0121284
267 0.0120986
268 0.0120821
269 0.0120193
270 0.0120335
271 0.0119639
272 0.0119398
273 0.0119327
274 0.0118676
275 0.0118556
276 0.011887
277 0.0118373
278 0.0117728
279 0.0117722
280 0.0117535
281 0.0116903
282 0.011727
283 0.0116512
284 0.0116509
285 0.0116165
286 0.0116185
287 0.0115786
288 0.0115385
289 0.0115207
290 0.0114868
291 0.0114697
292 0.0114584
293 0.0114217
294 0.0113831
295 0.0113866
296 0.0113683
297 0.0113319
298 0.0113278
299 0.0113283
300 0.0112847
