1 0.49986
2 0.578299
3 0.577111
4 0.613829
5 0.617699
6 0.639104
7 0.641105
8 0.660776
9 0.660435
10 0.677234
11 0.681249
12 0.692616
13 0.691702
14 0.701774
15 0.706224
16 0.711086
17 0.716796
18 0.720339
19 0.724215
20 0.72943
21 0.731662
22 0.736233
23 0.738841
24 0.742706
25 0.744961
26 0.748578
27 0.750877
28 0.754908
29 0.756517
30 0.758578
31 0.760538
32 0.763842
33 0.767026
34 0.76884
35 0.770271
36 0.772024
37 0.774265
38 0.776988
39 0.777745
40 0.780231
41 0.781373
42 0.783907
43 0.784629
44 0.786582
45 0.787808
46 0.78955
47 0.791563
48 0.793208
49 0.794377
50 0.795829
51 0.79595
52 0.799177
53 0.799036
54 0.801115
55 0.801364
56 0.803139
57 0.804306
58 0.805953
59 0.805629
60 0.806982
61 0.808811
62 0.809733
63 0.810646
64 0.811948
65 0.812324
66 0.813641
67 0.814777
68 0.816036
69 0.816895
70 0.817814
71 0.818148
72 0.819513
73 0.820206
74 0.821234
75 0.822278
76 0.823576
77 0.823583
78 0.82479
79 0.824866
80 0.826346
81 0.827538
82 0.827532
83 0.82872
84 0.829385
85 0.829991
86 0.830315
87 0.831647
88 0.832068
89 0.832529
90 0.832567
91 0.832823
92 0.834638
93 0.835672
94 0.835251
95 0.836368
96 0.836664
97 0.837737
98 0.837844
99 0.839363
100 0.839616
101 0.840123
102 0.840395
103 0.84072
104 0.842318
105 0.842109
106 0.843246
107 0.843773
108 0.843169
109 0.84469
110 0.845265
111 0.845703
112 0.845644
113 0.846506
114 0.847407
115 0.847994
116 0.848403
117 0.84851
118 0.84895
119 0.849422
120 0.850178
121 0.850411
122 0.850995
123 0.851142
124 0.852316
125 0.85204
126 0.852733
127 0.853256
128 0.852965
129 0.854356
130 0.854481
131 0.853937
132 0.855217
133 0.855952
134 0.856189
135 0.856162
136 0.857184
137 0.85699
138 0.857728
139 0.857914
140 0.857679
141 0.858896
142 0.859309
143 0.859571
144 0.859371
145 0.860166
146 0.861194
147 0.860798
148 0.861702
149 0.861939
150 0.8621
151 0.862576
152 0.862303
153 0.863026
154 0.863036
155 0.863645
156 0.863867
157 0.863935
158 0.864391
159 0.865054
160 0.865315
161 0.865622
162 0.865999
163 0.866235
164 0.867129
165 0.866695
166 0.86689
167 0.867559
168 0.867708
169 0.868148
170 0.868444
171 0.868781
172 0.869235
173 0.869237
174 0.869567
175 0.86968
176 0.870434
177 0.870272
178 0.870375
179 0.871187
180 0.871493
181 0.871499
182 0.872149
183 0.872103
184 0.872473
185 0.872546
186 0.872617
187 0.873167
188 0.87316
189 0.873874
190 0.873561
191 0.873948
192 0.87428
193 0.87483
194 0.875116
195 0.874624
196 0.875485
197 0.87621
198 0.875941
199 0.876872
200 0.876147
201 0.876571
202 0.876634
203 0.877142
204 0.877079
205 0.87785
206 0.877097
207 0.877752
208 0.877829
209 0.878527
210 0.878275
211 0.879192
212 0.878802
213 0.878822
214 0.87972
215 0.879671
216 0.880011
217 0.879828
218 0.880639
219 0.880153
220 0.8811
221 0.881055
222 0.881369
223 0.881863
224 0.881642
225 0.881545
226 0.881991
227 0.881963
228 0.881998
229 0.882439
230 0.882942
231 0.882727
232 0.882878
233 0.883586
234 0.883728
235 0.884048
236 0.884066
237 0.884211
238 0.884421
239 0.884235
240 0.884581
241 0.88519
242 0.884753
243 0.885438
244 0.885212
245 0.88584
246 0.886196
247 0.886003
248 0.886169
249 0.886204
250 0.886786
251 0.886685
252 0.886489
253 0.886765
254 0.88687
255 0.887417
256 0.88717
257 0.887926
258 0.887885
259 0.888253
260 0.888464
261 0.88868
262 0.88847
263 0.888564
264 0.888946
265 0.889104
266 0.888857
267 0.889337
268 0.88945
269 0.889559
270 0.889883
271 0.889901
272 0.890325
273 0.889892
274 0.8905
275 0.891007
276 0.890351
277 0.890994
278 0.891219
279 0.891365
280 0.890906
281 0.891993
282 0.891392
283 0.892103
284 0.892091
285 0.892361
286 0.891776
287 0.892862
288 0.892215
289 0.892906
290 0.893184
291 0.893237
292 0.893387
293 0.893592
294 0.893923
295 0.893785
296 0.893986
297 0.894096
298 0.894433
299 0.894259
300 0.8944
