1 0.0780356
2 0.0588462
3 0.0590788
4 0.0508042
5 0.0495938
6 0.0450887
7 0.0442193
8 0.0403362
9 0.0402976
10 0.0371041
11 0.0361982
12 0.0339582
13 0.033937
14 0.0319828
15 0.031236
16 0.0302361
17 0.0292241
18 0.0285525
19 0.0277826
20 0.0269045
21 0.0263425
22 0.025604
23 0.0251504
24 0.0244869
25 0.0241157
26 0.0235138
27 0.0231241
28 0.0224896
29 0.022136
30 0.0218172
31 0.0214838
32 0.0209844
33 0.0204657
34 0.0201787
35 0.0199393
36 0.019588
37 0.0192014
38 0.0188437
39 0.0187095
40 0.0183772
41 0.01812
42 0.0178094
43 0.0176276
44 0.0173422
45 0.017095
46 0.0168789
47 0.0166319
48 0.016389
49 0.0162239
50 0.0160289
51 0.0159839
52 0.0155734
53 0.0155169
54 0.0152362
55 0.0151538
56 0.0149742
57 0.0148163
58 0.0146071
59 0.0145498
60 0.0143824
61 0.0141608
62 0.0140555
63 0.0139189
64 0.0136793
65 0.013658
66 0.0134933
67 0.0133102
68 0.0132192
69 0.0130521
70 0.0129465
71 0.0128606
72 0.0127266
73 0.0125659
74 0.0124934
75 0.0123594
76 0.0121897
77 0.0121586
78 0.0120428
79 0.0119639
80 0.0118523
81 0.0117398
82 0.0116616
83 0.0114774
84 0.0114999
85 0.0113983
86 0.0113226
87 0.0111961
88 0.0110942
89 0.0110313
90 0.0110925
91 0.0110065
92 0.0108085
93 0.0106855
94 0.0107074
95 0.0106093
96 0.0105587
97 0.0104335
98 0.0103918
99 0.0102857
100 0.0102313
101 0.0101563
102 0.0100861
103 0.010029
104 0.00990533
105 0.00989168
106 0.00974667
107 0.00975906
108 0.00974106
109 0.00961964
110 0.00957924
111 0.00949456
112 0.00947143
113 0.009406
114 0.00930157
115 0.00922069
116 0.00921031
117 0.00916495
118 0.00912606
119 0.00907857
120 0.00900777
121 0.00896284
122 0.00891848
123 0.0088854
124 0.00879215
125 0.00876606
126 0.00872167
127 0.00865587
128 0.00864986
129 0.00858089
130 0.00851629
131 0.00853346
132 0.00845151
133 0.00835114
134 0.00836598
135 0.00831316
136 0.00821674
137 0.00824174
138 0.00817861
139 0.00812202
140 0.00814798
141 0.00808965
142 0.00800429
143 0.00794698
144 0.00796129
145 0.00791429
146 0.00782368
147 0.00783693
148 0.00778145
149 0.0077432
150 0.00769219
151 0.00768421
152 0.00767729
153 0.00760795
154 0.00758124
155 0.00754929
156 0.00751574
157 0.00748642
158 0.00744904
159 0.00739025
160 0.00737228
161 0.00735471
162 0.00729895
163 0.00727374
164 0.00723813
165 0.00725435
166 0.00719989
167 0.00713419
168 0.00713241
169 0.00707636
170 0.00703228
171 0.00701148
172 0.00699486
173 0.00697958
174 0.0069473
175 0.00693309
176 0.00686485
177 0.00687757
178 0.00682499
179 0.00679243
180 0.00675567
181 0.00672383
182 0.00670357
183 0.00671585
184 0.00660631
185 0.006657
186 0.00664496
187 0.00658233
188 0.00659332
189 0.00653464
190 0.00650808
191 0.00652109
192 0.00648917
193 0.00646179
194 0.00641061
195 0.00643017
196 0.00636038
197 0.00633723
198 0.00631718
199 0.00628769
200 0.00631386
201 0.00626377
202 0.00624567
203 0.00621889
204 0.00619509
205 0.00614859
206 0.00618024
207 0.00614087
208 0.00613293
209 0.00608849
210 0.00608426
211 0.00604655
212 0.00604256
213 0.00604225
214 0.00595952
215 0.00596942
216 0.00592681
217 0.0059441
218 0.0058884
219 0.00589842
220 0.00584472
221 0.00585017
222 0.00582706
223 0.00578508
224 0.00579482
225 0.00580678
226 0.00573499
227 0.00576728
228 0.00574574
229 0.00571494
230 0.00568527
231 0.00567983
232 0.00567367
233 0.00564078
234 0.005606
235 0.0055892
236 0.00555072
237 0.00557026
238 0.00556228
239 0.00553901
240 0.00551274
241 0.00549774
242 0.00551653
243 0.00545652
244 0.00544898
245 0.00544285
246 0.00539631
247 0.00542599
248 0.00540689
249 0.00539343
250 0.00533808
251 0.00533831
252 0.00536342
253 0.0053249
254 0.00530419
255 0.00530816
256 0.00527229
257 0.00523497
258 0.00521672
259 0.00522258
260 0.00519637
261 0.00518717
262 0.00517385
263 0.00517001
264 0.00517046
265 0.00512417
266 0.00514872
267 0.00512341
268 0.00511879
269 0.00509796
270 0.00509548
271 0.00502522
272 0.00502853
273 0.00504375
274 0.00499795
275 0.00497833
276 0.00503187
277 0.00497577
278 0.004948
279 0.00493672
280 0.00494954
281 0.00488
282 0.0049345
283 0.00486913
284 0.00486646
285 0.00486009
286 0.00488865
287 0.00483386
288 0.00483854
289 0.00480416
290 0.00478286
291 0.00477259
292 0.00477299
293 0.00474745
294 0.00471877
295 0.00471652
296 0.00471464
297 0.00470449
298 0.00470022
299 0.00471928
300 0.0046738
