1 0.49986
2 0.539079
3 0.551599
4 0.567528
5 0.577045
6 0.587401
7 0.595516
8 0.603745
9 0.609233
10 0.616761
11 0.622059
12 0.62823
13 0.632505
14 0.637548
15 0.641589
16 0.645378
17 0.650104
18 0.653227
19 0.656735
20 0.660601
21 0.663299
22 0.667073
23 0.670051
24 0.672602
25 0.675572
26 0.678172
27 0.680892
28 0.683918
29 0.685555
30 0.68799
31 0.690231
32 0.692534
33 0.695277
34 0.697262
35 0.698624
36 0.700807
37 0.70281
38 0.704976
39 0.706082
40 0.708392
41 0.709526
42 0.711951
43 0.712889
44 0.714815
45 0.716217
46 0.717893
47 0.71968
48 0.721203
49 0.72259
50 0.724158
51 0.724756
52 0.727186
53 0.727855
54 0.729339
55 0.730449
56 0.732109
57 0.733108
58 0.734575
59 0.734899
60 0.736078
61 0.737887
62 0.738788
63 0.740026
64 0.741158
65 0.741674
66 0.743056
67 0.744276
68 0.745442
69 0.746345
70 0.747063
71 0.747797
72 0.749197
73 0.749985
74 0.750759
75 0.752186
76 0.753335
77 0.753629
78 0.754812
79 0.755325
80 0.75663
81 0.75753
82 0.758281
83 0.759189
84 0.7602
85 0.760767
86 0.761196
87 0.762512
88 0.763253
89 0.763773
90 0.763852
91 0.764346
92 0.766232
93 0.766948
94 0.76714
95 0.768231
96 0.768539
97 0.76969
98 0.769922
99 0.771213
100 0.771656
101 0.772161
102 0.772903
103 0.773084
104 0.774512
105 0.774755
106 0.775773
107 0.77627
108 0.776555
109 0.777538
110 0.77822
111 0.778666
112 0.778966
113 0.779805
114 0.780761
115 0.781221
116 0.782
117 0.781968
118 0.782746
119 0.783259
120 0.783912
121 0.784504
122 0.785172
123 0.785312
124 0.786246
125 0.786363
126 0.787144
127 0.787636
128 0.787659
129 0.788725
130 0.789172
131 0.789032
132 0.789824
133 0.790866
134 0.791219
135 0.791342
136 0.79224
137 0.792466
138 0.792983
139 0.793428
140 0.793418
141 0.794193
142 0.794704
143 0.795183
144 0.795393
145 0.796183
146 0.796847
147 0.79693
148 0.797571
149 0.79796
150 0.798403
151 0.798833
152 0.799013
153 0.799638
154 0.799716
155 0.800459
156 0.80049
157 0.800962
158 0.801407
159 0.802035
160 0.802482
161 0.802594
162 0.803342
163 0.803579
164 0.804251
165 0.804204
166 0.804575
167 0.805219
168 0.805646
169 0.806033
170 0.8065
171 0.806857
172 0.807081
173 0.807259
174 0.8077
175 0.807936
176 0.808638
177 0.808557
178 0.808826
179 0.809551
180 0.810067
181 0.81015
182 0.810526
183 0.810801
184 0.811252
185 0.811434
186 0.811498
187 0.812348
188 0.81234
189 0.812898
190 0.813009
191 0.813185
192 0.813917
193 0.814165
194 0.814674
195 0.814165
196 0.81506
197 0.815592
198 0.815607
199 0.816378
200 0.81593
201 0.816616
202 0.816758
203 0.817346
204 0.817269
205 0.818189
206 0.817789
207 0.818286
208 0.81841
209 0.819088
210 0.818972
211 0.819865
212 0.819503
213 0.819875
214 0.820558
215 0.820684
216 0.820914
217 0.820948
218 0.821719
219 0.821601
220 0.822171
221 0.822282
222 0.822516
223 0.823003
224 0.823122
225 0.823113
226 0.823604
227 0.82346
228 0.823897
229 0.824364
230 0.824773
231 0.824586
232 0.825086
233 0.825594
234 0.825665
235 0.826044
236 0.826287
237 0.826384
238 0.826603
239 0.826709
240 0.827072
241 0.827599
242 0.827366
243 0.828062
244 0.828062
245 0.828405
246 0.828844
247 0.828716
248 0.828959
249 0.829078
250 0.829943
251 0.829488
252 0.829708
253 0.829928
254 0.830261
255 0.830866
256 0.830447
257 0.831209
258 0.831081
259 0.831571
260 0.831792
261 0.832036
262 0.832133
263 0.832232
264 0.832591
265 0.832794
266 0.832669
267 0.833147
268 0.833141
269 0.833741
270 0.833789
271 0.833959
272 0.834403
273 0.834206
274 0.834845
275 0.835222
276 0.834733
277 0.835203
278 0.835624
279 0.835651
280 0.835753
281 0.836393
282 0.836005
283 0.836827
284 0.836686
285 0.837059
286 0.836785
287 0.837678
288 0.837492
289 0.837983
290 0.838191
291 0.83834
292 0.838411
293 0.838869
294 0.839102
295 0.838988
296 0.839135
297 0.839513
298 0.839699
299 0.839627
300 0.839889
