1 0.577817
2 0.578165
3 0.613331
4 0.617989
5 0.639132
6 0.640662
7 0.661184
8 0.661898
9 0.673784
10 0.678221
11 0.687903
12 0.691961
13 0.697746
14 0.705496
15 0.708023
16 0.713669
17 0.719425
18 0.721241
19 0.726131
20 0.728847
21 0.734409
22 0.736807
23 0.74065
24 0.742712
25 0.746217
26 0.749565
27 0.751741
28 0.754618
29 0.757254
30 0.759125
31 0.761551
32 0.763892
33 0.767792
34 0.769065
35 0.770834
36 0.772624
37 0.774904
38 0.777135
39 0.778054
40 0.780006
41 0.782178
42 0.784317
43 0.784889
44 0.786788
45 0.78833
46 0.789907
47 0.791913
48 0.793397
49 0.794535
50 0.795873
51 0.796575
52 0.799272
53 0.799596
54 0.801165
55 0.801773
56 0.80337
57 0.804642
58 0.805981
59 0.806161
60 0.807132
61 0.808996
62 0.809949
63 0.810493
64 0.812096
65 0.812421
66 0.8138
67 0.815151
68 0.816138
69 0.817172
70 0.817871
71 0.818218
72 0.819607
73 0.820501
74 0.821367
75 0.82233
76 0.823864
77 0.823923
78 0.824908
79 0.824865
80 0.826412
81 0.827759
82 0.827639
83 0.828831
84 0.829707
85 0.830081
86 0.830407
87 0.83178
88 0.832133
89 0.832735
90 0.832681
91 0.832966
92 0.834902
93 0.835834
94 0.835351
95 0.836402
96 0.836778
97 0.837935
98 0.837903
99 0.839498
100 0.839656
101 0.840166
102 0.840445
103 0.840716
104 0.842324
105 0.842177
106 0.843187
107 0.843717
108 0.843183
109 0.844809
110 0.845474
111 0.845852
112 0.845677
113 0.846677
114 0.8476
115 0.848061
116 0.848563
117 0.848635
118 0.848975
119 0.849473
120 0.850115
121 0.850498
122 0.851146
123 0.851179
124 0.852342
125 0.852101
126 0.852805
127 0.853339
128 0.852941
129 0.854391
130 0.854581
131 0.854223
132 0.855237
133 0.856085
134 0.856253
135 0.856206
136 0.85734
137 0.857056
138 0.857899
139 0.858018
140 0.857698
141 0.859029
142 0.859304
143 0.859742
144 0.859414
145 0.860349
146 0.861278
147 0.860949
148 0.861641
149 0.861964
150 0.862104
151 0.862597
152 0.862364
153 0.863148
154 0.863016
155 0.863712
156 0.863931
157 0.864016
158 0.864415
159 0.865193
160 0.865387
161 0.865649
162 0.866112
163 0.866354
164 0.867055
165 0.866704
166 0.866978
167 0.867595
168 0.86776
169 0.86817
170 0.868356
171 0.868848
172 0.869156
173 0.869243
174 0.869621
175 0.869747
176 0.870423
177 0.870366
178 0.870354
179 0.871209
180 0.871508
181 0.871521
182 0.872091
183 0.872181
184 0.872501
185 0.872626
186 0.872612
187 0.87317
188 0.873187
189 0.873897
190 0.873643
191 0.874004
192 0.874317
193 0.874799
194 0.875031
195 0.874695
196 0.875561
197 0.876203
198 0.875965
199 0.876764
200 0.876134
201 0.876664
202 0.87664
203 0.877112
204 0.877182
205 0.877896
206 0.877124
207 0.877835
208 0.877829
209 0.878522
210 0.87834
211 0.879119
212 0.878834
213 0.878772
214 0.879722
215 0.879759
216 0.879912
217 0.879776
218 0.880596
219 0.880165
220 0.881177
221 0.881085
222 0.881396
223 0.88196
224 0.881632
225 0.881538
226 0.882106
227 0.881952
228 0.882097
229 0.882471
230 0.883004
231 0.882789
232 0.882966
233 0.883643
234 0.883815
235 0.884111
236 0.884089
237 0.884278
238 0.884426
239 0.884242
240 0.884607
241 0.88519
242 0.884746
243 0.885408
244 0.885216
245 0.885968
246 0.88618
247 0.885997
248 0.886222
249 0.88621
250 0.886797
251 0.886625
252 0.886521
253 0.886783
254 0.886837
255 0.887465
256 0.88717
257 0.887913
258 0.887943
259 0.88816
260 0.888517
261 0.888753
262 0.888457
263 0.888596
264 0.889032
265 0.889071
266 0.888894
267 0.889356
268 0.889479
269 0.889633
270 0.889942
271 0.889886
272 0.89036
273 0.889922
274 0.890473
275 0.891034
276 0.890332
277 0.891007
278 0.891178
279 0.891379
280 0.891001
281 0.891908
282 0.891426
283 0.892093
284 0.892114
285 0.892412
286 0.89177
287 0.892914
288 0.892267
289 0.893017
290 0.893216
291 0.893264
292 0.893401
293 0.893543
294 0.89396
295 0.89379
296 0.894027
297 0.894091
298 0.89448
299 0.894261
300 0.894409
