1 0.300277
2 0.309675
3 0.312562
4 0.316618
5 0.318709
6 0.321019
7 0.322977
8 0.324657
9 0.326119
10 0.327922
11 0.328845
12 0.330229
13 0.331169
14 0.33209
15 0.333052
16 0.334022
17 0.334927
18 0.33569
19 0.3364
20 0.337208
21 0.337956
22 0.338593
23 0.339226
24 0.339677
25 0.340298
26 0.340861
27 0.341364
28 0.341968
29 0.342378
30 0.342785
31 0.343121
32 0.343643
33 0.344027
34 0.344554
35 0.344799
36 0.345169
37 0.345682
38 0.346026
39 0.346278
40 0.346688
41 0.347014
42 0.347257
43 0.34747
44 0.347823
45 0.348194
46 0.348481
47 0.348777
48 0.349
49 0.349215
50 0.349484
51 0.349613
52 0.349972
53 0.350174
54 0.350405
55 0.350648
56 0.350933
57 0.351055
58 0.351324
59 0.351432
60 0.351651
61 0.351961
62 0.352099
63 0.352303
64 0.352454
65 0.352669
66 0.352836
67 0.353058
68 0.353184
69 0.353396
70 0.353522
71 0.353622
72 0.353858
73 0.354043
74 0.354145
75 0.354335
76 0.354505
77 0.354612
78 0.354731
79 0.354885
80 0.355039
81 0.355134
82 0.355334
83 0.355447
84 0.355602
85 0.355678
86 0.355792
87 0.35595
88 0.35612
89 0.35622
90 0.356209
91 0.356349
92 0.356527
93 0.356627
94 0.356688
95 0.356795
96 0.356918
97 0.357051
98 0.357123
99 0.357281
100 0.357421
101 0.357494
102 0.357662
103 0.357672
104 0.35779
105 0.357936
106 0.358046
107 0.358124
108 0.358198
109 0.358291
110 0.35842
111 0.358474
112 0.358513
113 0.358608
114 0.358761
115 0.358845
116 0.35896
117 0.359009
118 0.359092
119 0.359194
120 0.359279
121 0.359352
122 0.359404
123 0.359498
124 0.359554
125 0.359642
126 0.359697
127 0.359773
128 0.359837
129 0.359936
130 0.359993
131 0.360096
132 0.360144
133 0.360316
134 0.360277
135 0.360362
136 0.360516
137 0.360485
138 0.360575
139 0.360656
140 0.360715
141 0.360707
142 0.360837
143 0.360921
144 0.360935
145 0.361059
146 0.361104
147 0.361102
148 0.361169
149 0.361285
150 0.361347
151 0.361355
152 0.361431
153 0.361483
154 0.361558
155 0.361671
156 0.361621
157 0.361722
158 0.361771
159 0.36187
160 0.361935
161 0.361911
162 0.36204
163 0.362082
164 0.362127
165 0.362147
166 0.362211
167 0.362299
168 0.362325
169 0.362417
170 0.36247
171 0.362494
172 0.362555
173 0.36256
174 0.362645
175 0.362696
176 0.362744
177 0.362739
178 0.362802
179 0.362867
180 0.362975
181 0.362961
182 0.362972
183 0.363031
184 0.363109
185 0.363123
186 0.36315
187 0.363251
188 0.363258
189 0.36329
190 0.363317
191 0.363343
192 0.363432
193 0.363428
194 0.363515
195 0.363524
196 0.36359
197 0.363627
198 0.363632
199 0.363724
200 0.363691
201 0.363823
202 0.363811
203 0.363852
204 0.363893
205 0.36404
206 0.363974
207 0.364009
208 0.364058
209 0.364083
210 0.364109
211 0.364175
212 0.364201
213 0.36424
214 0.364284
215 0.364302
216 0.364335
217 0.364367
218 0.364402
219 0.364481
220 0.36449
221 0.364517
222 0.364538
223 0.364557
224 0.364619
225 0.364617
226 0.364719
227 0.36468
228 0.364715
229 0.36478
230 0.364822
231 0.364814
232 0.364867
233 0.364887
234 0.364931
235 0.36496
236 0.365043
237 0.365025
238 0.365056
239 0.365094
240 0.365128
241 0.365152
242 0.365177
243 0.365191
244 0.365227
245 0.365258
246 0.365297
247 0.365331
248 0.365367
249 0.365346
250 0.365435
251 0.365391
252 0.365451
253 0.365484
254 0.365506
255 0.365542
256 0.365567
257 0.365608
258 0.365647
259 0.365691
260 0.36571
261 0.365698
262 0.365771
263 0.3658
264 0.365815
265 0.365847
266 0.365837
267 0.365841
268 0.365868
269 0.365945
270 0.365912
271 0.365987
272 0.366026
273 0.366035
274 0.366092
275 0.366119
276 0.36606
277 0.366109
278 0.366152
279 0.366177
280 0.366201
281 0.36623
282 0.366217
283 0.36631
284 0.366319
285 0.366338
286 0.366352
287 0.366372
288 0.366409
289 0.366417
290 0.366476
291 0.366502
292 0.366481
293 0.366525
294 0.366586
295 0.366578
296 0.366571
297 0.366638
298 0.36664
299 0.366636
300 0.366697
