1 0.458379
2 0.466102
3 0.466121
4 0.4695
5 0.46964
6 0.471315
7 0.471374
8 0.472965
9 0.472871
10 0.474205
11 0.474337
12 0.474966
13 0.475016
14 0.47543
15 0.475777
16 0.476105
17 0.476697
18 0.476699
19 0.477094
20 0.477443
21 0.477559
22 0.477593
23 0.477961
24 0.478
25 0.478119
26 0.478456
27 0.478622
28 0.478944
29 0.478887
30 0.478945
31 0.478912
32 0.479148
33 0.47941
34 0.479399
35 0.479577
36 0.479424
37 0.479946
38 0.479553
39 0.479818
40 0.479705
41 0.480006
42 0.48017
43 0.480128
44 0.480325
45 0.480163
46 0.480281
47 0.480194
48 0.480352
49 0.480627
50 0.480641
51 0.480437
52 0.480568
53 0.480855
54 0.481052
55 0.480735
56 0.480877
57 0.480854
58 0.481024
59 0.480993
60 0.480816
61 0.481175
62 0.481136
63 0.481267
64 0.481349
65 0.481282
66 0.481262
67 0.481481
68 0.481114
69 0.481341
70 0.481515
71 0.4814
72 0.481521
73 0.481532
74 0.481676
75 0.481716
76 0.481627
77 0.481517
78 0.48163
79 0.481836
80 0.481704
81 0.481735
82 0.481886
83 0.481809
84 0.481898
85 0.481614
86 0.482038
87 0.481868
88 0.481831
89 0.481814
90 0.481952
91 0.481715
92 0.481992
93 0.482039
94 0.482188
95 0.48202
96 0.482029
97 0.482371
98 0.482106
99 0.481976
100 0.482227
101 0.482186
102 0.482317
103 0.482161
104 0.482241
105 0.482439
106 0.482329
107 0.482367
108 0.482321
109 0.482484
110 0.482477
111 0.482235
112 0.482353
113 0.482416
114 0.482552
115 0.482556
116 0.482425
117 0.482321
118 0.482596
119 0.482451
120 0.482641
121 0.482538
122 0.482566
123 0.482638
124 0.48248
125 0.482529
126 0.482538
127 0.482633
128 0.482625
129 0.482528
130 0.482803
131 0.482825
132 0.482518
133 0.48281
134 0.482766
135 0.482824
136 0.482815
137 0.482807
138 0.48276
139 0.482826
140 0.482918
141 0.482855
142 0.482854
143 0.482768
144 0.48281
145 0.483042
146 0.482887
147 0.482947
148 0.48286
149 0.482817
150 0.48302
151 0.48288
152 0.482819
153 0.482818
154 0.482854
155 0.48297
156 0.48285
157 0.482769
158 0.482942
159 0.483094
160 0.482938
161 0.482993
162 0.482785
163 0.483205
164 0.483097
165 0.48298
166 0.483077
167 0.483297
168 0.482981
169 0.483167
170 0.483101
171 0.483145
172 0.4832
173 0.482704
174 0.483239
175 0.48314
176 0.482808
177 0.483016
178 0.48315
179 0.483063
180 0.483221
181 0.483035
182 0.483121
183 0.483187
184 0.483251
185 0.483254
186 0.483321
187 0.483284
188 0.483181
189 0.483203
190 0.483164
191 0.483197
192 0.483263
193 0.483254
194 0.483201
195 0.483001
196 0.483229
197 0.483245
198 0.483101
199 0.483162
200 0.483236
201 0.483133
202 0.483225
203 0.483281
204 0.483059
205 0.483301
206 0.48338
207 0.483303
208 0.483217
209 0.483558
210 0.483353
211 0.483221
212 0.483485
213 0.483594
214 0.48324
215 0.483216
216 0.483503
217 0.483196
218 0.483482
219 0.483118
220 0.483236
221 0.483279
222 0.483279
223 0.483304
224 0.48361
225 0.483383
226 0.483589
227 0.483417
228 0.48345
229 0.483726
230 0.483568
231 0.483459
232 0.483425
233 0.483483
234 0.483516
235 0.483403
236 0.483476
237 0.483468
238 0.483469
239 0.483568
240 0.483644
241 0.483461
242 0.483299
243 0.483365
244 0.483367
245 0.48338
246 0.483385
247 0.48351
248 0.483375
249 0.483671
250 0.483332
251 0.483566
252 0.483311
253 0.483455
254 0.483583
255 0.483369
256 0.483668
257 0.483436
258 0.48355
259 0.483532
260 0.483619
261 0.483323
262 0.483585
263 0.483593
264 0.48336
265 0.483571
266 0.483648
267 0.483574
268 0.483761
269 0.483433
270 0.48349
271 0.483768
272 0.483747
273 0.483736
274 0.483675
275 0.483612
276 0.483306
277 0.483685
278 0.483744
279 0.483662
280 0.483343
281 0.4836
282 0.483593
283 0.483634
284 0.483522
285 0.483318
286 0.483411
287 0.483694
288 0.483753
289 0.483601
290 0.483755
291 0.48379
292 0.483604
293 0.483742
294 0.483645
295 0.483732
296 0.48356
297 0.483746
298 0.483947
299 0.483679
300 0.483787
