1 0.458163
2 0.323984
3 0.26435
4 0.228962
5 0.204784
6 0.18705
7 0.173176
8 0.162105
9 0.152801
10 0.145035
11 0.139423
12 0.134979
13 0.131684
14 0.12942
15 0.12789
16 0.126419
17 0.12457
18 0.121225
19 0.117725
20 0.114268
21 0.110323
22 0.106562
23 0.103668
24 0.10154
25 0.0995835
26 0.0977926
27 0.0965901
28 0.0958891
29 0.0959771
30 0.0962642
31 0.0964938
32 0.0965859
33 0.0963866
34 0.095633
35 0.0943711
36 0.0928311
37 0.0911105
38 0.089315
39 0.0875691
40 0.0859889
41 0.0846727
42 0.0837465
43 0.0830759
44 0.0826492
45 0.0824246
46 0.0823461
47 0.0823434
48 0.0824006
49 0.0824374
50 0.0824103
51 0.0823424
52 0.0821513
53 0.0818544
54 0.0814475
55 0.080931
56 0.0803384
57 0.0797141
58 0.0791001
59 0.07854
60 0.0780678
61 0.0776957
62 0.0772591
63 0.0769481
64 0.0767309
65 0.076611
66 0.0765122
67 0.0764442
68 0.076327
69 0.0761848
70 0.076033
71 0.0758653
72 0.0756763
73 0.0754792
74 0.0752933
75 0.0751171
76 0.0749411
77 0.0747535
78 0.0745297
79 0.0743018
80 0.0740965
81 0.0738767
82 0.0736935
83 0.0735058
84 0.0733354
85 0.0731782
86 0.0730298
87 0.072891
88 0.072761
89 0.0726417
90 0.0725087
91 0.072398
92 0.0722732
93 0.07215
94 0.0720248
95 0.0719074
96 0.0717906
97 0.0716953
98 0.0716015
99 0.0714973
100 0.071395
101 0.0712931
102 0.071192
103 0.0710943
104 0.071007
105 0.0709174
106 0.0708254
107 0.070704
108 0.0705852
109 0.0704883
110 0.070386
111 0.0702853
112 0.0701762
113 0.0700748
114 0.0699655
115 0.0698541
116 0.0697543
117 0.0696673
118 0.0695867
119 0.0695248
120 0.0694687
121 0.0694116
122 0.0693495
123 0.0692888
124 0.0692304
125 0.069167
126 0.0690959
127 0.069035
128 0.0689785
129 0.0689158
130 0.0688563
131 0.068802
132 0.0687531
133 0.0687128
134 0.0686725
135 0.0686326
136 0.0685915
137 0.0685452
138 0.0684997
139 0.0684635
140 0.0684271
141 0.0683871
142 0.0683501
143 0.0683038
144 0.0682717
145 0.0682334
146 0.068199
147 0.0681622
148 0.0681234
149 0.068087
150 0.0680489
151 0.0680151
152 0.067986
153 0.0679489
154 0.0679072
155 0.0678679
156 0.0678282
157 0.0677954
158 0.0677675
159 0.0677384
160 0.0677109
161 0.067685
162 0.0676578
163 0.0676265
164 0.0675961
165 0.067571
166 0.0675463
167 0.0675201
168 0.0674983
169 0.0674795
170 0.0674567
171 0.0674349
172 0.0674206
173 0.0674027
174 0.0673828
175 0.0673657
176 0.0673467
177 0.0673323
178 0.0673208
179 0.0673075
180 0.067295
181 0.0672883
182 0.0672753
183 0.0672638
184 0.0672522
185 0.0672459
186 0.0672386
187 0.0672335
188 0.0672262
189 0.0672202
190 0.0672163
191 0.0672072
192 0.067196
193 0.0671886
194 0.0671767
195 0.0671681
196 0.0671605
197 0.0671523
198 0.0671436
199 0.0671369
200 0.0671263
201 0.0671213
202 0.0671159
203 0.0671089
204 0.0671044
205 0.0670997
206 0.0670978
207 0.0670878
208 0.0670821
209 0.0670784
210 0.0670704
211 0.0670637
212 0.0670575
213 0.0670565
214 0.0670579
215 0.0670598
216 0.0670597
217 0.0670631
218 0.0670619
219 0.0670581
220 0.0670597
221 0.067064
222 0.0670662
223 0.0670636
224 0.0670608
225 0.0670603
226 0.0670624
227 0.0670626
228 0.0670658
229 0.0670696
230 0.0670741
231 0.0670791
232 0.0670843
233 0.0670921
234 0.0670946
235 0.0671015
236 0.0671079
237 0.0671123
238 0.0671158
239 0.067117
240 0.0671189
241 0.0671196
242 0.0671273
243 0.0671353
244 0.0671425
245 0.0671486
246 0.0671543
247 0.0671587
248 0.0671608
249 0.0671665
250 0.0671742
251 0.0671813
252 0.0671925
253 0.0672028
254 0.0672079
255 0.0672124
256 0.0672191
257 0.0672286
258 0.0672363
259 0.0672475
260 0.0672546
261 0.0672664
262 0.0672757
263 0.0672865
264 0.0672972
265 0.0673096
266 0.0673154
267 0.0673255
268 0.0673354
269 0.0673455
270 0.067353
271 0.0673594
272 0.0673689
273 0.0673797
274 0.0673898
275 0.0674016
276 0.0674164
277 0.0674272
278 0.0674353
279 0.0674473
280 0.0674611
281 0.067472
282 0.0674798
283 0.0674896
284 0.0674984
285 0.0675117
286 0.0675214
287 0.0675334
288 0.0675449
289 0.0675538
290 0.0675659
291 0.0675785
292 0.0675933
293 0.0676058
294 0.0676194
295 0.0676335
296 0.067645
297 0.0676554
298 0.0676682
299 0.0676811
300 0.0676951
