1 0.230728
2 0.230443
3 0.230569
4 0.230577
5 0.230545
6 0.230552
7 0.230619
8 0.230612
9 0.230618
10 0.230592
11 0.225056
12 0.220812
13 0.217549
14 0.215194
15 0.213886
16 0.213625
17 0.21427
18 0.216166
19 0.218146
20 0.220045
21 0.220917
22 0.22106
23 0.220326
24 0.218935
25 0.217459
26 0.215811
27 0.214098
28 0.212464
29 0.211589
30 0.211064
31 0.211054
32 0.211411
33 0.212003
34 0.212517
35 0.212777
36 0.212888
37 0.212826
38 0.21256
39 0.212078
40 0.211379
41 0.210493
42 0.209623
43 0.208715
44 0.207824
45 0.206988
46 0.206221
47 0.205565
48 0.205016
49 0.204579
50 0.204247
51 0.204126
52 0.204063
53 0.204043
54 0.20403
55 0.203995
56 0.203902
57 0.203742
58 0.203563
59 0.203342
60 0.203059
61 0.20275
62 0.202529
63 0.202263
64 0.201956
65 0.201635
66 0.201328
67 0.201031
68 0.200838
69 0.200636
70 0.200424
71 0.200205
72 0.199996
73 0.199779
74 0.199582
75 0.199392
76 0.199203
77 0.199024
78 0.198873
79 0.198708
80 0.198526
81 0.198343
82 0.198145
83 0.19795
84 0.197759
85 0.197562
86 0.197366
87 0.197167
88 0.196961
89 0.196751
90 0.196546
91 0.19634
92 0.196143
93 0.195941
94 0.195743
95 0.195547
96 0.195366
97 0.195185
98 0.19501
99 0.194831
100 0.19465
101 0.194476
102 0.194302
103 0.194152
104 0.194001
105 0.193857
106 0.193706
107 0.193567
108 0.193415
109 0.193258
110 0.193103
111 0.192947
112 0.19281
113 0.192665
114 0.192524
115 0.192375
116 0.192221
117 0.192056
118 0.191887
119 0.191717
120 0.191547
121 0.191378
122 0.191217
123 0.191059
124 0.1909
125 0.190743
126 0.190588
127 0.19044
128 0.190296
129 0.190164
130 0.190033
131 0.189896
132 0.189749
133 0.189609
134 0.189466
135 0.189314
136 0.189156
137 0.188999
138 0.18884
139 0.188683
140 0.188525
141 0.188369
142 0.188217
143 0.188081
144 0.187948
145 0.187815
146 0.187683
147 0.187546
148 0.187406
149 0.187263
150 0.187117
151 0.186971
152 0.18684
153 0.186711
154 0.186587
155 0.186456
156 0.186324
157 0.186188
158 0.186057
159 0.185927
160 0.185797
161 0.185664
162 0.185532
163 0.185408
164 0.185283
165 0.185153
166 0.185027
167 0.184908
168 0.184788
169 0.184662
170 0.184533
171 0.184402
172 0.184274
173 0.184149
174 0.18403
175 0.183909
176 0.183786
177 0.183659
178 0.18353
179 0.183404
180 0.183275
181 0.183147
182 0.18302
183 0.182897
184 0.182772
185 0.182652
186 0.182534
187 0.182415
188 0.182291
189 0.182167
190 0.182043
191 0.181933
192 0.181821
193 0.181708
194 0.181597
195 0.18148
196 0.181358
197 0.181234
198 0.181112
199 0.18099
200 0.180866
201 0.180748
202 0.180629
203 0.180514
204 0.180398
205 0.180281
206 0.180161
207 0.180042
208 0.179925
209 0.179807
210 0.179688
211 0.179574
212 0.179461
213 0.17935
214 0.179239
215 0.179128
216 0.179014
217 0.1789
218 0.178787
219 0.178678
220 0.178566
221 0.178453
222 0.178341
223 0.178228
224 0.178115
225 0.178001
226 0.177887
227 0.177776
228 0.177668
229 0.177559
230 0.17745
231 0.17734
232 0.177232
233 0.177128
234 0.177023
235 0.176916
236 0.176811
237 0.176708
238 0.176603
239 0.176497
240 0.176391
241 0.176284
242 0.176179
243 0.176075
244 0.175975
245 0.175873
246 0.175771
247 0.175668
248 0.175563
249 0.175457
250 0.175353
251 0.17525
252 0.175146
253 0.175044
254 0.17494
255 0.174837
256 0.174735
257 0.174635
258 0.174535
259 0.174432
260 0.17433
261 0.174229
262 0.174128
263 0.174026
264 0.173925
265 0.173824
266 0.173722
267 0.173621
268 0.173523
269 0.173427
270 0.173333
271 0.173238
272 0.173143
273 0.173048
274 0.172952
275 0.172855
276 0.172757
277 0.172664
278 0.172568
279 0.172472
280 0.172375
281 0.172278
282 0.172179
283 0.172081
284 0.171984
285 0.171886
286 0.171788
287 0.171693
288 0.171597
289 0.171501
290 0.171404
291 0.171307
292 0.171212
293 0.171117
294 0.171023
295 0.170928
296 0.170834
297 0.170741
298 0.170649
299 0.170556
300 0.170461
