1 0.299783
2 0.299617
3 0.299969
4 0.300454
5 0.299933
6 0.299672
7 0.300356
8 0.300398
9 0.299789
10 0.300368
11 0.360723
12 0.356587
13 0.35205
14 0.346497
15 0.334197
16 0.320698
17 0.306091
18 0.281659
19 0.276335
20 0.274125
21 0.292224
22 0.306269
23 0.326614
24 0.343078
25 0.348022
26 0.355637
27 0.360717
28 0.362114
29 0.343684
30 0.335023
31 0.319551
32 0.307853
33 0.299308
34 0.301628
35 0.308554
36 0.313975
37 0.320492
38 0.327921
39 0.336585
40 0.346028
41 0.355377
42 0.356938
43 0.358756
44 0.361693
45 0.361223
46 0.358954
47 0.35495
48 0.351318
49 0.346827
50 0.342637
51 0.332803
52 0.33005
53 0.32695
54 0.327479
55 0.328513
56 0.331356
57 0.335589
58 0.337903
59 0.340167
60 0.344364
61 0.345944
62 0.342354
63 0.345696
64 0.347637
65 0.349729
66 0.349465
67 0.34875
68 0.342901
69 0.343474
70 0.344403
71 0.345314
72 0.344796
73 0.345928
74 0.345679
75 0.346066
76 0.344922
77 0.345498
78 0.342992
79 0.34471
80 0.346488
81 0.347159
82 0.349035
83 0.348601
84 0.349339
85 0.348977
86 0.350332
87 0.350566
88 0.35158
89 0.352451
90 0.352113
91 0.352888
92 0.352913
93 0.353003
94 0.352707
95 0.353876
96 0.352341
97 0.352354
98 0.353083
99 0.353237
100 0.353556
101 0.353424
102 0.354154
103 0.351837
104 0.352194
105 0.351563
106 0.352978
107 0.352098
108 0.353801
109 0.353607
110 0.354165
111 0.354832
112 0.351965
113 0.353823
114 0.353762
115 0.355907
116 0.356665
117 0.357814
118 0.357664
119 0.358738
120 0.359506
121 0.358695
122 0.358847
123 0.358149
124 0.359782
125 0.359125
126 0.358799
127 0.358647
128 0.358992
129 0.35723
130 0.35678
131 0.358774
132 0.359999
133 0.360003
134 0.360074
135 0.361292
136 0.363479
137 0.363494
138 0.363486
139 0.363333
140 0.364349
141 0.364053
142 0.363828
143 0.362261
144 0.361599
145 0.361714
146 0.362075
147 0.363265
148 0.362832
149 0.364341
150 0.365022
151 0.365953
152 0.363353
153 0.363695
154 0.362924
155 0.363918
156 0.365183
157 0.364967
158 0.36545
159 0.365342
160 0.36575
161 0.366217
162 0.366475
163 0.365736
164 0.366271
165 0.366103
166 0.365542
167 0.36537
168 0.366976
169 0.367532
170 0.368622
171 0.367873
172 0.368529
173 0.368348
174 0.368129
175 0.367989
176 0.368825
177 0.368938
178 0.370526
179 0.369851
180 0.37028
181 0.370701
182 0.370829
183 0.370229
184 0.370483
185 0.369754
186 0.368744
187 0.370405
188 0.371684
189 0.371613
190 0.372052
191 0.369538
192 0.370918
193 0.370628
194 0.370368
195 0.371925
196 0.372587
197 0.374377
198 0.372767
199 0.373734
200 0.374487
201 0.37446
202 0.373517
203 0.372688
204 0.374062
205 0.37429
206 0.374465
207 0.374106
208 0.374632
209 0.376006
210 0.375895
211 0.375512
212 0.375415
213 0.374795
214 0.374766
215 0.375568
216 0.376009
217 0.376263
218 0.376221
219 0.375563
220 0.376206
221 0.37746
222 0.376925
223 0.377347
224 0.377533
225 0.377277
226 0.377807
227 0.377564
228 0.376426
229 0.378866
230 0.378046
231 0.378877
232 0.378811
233 0.377623
234 0.378345
235 0.378827
236 0.378562
237 0.377713
238 0.379167
239 0.379384
240 0.378714
241 0.379201
242 0.379833
243 0.38015
244 0.379059
245 0.380144
246 0.379786
247 0.380282
248 0.380612
249 0.381772
250 0.381046
251 0.381185
252 0.381217
253 0.381887
254 0.381703
255 0.382002
256 0.381503
257 0.380385
258 0.382556
259 0.382875
260 0.383248
261 0.382732
262 0.383342
263 0.382622
264 0.383544
265 0.384239
266 0.38493
267 0.384157
268 0.383419
269 0.382466
270 0.382434
271 0.382828
272 0.382228
273 0.383596
274 0.383541
275 0.385055
276 0.385704
277 0.383537
278 0.384636
279 0.385086
280 0.385055
281 0.384988
282 0.385956
283 0.386399
284 0.386352
285 0.386421
286 0.386516
287 0.386385
288 0.387153
289 0.386204
290 0.387067
291 0.388118
292 0.387081
293 0.387257
294 0.387658
295 0.387193
296 0.387571
297 0.386656
298 0.386806
299 0.387726
300 0.388818
