1 0.299783
2 0.2997
3 0.29979
4 0.299956
5 0.299951
6 0.299905
7 0.299969
8 0.300023
9 0.299997
10 0.300034
11 0.305551
12 0.309804
13 0.313054
14 0.315443
15 0.316693
16 0.316943
17 0.316305
18 0.31438
19 0.312378
20 0.310465
21 0.309596
22 0.309445
23 0.310192
24 0.311562
25 0.31302
26 0.314659
27 0.316365
28 0.317999
29 0.318885
30 0.319423
31 0.319427
32 0.319065
33 0.318467
34 0.317971
35 0.317702
36 0.317599
37 0.317677
38 0.317946
39 0.318424
40 0.319114
41 0.319999
42 0.320878
43 0.321759
44 0.322667
45 0.323524
46 0.324294
47 0.324946
48 0.325496
49 0.325931
50 0.326265
51 0.326393
52 0.326464
53 0.326473
54 0.326491
55 0.326528
56 0.326614
57 0.326772
58 0.326964
59 0.327187
60 0.327474
61 0.327777
62 0.328012
63 0.328292
64 0.328595
65 0.32892
66 0.329231
67 0.329522
68 0.329719
69 0.329918
70 0.330125
71 0.330339
72 0.33054
73 0.330751
74 0.330953
75 0.331154
76 0.331335
77 0.331519
78 0.331666
79 0.331831
80 0.332015
81 0.332202
82 0.332407
83 0.332602
84 0.332801
85 0.332992
86 0.333193
87 0.333393
88 0.3336
89 0.333811
90 0.334015
91 0.334222
92 0.334425
93 0.334625
94 0.334817
95 0.335018
96 0.335198
97 0.335375
98 0.335556
99 0.335735
100 0.335913
101 0.336086
102 0.336263
103 0.336415
104 0.336566
105 0.336709
106 0.336863
107 0.337005
108 0.33716
109 0.337311
110 0.337465
111 0.337621
112 0.337749
113 0.337891
114 0.338031
115 0.338186
116 0.338345
117 0.338512
118 0.338674
119 0.338843
120 0.339015
121 0.339177
122 0.339339
123 0.339492
124 0.339655
125 0.339811
126 0.339962
127 0.340109
128 0.340256
129 0.340388
130 0.340514
131 0.340653
132 0.3408
133 0.340944
134 0.341087
135 0.341237
136 0.3414
137 0.341562
138 0.34172
139 0.341876
140 0.342036
141 0.342193
142 0.342345
143 0.342484
144 0.342617
145 0.342749
146 0.342881
147 0.34302
148 0.343154
149 0.343296
150 0.343441
151 0.34359
152 0.34372
153 0.34385
154 0.343974
155 0.344103
156 0.344238
157 0.34437
158 0.344503
159 0.344634
160 0.344766
161 0.3449
162 0.345033
163 0.34516
164 0.345289
165 0.345415
166 0.345536
167 0.345655
168 0.345782
169 0.34591
170 0.346044
171 0.346172
172 0.346302
173 0.346429
174 0.346554
175 0.346676
176 0.346802
177 0.346927
178 0.34706
179 0.347187
180 0.347315
181 0.347445
182 0.347573
183 0.347697
184 0.347821
185 0.347939
186 0.348051
187 0.348171
188 0.348296
189 0.348419
190 0.348543
191 0.348653
192 0.348769
193 0.348883
194 0.348993
195 0.349111
196 0.349231
197 0.349358
198 0.349477
199 0.349598
200 0.349723
201 0.349846
202 0.349963
203 0.350075
204 0.350193
205 0.35031
206 0.350428
207 0.350542
208 0.350658
209 0.350779
210 0.350899
211 0.351015
212 0.35113
213 0.351241
214 0.351351
215 0.351464
216 0.351578
217 0.351691
218 0.351804
219 0.351912
220 0.352023
221 0.352138
222 0.35225
223 0.352362
224 0.352475
225 0.352585
226 0.352696
227 0.352806
228 0.352909
229 0.353023
230 0.353132
231 0.353243
232 0.353353
233 0.353457
234 0.353564
235 0.353671
236 0.353777
237 0.353878
238 0.353984
239 0.35409
240 0.354193
241 0.354297
242 0.354402
243 0.354508
244 0.354609
245 0.354713
246 0.354815
247 0.354918
248 0.355022
249 0.355129
250 0.355233
251 0.355336
252 0.355439
253 0.355543
254 0.355646
255 0.35575
256 0.35585
257 0.355946
258 0.356049
259 0.356153
260 0.356257
261 0.356358
262 0.356461
263 0.356561
264 0.356663
265 0.356767
266 0.356873
267 0.356975
268 0.357074
269 0.357168
270 0.357262
271 0.357356
272 0.357447
273 0.357543
274 0.357638
275 0.357738
276 0.357839
277 0.357932
278 0.358028
279 0.358125
280 0.358221
281 0.358316
282 0.358414
283 0.358513
284 0.358611
285 0.358709
286 0.358806
287 0.358902
288 0.359
289 0.359094
290 0.359191
291 0.35929
292 0.359385
293 0.359481
294 0.359576
295 0.35967
296 0.359764
297 0.359855
298 0.359945
299 0.360038
300 0.360134
