1 0.458163
2 0.458091
3 0.458244
4 0.458456
5 0.458229
6 0.458115
7 0.458413
8 0.458431
9 0.458166
10 0.458418
11 0.480211
12 0.478992
13 0.47761
14 0.475854
15 0.471709
16 0.466745
17 0.460868
18 0.449808
19 0.447185
20 0.446073
21 0.454785
22 0.460943
23 0.468975
24 0.474738
25 0.476343
26 0.478706
27 0.480209
28 0.480612
29 0.474938
30 0.471999
31 0.466303
32 0.461606
33 0.457955
34 0.458965
35 0.461897
36 0.464107
37 0.466666
38 0.469456
39 0.472542
40 0.475703
41 0.478628
42 0.479097
43 0.479636
44 0.480491
45 0.480355
46 0.479694
47 0.478499
48 0.477382
49 0.47596
50 0.474592
51 0.471217
52 0.470231
53 0.469099
54 0.469294
55 0.469673
56 0.470701
57 0.472196
58 0.472996
59 0.473766
60 0.475161
61 0.475675
62 0.474498
63 0.475595
64 0.47622
65 0.476885
66 0.476801
67 0.476575
68 0.474679
69 0.474868
70 0.475174
71 0.475471
72 0.475302
73 0.47567
74 0.47559
75 0.475715
76 0.475343
77 0.475531
78 0.474709
79 0.475274
80 0.475851
81 0.476067
82 0.476665
83 0.476528
84 0.476762
85 0.476647
86 0.477074
87 0.477148
88 0.477464
89 0.477734
90 0.477629
91 0.477869
92 0.477876
93 0.477904
94 0.477813
95 0.478172
96 0.4777
97 0.477704
98 0.477929
99 0.477976
100 0.478074
101 0.478033
102 0.478257
103 0.477544
104 0.477654
105 0.477459
106 0.477896
107 0.477625
108 0.478149
109 0.478089
110 0.47826
111 0.478463
112 0.477583
113 0.478155
114 0.478137
115 0.478788
116 0.479015
117 0.479357
118 0.479313
119 0.47963
120 0.479856
121 0.479618
122 0.479663
123 0.479457
124 0.479937
125 0.479744
126 0.479648
127 0.479604
128 0.479705
129 0.479184
130 0.479049
131 0.479641
132 0.48
133 0.480001
134 0.480022
135 0.480375
136 0.481001
137 0.481006
138 0.481003
139 0.48096
140 0.481248
141 0.481164
142 0.4811
143 0.480654
144 0.480464
145 0.480497
146 0.480601
147 0.480941
148 0.480817
149 0.481245
150 0.481437
151 0.481697
152 0.480966
153 0.481063
154 0.480844
155 0.481126
156 0.481482
157 0.481421
158 0.481557
159 0.481526
160 0.48164
161 0.48177
162 0.481842
163 0.481636
164 0.481785
165 0.481738
166 0.481582
167 0.481534
168 0.48198
169 0.482133
170 0.482432
171 0.482227
172 0.482406
173 0.482357
174 0.482297
175 0.482259
176 0.482487
177 0.482517
178 0.482946
179 0.482765
180 0.48288
181 0.482993
182 0.483027
183 0.482866
184 0.482934
185 0.482738
186 0.482465
187 0.482914
188 0.483255
189 0.483236
190 0.483353
191 0.48268
192 0.483051
193 0.482973
194 0.482904
195 0.483319
196 0.483494
197 0.483962
198 0.483541
199 0.483795
200 0.483991
201 0.483984
202 0.483738
203 0.48352
204 0.48388
205 0.483939
206 0.483985
207 0.483892
208 0.484028
209 0.484382
210 0.484354
211 0.484255
212 0.48423
213 0.48407
214 0.484063
215 0.48427
216 0.484383
217 0.484448
218 0.484437
219 0.484268
220 0.484433
221 0.484752
222 0.484616
223 0.484723
224 0.48477
225 0.484706
226 0.484839
227 0.484778
228 0.484489
229 0.485105
230 0.4849
231 0.485108
232 0.485091
233 0.484793
234 0.484975
235 0.485095
236 0.485029
237 0.484816
238 0.48518
239 0.485234
240 0.485067
241 0.485189
242 0.485346
243 0.485424
244 0.485153
245 0.485422
246 0.485334
247 0.485456
248 0.485538
249 0.485821
250 0.485644
251 0.485678
252 0.485686
253 0.485849
254 0.485805
255 0.485877
256 0.485756
257 0.485482
258 0.486012
259 0.486089
260 0.486178
261 0.486054
262 0.486201
263 0.486028
264 0.486249
265 0.486415
266 0.486579
267 0.486396
268 0.486219
269 0.48599
270 0.485982
271 0.486077
272 0.485932
273 0.486262
274 0.486249
275 0.486609
276 0.486762
277 0.486248
278 0.48651
279 0.486616
280 0.486609
281 0.486593
282 0.486821
283 0.486924
284 0.486913
285 0.486929
286 0.486952
287 0.486921
288 0.4871
289 0.486879
290 0.48708
291 0.487322
292 0.487083
293 0.487124
294 0.487216
295 0.487109
296 0.487196
297 0.486984
298 0.487019
299 0.487232
300 0.487482
