1 0.100127
2 0.100492
3 0.100203
4 0.100097
5 0.100058
6 0.100061
7 0.0999961
8 0.099985
9 0.0999634
10 0.1
11 0.107833
12 0.113909
13 0.118785
14 0.122595
15 0.124892
16 0.125489
17 0.12472
18 0.122024
19 0.119245
20 0.116612
21 0.115366
22 0.115013
23 0.115722
24 0.117344
25 0.119222
26 0.121603
27 0.124287
28 0.12679
29 0.128448
30 0.129616
31 0.129968
32 0.129748
33 0.129145
34 0.128525
35 0.128127
36 0.127871
37 0.127821
38 0.12805
39 0.128643
40 0.129608
41 0.130919
42 0.132177
43 0.133505
44 0.134801
45 0.136026
46 0.137147
47 0.138093
48 0.138871
49 0.139472
50 0.139923
51 0.140065
52 0.140146
53 0.140204
54 0.140297
55 0.140458
56 0.140742
57 0.141153
58 0.141589
59 0.142039
60 0.142592
61 0.143169
62 0.143676
63 0.144208
64 0.144768
65 0.145317
66 0.145839
67 0.146349
68 0.14666
69 0.147004
70 0.14739
71 0.147818
72 0.148226
73 0.148651
74 0.14906
75 0.149455
76 0.149844
77 0.150213
78 0.150533
79 0.150858
80 0.151215
81 0.151557
82 0.151935
83 0.152309
84 0.15268
85 0.153064
86 0.153435
87 0.153812
88 0.154208
89 0.154613
90 0.155012
91 0.155413
92 0.155804
93 0.156194
94 0.156567
95 0.156938
96 0.157275
97 0.157611
98 0.157937
99 0.158276
100 0.158611
101 0.158936
102 0.159262
103 0.159551
104 0.159845
105 0.160125
106 0.160416
107 0.160709
108 0.161021
109 0.161342
110 0.161656
111 0.161971
112 0.162261
113 0.162559
114 0.162842
115 0.163135
116 0.163424
117 0.163738
118 0.164064
119 0.164385
120 0.164703
121 0.165018
122 0.165321
123 0.165615
124 0.165918
125 0.166216
126 0.166511
127 0.166806
128 0.167109
129 0.167398
130 0.167674
131 0.167954
132 0.168246
133 0.168538
134 0.168835
135 0.169139
136 0.169455
137 0.16977
138 0.170081
139 0.170384
140 0.170689
141 0.170988
142 0.171277
143 0.171547
144 0.17181
145 0.172072
146 0.172337
147 0.172612
148 0.172888
149 0.173175
150 0.173469
151 0.173761
152 0.174039
153 0.174312
154 0.174576
155 0.174854
156 0.175127
157 0.175403
158 0.17568
159 0.175956
160 0.176224
161 0.176491
162 0.176754
163 0.177014
164 0.177273
165 0.177542
166 0.177801
167 0.178047
168 0.178295
169 0.17855
170 0.178812
171 0.179072
172 0.179325
173 0.179574
174 0.179829
175 0.18009
176 0.180353
177 0.180618
178 0.180887
179 0.181147
180 0.181415
181 0.181677
182 0.181938
183 0.182197
184 0.182454
185 0.182706
186 0.182957
187 0.183208
188 0.183468
189 0.183727
190 0.183988
191 0.184245
192 0.184502
193 0.184751
194 0.185003
195 0.185261
196 0.18552
197 0.185777
198 0.186029
199 0.18628
200 0.186535
201 0.186785
202 0.187034
203 0.187271
204 0.187512
205 0.187753
206 0.187999
207 0.188244
208 0.188488
209 0.188735
210 0.188983
211 0.189228
212 0.189475
213 0.189717
214 0.189958
215 0.190195
216 0.190436
217 0.190677
218 0.190917
219 0.191153
220 0.191395
221 0.191637
222 0.191876
223 0.192113
224 0.192352
225 0.19259
226 0.192828
227 0.193068
228 0.193306
229 0.193546
230 0.193783
231 0.19402
232 0.194258
233 0.194493
234 0.194728
235 0.194966
236 0.195201
237 0.195434
238 0.195667
239 0.195899
240 0.196131
241 0.196361
242 0.196587
243 0.196812
244 0.197036
245 0.197263
246 0.197489
247 0.197718
248 0.197951
249 0.198184
250 0.198416
251 0.198647
252 0.198878
253 0.199106
254 0.199336
255 0.199564
256 0.199787
257 0.200009
258 0.200233
259 0.20046
260 0.200685
261 0.200908
262 0.201132
263 0.201355
264 0.201577
265 0.201799
266 0.202026
267 0.20225
268 0.202469
269 0.202684
270 0.202897
271 0.203113
272 0.203329
273 0.203546
274 0.203763
275 0.203981
276 0.2042
277 0.204414
278 0.204631
279 0.204851
280 0.205071
281 0.205289
282 0.20551
283 0.205728
284 0.205946
285 0.206167
286 0.206388
287 0.206603
288 0.206817
289 0.207028
290 0.207242
291 0.207458
292 0.207673
293 0.207888
294 0.2081
295 0.208313
296 0.208527
297 0.208742
298 0.208953
299 0.209164
300 0.209376
