1 0.120584
2 0.110966
3 0.103532
4 0.0995603
5 0.0958426
6 0.0924287
7 0.0897126
8 0.0872318
9 0.0848482
10 0.0826929
11 0.0809414
12 0.0790876
13 0.0774866
14 0.0758768
15 0.0745509
16 0.0730891
17 0.0718143
18 0.0706319
19 0.0695682
20 0.0685304
21 0.0674502
22 0.0664701
23 0.0654377
24 0.0644963
25 0.063692
26 0.0628133
27 0.0619734
28 0.0612078
29 0.060431
30 0.0597675
31 0.0590489
32 0.0584103
33 0.0577667
34 0.0571847
35 0.0564115
36 0.0559272
37 0.0553038
38 0.0547641
39 0.0542818
40 0.0537344
41 0.0532232
42 0.0527522
43 0.0522339
44 0.0517449
45 0.0513424
46 0.0508778
47 0.0503736
48 0.0500648
49 0.0495409
50 0.0491652
51 0.0488442
52 0.0484191
53 0.0479637
54 0.0477199
55 0.0472847
56 0.0468803
57 0.046535
58 0.0462264
59 0.0458658
60 0.0454728
61 0.0451995
62 0.0447902
63 0.0445423
64 0.0443339
65 0.0439206
66 0.0436608
67 0.0434202
68 0.0431062
69 0.0428148
70 0.0425133
71 0.0422327
72 0.0420566
73 0.0417887
74 0.0415521
75 0.0412543
76 0.0409981
77 0.0407867
78 0.0404787
79 0.0402526
80 0.0400614
81 0.0398227
82 0.0396458
83 0.0393449
84 0.0392229
85 0.0389979
86 0.0387757
87 0.0384519
88 0.0383635
89 0.038255
90 0.0379025
91 0.0377317
92 0.0376093
93 0.0373403
94 0.0372065
95 0.0370274
96 0.0367897
97 0.036603
98 0.0364052
99 0.0362448
100 0.0361169
101 0.0359059
102 0.0357329
103 0.0355309
104 0.0354185
105 0.0352448
106 0.0351072
107 0.0348946
108 0.0347291
109 0.0346375
110 0.0343798
111 0.0343012
112 0.0341606
113 0.0340657
114 0.0339306
115 0.0336897
116 0.0335839
117 0.0334079
118 0.0332778
119 0.0331172
120 0.0329274
121 0.0328551
122 0.0327431
123 0.0325941
124 0.0324451
125 0.0323542
126 0.0322904
127 0.0321261
128 0.0319504
129 0.0318536
130 0.0317559
131 0.0315729
132 0.0314365
133 0.0313198
134 0.0312124
135 0.0310337
136 0.0309508
137 0.0308291
138 0.0307653
139 0.0306173
140 0.0305367
141 0.030417
142 0.030272
143 0.0302397
144 0.0300704
145 0.0299821
146 0.0298807
147 0.0298152
148 0.029671
149 0.02954
150 0.0294296
151 0.029364
152 0.0292525
153 0.0291335
154 0.0290603
155 0.0289136
156 0.0289081
157 0.0287788
158 0.0286534
159 0.0286113
160 0.0284727
161 0.0284237
162 0.02826
163 0.0282366
164 0.0280753
165 0.0280464
166 0.0279498
167 0.027861
168 0.0277926
169 0.0276781
170 0.0275464
171 0.0275586
172 0.0273818
173 0.0273783
174 0.0272588
175 0.0271428
176 0.0270641
177 0.0270787
178 0.026997
179 0.0268716
180 0.0267392
181 0.0266699
182 0.0265674
183 0.0264864
184 0.0263889
185 0.0263822
186 0.0262976
187 0.0262445
188 0.0261626
189 0.0260804
190 0.0260265
191 0.0258916
192 0.0258308
193 0.025736
194 0.0256967
195 0.0256107
196 0.025519
197 0.0255064
198 0.0254182
199 0.0253185
200 0.0253287
201 0.0252689
202 0.025107
203 0.025054
204 0.0250204
205 0.0249735
206 0.0248908
207 0.0247872
208 0.0247005
209 0.0247082
210 0.0246435
211 0.0245411
212 0.0245201
213 0.0244177
214 0.024383
215 0.0242939
216 0.02426
217 0.0241695
218 0.0241583
219 0.0240817
220 0.0240317
221 0.0239512
222 0.0239254
223 0.0237762
224 0.0237823
225 0.0237489
226 0.0236274
227 0.0236199
228 0.0235716
229 0.0235414
230 0.0234008
231 0.023412
232 0.023385
233 0.0232378
234 0.0232539
235 0.0231513
236 0.0230863
237 0.0230512
238 0.0230166
239 0.0229753
240 0.0229088
241 0.0228359
242 0.0227169
243 0.0227678
244 0.0227074
245 0.0226075
246 0.0226393
247 0.0225527
248 0.0224816
249 0.0224232
250 0.0223749
251 0.022298
252 0.0221976
253 0.0222284
254 0.0221735
255 0.0221602
256 0.0220512
257 0.0220321
258 0.0219996
259 0.0219088
260 0.0218948
261 0.0218729
262 0.0218181
263 0.0217573
264 0.0216871
265 0.0216801
266 0.0216149
267 0.0215494
268 0.0215507
269 0.0214368
270 0.0214349
271 0.0214254
272 0.0213425
273 0.0212875
274 0.021258
275 0.0211896
276 0.02116
277 0.0211397
278 0.0210816
279 0.0210084
280 0.0209621
281 0.0209584
282 0.020928
283 0.0208777
284 0.020796
285 0.0207364
286 0.0207678
287 0.020708
288 0.0206247
289 0.0206012
290 0.0205904
291 0.0205423
292 0.0205118
293 0.0205481
294 0.0203915
295 0.0204071
296 0.0203363
297 0.0202846
298 0.0202859
299 0.0202908
300 0.0201585
