1 0.458075
2 0.337044
3 0.284063
4 0.254637
5 0.234932
6 0.22023
7 0.20928
8 0.200823
9 0.193689
10 0.188248
11 0.18359
12 0.179378
13 0.175577
14 0.172656
15 0.169809
16 0.167305
17 0.164806
18 0.162987
19 0.160992
20 0.159388
21 0.157991
22 0.156482
23 0.155301
24 0.154052
25 0.152802
26 0.152059
27 0.151179
28 0.150063
29 0.14945
30 0.148428
31 0.148011
32 0.146851
33 0.146505
34 0.145651
35 0.145177
36 0.144526
37 0.144144
38 0.143601
39 0.143055
40 0.142408
41 0.141773
42 0.141578
43 0.141339
44 0.140833
45 0.140282
46 0.140165
47 0.139714
48 0.139463
49 0.138972
50 0.138582
51 0.138386
52 0.138097
53 0.137991
54 0.137705
55 0.137366
56 0.13707
57 0.136919
58 0.136669
59 0.136402
60 0.136242
61 0.136006
62 0.135782
63 0.13537
64 0.135181
65 0.135204
66 0.13498
67 0.134683
68 0.134666
69 0.1344
70 0.13412
71 0.134143
72 0.133814
73 0.133703
74 0.133535
75 0.13329
76 0.133137
77 0.133107
78 0.133006
79 0.132874
80 0.132674
81 0.132595
82 0.132477
83 0.132526
84 0.132113
85 0.131954
86 0.131874
87 0.131803
88 0.131676
89 0.131443
90 0.131558
91 0.131319
92 0.131213
93 0.131416
94 0.131176
95 0.130882
96 0.130806
97 0.130797
98 0.130564
99 0.130584
100 0.130465
101 0.130364
102 0.13044
103 0.130243
104 0.130053
105 0.129987
106 0.130013
107 0.12985
108 0.129817
109 0.129749
110 0.129734
111 0.129674
112 0.129564
113 0.129458
114 0.129424
115 0.129331
116 0.129278
117 0.129199
118 0.129046
119 0.128992
120 0.129067
121 0.12887
122 0.128889
123 0.128695
124 0.128797
125 0.128681
126 0.128542
127 0.128542
128 0.128349
129 0.128309
130 0.128473
131 0.128406
132 0.128313
133 0.128222
134 0.128155
135 0.128198
136 0.128173
137 0.127993
138 0.127928
139 0.127848
140 0.127877
141 0.12779
142 0.127834
143 0.127707
144 0.127661
145 0.127621
146 0.127473
147 0.127473
148 0.127442
149 0.12736
150 0.127374
151 0.12734
152 0.12737
153 0.127269
154 0.1273
155 0.127215
156 0.12706
157 0.127156
158 0.127034
159 0.127105
160 0.126988
161 0.126929
162 0.126952
163 0.126946
164 0.126784
165 0.126695
166 0.126711
167 0.126731
168 0.126683
169 0.126607
170 0.126524
171 0.126684
172 0.126501
173 0.126503
174 0.126462
175 0.126444
176 0.126325
177 0.126353
178 0.126248
179 0.126296
180 0.126279
181 0.126146
182 0.126373
183 0.126087
184 0.126123
185 0.126109
186 0.1261
187 0.126048
188 0.12597
189 0.125877
190 0.125911
191 0.125936
192 0.12588
193 0.125762
194 0.125791
195 0.125796
196 0.125744
197 0.12572
198 0.125784
199 0.125713
200 0.125672
201 0.125646
202 0.125664
203 0.125567
204 0.125548
205 0.125176
206 0.125569
207 0.125506
208 0.125409
209 0.125461
210 0.125413
211 0.12528
212 0.125372
213 0.125383
214 0.125243
215 0.125292
216 0.125213
217 0.125209
218 0.125223
219 0.125217
220 0.125075
221 0.125048
222 0.125057
223 0.125083
224 0.125028
225 0.125099
226 0.125022
227 0.124994
228 0.124941
229 0.124862
230 0.124948
231 0.12491
232 0.124858
233 0.124862
234 0.124805
235 0.124833
236 0.124758
237 0.124764
238 0.124666
239 0.124695
240 0.124708
241 0.12472
242 0.124675
243 0.124697
244 0.124616
245 0.124616
246 0.124534
247 0.124625
248 0.124553
249 0.124607
250 0.124417
251 0.124535
252 0.124498
253 0.124478
254 0.124449
255 0.124394
256 0.124388
257 0.124368
258 0.124359
259 0.124283
260 0.124372
261 0.124382
262 0.12435
263 0.124257
264 0.124285
265 0.124224
266 0.124172
267 0.124296
268 0.124235
269 0.124258
270 0.12428
271 0.124135
272 0.124171
273 0.124105
274 0.124085
275 0.124072
276 0.124048
277 0.124127
278 0.123988
279 0.124042
280 0.124051
281 0.123972
282 0.124046
283 0.123941
284 0.123932
285 0.123875
286 0.123858
287 0.123899
288 0.123911
289 0.123816
290 0.123921
291 0.123896
292 0.123831
293 0.123832
294 0.123705
295 0.123834
296 0.123817
297 0.123775
298 0.12377
299 0.123764
300 0.123753
