1 0.333334
2 0.363903
3 0.38784
4 0.401062
5 0.413775
6 0.425425
7 0.434628
8 0.443122
9 0.451673
10 0.459562
11 0.46583
12 0.472817
13 0.478246
14 0.484306
15 0.489563
16 0.494908
17 0.499825
18 0.504324
19 0.508378
20 0.512308
21 0.516377
22 0.520055
23 0.524602
24 0.528124
25 0.531437
26 0.535229
27 0.538971
28 0.541767
29 0.544944
30 0.547682
31 0.550685
32 0.553505
33 0.556428
34 0.558749
35 0.561955
36 0.564259
37 0.566814
38 0.569033
39 0.571101
40 0.573399
41 0.575684
42 0.578037
43 0.57997
44 0.582378
45 0.584331
46 0.58629
47 0.588582
48 0.589602
49 0.592264
50 0.593561
51 0.595239
52 0.597215
53 0.599612
54 0.600688
55 0.602482
56 0.604427
57 0.60599
58 0.607558
59 0.609238
60 0.611214
61 0.612384
62 0.615011
63 0.616181
64 0.616377
65 0.618951
66 0.619924
67 0.620787
68 0.622726
69 0.623751
70 0.625273
71 0.626861
72 0.6275
73 0.629492
74 0.630052
75 0.631772
76 0.632845
77 0.63376
78 0.635405
79 0.636504
80 0.637173
81 0.638422
82 0.639621
83 0.641178
84 0.641876
85 0.642752
86 0.643948
87 0.645984
88 0.646495
89 0.646774
90 0.648734
91 0.649693
92 0.650241
93 0.651409
94 0.65257
95 0.652942
96 0.654402
97 0.655317
98 0.656941
99 0.657462
100 0.657799
101 0.659049
102 0.660001
103 0.661026
104 0.661733
105 0.662547
106 0.663612
107 0.664905
108 0.666015
109 0.666018
110 0.667497
111 0.667738
112 0.668633
113 0.669041
114 0.669765
115 0.671456
116 0.672005
117 0.67263
118 0.673631
119 0.674567
120 0.675598
121 0.676042
122 0.676307
123 0.677087
124 0.67835
125 0.678847
126 0.679408
127 0.67973
128 0.681061
129 0.681542
130 0.682122
131 0.682891
132 0.683712
133 0.6845
134 0.685412
135 0.686117
136 0.686455
137 0.68747
138 0.688072
139 0.688702
140 0.689171
141 0.689578
142 0.690608
143 0.690486
144 0.691773
145 0.692047
146 0.692603
147 0.693294
148 0.694096
149 0.694708
150 0.695461
151 0.6958
152 0.696171
153 0.697154
154 0.697666
155 0.698626
156 0.698504
157 0.699319
158 0.700123
159 0.700356
160 0.701164
161 0.701078
162 0.702615
163 0.702674
164 0.703831
165 0.703733
166 0.704543
167 0.704922
168 0.705282
169 0.705889
170 0.706961
171 0.706723
172 0.707423
173 0.707601
174 0.708379
175 0.70895
176 0.70973
177 0.709556
178 0.709687
179 0.710827
180 0.711792
181 0.711758
182 0.712802
183 0.713123
184 0.714022
185 0.713724
186 0.714345
187 0.714836
188 0.71515
189 0.715668
190 0.715933
191 0.717077
192 0.71732
193 0.718029
194 0.718231
195 0.718489
196 0.719229
197 0.719363
198 0.719659
199 0.720542
200 0.720371
201 0.7206
202 0.721979
203 0.722321
204 0.722412
205 0.722885
206 0.722873
207 0.723804
208 0.724557
209 0.724482
210 0.724655
211 0.725385
212 0.725312
213 0.726101
214 0.726437
215 0.726954
216 0.72715
217 0.727953
218 0.727691
219 0.728214
220 0.728955
221 0.729471
222 0.72963
223 0.730205
224 0.730456
225 0.730332
226 0.731169
227 0.731485
228 0.731867
229 0.732056
230 0.732994
231 0.732949
232 0.732839
233 0.733964
234 0.733731
235 0.734323
236 0.734824
237 0.734935
238 0.735363
239 0.735537
240 0.736206
241 0.736534
242 0.737687
243 0.737086
244 0.737453
245 0.737771
246 0.737896
247 0.738388
248 0.738683
249 0.739373
250 0.739744
251 0.739886
252 0.740564
253 0.740723
254 0.740961
255 0.741208
256 0.741866
257 0.741898
258 0.742332
259 0.742721
260 0.742778
261 0.742784
262 0.743158
263 0.744106
264 0.744157
265 0.743975
266 0.744894
267 0.745066
268 0.744844
269 0.745987
270 0.746204
271 0.745685
272 0.746554
273 0.747125
274 0.747105
275 0.7478
276 0.748059
277 0.747776
278 0.748212
279 0.749002
280 0.749168
281 0.749135
282 0.749113
283 0.749719
284 0.750452
285 0.750747
286 0.750741
287 0.750959
288 0.751495
289 0.751538
290 0.751469
291 0.752399
292 0.75249
293 0.752052
294 0.753547
295 0.753477
296 0.753524
297 0.753974
298 0.753784
299 0.753951
300 0.75498
