1 0.178311
2 0.0882436
3 0.165365
4 0.116505
5 0.0743962
6 0.101323
7 0.0971723
8 0.0660617
9 0.0762387
10 0.0864357
11 0.0733719
12 0.0648927
13 0.0581881
14 0.0749831
15 0.0627414
16 0.0532563
17 0.0549643
18 0.0616902
19 0.0522418
20 0.0514558
21 0.0487506
22 0.0537759
23 0.048266
24 0.0445497
25 0.0460035
26 0.0478126
27 0.0450458
28 0.0410143
29 0.0411091
30 0.0439502
31 0.0419535
32 0.0381083
33 0.0382079
34 0.0393455
35 0.0387676
36 0.0373572
37 0.0356245
38 0.0363547
39 0.0353037
40 0.0357162
41 0.0340536
42 0.0344632
43 0.0333898
44 0.0324691
45 0.0328167
46 0.0323964
47 0.0317602
48 0.0311839
49 0.0304484
50 0.030964
51 0.0305666
52 0.0294134
53 0.0290542
54 0.0293511
55 0.0291997
56 0.0284555
57 0.027917
58 0.0276807
59 0.0275223
60 0.0273166
61 0.0271163
62 0.0265116
63 0.0262933
64 0.0260958
65 0.0258448
66 0.0258429
67 0.0254658
68 0.0251278
69 0.0248753
70 0.0247071
71 0.0244559
72 0.0243382
73 0.0240418
74 0.023906
75 0.0238402
76 0.0235041
77 0.0232106
78 0.0230705
79 0.0228871
80 0.0227677
81 0.0225448
82 0.0224457
83 0.0221795
84 0.0221336
85 0.0219516
86 0.0217577
87 0.0214608
88 0.0214689
89 0.0213312
90 0.0210968
91 0.0209709
92 0.0209145
93 0.0205983
94 0.0205512
95 0.0204443
96 0.0202792
97 0.0201158
98 0.0199238
99 0.0197783
100 0.0197607
101 0.0195856
102 0.0195398
103 0.0193358
104 0.0192363
105 0.0191314
106 0.0190206
107 0.0188218
108 0.0187107
109 0.0186616
110 0.018521
111 0.0184673
112 0.018349
113 0.0182222
114 0.0181895
115 0.0179689
116 0.0179302
117 0.0177804
118 0.0176619
119 0.0175288
120 0.0174546
121 0.0173835
122 0.0173181
123 0.0172477
124 0.017087
125 0.0170152
126 0.017042
127 0.0169089
128 0.0167722
129 0.0166858
130 0.0166656
131 0.0165244
132 0.0164478
133 0.0163553
134 0.0162425
135 0.0161029
136 0.0160709
137 0.01596
138 0.0159649
139 0.0158572
140 0.0157875
141 0.0157074
142 0.0155851
143 0.0156227
144 0.0154735
145 0.0154881
146 0.0153775
147 0.0153336
148 0.0152064
149 0.0151111
150 0.0150605
151 0.0150332
152 0.0149716
153 0.0148282
154 0.014796
155 0.0147073
156 0.0147341
157 0.0146327
158 0.014552
159 0.0145389
160 0.0144317
161 0.0144158
162 0.0143142
163 0.0143016
164 0.0141458
165 0.0141614
166 0.0140873
167 0.0139866
168 0.0139957
169 0.0139199
170 0.0138146
171 0.0138409
172 0.0137186
173 0.0137438
174 0.0136529
175 0.0135837
176 0.0134929
177 0.0135178
178 0.013492
179 0.0134194
180 0.0133026
181 0.013274
182 0.0131811
183 0.0131096
184 0.0130407
185 0.013103
186 0.013041
187 0.0130074
188 0.0129218
189 0.0128718
190 0.012874
191 0.0127678
192 0.0127058
193 0.0126644
194 0.0126403
195 0.0125862
196 0.0125294
197 0.0125107
198 0.012474
199 0.0123965
200 0.01243
201 0.0123937
202 0.012289
203 0.0122313
204 0.0122215
205 0.0121984
206 0.0121613
207 0.0120839
208 0.0120246
209 0.0120326
210 0.0120067
211 0.0119284
212 0.0119083
213 0.0118538
214 0.0118292
215 0.0117725
216 0.0117548
217 0.0116958
218 0.0116978
219 0.0116416
220 0.0116174
221 0.0115736
222 0.0115647
223 0.0114423
224 0.011469
225 0.01147
226 0.0113542
227 0.0113799
228 0.0113557
229 0.0113309
230 0.0112059
231 0.0112605
232 0.0112589
233 0.0111222
234 0.0111371
235 0.0110764
236 0.0110282
237 0.0110395
238 0.0110212
239 0.0109841
240 0.0109741
241 0.0108976
242 0.0107811
243 0.0108822
244 0.0108277
245 0.0107759
246 0.0107939
247 0.0107271
248 0.0106879
249 0.0106429
250 0.0106014
251 0.0105754
252 0.0105201
253 0.010543
254 0.0104811
255 0.0105034
256 0.0104476
257 0.0104011
258 0.0103965
259 0.0103354
260 0.0103472
261 0.0103335
262 0.0102966
263 0.0102527
264 0.0101942
265 0.0102034
266 0.010165
267 0.0101325
268 0.0101638
269 0.0100605
270 0.0100548
271 0.0100657
272 0.0100201
273 0.00997498
274 0.00996509
275 0.00992827
276 0.00989031
277 0.00991863
278 0.00984859
279 0.00979103
280 0.00977493
281 0.00978488
282 0.00976188
283 0.00976449
284 0.00967286
285 0.00966016
286 0.00969365
287 0.00964701
288 0.00958845
289 0.00959204
290 0.00957295
291 0.00953891
292 0.00951421
293 0.00956189
294 0.00946314
295 0.0094834
296 0.0094348
297 0.00938504
298 0.0094166
299 0.0094221
300 0.00930659
