1 0.393681
2 0.438464
3 0.437559
4 0.46299
5 0.487129
6 0.489532
7 0.501442
8 0.51826
9 0.52625
10 0.530992
11 0.541078
12 0.551161
13 0.556056
14 0.56138
15 0.56926
16 0.576122
17 0.579667
18 0.584623
19 0.590405
20 0.594956
21 0.598292
22 0.602101
23 0.607663
24 0.613031
25 0.61539
26 0.618782
27 0.623427
28 0.627395
29 0.630328
30 0.633006
31 0.635976
32 0.639733
33 0.642331
34 0.644346
35 0.648148
36 0.650874
37 0.653261
38 0.655547
39 0.657281
40 0.659329
41 0.662233
42 0.664668
43 0.666601
44 0.669322
45 0.670981
46 0.672675
47 0.675486
48 0.676871
49 0.679165
50 0.680182
51 0.681615
52 0.684207
53 0.686519
54 0.68765
55 0.689071
56 0.691116
57 0.692482
58 0.694651
59 0.695783
60 0.698325
61 0.698909
62 0.701619
63 0.702571
64 0.702902
65 0.705606
66 0.706292
67 0.707077
68 0.709254
69 0.709881
70 0.711374
71 0.712884
72 0.713492
73 0.715482
74 0.715921
75 0.717515
76 0.718495
77 0.719451
78 0.721179
79 0.722056
80 0.722648
81 0.72396
82 0.725104
83 0.726528
84 0.72716
85 0.727979
86 0.72919
87 0.73116
88 0.731364
89 0.731561
90 0.73391
91 0.73473
92 0.734807
93 0.736118
94 0.737028
95 0.737164
96 0.738853
97 0.739715
98 0.741425
99 0.742001
100 0.741947
101 0.743354
102 0.743523
103 0.744902
104 0.745377
105 0.746258
106 0.747505
107 0.748658
108 0.749766
109 0.749518
110 0.750694
111 0.750836
112 0.751651
113 0.752489
114 0.752873
115 0.754756
116 0.7551
117 0.755508
118 0.756489
119 0.757487
120 0.758391
121 0.758744
122 0.758749
123 0.759171
124 0.760861
125 0.761117
126 0.761395
127 0.76184
128 0.762894
129 0.763578
130 0.763923
131 0.764565
132 0.765136
133 0.765995
134 0.767041
135 0.767626
136 0.767694
137 0.769062
138 0.769346
139 0.769809
140 0.770493
141 0.770693
142 0.77154
143 0.771249
144 0.772447
145 0.772436
146 0.773008
147 0.773768
148 0.774749
149 0.77507
150 0.77586
151 0.77592
152 0.776055
153 0.777397
154 0.777729
155 0.778499
156 0.778375
157 0.779051
158 0.779693
159 0.780001
160 0.780515
161 0.780458
162 0.781929
163 0.781914
164 0.783212
165 0.782795
166 0.783864
167 0.784135
168 0.784137
169 0.784697
170 0.785694
171 0.785839
172 0.786225
173 0.786088
174 0.786981
175 0.787357
176 0.788267
177 0.788076
178 0.788014
179 0.788623
180 0.789829
181 0.789814
182 0.790977
183 0.79085
184 0.792049
185 0.791425
186 0.791904
187 0.792361
188 0.792812
189 0.793248
190 0.793234
191 0.794356
192 0.794657
193 0.795292
194 0.795409
195 0.795576
196 0.796263
197 0.796526
198 0.796606
199 0.797279
200 0.796958
201 0.7972
202 0.798511
203 0.798959
204 0.798948
205 0.799265
206 0.799087
207 0.799939
208 0.800581
209 0.800514
210 0.800776
211 0.80126
212 0.801223
213 0.801899
214 0.802171
215 0.802632
216 0.802931
217 0.803647
218 0.803248
219 0.803636
220 0.804615
221 0.804858
222 0.804878
223 0.805346
224 0.805621
225 0.80533
226 0.806381
227 0.806334
228 0.806685
229 0.806957
230 0.807958
231 0.807645
232 0.807505
233 0.808514
234 0.808339
235 0.80885
236 0.809253
237 0.809057
238 0.809416
239 0.809832
240 0.810277
241 0.810516
242 0.811918
243 0.810712
244 0.811379
245 0.811414
246 0.811722
247 0.812129
248 0.812352
249 0.812943
250 0.81329
251 0.813018
252 0.813797
253 0.813944
254 0.814408
255 0.814291
256 0.814863
257 0.815113
258 0.815537
259 0.815802
260 0.815623
261 0.815699
262 0.815972
263 0.817114
264 0.816878
265 0.816759
266 0.817546
267 0.817622
268 0.817161
269 0.818295
270 0.818878
271 0.818155
272 0.818942
273 0.819385
274 0.819245
275 0.819889
276 0.820392
277 0.819676
278 0.820248
279 0.821043
280 0.821124
281 0.820919
282 0.820823
283 0.821297
284 0.822162
285 0.822051
286 0.822221
287 0.822363
288 0.822818
289 0.822644
290 0.822676
291 0.823744
292 0.823982
293 0.82323
294 0.82452
295 0.824603
296 0.824426
297 0.824788
298 0.824561
299 0.824888
300 0.82588
