1 0.299581
2 0.318846
3 0.332081
4 0.332332
5 0.339799
6 0.346066
7 0.346775
8 0.35066
9 0.355174
10 0.356796
11 0.358261
12 0.36104
13 0.363476
14 0.364165
15 0.364794
16 0.367242
17 0.369495
18 0.37087
19 0.370835
20 0.373137
21 0.373553
22 0.374429
23 0.375074
24 0.376357
25 0.377912
26 0.377766
27 0.378454
28 0.37999
29 0.380847
30 0.381569
31 0.381658
32 0.382843
33 0.383035
34 0.38314
35 0.384138
36 0.384146
37 0.38478
38 0.386056
39 0.385995
40 0.387814
41 0.387056
42 0.388089
43 0.387969
44 0.388205
45 0.388165
46 0.389212
47 0.389018
48 0.389439
49 0.391005
50 0.390388
51 0.390728
52 0.391267
53 0.391705
54 0.392699
55 0.392627
56 0.392827
57 0.393568
58 0.392141
59 0.393191
60 0.393319
61 0.394152
62 0.394279
63 0.39378
64 0.39515
65 0.394855
66 0.395557
67 0.395698
68 0.395067
69 0.395996
70 0.395325
71 0.395762
72 0.396648
73 0.396532
74 0.397578
75 0.398
76 0.397405
77 0.397209
78 0.398141
79 0.397863
80 0.397502
81 0.397781
82 0.397543
83 0.3978
84 0.397862
85 0.399313
86 0.398027
87 0.398518
88 0.39944
89 0.398343
90 0.399435
91 0.400269
92 0.399354
93 0.400229
94 0.400518
95 0.400307
96 0.400012
97 0.400284
98 0.401288
99 0.400247
100 0.400797
101 0.401494
102 0.401321
103 0.400993
104 0.401394
105 0.401401
106 0.400973
107 0.402224
108 0.401682
109 0.40133
110 0.402678
111 0.401957
112 0.402835
113 0.402203
114 0.402253
115 0.402799
116 0.401846
117 0.402274
118 0.40249
119 0.402826
120 0.402932
121 0.402172
122 0.403154
123 0.403715
124 0.403909
125 0.402695
126 0.403311
127 0.403427
128 0.404002
129 0.403024
130 0.403761
131 0.404332
132 0.404109
133 0.404466
134 0.404254
135 0.404035
136 0.404997
137 0.403997
138 0.403663
139 0.405388
140 0.40552
141 0.404159
142 0.404719
143 0.404648
144 0.404697
145 0.404739
146 0.404986
147 0.405121
148 0.405954
149 0.405154
150 0.406168
151 0.405998
152 0.405949
153 0.406226
154 0.406638
155 0.405094
156 0.406425
157 0.406043
158 0.405833
159 0.406455
160 0.406219
161 0.405238
162 0.406686
163 0.406132
164 0.405922
165 0.405843
166 0.40606
167 0.406623
168 0.407229
169 0.406672
170 0.406894
171 0.406901
172 0.405873
173 0.407064
174 0.406643
175 0.407539
176 0.40777
177 0.407455
178 0.406851
179 0.407538
180 0.406948
181 0.407639
182 0.40814
183 0.407394
184 0.406612
185 0.406755
186 0.407154
187 0.406711
188 0.407511
189 0.407707
190 0.408194
191 0.406719
192 0.407117
193 0.406633
194 0.408882
195 0.408323
196 0.407977
197 0.407588
198 0.407923
199 0.408409
200 0.408718
201 0.408308
202 0.408528
203 0.408649
204 0.407979
205 0.408245
206 0.407682
207 0.408514
208 0.407237
209 0.408425
210 0.407806
211 0.408138
212 0.408056
213 0.40883
214 0.408626
215 0.408037
216 0.409078
217 0.408619
218 0.408415
219 0.409154
220 0.408607
221 0.409062
222 0.408813
223 0.409103
224 0.408748
225 0.407871
226 0.408629
227 0.40979
228 0.408874
229 0.409165
230 0.408555
231 0.408824
232 0.408464
233 0.409608
234 0.409916
235 0.409588
236 0.409226
237 0.409112
238 0.408903
239 0.409365
240 0.410281
241 0.409239
242 0.409209
243 0.408859
244 0.409442
245 0.409987
246 0.409959
247 0.409521
248 0.410346
249 0.409678
250 0.41049
251 0.409714
252 0.41007
253 0.41099
254 0.410564
255 0.410014
256 0.410192
257 0.410333
258 0.409887
259 0.410507
260 0.410781
261 0.410734
262 0.411088
263 0.410602
264 0.410383
265 0.409631
266 0.410328
267 0.410395
268 0.410559
269 0.410068
270 0.410231
271 0.410977
272 0.40975
273 0.411329
274 0.410055
275 0.410619
276 0.410861
277 0.410691
278 0.40999
279 0.410958
280 0.411177
281 0.410683
282 0.409587
283 0.41046
284 0.410539
285 0.410868
286 0.410776
287 0.411065
288 0.411631
289 0.410937
290 0.41006
291 0.41056
292 0.410565
293 0.410628
294 0.411185
295 0.411288
296 0.411436
297 0.410953
298 0.4118
299 0.411035
300 0.410527
