1 0.333334
2 0.394473
3 0.437043
4 0.438924
5 0.463783
6 0.486072
7 0.489904
8 0.501889
9 0.519662
10 0.526456
11 0.530842
12 0.542823
13 0.551509
14 0.557192
15 0.561807
16 0.570421
17 0.577051
18 0.581063
19 0.584586
20 0.591281
21 0.596054
22 0.599245
23 0.604011
24 0.609752
25 0.61335
26 0.61639
27 0.620669
28 0.624843
29 0.629153
30 0.630894
31 0.633551
32 0.637337
33 0.641163
34 0.643074
35 0.64658
36 0.649315
37 0.652138
38 0.654507
39 0.65588
40 0.658088
41 0.660981
42 0.663571
43 0.665623
44 0.668159
45 0.670236
46 0.671816
47 0.674474
48 0.675788
49 0.678476
50 0.679254
51 0.680845
52 0.683509
53 0.686125
54 0.686863
55 0.688425
56 0.690396
57 0.691808
58 0.694013
59 0.695216
60 0.697579
61 0.698315
62 0.701189
63 0.702082
64 0.702612
65 0.705236
66 0.705929
67 0.706646
68 0.708871
69 0.709407
70 0.710993
71 0.712379
72 0.713056
73 0.714978
74 0.7155
75 0.717176
76 0.718252
77 0.719051
78 0.720665
79 0.721681
80 0.722329
81 0.723618
82 0.724485
83 0.726161
84 0.726639
85 0.727503
86 0.728959
87 0.730816
88 0.730885
89 0.731399
90 0.733572
91 0.734481
92 0.734663
93 0.735842
94 0.736739
95 0.736883
96 0.738515
97 0.739364
98 0.741112
99 0.741763
100 0.741649
101 0.743169
102 0.743336
103 0.744626
104 0.745161
105 0.745946
106 0.747267
107 0.748412
108 0.749504
109 0.749235
110 0.750509
111 0.750573
112 0.751519
113 0.752336
114 0.752658
115 0.754486
116 0.754909
117 0.755378
118 0.756361
119 0.757357
120 0.758268
121 0.758596
122 0.758564
123 0.759062
124 0.760727
125 0.760969
126 0.761266
127 0.761756
128 0.76277
129 0.763472
130 0.763819
131 0.764445
132 0.764935
133 0.76588
134 0.76681
135 0.76748
136 0.767601
137 0.768807
138 0.769168
139 0.769695
140 0.770426
141 0.770604
142 0.771543
143 0.77105
144 0.772338
145 0.772263
146 0.773058
147 0.773653
148 0.774566
149 0.774991
150 0.775784
151 0.775734
152 0.775946
153 0.777268
154 0.777619
155 0.778361
156 0.778292
157 0.779001
158 0.77955
159 0.779913
160 0.780342
161 0.780415
162 0.781838
163 0.781767
164 0.783028
165 0.782802
166 0.783754
167 0.784117
168 0.784065
169 0.784628
170 0.785658
171 0.785737
172 0.786065
173 0.786027
174 0.78685
175 0.78722
176 0.788236
177 0.787903
178 0.787901
179 0.788605
180 0.78971
181 0.789635
182 0.790886
183 0.79082
184 0.791942
185 0.791378
186 0.791841
187 0.792328
188 0.79283
189 0.793253
190 0.793127
191 0.79434
192 0.794576
193 0.795257
194 0.795359
195 0.795462
196 0.796241
197 0.796407
198 0.796607
199 0.797193
200 0.796953
201 0.797097
202 0.798432
203 0.798891
204 0.798897
205 0.799186
206 0.799032
207 0.799941
208 0.800539
209 0.80042
210 0.800803
211 0.801204
212 0.801145
213 0.801869
214 0.802098
215 0.802702
216 0.802861
217 0.803585
218 0.803214
219 0.80359
220 0.804597
221 0.804772
222 0.804776
223 0.805391
224 0.805586
225 0.805295
226 0.806319
227 0.806186
228 0.806668
229 0.806807
230 0.807973
231 0.807567
232 0.807463
233 0.808407
234 0.808216
235 0.808807
236 0.809145
237 0.808999
238 0.809429
239 0.809781
240 0.810227
241 0.810396
242 0.811959
243 0.810752
244 0.811331
245 0.811367
246 0.811633
247 0.81209
248 0.812325
249 0.812969
250 0.813343
251 0.813009
252 0.81373
253 0.813949
254 0.814334
255 0.814309
256 0.814847
257 0.815099
258 0.815507
259 0.815803
260 0.815633
261 0.815606
262 0.816003
263 0.817056
264 0.816803
265 0.816743
266 0.817562
267 0.817606
268 0.817167
269 0.818272
270 0.81874
271 0.81812
272 0.818964
273 0.819391
274 0.819244
275 0.81977
276 0.820266
277 0.819584
278 0.820143
279 0.820965
280 0.821158
281 0.82085
282 0.820793
283 0.821202
284 0.822066
285 0.822059
286 0.822131
287 0.822222
288 0.822862
289 0.822646
290 0.822638
291 0.823686
292 0.823943
293 0.823206
294 0.824445
295 0.824606
296 0.824454
297 0.824801
298 0.824519
299 0.824775
300 0.825857
