1 0.120584
2 0.101348
3 0.0884786
4 0.0880578
5 0.0809967
6 0.0747289
7 0.0734675
8 0.0704519
9 0.0657068
10 0.0637256
11 0.0626513
12 0.0598833
13 0.0573675
14 0.0559848
15 0.0550709
16 0.0528831
17 0.05122
18 0.0503548
19 0.0495833
20 0.0480198
21 0.0468409
22 0.0460317
23 0.0451569
24 0.043821
25 0.0429652
26 0.0424131
27 0.0416517
28 0.0405932
29 0.0396923
30 0.0393159
31 0.0387193
32 0.0380426
33 0.037288
34 0.0368834
35 0.0361283
36 0.0357296
37 0.0350324
38 0.0345802
39 0.0343081
40 0.0338622
41 0.0333268
42 0.0328829
43 0.0324533
44 0.0320165
45 0.0316852
46 0.0312949
47 0.0308579
48 0.0305272
49 0.0300241
50 0.0298343
51 0.0295989
52 0.0291582
53 0.0287328
54 0.0286138
55 0.0282306
56 0.0279216
57 0.0276553
58 0.0273211
59 0.0270784
60 0.0267129
61 0.0265523
62 0.0261781
63 0.0260165
64 0.0258239
65 0.0254604
66 0.0252818
67 0.0251447
68 0.0248368
69 0.0246617
70 0.0243692
71 0.0241813
72 0.0240597
73 0.023851
74 0.0236643
75 0.0234483
76 0.023238
77 0.0230937
78 0.0228543
79 0.0226974
80 0.0225601
81 0.0223468
82 0.0222567
83 0.0220021
84 0.0219599
85 0.0217805
86 0.0215563
87 0.0213191
88 0.0213586
89 0.0212103
90 0.0209148
91 0.0207908
92 0.0207648
93 0.0205072
94 0.0204505
95 0.0203367
96 0.0201214
97 0.0200022
98 0.0198166
99 0.0197027
100 0.0196511
101 0.019478
102 0.0194083
103 0.0192301
104 0.0191585
105 0.0190342
106 0.0189222
107 0.0187443
108 0.0186212
109 0.0185932
110 0.0184119
111 0.0183797
112 0.018277
113 0.0181528
114 0.0181116
115 0.0178866
116 0.0178577
117 0.0177049
118 0.0175894
119 0.0174665
120 0.0173627
121 0.017303
122 0.0172546
123 0.0171841
124 0.0170313
125 0.0169531
126 0.0169791
127 0.0168448
128 0.0167228
129 0.0166366
130 0.0166161
131 0.0164716
132 0.0163914
133 0.0163021
134 0.0162104
135 0.0160546
136 0.0160252
137 0.0159361
138 0.0159066
139 0.0158095
140 0.0157363
141 0.0156439
142 0.0155379
143 0.0155918
144 0.015432
145 0.0154389
146 0.0153236
147 0.0152888
148 0.015179
149 0.0150813
150 0.0150135
151 0.015009
152 0.0149369
153 0.014793
154 0.0147574
155 0.0146796
156 0.014707
157 0.0145875
158 0.0145231
159 0.0144994
160 0.0144099
161 0.0143868
162 0.0142783
163 0.0142816
164 0.0141333
165 0.0141245
166 0.0140611
167 0.0139582
168 0.0139628
169 0.0138952
170 0.0137798
171 0.0138141
172 0.0137064
173 0.0137261
174 0.013628
175 0.0135557
176 0.0134716
177 0.0135012
178 0.0134709
179 0.013397
180 0.0132794
181 0.0132569
182 0.0131621
183 0.013085
184 0.0130273
185 0.0130815
186 0.0130155
187 0.0129786
188 0.0128998
189 0.0128475
190 0.0128587
191 0.0127494
192 0.0126933
193 0.012643
194 0.0126163
195 0.0125733
196 0.0125109
197 0.0125019
198 0.0124488
199 0.0123815
200 0.0124119
201 0.0123808
202 0.0122741
203 0.0122121
204 0.0122087
205 0.0121823
206 0.0121433
207 0.0120682
208 0.0120093
209 0.0120191
210 0.0119909
211 0.0119114
212 0.0118953
213 0.0118333
214 0.0118123
215 0.0117547
216 0.0117446
217 0.0116832
218 0.0116827
219 0.0116275
220 0.0116056
221 0.0115649
222 0.0115557
223 0.0114229
224 0.0114534
225 0.0114577
226 0.0113361
227 0.0113746
228 0.0113427
229 0.0113228
230 0.0111891
231 0.0112494
232 0.0112509
233 0.0111156
234 0.0111283
235 0.0110665
236 0.0110214
237 0.011033
238 0.0110086
239 0.0109752
240 0.0109656
241 0.0108919
242 0.0107655
243 0.010868
244 0.0108199
245 0.0107675
246 0.0107888
247 0.0107175
248 0.0106839
249 0.0106346
250 0.0105844
251 0.0105633
252 0.0105132
253 0.0105327
254 0.0104763
255 0.0104878
256 0.0104377
257 0.0103945
258 0.0103879
259 0.0103222
260 0.0103369
261 0.0103297
262 0.0102848
263 0.0102484
264 0.0101877
265 0.0101976
266 0.010154
267 0.0101267
268 0.0101579
269 0.0100499
270 0.0100499
271 0.0100589
272 0.0100076
273 0.00996942
274 0.00995772
275 0.00992735
276 0.00988421
277 0.00991644
278 0.00984611
279 0.00978883
280 0.00976499
281 0.00978082
282 0.00975647
283 0.00976199
284 0.0096711
285 0.00965381
286 0.0096862
287 0.00964453
288 0.00958338
289 0.00958479
290 0.00956542
291 0.00953484
292 0.00950937
293 0.00955707
294 0.009459
295 0.00947472
296 0.00942934
297 0.00938036
298 0.00941272
299 0.00942075
300 0.00929813
