1 0.458075
2 0.46603
3 0.47096
4 0.47105
5 0.473641
6 0.475715
7 0.475944
8 0.477177
9 0.478566
10 0.479054
11 0.47949
12 0.480302
13 0.481001
14 0.481196
15 0.481373
16 0.482054
17 0.482668
18 0.483038
19 0.483029
20 0.483638
21 0.483747
22 0.483976
23 0.484142
24 0.484472
25 0.484866
26 0.484829
27 0.485002
28 0.485384
29 0.485595
30 0.485772
31 0.485794
32 0.486081
33 0.486127
34 0.486152
35 0.486391
36 0.486393
37 0.486544
38 0.486844
39 0.48683
40 0.487252
41 0.487077
42 0.487315
43 0.487288
44 0.487342
45 0.487333
46 0.487572
47 0.487528
48 0.487624
49 0.487976
50 0.487838
51 0.487914
52 0.488034
53 0.488132
54 0.488351
55 0.488335
56 0.488379
57 0.488541
58 0.488228
59 0.488459
60 0.488487
61 0.488668
62 0.488696
63 0.488587
64 0.488883
65 0.48882
66 0.48897
67 0.489
68 0.488865
69 0.489064
70 0.488921
71 0.489014
72 0.489202
73 0.489178
74 0.489398
75 0.489486
76 0.489361
77 0.48932
78 0.489515
79 0.489457
80 0.489382
81 0.48944
82 0.48939
83 0.489444
84 0.489457
85 0.489758
86 0.489491
87 0.489594
88 0.489784
89 0.489557
90 0.489783
91 0.489953
92 0.489766
93 0.489945
94 0.490004
95 0.489961
96 0.489901
97 0.489956
98 0.490159
99 0.489949
100 0.49006
101 0.490201
102 0.490166
103 0.4901
104 0.490181
105 0.490182
106 0.490096
107 0.490347
108 0.490239
109 0.490168
110 0.490437
111 0.490294
112 0.490469
113 0.490343
114 0.490353
115 0.490461
116 0.490272
117 0.490357
118 0.4904
119 0.490467
120 0.490488
121 0.490337
122 0.490532
123 0.490642
124 0.49068
125 0.490441
126 0.490563
127 0.490585
128 0.490698
129 0.490506
130 0.490651
131 0.490763
132 0.490719
133 0.490789
134 0.490748
135 0.490705
136 0.490892
137 0.490697
138 0.490632
139 0.490967
140 0.490993
141 0.490729
142 0.490838
143 0.490824
144 0.490834
145 0.490842
146 0.49089
147 0.490916
148 0.491076
149 0.490922
150 0.491117
151 0.491085
152 0.491075
153 0.491128
154 0.491207
155 0.490911
156 0.491166
157 0.491093
158 0.491053
159 0.491172
160 0.491127
161 0.490938
162 0.491216
163 0.49111
164 0.49107
165 0.491055
166 0.491096
167 0.491204
168 0.491319
169 0.491213
170 0.491255
171 0.491257
172 0.491061
173 0.491287
174 0.491208
175 0.491377
176 0.49142
177 0.491361
178 0.491247
179 0.491377
180 0.491265
181 0.491396
182 0.49149
183 0.49135
184 0.491202
185 0.491229
186 0.491304
187 0.49122
188 0.491372
189 0.491409
190 0.4915
191 0.491222
192 0.491297
193 0.491206
194 0.491628
195 0.491524
196 0.491459
197 0.491386
198 0.491449
199 0.49154
200 0.491597
201 0.491521
202 0.491562
203 0.491585
204 0.49146
205 0.491509
206 0.491404
207 0.49156
208 0.49132
209 0.491543
210 0.491427
211 0.491489
212 0.491474
213 0.491618
214 0.49158
215 0.49147
216 0.491664
217 0.491579
218 0.491541
219 0.491678
220 0.491577
221 0.491661
222 0.491615
223 0.491669
224 0.491603
225 0.491439
226 0.491581
227 0.491795
228 0.491626
229 0.49168
230 0.491567
231 0.491617
232 0.49155
233 0.491762
234 0.491818
235 0.491758
236 0.491691
237 0.49167
238 0.491632
239 0.491717
240 0.491885
241 0.491694
242 0.491688
243 0.491624
244 0.491731
245 0.491831
246 0.491826
247 0.491746
248 0.491897
249 0.491775
250 0.491923
251 0.491781
252 0.491847
253 0.492014
254 0.491937
255 0.491836
256 0.491869
257 0.491895
258 0.491813
259 0.491926
260 0.491976
261 0.491967
262 0.492032
263 0.491944
264 0.491904
265 0.491766
266 0.491894
267 0.491906
268 0.491936
269 0.491846
270 0.491876
271 0.492012
272 0.491788
273 0.492075
274 0.491844
275 0.491947
276 0.491991
277 0.49196
278 0.491832
279 0.492008
280 0.492048
281 0.491958
282 0.491758
283 0.491918
284 0.491932
285 0.491992
286 0.491975
287 0.492027
288 0.492129
289 0.492004
290 0.491845
291 0.491936
292 0.491937
293 0.491948
294 0.492049
295 0.492068
296 0.492094
297 0.492007
298 0.49216
299 0.492022
300 0.49193
