1 0
2 0.166755
3 0.152822
4 0.204449
5 0.201302
6 0.205176
7 0.205511
8 0.207392
9 0.202246
10 0.204685
11 0.202711
12 0.199883
13 0.198818
14 0.197125
15 0.194002
16 0.192343
17 0.18925
18 0.188894
19 0.187097
20 0.185335
21 0.182938
22 0.181213
23 0.179423
24 0.177824
25 0.175823
26 0.174264
27 0.172312
28 0.170979
29 0.169057
30 0.16806
31 0.167121
32 0.166065
33 0.164583
34 0.16368
35 0.161874
36 0.160627
37 0.159271
38 0.158348
39 0.156966
40 0.156041
41 0.154815
42 0.15375
43 0.152929
44 0.15175
45 0.150859
46 0.149746
47 0.148751
48 0.147844
49 0.146709
50 0.146248
51 0.145314
52 0.144448
53 0.143591
54 0.142773
55 0.141878
56 0.141396
57 0.140647
58 0.139762
59 0.139331
60 0.138535
61 0.137766
62 0.137065
63 0.136349
64 0.135591
65 0.135244
66 0.134553
67 0.133783
68 0.13318
69 0.132519
70 0.131671
71 0.131455
72 0.130922
73 0.130369
74 0.1301
75 0.129588
76 0.128967
77 0.128286
78 0.127982
79 0.127279
80 0.126731
81 0.126269
82 0.126105
83 0.125286
84 0.124947
85 0.124573
86 0.124043
87 0.123506
88 0.123274
89 0.122735
90 0.122206
91 0.121664
92 0.12135
93 0.12089
94 0.120542
95 0.120035
96 0.119635
97 0.119371
98 0.118883
99 0.118581
100 0.118259
