1 0
2 0.33351
3 0.124817
4 0.274534
5 0.189721
6 0.208754
7 0.17664
8 0.211747
9 0.159127
10 0.193092
11 0.163079
12 0.162169
13 0.156064
14 0.166939
15 0.144344
16 0.157611
17 0.139182
18 0.141517
19 0.137403
20 0.141758
21 0.127918
22 0.132822
23 0.127813
24 0.127173
25 0.121486
26 0.125784
27 0.116057
28 0.121705
29 0.115118
30 0.115461
31 0.113167
32 0.11219
33 0.107361
34 0.111729
35 0.108219
36 0.106521
37 0.103155
38 0.106595
39 0.100603
40 0.103436
41 0.100313
42 0.0986
43 0.098806
44 0.09926
45 0.095275
46 0.0963
47 0.09347
48 0.093928
49 0.092161
50 0.093465
51 0.090422
52 0.090607
53 0.08874
54 0.089079
55 0.08807
56 0.088954
57 0.085626
58 0.087241
59 0.085616
60 0.08423
61 0.083403
62 0.083822
63 0.081445
64 0.083026
65 0.082239
66 0.081493
67 0.080265
68 0.080928
69 0.079118
70 0.079951
71 0.079028
72 0.078199
73 0.077414
74 0.077406
75 0.076047
76 0.0773
77 0.074453
78 0.075218
79 0.074884
80 0.074708
81 0.072813
82 0.07419
83 0.073293
84 0.07346
85 0.072203
86 0.072662
87 0.071034
88 0.071374
89 0.071054
90 0.071085
91 0.070213
92 0.070053
93 0.0691
94 0.069457
95 0.06836
96 0.068329
97 0.068331
98 0.068373
99 0.06712
100 0.067633
