1 0.5
2 0.353777
3 0.2948
4 0.258025
5 0.232613
6 0.215819
7 0.204022
8 0.194234
9 0.182055
10 0.175313
11 0.169822
12 0.164377
13 0.158171
14 0.154011
15 0.150078
16 0.146418
17 0.142293
18 0.13911
19 0.136052
20 0.13299
21 0.130233
22 0.127825
23 0.125506
24 0.123247
25 0.121164
26 0.119421
27 0.117597
28 0.116029
29 0.114383
30 0.113066
31 0.111652
32 0.110558
33 0.109316
34 0.108018
35 0.107147
36 0.106168
37 0.105181
38 0.104166
39 0.103392
40 0.102636
41 0.101864
42 0.101043
43 0.100454
44 0.0997317
45 0.0990694
46 0.0984551
47 0.0978552
48 0.097281
49 0.0968163
50 0.0962843
51 0.095827
52 0.09527
53 0.0948261
54 0.0943365
55 0.094
56 0.0936227
57 0.0931333
58 0.0928446
59 0.0925501
60 0.0920816
61 0.0918753
62 0.0913805
63 0.0912207
64 0.0908434
65 0.0904984
66 0.0903298
67 0.0900724
68 0.0897403
69 0.0895488
70 0.0894492
71 0.0891335
72 0.0889359
73 0.0887456
74 0.0886556
75 0.0884813
76 0.0881616
77 0.0880575
78 0.0880453
79 0.08776
80 0.087561
81 0.0874706
82 0.0874544
83 0.0872463
84 0.0872456
85 0.0871126
86 0.0870746
87 0.0869392
88 0.0868453
89 0.0867494
90 0.0867503
91 0.0866255
92 0.0864028
93 0.0864413
94 0.0863061
95 0.0861819
96 0.0862238
97 0.0861601
98 0.0860814
99 0.0860675
100 0.0860108
101 0.0859505
102 0.0859795
103 0.0858435
104 0.0858795
105 0.0859705
106 0.0856808
107 0.0858428
108 0.0857819
109 0.0857242
110 0.0856579
111 0.0856603
112 0.0854857
113 0.0856028
114 0.085526
115 0.0854669
116 0.0854304
117 0.085459
118 0.0853385
119 0.0853518
120 0.0852157
121 0.085176
122 0.085079
123 0.0851374
124 0.0850251
125 0.084904
126 0.0849354
127 0.084893
128 0.0847071
129 0.0847211
130 0.0846694
131 0.084707
132 0.0845248
133 0.0845878
134 0.0843403
135 0.0844067
136 0.0843744
137 0.0842089
138 0.0842157
139 0.0842564
140 0.0842854
141 0.0840531
142 0.0841681
143 0.0841709
144 0.084046
145 0.0839808
146 0.0840025
147 0.0839771
148 0.083868
149 0.0838767
150 0.0838578
151 0.0837936
152 0.0837822
153 0.0838177
154 0.083702
155 0.0837145
156 0.08364
157 0.0836842
158 0.0835422
159 0.0836011
160 0.0836551
161 0.0835458
162 0.0834839
163 0.0835107
164 0.0834596
165 0.0834174
166 0.0833065
167 0.0833484
168 0.0833581
169 0.0832937
170 0.0831828
171 0.083284
172 0.0832456
173 0.0831335
174 0.0831287
175 0.0830101
176 0.0829748
177 0.0830073
178 0.0829391
179 0.0829057
180 0.0828251
181 0.0828661
182 0.0827962
183 0.0828009
184 0.0826855
185 0.0827558
186 0.0827107
187 0.0826884
188 0.0826841
189 0.0825597
190 0.082518
191 0.0825652
192 0.0824349
193 0.082467
194 0.0823424
195 0.0824145
196 0.082374
197 0.0823198
198 0.0822451
199 0.0822994
200 0.0822584
201 0.0821186
202 0.0821191
203 0.0820576
204 0.0819382
205 0.082048
206 0.0820262
207 0.0818634
208 0.0819667
209 0.0818756
210 0.081778
211 0.0817544
212 0.0817492
213 0.0817624
214 0.0817258
215 0.0815692
216 0.081598
217 0.0815971
218 0.0815381
219 0.0815146
220 0.0815073
221 0.0815468
222 0.0814726
223 0.0813057
224 0.0813785
225 0.0813531
226 0.08127
227 0.0812152
228 0.0812794
229 0.0811731
230 0.0812043
231 0.0811427
232 0.0812385
233 0.0810994
234 0.0810899
235 0.0810164
236 0.0810363
237 0.0810195
238 0.0810434
239 0.0809232
240 0.0809039
241 0.0808658
242 0.0809101
243 0.0808238
244 0.0809143
245 0.0808222
246 0.0807512
247 0.0807232
248 0.0807158
249 0.0806995
250 0.0806519
251 0.0806369
252 0.0805767
253 0.0805937
254 0.0805751
255 0.080544
256 0.0805285
257 0.0804002
258 0.0804385
259 0.0805015
260 0.08034
261 0.080365
262 0.0803549
263 0.0803213
264 0.0803413
265 0.0802457
266 0.0801887
267 0.0802052
268 0.0801223
269 0.0801228
270 0.080128
271 0.0801438
272 0.0801172
273 0.0800197
274 0.0801132
275 0.0799614
276 0.0799043
277 0.0799527
278 0.0800605
279 0.0800024
280 0.0799186
281 0.0797867
282 0.0798271
283 0.0797675
284 0.0797809
285 0.0797622
286 0.0798553
287 0.0797402
288 0.0797243
289 0.0797442
290 0.0795881
291 0.0795992
292 0.079582
293 0.0795541
294 0.0796344
295 0.0795735
296 0.0794687
297 0.079441
298 0.0794706
299 0.0794173
300 0.0794499
