1 0.196546
2 0.196728
3 0.196694
4 0.196728
5 0.191868
6 0.18754
7 0.184045
8 0.180845
9 0.179777
10 0.17776
11 0.174974
12 0.172426
13 0.171202
14 0.169597
15 0.168075
16 0.166768
17 0.166293
18 0.164776
19 0.163134
20 0.161969
21 0.160891
22 0.159641
23 0.15833
24 0.157111
25 0.156115
26 0.155085
27 0.153922
28 0.152753
29 0.151714
30 0.150779
31 0.149771
32 0.14893
33 0.147973
34 0.147145
35 0.146308
36 0.145522
37 0.144635
38 0.143854
39 0.142978
40 0.142099
41 0.141299
42 0.140646
43 0.139711
44 0.138978
45 0.138213
46 0.137387
47 0.13656
48 0.135687
49 0.134978
50 0.134288
51 0.133501
52 0.132761
53 0.132049
54 0.131385
55 0.130615
56 0.12996
57 0.129287
58 0.128583
59 0.127923
60 0.127379
61 0.126623
62 0.125898
63 0.12541
64 0.124763
65 0.12417
66 0.123454
67 0.123015
68 0.122365
69 0.121729
70 0.121164
71 0.120611
72 0.120061
73 0.119459
74 0.118862
75 0.11831
76 0.117701
77 0.117242
78 0.116777
79 0.116146
80 0.115612
81 0.115071
82 0.114631
83 0.114046
84 0.113558
85 0.112954
86 0.112565
87 0.11199
88 0.111609
89 0.111084
90 0.110607
91 0.110049
92 0.109565
93 0.109077
94 0.108693
95 0.108173
96 0.107778
97 0.107349
98 0.106873
99 0.106514
100 0.106012
101 0.105609
102 0.105237
103 0.104741
104 0.104428
105 0.104072
106 0.103617
107 0.10319
108 0.102838
109 0.102477
110 0.101992
111 0.101665
112 0.101318
113 0.100982
114 0.100611
115 0.100259
116 0.0999756
117 0.0996744
118 0.0994105
119 0.0991082
120 0.0987021
121 0.0985115
122 0.0981213
123 0.0979202
124 0.0976347
125 0.0973871
126 0.0971327
127 0.0968862
128 0.0965512
129 0.0963364
130 0.096015
131 0.0958912
132 0.0955722
133 0.0953284
134 0.0950044
135 0.094838
136 0.0945228
137 0.094213
138 0.09408
139 0.0938985
140 0.0936
141 0.0933217
142 0.093093
143 0.0928657
144 0.0926436
145 0.0924549
146 0.0922011
147 0.0920131
148 0.0917677
149 0.0915541
150 0.0912468
151 0.0910808
152 0.090882
153 0.0906712
154 0.0904082
155 0.0902451
156 0.0900756
157 0.0899557
158 0.0896193
159 0.0894287
160 0.0892862
161 0.0890527
162 0.0889186
163 0.0886913
164 0.0884813
165 0.0883208
166 0.0881173
167 0.0878594
168 0.0878158
169 0.0875366
170 0.0873713
171 0.0871573
172 0.0868771
173 0.0867026
174 0.0866898
175 0.0864586
176 0.0863502
177 0.0861725
178 0.0858976
179 0.0856759
180 0.0855852
181 0.0854206
182 0.0852723
183 0.0850376
184 0.0849614
185 0.0848538
186 0.0846363
187 0.0845056
188 0.0843284
189 0.0841939
190 0.083991
191 0.0839168
192 0.0837155
193 0.0836947
194 0.0833726
195 0.0832853
196 0.0831457
197 0.0830497
198 0.0828901
199 0.082751
200 0.0826483
201 0.0823528
202 0.0822844
203 0.0821359
204 0.0819977
205 0.0818413
206 0.0818349
207 0.0815835
208 0.0814743
209 0.081387
210 0.0811653
211 0.0810855
212 0.0809848
213 0.080783
214 0.0806844
215 0.0805422
216 0.0804969
217 0.0803179
218 0.0801028
219 0.080107
220 0.0799401
221 0.0798949
222 0.0797992
223 0.079557
224 0.0794842
225 0.0793469
226 0.0791882
227 0.0790734
228 0.0789186
229 0.0788187
230 0.0787302
231 0.078633
232 0.0784512
233 0.0784275
234 0.0782815
235 0.0781445
236 0.077944
237 0.077866
238 0.0777579
239 0.0776449
240 0.0775137
241 0.077434
242 0.0773177
243 0.0772685
244 0.0770801
245 0.0769428
246 0.0768492
247 0.0767417
248 0.0766077
249 0.0765378
250 0.0764612
251 0.0763185
252 0.0762746
253 0.0761404
254 0.076052
255 0.0759752
256 0.0758465
257 0.0757274
258 0.0756721
259 0.0755819
260 0.0754309
261 0.0753582
262 0.0753339
263 0.0751843
264 0.0750329
265 0.0749919
266 0.0749117
267 0.0748037
268 0.0746632
269 0.0745683
270 0.0744451
271 0.0744018
272 0.0742842
273 0.0741358
274 0.0741464
275 0.0739822
276 0.0738594
277 0.0738409
278 0.0737939
279 0.073667
280 0.073508
281 0.0734305
282 0.0733822
283 0.0731701
284 0.0732536
285 0.0730408
286 0.0729373
287 0.0728393
288 0.0727705
289 0.0726305
290 0.0725564
291 0.0724139
292 0.0724101
293 0.0722728
294 0.0722444
295 0.0721961
296 0.0721076
297 0.0719427
298 0.0718952
299 0.0717795
300 0.0717054
