1 0.196546
2 0.196589
3 0.196627
4 0.196829
5 0.172427
6 0.1659
7 0.163268
8 0.158468
9 0.154486
10 0.151945
11 0.148097
12 0.145091
13 0.143261
14 0.139798
15 0.137464
16 0.135308
17 0.132764
18 0.129803
19 0.127037
20 0.12457
21 0.122136
22 0.119972
23 0.117705
24 0.115378
25 0.113742
26 0.111874
27 0.110093
28 0.10819
29 0.106819
30 0.105341
31 0.103766
32 0.102633
33 0.101244
34 0.100067
35 0.0987915
36 0.0975065
37 0.0963069
38 0.0951626
39 0.0938967
40 0.0926766
41 0.0916089
42 0.0906266
43 0.0894677
44 0.0883668
45 0.0873358
46 0.0862951
47 0.085265
48 0.0841471
49 0.0832696
50 0.0824072
51 0.0814975
52 0.080546
53 0.0796953
54 0.0789252
55 0.0780795
56 0.0773432
57 0.0766093
58 0.0758809
59 0.0750135
60 0.0745412
61 0.0736285
62 0.0729006
63 0.0724896
64 0.0717881
65 0.0712968
66 0.0705246
67 0.0700589
68 0.0694575
69 0.0688026
70 0.0683998
71 0.0677532
72 0.0673208
73 0.0667761
74 0.0662066
75 0.0657331
76 0.0652394
77 0.0648199
78 0.0643575
79 0.0638807
80 0.0633941
81 0.0630433
82 0.0625909
83 0.0621854
84 0.061753
85 0.0612926
86 0.0610334
87 0.060522
88 0.0602682
89 0.0598472
90 0.0595774
91 0.0591653
92 0.058744
93 0.0584534
94 0.0581221
95 0.0577692
96 0.0576128
97 0.0573084
98 0.0570109
99 0.0568536
100 0.0564397
101 0.0562381
102 0.0560379
103 0.0556941
104 0.0555927
105 0.0554222
106 0.055043
107 0.054829
108 0.0546121
109 0.0543554
110 0.0540545
111 0.0539079
112 0.0536131
113 0.0534717
114 0.0532395
115 0.0529601
116 0.0527957
117 0.0526675
118 0.0524434
119 0.052226
120 0.0520386
121 0.0518072
122 0.0514865
123 0.0514099
124 0.0512011
125 0.0510977
126 0.0508837
127 0.0506611
128 0.0504914
129 0.0503721
130 0.0500568
131 0.0501648
132 0.0499349
133 0.0497479
134 0.0494832
135 0.0494657
136 0.0492146
137 0.0489856
138 0.0489163
139 0.0488874
140 0.0486816
141 0.0484195
142 0.0483001
143 0.0481533
144 0.0480689
145 0.047998
146 0.0477574
147 0.0477595
148 0.0476115
149 0.0474502
150 0.0472116
151 0.047108
152 0.0468952
153 0.0468856
154 0.046618
155 0.0465078
156 0.0463677
157 0.0463688
158 0.0460764
159 0.0459653
160 0.0457948
161 0.0456126
162 0.045593
163 0.0453769
164 0.0451677
165 0.0450785
166 0.044966
167 0.044642
168 0.0447043
169 0.0444462
170 0.044327
171 0.0441347
172 0.0438822
173 0.0437392
174 0.0437538
175 0.0435525
176 0.043478
177 0.0433465
178 0.0430975
179 0.0429255
180 0.0428296
181 0.042755
182 0.0425707
183 0.042414
184 0.0424118
185 0.0423151
186 0.0421434
187 0.0420785
188 0.0418472
189 0.0417869
190 0.0416029
191 0.0415816
192 0.0414112
193 0.0414473
194 0.0411282
195 0.0410631
196 0.040947
197 0.0409266
198 0.040799
199 0.0407021
200 0.0406393
201 0.0403492
202 0.0403608
203 0.0402299
204 0.0400897
205 0.0399996
206 0.0400369
207 0.0398017
208 0.0396898
209 0.0396167
210 0.0394267
211 0.0393793
212 0.0392757
213 0.0391163
214 0.0389883
215 0.0388879
216 0.0388652
217 0.0387135
218 0.0384904
219 0.0385622
220 0.038381
221 0.0383544
222 0.0383268
223 0.0380487
224 0.0379714
225 0.0378708
226 0.0377606
227 0.0376111
228 0.0374677
229 0.0373802
230 0.037352
231 0.037268
232 0.0371328
233 0.0371556
234 0.0369783
235 0.0368761
236 0.0366794
237 0.0366098
238 0.0365771
239 0.036443
240 0.0363505
241 0.0362663
242 0.0362314
243 0.0361735
244 0.0359477
245 0.0358659
246 0.0357543
247 0.0356836
248 0.0355995
249 0.0355203
250 0.0354793
251 0.035329
252 0.0353388
253 0.0351576
254 0.0351093
255 0.0350478
256 0.0349731
257 0.0348377
258 0.0347686
259 0.0347663
260 0.0346034
261 0.0345132
262 0.0345701
263 0.0343911
264 0.0342375
265 0.0342504
266 0.0341566
267 0.03405
268 0.0339363
269 0.0338595
270 0.0337672
271 0.0337618
272 0.0336759
273 0.033486
274 0.0335577
275 0.0333756
276 0.0332822
277 0.0332922
278 0.0332871
279 0.0331776
280 0.0330331
281 0.0329808
282 0.0329169
283 0.0327022
284 0.0328176
285 0.0326111
286 0.0325667
287 0.0324787
288 0.0324025
289 0.0322927
290 0.0322151
291 0.0321032
292 0.0321001
293 0.0319814
294 0.0320347
295 0.0319395
296 0.0319346
297 0.0317377
298 0.0317328
299 0.031594
300 0.0315684
