1 0.500828
2 0.499928
3 0.499901
4 0.499953
5 0.504862
6 0.509235
7 0.512634
8 0.516014
9 0.51679
10 0.519048
11 0.521723
12 0.524409
13 0.525466
14 0.527108
15 0.528535
16 0.530001
17 0.530333
18 0.531853
19 0.533728
20 0.534752
21 0.535998
22 0.537113
23 0.538511
24 0.539644
25 0.540617
26 0.541633
27 0.542774
28 0.544009
29 0.545066
30 0.546066
31 0.547017
32 0.547837
33 0.548789
34 0.549546
35 0.550541
36 0.551302
37 0.552098
38 0.553011
39 0.553814
40 0.554688
41 0.555461
42 0.556133
43 0.557084
44 0.557762
45 0.558613
46 0.559401
47 0.560167
48 0.561099
49 0.561808
50 0.562503
51 0.563318
52 0.564003
53 0.564775
54 0.565438
55 0.566185
56 0.566845
57 0.567483
58 0.568217
59 0.568881
60 0.569388
61 0.570222
62 0.57089
63 0.571414
64 0.572003
65 0.572593
66 0.573292
67 0.573716
68 0.574401
69 0.575051
70 0.575629
71 0.576175
72 0.57668
73 0.577299
74 0.577883
75 0.578419
76 0.579047
77 0.579412
78 0.579982
79 0.580649
80 0.581144
81 0.581673
82 0.582102
83 0.582711
84 0.583163
85 0.583761
86 0.584185
87 0.584753
88 0.58509
89 0.58567
90 0.586136
91 0.586716
92 0.587242
93 0.587633
94 0.588099
95 0.588564
96 0.588985
97 0.589445
98 0.589917
99 0.590268
100 0.590729
101 0.591172
102 0.591542
103 0.592024
104 0.592406
105 0.592704
106 0.593178
107 0.593565
108 0.593942
109 0.594283
110 0.594736
111 0.595046
112 0.595478
113 0.595779
114 0.596149
115 0.596523
116 0.596775
117 0.597141
118 0.597367
119 0.597679
120 0.598036
121 0.598261
122 0.598679
123 0.598809
124 0.599118
125 0.599358
126 0.599629
127 0.599912
128 0.600186
129 0.600441
130 0.600755
131 0.600861
132 0.601165
133 0.601424
134 0.601726
135 0.601894
136 0.602231
137 0.602574
138 0.602683
139 0.602891
140 0.603193
141 0.603439
142 0.603681
143 0.603906
144 0.604122
145 0.604319
146 0.604626
147 0.60475
148 0.605027
149 0.605224
150 0.605532
151 0.605703
152 0.60592
153 0.60611
154 0.606389
155 0.606528
156 0.606704
157 0.606806
158 0.607164
159 0.607349
160 0.607481
161 0.607724
162 0.607851
163 0.608107
164 0.608278
165 0.608461
166 0.608667
167 0.608915
168 0.608957
169 0.60924
170 0.609422
171 0.609637
172 0.609915
173 0.610084
174 0.610077
175 0.610321
176 0.610454
177 0.610655
178 0.610908
179 0.611099
180 0.61119
181 0.611371
182 0.61151
183 0.61176
184 0.611859
185 0.611954
186 0.612152
187 0.612296
188 0.612487
189 0.612614
190 0.612789
191 0.612863
192 0.613075
193 0.613101
194 0.613419
195 0.613485
196 0.613677
197 0.613735
198 0.613928
199 0.614022
200 0.614175
201 0.614445
202 0.614526
203 0.61463
204 0.614821
205 0.614965
206 0.614964
207 0.615184
208 0.615329
209 0.615386
210 0.615598
211 0.615704
212 0.61578
213 0.616037
214 0.616102
215 0.616253
216 0.616283
217 0.616477
218 0.616697
219 0.616676
220 0.616875
221 0.616907
222 0.617002
223 0.617229
224 0.617299
225 0.617431
226 0.617612
227 0.617725
228 0.617883
229 0.617946
230 0.618074
231 0.618127
232 0.618346
233 0.618353
234 0.618511
235 0.618636
236 0.618874
237 0.618916
238 0.619018
239 0.619159
240 0.619269
241 0.619359
242 0.61943
243 0.619509
244 0.619717
245 0.619838
246 0.619939
247 0.620039
248 0.620171
249 0.620248
250 0.620308
251 0.620453
252 0.620511
253 0.620608
254 0.620737
255 0.620802
256 0.620947
257 0.621089
258 0.621117
259 0.621217
260 0.62137
261 0.621449
262 0.621453
263 0.62161
264 0.621768
265 0.621802
266 0.621873
267 0.622012
268 0.622144
269 0.622236
270 0.622346
271 0.622399
272 0.622525
273 0.622667
274 0.622651
275 0.622835
276 0.622937
277 0.622955
278 0.622998
279 0.623153
280 0.623289
281 0.623377
282 0.623441
283 0.623626
284 0.623556
285 0.623751
286 0.623862
287 0.623968
288 0.62402
289 0.624169
290 0.62428
291 0.624365
292 0.624371
293 0.62453
294 0.62455
295 0.624639
296 0.624715
297 0.624859
298 0.62491
299 0.625025
300 0.625081
