1 0.500828
2 0.500219
3 0.500696
4 0.499326
5 0.524202
6 0.530911
7 0.533942
8 0.537934
9 0.541802
10 0.545271
11 0.547306
12 0.552504
13 0.553621
14 0.55664
15 0.558798
16 0.561541
17 0.563462
18 0.566589
19 0.570529
20 0.571537
21 0.574695
22 0.576766
23 0.579361
24 0.581665
25 0.582132
26 0.585274
27 0.586811
28 0.588224
29 0.589685
30 0.590962
31 0.592469
32 0.593851
33 0.595124
34 0.596839
35 0.59775
36 0.599056
37 0.600353
38 0.60189
39 0.603333
40 0.604348
41 0.605183
42 0.606079
43 0.607526
44 0.607668
45 0.609631
46 0.609979
47 0.611568
48 0.612718
49 0.613416
50 0.614732
51 0.615271
52 0.616764
53 0.61777
54 0.618839
55 0.618865
56 0.619868
57 0.620466
58 0.619987
59 0.622628
60 0.622095
61 0.622844
62 0.623572
63 0.622727
64 0.625975
65 0.625251
66 0.626246
67 0.626969
68 0.627076
69 0.627998
70 0.62905
71 0.629243
72 0.630157
73 0.630422
74 0.630419
75 0.630826
76 0.631145
77 0.631202
78 0.63225
79 0.633618
80 0.633224
81 0.633299
82 0.634318
83 0.634644
84 0.635309
85 0.635859
86 0.635996
87 0.63644
88 0.637093
89 0.638313
90 0.636812
91 0.637498
92 0.63781
93 0.638174
94 0.638491
95 0.63898
96 0.639295
97 0.639695
98 0.639969
99 0.640398
100 0.64013
101 0.640594
102 0.640099
103 0.641716
104 0.641261
105 0.641469
106 0.641046
107 0.642521
108 0.642615
109 0.642461
110 0.64205
111 0.642262
112 0.64297
113 0.643814
114 0.643021
115 0.644027
116 0.644346
117 0.644118
118 0.644384
119 0.644685
120 0.644648
121 0.644405
122 0.64521
123 0.645748
124 0.645339
125 0.645596
126 0.645114
127 0.64627
128 0.64578
129 0.646753
130 0.646238
131 0.646537
132 0.646435
133 0.647141
134 0.647243
135 0.647579
136 0.647768
137 0.648203
138 0.646785
139 0.647289
140 0.648291
141 0.64882
142 0.648484
143 0.647597
144 0.648577
145 0.648503
146 0.64939
147 0.649383
148 0.649553
149 0.649329
150 0.649336
151 0.649619
152 0.649941
153 0.649796
154 0.650148
155 0.649592
156 0.651125
157 0.650453
158 0.650942
159 0.650914
160 0.650755
161 0.651094
162 0.650367
163 0.651519
164 0.651998
165 0.651678
166 0.652049
167 0.652059
168 0.652359
169 0.652439
170 0.652284
171 0.652415
172 0.652774
173 0.653087
174 0.652729
175 0.653685
176 0.653313
177 0.654276
178 0.653902
179 0.654453
180 0.653749
181 0.654336
182 0.654185
183 0.654955
184 0.654176
185 0.654683
186 0.654589
187 0.654308
188 0.654855
189 0.654548
190 0.654692
191 0.654455
192 0.654822
193 0.655457
194 0.656124
195 0.655993
196 0.655848
197 0.655272
198 0.655785
199 0.656213
200 0.656812
201 0.656131
202 0.656378
203 0.656885
204 0.656563
205 0.656434
206 0.656345
207 0.656972
208 0.656824
209 0.657322
210 0.657205
211 0.656586
212 0.657096
213 0.657252
214 0.657253
215 0.657815
216 0.658182
217 0.658102
218 0.658029
219 0.657072
220 0.658159
221 0.659566
222 0.657538
223 0.658095
224 0.65887
225 0.659048
226 0.659597
227 0.659517
228 0.660126
229 0.659704
230 0.659379
231 0.658635
232 0.658723
233 0.660761
234 0.659694
235 0.659066
236 0.660552
237 0.659955
238 0.660617
239 0.65988
240 0.660477
241 0.661246
242 0.66114
243 0.660919
244 0.660427
245 0.66032
246 0.660967
247 0.661276
248 0.661501
249 0.661035
250 0.660577
251 0.661038
252 0.662373
253 0.660524
254 0.66196
255 0.661824
256 0.661473
257 0.661144
258 0.661734
259 0.662032
260 0.662007
261 0.661822
262 0.661264
263 0.662212
264 0.663134
265 0.663293
266 0.662163
267 0.663064
268 0.663661
269 0.663081
270 0.663168
271 0.66425
272 0.663412
273 0.663156
274 0.663441
275 0.66318
276 0.663779
277 0.663759
278 0.663117
279 0.664281
280 0.663361
281 0.663987
282 0.664117
283 0.664421
284 0.663993
285 0.664131
286 0.664196
287 0.664535
288 0.663801
289 0.665094
290 0.664524
291 0.664991
292 0.664817
293 0.66463
294 0.664328
295 0.664137
296 0.665216
297 0.665305
298 0.665268
299 0.664855
300 0.664485
