1 0.10024
2 0.100158
3 0.100315
4 0.099626
5 0.133605
6 0.141097
7 0.146102
8 0.154342
9 0.160714
10 0.164874
11 0.172331
12 0.177591
13 0.179595
14 0.187275
15 0.192178
16 0.196219
17 0.201726
18 0.208205
19 0.21431
20 0.220149
21 0.22535
22 0.230486
23 0.235914
24 0.241318
25 0.245391
26 0.249549
27 0.254595
28 0.259593
29 0.26251
30 0.266466
31 0.271545
32 0.273613
33 0.278069
34 0.280695
35 0.284778
36 0.288863
37 0.292333
38 0.29518
39 0.299176
40 0.30312
41 0.305793
42 0.309549
43 0.311994
44 0.31677
45 0.319339
46 0.323028
47 0.326158
48 0.329859
49 0.332317
50 0.335328
51 0.33801
52 0.341739
53 0.344477
54 0.346876
55 0.350549
56 0.352804
57 0.355221
58 0.357373
59 0.36044
60 0.362061
61 0.365744
62 0.367963
63 0.369864
64 0.372303
65 0.373381
66 0.377348
67 0.37811
68 0.38023
69 0.382653
70 0.384314
71 0.386655
72 0.388267
73 0.390409
74 0.39249
75 0.3945
76 0.396477
77 0.397991
78 0.399892
79 0.401451
80 0.403858
81 0.404838
82 0.40722
83 0.408834
84 0.410413
85 0.411962
86 0.413525
87 0.41561
88 0.415639
89 0.418101
90 0.418083
91 0.420738
92 0.422262
93 0.424293
94 0.425747
95 0.426857
96 0.427743
97 0.428623
98 0.430099
99 0.430881
100 0.432121
101 0.433087
102 0.434097
103 0.435836
104 0.43643
105 0.436661
106 0.43876
107 0.439678
108 0.440391
109 0.441684
110 0.44287
111 0.44379
112 0.444409
113 0.446519
114 0.446813
115 0.447659
116 0.44859
117 0.44906
118 0.449554
119 0.451168
120 0.452291
121 0.45264
122 0.454258
123 0.455037
124 0.45517
125 0.455614
126 0.456637
127 0.45849
128 0.458782
129 0.458998
130 0.461173
131 0.460616
132 0.46127
133 0.461736
134 0.463595
135 0.463773
136 0.464741
137 0.465116
138 0.466433
139 0.465599
140 0.467872
141 0.46827
142 0.469046
143 0.46942
144 0.469918
145 0.470433
146 0.471549
147 0.472263
148 0.471525
149 0.473461
150 0.474853
151 0.47452
152 0.476037
153 0.475763
154 0.477629
155 0.477909
156 0.479044
157 0.478914
158 0.480284
159 0.480725
160 0.481887
161 0.482241
162 0.48277
163 0.483357
164 0.484938
165 0.485115
166 0.485114
167 0.487644
168 0.487151
169 0.488736
170 0.488828
171 0.490583
172 0.49164
173 0.492293
174 0.492017
175 0.493773
176 0.49361
177 0.494285
178 0.496177
179 0.497357
180 0.496873
181 0.497582
182 0.498971
183 0.499525
184 0.499497
185 0.500037
186 0.501048
187 0.501044
188 0.502679
189 0.502933
190 0.503744
191 0.504113
192 0.504796
193 0.504918
194 0.506749
195 0.507281
196 0.507788
197 0.507457
198 0.508444
199 0.508371
200 0.50967
201 0.511274
202 0.510965
203 0.511447
204 0.511841
205 0.513471
206 0.512728
207 0.513817
208 0.51533
209 0.515598
210 0.516384
211 0.516537
212 0.517235
213 0.517984
214 0.519
215 0.519286
216 0.519908
217 0.520495
218 0.522
219 0.521493
220 0.522459
221 0.522753
222 0.522986
223 0.524453
224 0.525149
225 0.525503
226 0.525833
227 0.526925
228 0.528176
229 0.527985
230 0.528746
231 0.529085
232 0.530278
233 0.529523
234 0.531568
235 0.53163
236 0.533043
237 0.533338
238 0.533032
239 0.533986
240 0.535347
241 0.535041
242 0.535111
243 0.536217
244 0.536995
245 0.537824
246 0.538779
247 0.538948
248 0.539689
249 0.540193
250 0.539816
251 0.54177
252 0.540842
253 0.542648
254 0.542833
255 0.542878
256 0.54354
257 0.543977
258 0.544762
259 0.54537
260 0.545428
261 0.546169
262 0.546026
263 0.54713
264 0.548201
265 0.548354
266 0.549029
267 0.549706
268 0.550478
269 0.550259
270 0.551737
271 0.551376
272 0.550888
273 0.553272
274 0.553268
275 0.553638
276 0.553949
277 0.554174
278 0.554481
279 0.55578
280 0.55568
281 0.556594
282 0.557145
283 0.558561
284 0.557204
285 0.558768
286 0.559253
287 0.56031
288 0.560375
289 0.560739
290 0.561265
291 0.561909
292 0.56269
293 0.56307
294 0.563013
295 0.563621
296 0.563518
297 0.565017
298 0.564841
299 0.565541
300 0.565733
