1 0.10024
2 0.0999705
3 0.100085
4 0.0999705
5 0.106697
6 0.112424
7 0.117276
8 0.122375
9 0.123965
10 0.126555
11 0.131229
12 0.13547
13 0.136564
14 0.139555
15 0.14208
16 0.144261
17 0.145135
18 0.148086
19 0.151178
20 0.153286
21 0.155256
22 0.15766
23 0.160427
24 0.162816
25 0.164605
26 0.166507
27 0.169239
28 0.171649
29 0.173509
30 0.175474
31 0.178036
32 0.179386
33 0.181474
34 0.183029
35 0.184967
36 0.186972
37 0.188755
38 0.190319
39 0.192492
40 0.194432
41 0.196091
42 0.197796
43 0.199796
44 0.202155
45 0.203641
46 0.205827
47 0.207698
48 0.209899
49 0.211489
50 0.213308
51 0.214847
52 0.217255
53 0.218901
54 0.22044
55 0.222795
56 0.224398
57 0.226127
58 0.227724
59 0.22966
60 0.230901
61 0.233139
62 0.234866
63 0.236253
64 0.237978
65 0.239188
66 0.241731
67 0.242298
68 0.244024
69 0.245913
70 0.247313
71 0.248827
72 0.250188
73 0.25199
74 0.253656
75 0.255263
76 0.257001
77 0.258297
78 0.259633
79 0.261258
80 0.263049
81 0.264267
82 0.265944
83 0.267631
84 0.268996
85 0.270387
86 0.271776
87 0.273501
88 0.27422
89 0.275974
90 0.276944
91 0.279135
92 0.280428
93 0.282139
94 0.283178
95 0.284707
96 0.285729
97 0.286957
98 0.288359
99 0.289462
100 0.29075
101 0.292024
102 0.293193
103 0.294629
104 0.295631
105 0.296506
106 0.297932
107 0.299349
108 0.300305
109 0.301451
110 0.302899
111 0.303998
112 0.304797
113 0.306479
114 0.307164
115 0.308015
116 0.308907
117 0.309817
118 0.310304
119 0.31139
120 0.312883
121 0.313292
122 0.314522
123 0.315153
124 0.315679
125 0.316406
126 0.317153
127 0.318319
128 0.319091
129 0.319533
130 0.320956
131 0.32116
132 0.321996
133 0.322502
134 0.323995
135 0.324303
136 0.325297
137 0.325922
138 0.326725
139 0.326852
140 0.328442
141 0.329058
142 0.329765
143 0.330203
144 0.33089
145 0.331466
146 0.332537
147 0.333228
148 0.333311
149 0.33449
150 0.335844
151 0.335873
152 0.336868
153 0.337276
154 0.3386
155 0.338904
156 0.339602
157 0.339836
158 0.34089
159 0.341599
160 0.342145
161 0.342813
162 0.34315
163 0.343827
164 0.344791
165 0.345373
166 0.345519
167 0.347249
168 0.346977
169 0.348013
170 0.34835
171 0.349675
172 0.35064
173 0.351226
174 0.350749
175 0.35226
176 0.352216
177 0.352856
178 0.354099
179 0.355082
180 0.35494
181 0.355578
182 0.356346
183 0.357011
184 0.357106
185 0.357448
186 0.358365
187 0.358262
188 0.359411
189 0.36005
190 0.360569
191 0.360864
192 0.361472
193 0.361558
194 0.362889
195 0.363207
196 0.363552
197 0.363797
198 0.364285
199 0.364496
200 0.36547
201 0.36645
202 0.366545
203 0.366911
204 0.367413
205 0.368433
206 0.368173
207 0.369041
208 0.369999
209 0.370203
210 0.370945
211 0.370838
212 0.371327
213 0.372303
214 0.372557
215 0.373015
216 0.373443
217 0.373846
218 0.375051
219 0.37466
220 0.375464
221 0.375635
222 0.375799
223 0.377114
224 0.377298
225 0.377641
226 0.378042
227 0.378816
228 0.37969
229 0.379637
230 0.380067
231 0.380472
232 0.381427
233 0.381106
234 0.382113
235 0.38243
236 0.383533
237 0.383901
238 0.383801
239 0.384208
240 0.385382
241 0.385095
242 0.385413
243 0.386032
244 0.386715
245 0.387309
246 0.387797
247 0.38813
248 0.388755
249 0.388905
250 0.388751
251 0.390047
252 0.389553
253 0.390529
254 0.390777
255 0.391011
256 0.391645
257 0.391766
258 0.392387
259 0.392938
260 0.392963
261 0.393259
262 0.393392
263 0.393966
264 0.394864
265 0.395027
266 0.395302
267 0.39592
268 0.396499
269 0.396327
270 0.397572
271 0.397499
272 0.39718
273 0.398666
274 0.398952
275 0.398933
276 0.399392
277 0.399583
278 0.399913
279 0.400527
280 0.400903
281 0.401414
282 0.401613
283 0.402607
284 0.401724
285 0.402844
286 0.403371
287 0.404215
288 0.40425
289 0.40463
290 0.405006
291 0.405529
292 0.40573
293 0.406279
294 0.406405
295 0.406578
296 0.406861
297 0.407716
298 0.407794
299 0.408286
300 0.408443
