1 0.5
2 0.5
3 0.5
4 0.5
5 0.499414
6 0.499044
7 0.498847
8 0.498559
9 0.49825
10 0.497947
11 0.497758
12 0.497236
13 0.497117
14 0.496782
15 0.496531
16 0.496199
17 0.495957
18 0.495547
19 0.495001
20 0.494857
21 0.49439
22 0.494072
23 0.493662
24 0.493286
25 0.493209
26 0.492675
27 0.492407
28 0.492156
29 0.491891
30 0.491657
31 0.491376
32 0.491114
33 0.490869
34 0.490533
35 0.490352
36 0.49009
37 0.489826
38 0.489509
39 0.489206
40 0.488991
41 0.488812
42 0.488618
43 0.488302
44 0.488271
45 0.487834
46 0.487755
47 0.487394
48 0.48713
49 0.486968
50 0.486659
51 0.486532
52 0.486176
53 0.485933
54 0.485673
55 0.485666
56 0.48542
57 0.485272
58 0.48539
59 0.48473
60 0.484864
61 0.484675
62 0.48449
63 0.484705
64 0.483871
65 0.484059
66 0.4838
67 0.483611
68 0.483583
69 0.48334
70 0.48306
71 0.483008
72 0.482763
73 0.482691
74 0.482692
75 0.482582
76 0.482495
77 0.48248
78 0.482193
79 0.481816
80 0.481925
81 0.481905
82 0.481622
83 0.481531
84 0.481344
85 0.481189
86 0.48115
87 0.481025
88 0.480839
89 0.480489
90 0.480919
91 0.480723
92 0.480634
93 0.480529
94 0.480438
95 0.480297
96 0.480206
97 0.48009
98 0.48001
99 0.479884
100 0.479963
101 0.479827
102 0.479972
103 0.479497
104 0.479631
105 0.47957
106 0.479694
107 0.479258
108 0.47923
109 0.479276
110 0.479398
111 0.479335
112 0.479124
113 0.478872
114 0.479109
115 0.478808
116 0.478712
117 0.47878
118 0.4787
119 0.478609
120 0.478621
121 0.478694
122 0.47845
123 0.478287
124 0.478411
125 0.478333
126 0.478479
127 0.478127
128 0.478277
129 0.477979
130 0.478137
131 0.478046
132 0.478077
133 0.47786
134 0.477829
135 0.477725
136 0.477666
137 0.477532
138 0.477969
139 0.477814
140 0.477504
141 0.47734
142 0.477444
143 0.477719
144 0.477415
145 0.477438
146 0.477162
147 0.477164
148 0.477111
149 0.477181
150 0.477179
151 0.47709
152 0.476989
153 0.477034
154 0.476924
155 0.477098
156 0.476615
157 0.476828
158 0.476673
159 0.476682
160 0.476732
161 0.476625
162 0.476855
163 0.47649
164 0.476337
165 0.476439
166 0.476321
167 0.476318
168 0.476222
169 0.476196
170 0.476246
171 0.476204
172 0.476089
173 0.475988
174 0.476103
175 0.475796
176 0.475916
177 0.475604
178 0.475726
179 0.475547
180 0.475775
181 0.475585
182 0.475634
183 0.475384
184 0.475637
185 0.475472
186 0.475503
187 0.475594
188 0.475416
189 0.475516
190 0.475469
191 0.475546
192 0.475427
193 0.47522
194 0.475001
195 0.475044
196 0.475092
197 0.47528
198 0.475112
199 0.474972
200 0.474774
201 0.474999
202 0.474917
203 0.47475
204 0.474856
205 0.474899
206 0.474928
207 0.474721
208 0.47477
209 0.474606
210 0.474644
211 0.474849
212 0.47468
213 0.474629
214 0.474628
215 0.474442
216 0.47432
217 0.474346
218 0.474371
219 0.474688
220 0.474327
221 0.473856
222 0.474534
223 0.474349
224 0.47409
225 0.47403
226 0.473845
227 0.473872
228 0.473667
229 0.473809
230 0.473919
231 0.474168
232 0.474139
233 0.473452
234 0.473813
235 0.474024
236 0.473523
237 0.473725
238 0.473501
239 0.47375
240 0.473548
241 0.473287
242 0.473323
243 0.473398
244 0.473565
245 0.473601
246 0.473382
247 0.473277
248 0.4732
249 0.473359
250 0.473514
251 0.473358
252 0.472901
253 0.473532
254 0.473043
255 0.473089
256 0.473209
257 0.473322
258 0.47312
259 0.473018
260 0.473027
261 0.47309
262 0.473281
263 0.472957
264 0.472639
265 0.472584
266 0.472973
267 0.472664
268 0.472457
269 0.472658
270 0.472628
271 0.472253
272 0.472543
273 0.472632
274 0.472533
275 0.472623
276 0.472416
277 0.472423
278 0.472645
279 0.472242
280 0.472561
281 0.472344
282 0.472299
283 0.472193
284 0.472342
285 0.472294
286 0.472271
287 0.472153
288 0.472409
289 0.471958
290 0.472157
291 0.471994
292 0.472055
293 0.47212
294 0.472226
295 0.472292
296 0.471916
297 0.471884
298 0.471897
299 0.472042
300 0.472171
