1 0.5
2 0.517857
3 0.52381
4 0.530612
5 0.534694
6 0.53869
7 0.541727
8 0.544482
9 0.546869
10 0.548953
11 0.550869
12 0.552617
13 0.554192
14 0.555678
15 0.557031
16 0.558288
17 0.559463
18 0.560561
19 0.561582
20 0.562559
21 0.56347
22 0.564327
23 0.565141
24 0.565912
25 0.566645
26 0.567346
27 0.568012
28 0.568646
29 0.569256
30 0.569843
31 0.570403
32 0.570944
33 0.57146
34 0.571959
35 0.57244
36 0.572902
37 0.573348
38 0.57378
39 0.5742
40 0.574606
41 0.575
42 0.575381
43 0.575751
44 0.576109
45 0.576457
46 0.576795
47 0.577123
48 0.577443
49 0.577754
50 0.578057
51 0.578352
52 0.57864
53 0.578919
54 0.579192
55 0.579459
56 0.579719
57 0.579972
58 0.58022
59 0.580462
60 0.580698
61 0.580929
62 0.581155
63 0.581376
64 0.581592
65 0.581804
66 0.582012
67 0.582215
68 0.582414
69 0.582609
70 0.582801
71 0.582989
72 0.583173
73 0.583353
74 0.58353
75 0.583704
76 0.583875
77 0.584042
78 0.584207
79 0.584368
80 0.584527
81 0.584684
82 0.584837
83 0.584988
84 0.585136
85 0.585282
86 0.585426
87 0.585567
88 0.585706
89 0.585843
90 0.585977
91 0.58611
92 0.586241
93 0.586369
94 0.586496
95 0.586621
96 0.586744
97 0.586865
98 0.586984
99 0.587102
100 0.587218
101 0.587332
102 0.587445
103 0.587556
104 0.587666
105 0.587774
106 0.587881
107 0.587986
108 0.58809
109 0.588192
110 0.588294
111 0.588393
112 0.588492
113 0.588589
114 0.588685
115 0.58878
116 0.588874
117 0.588967
118 0.589058
119 0.589148
120 0.589238
121 0.589326
122 0.589413
123 0.589499
124 0.589584
125 0.589669
126 0.589752
127 0.589834
128 0.589915
129 0.589996
130 0.590075
131 0.590154
132 0.590231
133 0.590308
134 0.590384
135 0.590459
136 0.590534
137 0.590607
138 0.59068
139 0.590752
140 0.590824
141 0.590894
142 0.590964
143 0.591033
144 0.591101
145 0.591169
146 0.591236
147 0.591303
148 0.591368
149 0.591433
150 0.591498
151 0.591562
152 0.591625
153 0.591688
154 0.591749
155 0.591811
156 0.591872
157 0.591932
158 0.591992
159 0.592051
160 0.592109
161 0.592168
162 0.592225
163 0.592282
164 0.592339
165 0.592395
166 0.59245
167 0.592505
168 0.59256
169 0.592614
170 0.592667
171 0.59272
172 0.592773
173 0.592825
174 0.592877
175 0.592928
176 0.592979
177 0.59303
178 0.59308
179 0.593129
180 0.593179
181 0.593227
182 0.593276
183 0.593324
184 0.593371
185 0.593419
186 0.593465
187 0.593512
188 0.593558
189 0.593604
190 0.593649
191 0.593694
192 0.593739
193 0.593783
194 0.593827
195 0.593871
196 0.593914
197 0.593957
198 0.594
199 0.594042
200 0.594084
201 0.594126
202 0.594168
203 0.594209
204 0.594249
205 0.59429
206 0.59433
207 0.59437
208 0.59441
209 0.594449
210 0.594488
211 0.594527
212 0.594565
213 0.594604
214 0.594642
215 0.594679
216 0.594717
217 0.594754
218 0.594791
219 0.594828
220 0.594864
221 0.5949
222 0.594936
223 0.594972
224 0.595007
225 0.595042
226 0.595077
227 0.595112
228 0.595147
229 0.595181
230 0.595215
231 0.595249
232 0.595283
233 0.595316
234 0.595349
235 0.595382
236 0.595415
237 0.595447
238 0.59548
239 0.595512
240 0.595544
241 0.595576
242 0.595607
243 0.595638
244 0.59567
245 0.595701
246 0.595731
247 0.595762
248 0.595792
249 0.595822
250 0.595852
251 0.595882
252 0.595912
253 0.595941
254 0.595971
255 0.596
256 0.596029
257 0.596058
258 0.596086
259 0.596115
260 0.596143
261 0.596171
262 0.596199
263 0.596227
264 0.596255
265 0.596282
266 0.596309
267 0.596336
268 0.596363
269 0.59639
270 0.596417
271 0.596444
272 0.59647
273 0.596496
274 0.596522
275 0.596548
276 0.596574
277 0.5966
278 0.596625
279 0.596651
280 0.596676
281 0.596701
282 0.596726
283 0.596751
284 0.596776
285 0.5968
286 0.596825
287 0.596849
288 0.596873
289 0.596897
290 0.596921
291 0.596945
292 0.596969
293 0.596992
294 0.597016
295 0.597039
296 0.597062
297 0.597085
298 0.597108
299 0.597131
300 0.597154
