1 0.375
2 0.388021
3 0.392361
4 0.397057
5 0.400347
6 0.403093
7 0.405626
8 0.407802
9 0.409631
10 0.411442
11 0.41297
12 0.414394
13 0.415729
14 0.416955
15 0.418074
16 0.419164
17 0.420155
18 0.421083
19 0.421972
20 0.422805
21 0.42359
22 0.424344
23 0.425056
24 0.425733
25 0.426381
26 0.427008
27 0.4276
28 0.428171
29 0.428716
30 0.42924
31 0.429745
32 0.430231
33 0.430699
34 0.431153
35 0.431592
36 0.432015
37 0.432426
38 0.432824
39 0.433209
40 0.433582
41 0.433945
42 0.434297
43 0.434638
44 0.434969
45 0.435291
46 0.435605
47 0.43591
48 0.436206
49 0.436496
50 0.436778
51 0.437053
52 0.437322
53 0.437583
54 0.437839
55 0.438088
56 0.438331
57 0.438569
58 0.438802
59 0.439029
60 0.439252
61 0.43947
62 0.439683
63 0.439892
64 0.440097
65 0.440297
66 0.440494
67 0.440687
68 0.440876
69 0.441061
70 0.441243
71 0.441421
72 0.441596
73 0.441768
74 0.441937
75 0.442103
76 0.442266
77 0.442426
78 0.442584
79 0.442739
80 0.442891
81 0.443041
82 0.443188
83 0.443333
84 0.443475
85 0.443615
86 0.443753
87 0.443889
88 0.444023
89 0.444154
90 0.444284
91 0.444412
92 0.444538
93 0.444662
94 0.444784
95 0.444904
96 0.445023
97 0.44514
98 0.445255
99 0.445369
100 0.445481
101 0.445592
102 0.445702
103 0.445809
104 0.445916
105 0.446021
106 0.446125
107 0.446227
108 0.446328
109 0.446428
110 0.446526
111 0.446624
112 0.44672
113 0.446815
114 0.446908
115 0.447001
116 0.447092
117 0.447183
118 0.447272
119 0.44736
120 0.447448
121 0.447534
122 0.447619
123 0.447703
124 0.447787
125 0.447869
126 0.44795
127 0.448031
128 0.44811
129 0.448189
130 0.448267
131 0.448344
132 0.44842
133 0.448496
134 0.448571
135 0.448645
136 0.448718
137 0.44879
138 0.448862
139 0.448932
140 0.449003
141 0.449072
142 0.449141
143 0.449209
144 0.449276
145 0.449343
146 0.449409
147 0.449474
148 0.449539
149 0.449603
150 0.449667
151 0.44973
152 0.449792
153 0.449854
154 0.449915
155 0.449976
156 0.450036
157 0.450095
158 0.450155
159 0.450213
160 0.450271
161 0.450328
162 0.450385
163 0.450442
164 0.450498
165 0.450553
166 0.450608
167 0.450662
168 0.450716
169 0.45077
170 0.450823
171 0.450876
172 0.450928
173 0.45098
174 0.451031
175 0.451082
176 0.451132
177 0.451183
178 0.451232
179 0.451281
180 0.45133
181 0.451379
182 0.451427
183 0.451475
184 0.451522
185 0.451569
186 0.451615
187 0.451662
188 0.451708
189 0.451753
190 0.451798
191 0.451843
192 0.451888
193 0.451932
194 0.451975
195 0.452019
196 0.452062
197 0.452105
198 0.452148
199 0.45219
200 0.452232
201 0.452273
202 0.452315
203 0.452356
204 0.452396
205 0.452437
206 0.452477
207 0.452517
208 0.452556
209 0.452596
210 0.452635
211 0.452673
212 0.452712
213 0.45275
214 0.452788
215 0.452826
216 0.452863
217 0.4529
218 0.452937
219 0.452974
220 0.45301
221 0.453046
222 0.453082
223 0.453118
224 0.453153
225 0.453189
226 0.453224
227 0.453258
228 0.453293
229 0.453327
230 0.453361
231 0.453395
232 0.453429
233 0.453462
234 0.453496
235 0.453529
236 0.453562
237 0.453594
238 0.453627
239 0.453659
240 0.453691
241 0.453723
242 0.453754
243 0.453786
244 0.453817
245 0.453848
246 0.453879
247 0.45391
248 0.45394
249 0.45397
250 0.454001
251 0.454031
252 0.45406
253 0.45409
254 0.454119
255 0.454149
256 0.454178
257 0.454207
258 0.454235
259 0.454264
260 0.454292
261 0.454321
262 0.454349
263 0.454377
264 0.454405
265 0.454432
266 0.45446
267 0.454487
268 0.454514
269 0.454541
270 0.454568
271 0.454595
272 0.454621
273 0.454648
274 0.454674
275 0.4547
276 0.454726
277 0.454752
278 0.454778
279 0.454803
280 0.454829
281 0.454854
282 0.454879
283 0.454904
284 0.454929
285 0.454954
286 0.454979
287 0.455003
288 0.455028
289 0.455052
290 0.455076
291 0.4551
292 0.455124
293 0.455148
294 0.455171
295 0.455195
296 0.455218
297 0.455242
298 0.455265
299 0.455288
300 0.455311
