1 0.5
2 0.541667
3 0.555556
4 0.569444
5 0.577778
6 0.584722
7 0.590278
8 0.59494
9 0.598655
10 0.602179
11 0.605109
12 0.607701
13 0.610069
14 0.612207
15 0.614103
16 0.615854
17 0.617441
18 0.618926
19 0.620294
20 0.621563
21 0.622749
22 0.623862
23 0.6249
24 0.625871
25 0.626785
26 0.627651
27 0.628464
28 0.629236
29 0.629966
30 0.630662
31 0.631328
32 0.631965
33 0.632575
34 0.633157
35 0.633712
36 0.634245
37 0.634755
38 0.635246
39 0.635717
40 0.636172
41 0.636609
42 0.637031
43 0.637438
44 0.637831
45 0.638211
46 0.638578
47 0.638934
48 0.639278
49 0.639611
50 0.639934
51 0.640248
52 0.640553
53 0.640848
54 0.641136
55 0.641415
56 0.641687
57 0.641952
58 0.642209
59 0.642461
60 0.642706
61 0.642944
62 0.643177
63 0.643404
64 0.643625
65 0.643841
66 0.644052
67 0.644258
68 0.64446
69 0.644657
70 0.644849
71 0.645038
72 0.645222
73 0.645403
74 0.64558
75 0.645754
76 0.645924
77 0.646091
78 0.646255
79 0.646415
80 0.646572
81 0.646726
82 0.646877
83 0.647026
84 0.647171
85 0.647314
86 0.647454
87 0.647592
88 0.647728
89 0.64786
90 0.647991
91 0.64812
92 0.648246
93 0.64837
94 0.648492
95 0.648612
96 0.64873
97 0.648846
98 0.648961
99 0.649073
100 0.649184
101 0.649293
102 0.649401
103 0.649506
104 0.64961
105 0.649713
106 0.649814
107 0.649914
108 0.650012
109 0.650109
110 0.650204
111 0.650298
112 0.650391
113 0.650482
114 0.650573
115 0.650661
116 0.650749
117 0.650836
118 0.650921
119 0.651005
120 0.651088
121 0.651171
122 0.651252
123 0.651332
124 0.651411
125 0.651489
126 0.651565
127 0.651641
128 0.651717
129 0.651791
130 0.651864
131 0.651936
132 0.652008
133 0.652079
134 0.652148
135 0.652217
136 0.652286
137 0.652353
138 0.65242
139 0.652486
140 0.652551
141 0.652615
142 0.652679
143 0.652742
144 0.652804
145 0.652866
146 0.652927
147 0.652987
148 0.653047
149 0.653106
150 0.653164
151 0.653222
152 0.653279
153 0.653336
154 0.653392
155 0.653447
156 0.653502
157 0.653556
158 0.65361
159 0.653663
160 0.653716
161 0.653768
162 0.65382
163 0.653871
164 0.653922
165 0.653972
166 0.654022
167 0.654071
168 0.65412
169 0.654168
170 0.654216
171 0.654263
172 0.65431
173 0.654357
174 0.654403
175 0.654449
176 0.654494
177 0.654539
178 0.654583
179 0.654627
180 0.654671
181 0.654714
182 0.654757
183 0.6548
184 0.654842
185 0.654884
186 0.654925
187 0.654966
188 0.655007
189 0.655047
190 0.655087
191 0.655127
192 0.655167
193 0.655206
194 0.655244
195 0.655283
196 0.655321
197 0.655359
198 0.655396
199 0.655433
200 0.65547
201 0.655507
202 0.655543
203 0.655579
204 0.655615
205 0.655651
206 0.655686
207 0.655721
208 0.655755
209 0.65579
210 0.655824
211 0.655858
212 0.655891
213 0.655925
214 0.655958
215 0.655991
216 0.656023
217 0.656056
218 0.656088
219 0.65612
220 0.656151
221 0.656183
222 0.656214
223 0.656245
224 0.656276
225 0.656306
226 0.656337
227 0.656367
228 0.656396
229 0.656426
230 0.656456
231 0.656485
232 0.656514
233 0.656543
234 0.656571
235 0.6566
236 0.656628
237 0.656656
238 0.656684
239 0.656712
240 0.656739
241 0.656767
242 0.656794
243 0.656821
244 0.656847
245 0.656874
246 0.656901
247 0.656927
248 0.656953
249 0.656979
250 0.657005
251 0.65703
252 0.657056
253 0.657081
254 0.657106
255 0.657131
256 0.657156
257 0.65718
258 0.657205
259 0.657229
260 0.657253
261 0.657277
262 0.657301
263 0.657325
264 0.657349
265 0.657372
266 0.657395
267 0.657419
268 0.657442
269 0.657465
270 0.657487
271 0.65751
272 0.657532
273 0.657555
274 0.657577
275 0.657599
276 0.657621
277 0.657643
278 0.657664
279 0.657686
280 0.657707
281 0.657729
282 0.65775
283 0.657771
284 0.657792
285 0.657813
286 0.657834
287 0.657854
288 0.657875
289 0.657895
290 0.657915
291 0.657936
292 0.657956
293 0.657975
294 0.657995
295 0.658015
296 0.658035
297 0.658054
298 0.658074
299 0.658093
300 0.658112
