1 0.3
2 0.309545
3 0.312727
4 0.316343
5 0.318764
6 0.321135
7 0.32295
8 0.324793
9 0.326266
10 0.327725
11 0.328986
12 0.3302
13 0.331265
14 0.332289
15 0.33325
16 0.33414
17 0.334982
18 0.335783
19 0.336534
20 0.337248
21 0.337918
22 0.338573
23 0.339184
24 0.339774
25 0.340336
26 0.340875
27 0.341393
28 0.341888
29 0.342365
30 0.342827
31 0.343267
32 0.343693
33 0.344106
34 0.344506
35 0.344892
36 0.345267
37 0.34563
38 0.345983
39 0.346324
40 0.346654
41 0.346976
42 0.347289
43 0.347593
44 0.347888
45 0.348176
46 0.348457
47 0.34873
48 0.348996
49 0.349256
50 0.349509
51 0.349756
52 0.349997
53 0.350233
54 0.350464
55 0.350689
56 0.350909
57 0.351124
58 0.351335
59 0.351541
60 0.351743
61 0.351941
62 0.352135
63 0.352325
64 0.352511
65 0.352694
66 0.352873
67 0.353048
68 0.353221
69 0.35339
70 0.353557
71 0.35372
72 0.353881
73 0.354038
74 0.354193
75 0.354346
76 0.354496
77 0.354643
78 0.354788
79 0.35493
80 0.35507
81 0.355208
82 0.355344
83 0.355477
84 0.355609
85 0.355738
86 0.355866
87 0.355991
88 0.356115
89 0.356236
90 0.356356
91 0.356474
92 0.356591
93 0.356706
94 0.356819
95 0.356931
96 0.357041
97 0.357149
98 0.357256
99 0.357362
100 0.357466
101 0.357569
102 0.357671
103 0.357771
104 0.35787
105 0.357968
106 0.358064
107 0.358159
108 0.358253
109 0.358346
110 0.358438
111 0.358528
112 0.358618
113 0.358706
114 0.358794
115 0.35888
116 0.358965
117 0.35905
118 0.359133
119 0.359216
120 0.359297
121 0.359378
122 0.359457
123 0.359536
124 0.359614
125 0.359691
126 0.359767
127 0.359843
128 0.359917
129 0.359991
130 0.360064
131 0.360136
132 0.360208
133 0.360278
134 0.360348
135 0.360418
136 0.360486
137 0.360554
138 0.360621
139 0.360688
140 0.360754
141 0.360819
142 0.360884
143 0.360948
144 0.361011
145 0.361074
146 0.361136
147 0.361197
148 0.361258
149 0.361319
150 0.361379
151 0.361438
152 0.361497
153 0.361555
154 0.361612
155 0.36167
156 0.361726
157 0.361782
158 0.361838
159 0.361893
160 0.361948
161 0.362002
162 0.362056
163 0.362109
164 0.362162
165 0.362214
166 0.362266
167 0.362318
168 0.362369
169 0.362419
170 0.362469
171 0.362519
172 0.362569
173 0.362618
174 0.362666
175 0.362714
176 0.362762
177 0.362809
178 0.362856
179 0.362903
180 0.362949
181 0.362995
182 0.363041
183 0.363086
184 0.363131
185 0.363175
186 0.36322
187 0.363263
188 0.363307
189 0.36335
190 0.363393
191 0.363435
192 0.363478
193 0.363519
194 0.363561
195 0.363602
196 0.363643
197 0.363684
198 0.363724
199 0.363764
200 0.363804
201 0.363844
202 0.363883
203 0.363922
204 0.363961
205 0.363999
206 0.364037
207 0.364075
208 0.364113
209 0.36415
210 0.364187
211 0.364224
212 0.364261
213 0.364297
214 0.364333
215 0.364369
216 0.364405
217 0.36444
218 0.364475
219 0.36451
220 0.364545
221 0.364579
222 0.364614
223 0.364648
224 0.364681
225 0.364715
226 0.364748
227 0.364781
228 0.364814
229 0.364847
230 0.36488
231 0.364912
232 0.364944
233 0.364976
234 0.365008
235 0.365039
236 0.365071
237 0.365102
238 0.365133
239 0.365164
240 0.365194
241 0.365224
242 0.365255
243 0.365285
244 0.365315
245 0.365344
246 0.365374
247 0.365403
248 0.365432
249 0.365461
250 0.36549
251 0.365519
252 0.365547
253 0.365575
254 0.365604
255 0.365632
256 0.365659
257 0.365687
258 0.365715
259 0.365742
260 0.365769
261 0.365796
262 0.365823
263 0.36585
264 0.365876
265 0.365903
266 0.365929
267 0.365955
268 0.365981
269 0.366007
270 0.366033
271 0.366059
272 0.366084
273 0.366109
274 0.366135
275 0.36616
276 0.366185
277 0.366209
278 0.366234
279 0.366259
280 0.366283
281 0.366307
282 0.366331
283 0.366355
284 0.366379
285 0.366403
286 0.366427
287 0.36645
288 0.366474
289 0.366497
290 0.36652
291 0.366543
292 0.366566
293 0.366589
294 0.366612
295 0.366634
296 0.366657
297 0.366679
298 0.366701
299 0.366724
300 0.366746
