1 0
2 0
3 0.333333
4 0.333333
5 0.37037
6 0.27027
7 0.155172
8 0.119565
9 0.0547945
10 0.0765766
11 0.0547112
12 0.0469083
13 0.0535988
14 0.0464326
15 0.0503413
16 0.0492773
17 0.0456879
18 0.0497553
19 0.0485087
20 0.0504404
21 0.0511077
22 0.0535617
23 0.0555047
24 0.0545829
25 0.0552396
26 0.0551395
27 0.0554258
28 0.0559392
29 0.0547904
30 0.055022
31 0.0552553
32 0.0543273
33 0.0543146
34 0.053673
35 0.0534782
36 0.053009
37 0.0527741
38 0.0523991
39 0.0514609
40 0.051334
41 0.0504985
42 0.0504252
43 0.0504265
44 0.0496654
45 0.0492213
46 0.0491145
47 0.0485829
48 0.0482673
49 0.0480614
50 0.0477668
51 0.0472606
52 0.046822
53 0.0464514
54 0.0461335
55 0.0458688
56 0.0455185
57 0.0450879
58 0.0448826
59 0.0444643
60 0.0440884
61 0.043871
62 0.0434626
63 0.0432156
64 0.0428855
65 0.0426626
66 0.0423678
67 0.042029
68 0.0417122
69 0.0413749
70 0.0412451
71 0.0408512
72 0.0406045
73 0.0403701
74 0.0400875
75 0.0398411
76 0.0396457
77 0.039349
78 0.0391352
79 0.0388824
80 0.0386943
81 0.0384433
82 0.0382251
83 0.0380315
84 0.0377509
85 0.0375931
86 0.0373511
87 0.0371272
88 0.0369335
89 0.0367032
90 0.0365443
91 0.0363747
92 0.0361318
93 0.0359147
94 0.0357932
95 0.0355947
96 0.0353901
97 0.0352265
98 0.0350316
99 0.0348439
100 0.0346954
