1 0
2 0
3 0
4 0.0434783
5 0.0392157
6 0.0679612
7 0.0816327
8 0.0948276
9 0.10339
10 0.107292
11 0.110226
12 0.11179
13 0.111701
14 0.112334
15 0.112311
16 0.111491
17 0.110504
18 0.109984
19 0.108827
20 0.10828
21 0.107198
22 0.106238
23 0.105361
24 0.104417
25 0.103566
26 0.102504
27 0.101473
28 0.100416
29 0.0993505
30 0.0983443
31 0.0972849
32 0.0962667
33 0.0952598
34 0.0942601
35 0.0932716
36 0.0923223
37 0.0913668
38 0.0904316
39 0.0895214
40 0.0886194
41 0.0877307
42 0.0868863
43 0.0860257
44 0.0851852
45 0.0843761
46 0.0835468
47 0.0827393
48 0.0819439
49 0.0811443
50 0.0803763
51 0.0796207
52 0.0788633
53 0.0781279
54 0.0774043
55 0.0766947
56 0.0759922
57 0.075306
58 0.0746203
59 0.0739365
60 0.0732808
61 0.0726265
62 0.0719934
63 0.0713546
64 0.0707272
65 0.0701118
66 0.0695046
67 0.0689005
68 0.0683135
69 0.067736
70 0.0671659
71 0.0665972
72 0.0660418
73 0.0654819
74 0.0649396
75 0.0644008
76 0.0638724
77 0.063343
78 0.0628244
79 0.0623063
80 0.0617986
81 0.061295
82 0.0608003
83 0.06031
84 0.0598248
85 0.0593429
86 0.0588697
87 0.0583985
88 0.0579324
89 0.0574719
90 0.0570188
91 0.056566
92 0.0561232
93 0.0556843
94 0.0552492
95 0.0548188
96 0.0543944
97 0.0539731
98 0.0535581
99 0.0531467
100 0.0527413
