1 0.10816
2 0.0902283
3 0.0843644
4 0.0776457
5 0.0737041
6 0.0695535
7 0.0664432
8 0.0637384
9 0.0614139
10 0.0592902
11 0.0573824
12 0.05555
13 0.0540769
14 0.0526567
15 0.0511547
16 0.0499794
17 0.0487106
18 0.0477075
19 0.0467321
20 0.0455639
21 0.04476
22 0.0439076
23 0.0430794
24 0.0423511
25 0.0415253
26 0.0408639
27 0.0402511
28 0.039595
29 0.0390403
30 0.038414
31 0.0378771
32 0.0372941
33 0.0367662
34 0.0362759
35 0.0358472
36 0.0353596
37 0.0348751
38 0.0344759
39 0.0339738
40 0.0336687
41 0.0332229
42 0.0327914
43 0.0324616
44 0.0320899
45 0.0318154
46 0.0313959
47 0.0311173
48 0.0307513
49 0.0304715
50 0.030167
51 0.0298919
52 0.0296201
53 0.0293027
54 0.0290538
55 0.0287908
56 0.0284407
57 0.0282299
58 0.0280409
59 0.0277532
60 0.0275525
61 0.0273262
62 0.0270768
63 0.02685
64 0.0266106
65 0.0263718
66 0.0262368
67 0.0260122
68 0.0257674
69 0.0255471
70 0.0254524
71 0.0252618
72 0.0250346
73 0.0248927
74 0.0247927
75 0.0245024
76 0.0243143
77 0.0242292
78 0.0240546
79 0.0238236
80 0.0236728
81 0.0235511
82 0.0233389
83 0.0232508
84 0.0230759
85 0.0229516
86 0.0227819
87 0.0226737
88 0.0225142
89 0.0223389
90 0.0222921
91 0.0221791
92 0.0219826
93 0.0218571
94 0.0217666
95 0.0215962
96 0.0214546
97 0.0213614
98 0.021251
99 0.0211058
100 0.0209984
101 0.0209528
102 0.020777
103 0.0206952
104 0.0205763
105 0.020435
106 0.0203237
107 0.020284
108 0.0201489
109 0.0200112
110 0.0199636
111 0.0198704
112 0.0197391
113 0.0196453
114 0.0195368
115 0.0194685
116 0.019363
117 0.0192761
118 0.0191867
119 0.0190499
120 0.0189824
121 0.0189156
122 0.0187962
123 0.0187424
124 0.0186682
125 0.0185636
126 0.0185018
127 0.018386
128 0.0183327
129 0.01823
130 0.018186
131 0.0180259
132 0.0179989
133 0.017958
134 0.0178492
135 0.0177785
136 0.017705
137 0.0176529
138 0.0175497
139 0.0174716
140 0.0173984
141 0.0172752
142 0.0172418
143 0.0171942
144 0.017157
145 0.0170682
146 0.0169604
147 0.0169263
148 0.0168718
149 0.0168318
150 0.0167549
151 0.0166519
152 0.0166375
153 0.016529
154 0.0164458
155 0.0164106
156 0.0163664
157 0.0162538
158 0.0162404
159 0.0162228
160 0.0161602
161 0.0160347
162 0.0160275
163 0.0159287
164 0.0158308
165 0.0158537
166 0.0157563
167 0.0157085
168 0.0156765
169 0.0155904
170 0.0155264
171 0.0155252
172 0.0154668
173 0.0154362
174 0.0153555
175 0.0153064
176 0.0152859
177 0.0152045
178 0.0151471
179 0.0151016
180 0.0150605
181 0.015018
182 0.0149717
183 0.0149038
184 0.0148629
185 0.0148238
186 0.0147804
187 0.0147248
188 0.0146676
189 0.0146344
190 0.014596
191 0.0144897
192 0.0145197
193 0.0144456
194 0.0143989
195 0.0144032
196 0.0143052
197 0.01427
198 0.0142274
199 0.014194
200 0.0141739
201 0.0140746
202 0.0140651
203 0.0140319
204 0.0139866
205 0.0139416
206 0.0138806
207 0.0138537
208 0.0138091
209 0.0137675
210 0.0137462
211 0.0137017
212 0.0137037
213 0.0136394
214 0.0135818
215 0.0135435
216 0.0135155
217 0.0134566
218 0.0134603
219 0.013397
220 0.0133607
221 0.0133158
222 0.0132549
223 0.0132803
224 0.0132108
225 0.013158
226 0.0131663
227 0.0131196
228 0.0130688
229 0.0130841
230 0.0130296
231 0.0129641
232 0.0129245
233 0.0128969
234 0.0128761
235 0.0128405
236 0.0128172
237 0.012799
238 0.0127433
239 0.0127287
240 0.012659
241 0.0126518
242 0.0125968
243 0.0125822
244 0.0125586
245 0.0125354
246 0.0124695
247 0.0124377
248 0.0123903
249 0.0123875
250 0.0123659
251 0.0123312
252 0.012307
253 0.0123046
254 0.0122789
255 0.0121896
256 0.0121886
257 0.0121412
258 0.0121281
259 0.0121348
260 0.0120615
261 0.0120579
262 0.0120257
263 0.0119748
264 0.0119612
265 0.0119349
266 0.011936
267 0.0118978
268 0.0118554
269 0.0118179
270 0.0118033
271 0.011778
272 0.0117938
273 0.0117131
274 0.0117262
275 0.0116935
276 0.0116346
277 0.0116221
278 0.0116051
279 0.0115877
280 0.011521
281 0.0114976
282 0.0115257
283 0.0114779
284 0.0114648
285 0.011428
286 0.0113857
287 0.0113896
288 0.0113479
289 0.0113416
290 0.0113149
291 0.0112673
292 0.011282
293 0.0112618
294 0.0112135
295 0.0112112
296 0.0111846
297 0.0111292
298 0.0110919
299 0.0110766
300 0.0110758
