1 0.499971
2 0.535737
3 0.536389
4 0.551686
5 0.551521
6 0.55913
7 0.559116
8 0.563522
9 0.565138
10 0.567236
11 0.569765
12 0.571802
13 0.573249
14 0.574525
15 0.576166
16 0.5772
17 0.578476
18 0.57965
19 0.580296
20 0.581696
21 0.581691
22 0.582599
23 0.583076
24 0.583284
25 0.583971
26 0.584815
27 0.584898
28 0.586042
29 0.586618
30 0.586516
31 0.586687
32 0.587174
33 0.588699
34 0.588582
35 0.588803
36 0.5902
37 0.589137
38 0.589225
39 0.590462
40 0.589975
41 0.59135
42 0.590948
43 0.591899
44 0.590679
45 0.59041
46 0.591984
47 0.591812
48 0.592249
49 0.593021
50 0.593285
51 0.592576
52 0.59403
53 0.59316
54 0.592933
55 0.593468
56 0.593606
57 0.594948
58 0.594428
59 0.594779
60 0.594335
61 0.594718
62 0.594639
63 0.595315
64 0.595276
65 0.595217
66 0.596372
67 0.595965
68 0.595024
69 0.59524
70 0.595914
71 0.595911
72 0.596003
73 0.596316
74 0.595103
75 0.596082
76 0.597459
77 0.596558
78 0.596122
79 0.597342
80 0.597203
81 0.597179
82 0.598323
83 0.597402
84 0.597555
85 0.596778
86 0.597107
87 0.597713
88 0.596818
89 0.597918
90 0.597908
91 0.59761
92 0.597759
93 0.59884
94 0.597905
95 0.598692
96 0.597538
97 0.59803
98 0.599013
99 0.598489
100 0.599087
101 0.598609
102 0.598904
103 0.597806
104 0.599303
105 0.599579
106 0.598271
107 0.598188
108 0.598781
109 0.599054
110 0.599317
111 0.599047
112 0.599416
113 0.598688
114 0.599244
115 0.599419
116 0.599845
117 0.599582
118 0.59894
119 0.600159
120 0.599875
121 0.600183
122 0.599839
123 0.599049
124 0.599451
125 0.600139
126 0.600993
127 0.600347
128 0.600442
129 0.600284
130 0.600193
131 0.601226
132 0.600977
133 0.599912
134 0.600445
135 0.600491
136 0.600173
137 0.600309
138 0.600266
139 0.600328
140 0.600694
141 0.601123
142 0.601309
143 0.600568
144 0.600248
145 0.600544
146 0.601027
147 0.600565
148 0.600188
149 0.600577
150 0.601525
151 0.600786
152 0.60075
153 0.601253
154 0.601168
155 0.601031
156 0.601539
157 0.600831
158 0.601006
159 0.600907
160 0.601625
161 0.601993
162 0.600647
163 0.601211
164 0.601806
165 0.601385
166 0.601333
167 0.600674
168 0.601223
169 0.601644
170 0.600995
171 0.601848
172 0.60052
173 0.601076
174 0.601789
175 0.602355
176 0.602373
177 0.601396
178 0.601169
179 0.602011
180 0.601838
181 0.602044
182 0.602276
183 0.601641
184 0.601399
185 0.60233
186 0.601901
187 0.602777
188 0.602348
189 0.601897
190 0.601766
191 0.602405
192 0.601938
193 0.601931
194 0.602326
195 0.602413
196 0.603115
197 0.602672
198 0.601209
199 0.603065
200 0.601716
201 0.602435
202 0.602205
203 0.602194
204 0.602495
205 0.602217
206 0.602488
207 0.601652
208 0.602552
209 0.602108
210 0.602365
211 0.602393
212 0.602253
213 0.602502
214 0.602747
215 0.603086
216 0.602936
217 0.602539
218 0.602893
219 0.603173
220 0.601914
221 0.602647
222 0.602794
223 0.602764
224 0.602558
225 0.603166
226 0.603004
227 0.60362
228 0.602315
229 0.602608
230 0.602106
231 0.602576
232 0.603417
233 0.603763
234 0.603462
235 0.603526
236 0.60356
237 0.602762
238 0.602667
239 0.602844
240 0.604104
241 0.603161
242 0.603467
243 0.602921
244 0.602861
245 0.603136
246 0.603188
247 0.603182
248 0.60284
249 0.603434
250 0.603452
251 0.60394
252 0.602718
253 0.603202
254 0.603502
255 0.602828
256 0.602546
257 0.603566
258 0.603026
259 0.603496
260 0.603832
261 0.603447
262 0.60395
263 0.602921
264 0.603458
265 0.603232
266 0.604151
267 0.60237
268 0.603457
269 0.60387
270 0.603449
271 0.602342
272 0.603095
273 0.604238
274 0.603188
275 0.603501
276 0.603151
277 0.603703
278 0.603051
279 0.603196
280 0.603025
281 0.603303
282 0.603493
283 0.603326
284 0.603008
285 0.604645
286 0.603843
287 0.60412
288 0.604036
289 0.603316
290 0.603749
291 0.60347
292 0.603526
293 0.603368
294 0.603966
295 0.602764
296 0.603639
297 0.603669
298 0.603691
299 0.604226
300 0.603366
