1 0.500444
2 0.609099
3 0.608828
4 0.657882
5 0.657155
6 0.683691
7 0.689252
8 0.701261
9 0.710028
10 0.716737
11 0.727369
12 0.733603
13 0.738503
14 0.746157
15 0.750509
16 0.755763
17 0.759204
18 0.764488
19 0.767774
20 0.77315
21 0.774755
22 0.778096
23 0.780992
24 0.784017
25 0.787596
26 0.78997
27 0.792
28 0.794199
29 0.797032
30 0.799262
31 0.801327
32 0.803451
33 0.805186
34 0.807325
35 0.808855
36 0.810903
37 0.81228
38 0.814347
39 0.816617
40 0.818054
41 0.819616
42 0.820864
43 0.82223
44 0.824098
45 0.825092
46 0.826956
47 0.827767
48 0.829059
49 0.830382
50 0.83197
51 0.832515
52 0.83353
53 0.834713
54 0.836229
55 0.837037
56 0.838156
57 0.83943
58 0.840142
59 0.841488
60 0.841901
61 0.842677
62 0.844297
63 0.844535
64 0.845805
65 0.847224
66 0.847381
67 0.848309
68 0.84913
69 0.850451
70 0.850398
71 0.851399
72 0.852071
73 0.852264
74 0.852578
75 0.854355
76 0.855102
77 0.855075
78 0.856243
79 0.85682
80 0.857909
81 0.858039
82 0.859215
83 0.859542
84 0.860133
85 0.860882
86 0.861022
87 0.86242
88 0.862578
89 0.863397
90 0.86319
91 0.863709
92 0.864752
93 0.86533
94 0.865717
95 0.865943
96 0.866613
97 0.866857
98 0.868016
99 0.868287
100 0.868895
101 0.868977
102 0.869466
103 0.870211
104 0.870625
105 0.871358
106 0.871776
107 0.871623
108 0.872521
109 0.873105
110 0.873473
111 0.873609
112 0.874428
113 0.874919
114 0.875721
115 0.875399
116 0.875915
117 0.87675
118 0.876307
119 0.877028
120 0.877551
121 0.877886
122 0.87864
123 0.878529
124 0.878953
125 0.879059
126 0.87926
127 0.880111
128 0.880139
129 0.880653
130 0.880774
131 0.882005
132 0.881343
133 0.881893
134 0.882566
135 0.883177
136 0.882886
137 0.883035
138 0.883901
139 0.883845
140 0.884632
141 0.885103
142 0.885411
143 0.885484
144 0.885469
145 0.885829
146 0.886202
147 0.886382
148 0.88665
149 0.886979
150 0.887167
151 0.888243
152 0.887713
153 0.888447
154 0.888566
155 0.888996
156 0.88888
157 0.889489
158 0.889519
159 0.889635
160 0.890068
161 0.890418
162 0.890608
163 0.891009
164 0.891719
165 0.891273
166 0.891539
167 0.892038
168 0.891674
169 0.892414
170 0.892812
171 0.892586
172 0.893603
173 0.893352
174 0.893871
175 0.893641
176 0.89411
177 0.894443
178 0.894597
179 0.894912
180 0.894865
181 0.895177
182 0.895599
183 0.895851
184 0.895755
185 0.896436
186 0.896079
187 0.896772
188 0.896969
189 0.896807
190 0.896975
191 0.8977
192 0.896975
193 0.897743
194 0.897841
195 0.897599
196 0.898614
197 0.89874
198 0.898794
199 0.898855
200 0.898659
201 0.899713
202 0.899664
203 0.899728
204 0.899831
205 0.900373
206 0.900636
207 0.90034
208 0.900759
209 0.900914
210 0.900978
211 0.901297
212 0.901124
213 0.901772
214 0.90172
215 0.902116
216 0.902414
217 0.902546
218 0.902427
219 0.90271
220 0.902749
221 0.903486
222 0.903351
223 0.903359
224 0.903488
225 0.90403
226 0.903793
227 0.904381
228 0.904308
229 0.904251
230 0.904581
231 0.904447
232 0.905283
233 0.90524
234 0.904943
235 0.905515
236 0.905606
237 0.905691
238 0.906056
239 0.905834
240 0.906626
241 0.906432
242 0.906606
243 0.906683
244 0.906716
245 0.906919
246 0.907034
247 0.907672
248 0.907674
249 0.907751
250 0.907661
251 0.907735
252 0.907601
253 0.907932
254 0.908151
255 0.9087
256 0.908587
257 0.9091
258 0.909443
259 0.908672
260 0.909385
261 0.908955
262 0.909422
263 0.909565
264 0.909804
265 0.909934
266 0.909732
267 0.909959
268 0.910336
269 0.9104
270 0.91025
271 0.910517
272 0.910537
273 0.910921
274 0.910831
275 0.911237
276 0.911378
277 0.911522
278 0.911225
279 0.911472
280 0.911542
281 0.912149
282 0.911562
283 0.912114
284 0.911854
285 0.912441
286 0.912841
287 0.91268
288 0.912666
289 0.912739
290 0.913206
291 0.913229
292 0.912912
293 0.913137
294 0.9138
295 0.913351
296 0.913776
297 0.914048
298 0.913971
299 0.914048
300 0.914054
