1 0.500444
2 0.554771
3 0.572598
4 0.593335
5 0.605804
6 0.619287
7 0.629915
8 0.638336
9 0.64599
10 0.653292
11 0.659754
12 0.666515
13 0.671594
14 0.676887
15 0.682109
16 0.686565
17 0.690958
18 0.694944
19 0.698727
20 0.702665
21 0.705628
22 0.708567
23 0.7121
24 0.714907
25 0.718544
26 0.720899
27 0.723172
28 0.725899
29 0.728045
30 0.730455
31 0.732886
32 0.734925
33 0.73749
34 0.739241
35 0.740959
36 0.743212
37 0.744955
38 0.746891
39 0.749206
40 0.750378
41 0.752377
42 0.754081
43 0.755601
44 0.757173
45 0.758262
46 0.760481
47 0.761404
48 0.763136
49 0.764578
50 0.766135
51 0.767069
52 0.768128
53 0.769728
54 0.771098
55 0.772174
56 0.77349
57 0.774754
58 0.775702
59 0.777229
60 0.777741
61 0.779035
62 0.78045
63 0.781183
64 0.782428
65 0.783633
66 0.784336
67 0.785064
68 0.786193
69 0.787586
70 0.787919
71 0.788919
72 0.789934
73 0.790385
74 0.790856
75 0.792583
76 0.79347
77 0.793539
78 0.794891
79 0.795912
80 0.796835
81 0.797228
82 0.798529
83 0.798808
84 0.799629
85 0.800421
86 0.800878
87 0.801848
88 0.802508
89 0.803199
90 0.803509
91 0.804105
92 0.805213
93 0.805788
94 0.806296
95 0.807152
96 0.807772
97 0.808104
98 0.809166
99 0.809795
100 0.810589
101 0.810788
102 0.81157
103 0.812181
104 0.812554
105 0.813421
106 0.81413
107 0.813973
108 0.815195
109 0.815753
110 0.815989
111 0.816336
112 0.817203
113 0.81788
114 0.818743
115 0.818596
116 0.819366
117 0.82006
118 0.820182
119 0.820884
120 0.821411
121 0.821866
122 0.822476
123 0.822665
124 0.823102
125 0.823552
126 0.82394
127 0.824714
128 0.824837
129 0.825382
130 0.825566
131 0.826894
132 0.826549
133 0.827102
134 0.827746
135 0.828366
136 0.82842
137 0.828631
138 0.829451
139 0.829625
140 0.830246
141 0.830976
142 0.831223
143 0.831596
144 0.831638
145 0.832056
146 0.832649
147 0.832876
148 0.833237
149 0.833534
150 0.833894
151 0.834829
152 0.834671
153 0.835394
154 0.835697
155 0.836007
156 0.836049
157 0.836846
158 0.837086
159 0.837049
160 0.837557
161 0.838073
162 0.838301
163 0.838879
164 0.839667
165 0.839239
166 0.839696
167 0.840103
168 0.840074
169 0.840658
170 0.841469
171 0.841168
172 0.841752
173 0.84197
174 0.842575
175 0.842452
176 0.842745
177 0.843357
178 0.843565
179 0.843867
180 0.844045
181 0.844248
182 0.844811
183 0.845016
184 0.845117
185 0.845604
186 0.8455
187 0.846375
188 0.846644
189 0.846671
190 0.846889
191 0.847727
192 0.847039
193 0.847824
194 0.847994
195 0.847771
196 0.849011
197 0.849005
198 0.849277
199 0.849464
200 0.849301
201 0.850329
202 0.850279
203 0.850291
204 0.850564
205 0.851438
206 0.851609
207 0.851466
208 0.85184
209 0.852119
210 0.852099
211 0.852518
212 0.852648
213 0.853144
214 0.853263
215 0.853549
216 0.853903
217 0.854167
218 0.854199
219 0.854652
220 0.85467
221 0.855208
222 0.855411
223 0.85533
224 0.855733
225 0.856172
226 0.856042
227 0.856514
228 0.856834
229 0.856665
230 0.857023
231 0.85715
232 0.857798
233 0.857691
234 0.857779
235 0.858185
236 0.858263
237 0.858471
238 0.858887
239 0.858796
240 0.859521
241 0.859558
242 0.859803
243 0.859955
244 0.860065
245 0.860242
246 0.860636
247 0.86108
248 0.861247
249 0.861225
250 0.861302
251 0.8616
252 0.861664
253 0.861731
254 0.861991
255 0.86259
256 0.862608
257 0.862843
258 0.863216
259 0.862709
260 0.863195
261 0.862981
262 0.863428
263 0.86387
264 0.863875
265 0.864251
266 0.864103
267 0.864256
268 0.864644
269 0.864935
270 0.864854
271 0.865122
272 0.865035
273 0.865578
274 0.865574
275 0.865911
276 0.866226
277 0.866358
278 0.866265
279 0.866423
280 0.866933
281 0.867286
282 0.866713
283 0.867358
284 0.867185
285 0.867709
286 0.868193
287 0.868008
288 0.86801
289 0.868175
290 0.868417
291 0.86874
292 0.868448
293 0.86894
294 0.869524
295 0.869091
296 0.869436
297 0.869818
298 0.869932
299 0.870009
300 0.869922
