1 0.608327
2 0.608976
3 0.652712
4 0.657951
5 0.680353
6 0.689262
7 0.70051
8 0.710419
9 0.715546
10 0.723065
11 0.731821
12 0.736161
13 0.744421
14 0.748506
15 0.753154
16 0.75873
17 0.762281
18 0.765893
19 0.770684
20 0.774412
21 0.776289
22 0.779902
23 0.782638
24 0.785163
25 0.789016
26 0.790815
27 0.792908
28 0.795057
29 0.798165
30 0.799711
31 0.802581
32 0.803949
33 0.806199
34 0.808074
35 0.809682
36 0.811293
37 0.813052
38 0.814761
39 0.817234
40 0.818417
41 0.820019
42 0.821267
43 0.822806
44 0.824444
45 0.825474
46 0.827259
47 0.828179
48 0.8294
49 0.830835
50 0.832169
51 0.832581
52 0.833807
53 0.835117
54 0.836402
55 0.837323
56 0.838434
57 0.839811
58 0.840379
59 0.841697
60 0.841948
61 0.843077
62 0.844497
63 0.844778
64 0.845973
65 0.847478
66 0.84751
67 0.848552
68 0.849287
69 0.850609
70 0.850643
71 0.851655
72 0.852224
73 0.852504
74 0.852799
75 0.854488
76 0.855235
77 0.855214
78 0.856386
79 0.856993
80 0.858073
81 0.858276
82 0.859381
83 0.859659
84 0.860204
85 0.860947
86 0.861187
87 0.86262
88 0.862688
89 0.863512
90 0.863363
91 0.863885
92 0.864954
93 0.865529
94 0.865778
95 0.866056
96 0.86667
97 0.866916
98 0.868077
99 0.86838
100 0.869138
101 0.869052
102 0.869664
103 0.870395
104 0.870701
105 0.871528
106 0.871843
107 0.871687
108 0.87237
109 0.87318
110 0.873537
111 0.873815
112 0.874529
113 0.875031
114 0.875786
115 0.875461
116 0.875963
117 0.876817
118 0.876492
119 0.877097
120 0.877653
121 0.878006
122 0.878726
123 0.878522
124 0.879053
125 0.879115
126 0.879359
127 0.880189
128 0.880194
129 0.880822
130 0.880829
131 0.88211
132 0.881469
133 0.882042
134 0.882613
135 0.88327
136 0.882912
137 0.883114
138 0.883991
139 0.883967
140 0.884637
141 0.885184
142 0.88546
143 0.885535
144 0.885572
145 0.885889
146 0.886298
147 0.886528
148 0.886665
149 0.887065
150 0.887109
151 0.888288
152 0.887753
153 0.888593
154 0.888559
155 0.889044
156 0.888889
157 0.889578
158 0.889579
159 0.889639
160 0.890079
161 0.890488
162 0.89062
163 0.89111
164 0.891695
165 0.891258
166 0.89153
167 0.892039
168 0.891647
169 0.892418
170 0.892869
171 0.892618
172 0.893628
173 0.893444
174 0.89392
175 0.893686
176 0.89422
177 0.894472
178 0.89458
179 0.894897
180 0.894934
181 0.89519
182 0.895688
183 0.895831
184 0.895808
185 0.896489
186 0.896131
187 0.896804
188 0.896967
189 0.896782
190 0.896973
191 0.897758
192 0.896996
193 0.897765
194 0.897778
195 0.897673
196 0.898648
197 0.898749
198 0.898854
199 0.898839
200 0.898699
201 0.899723
202 0.899697
203 0.899731
204 0.899862
205 0.900369
206 0.900612
207 0.900428
208 0.900781
209 0.900921
210 0.901003
211 0.901349
212 0.901228
213 0.901788
214 0.901771
215 0.902176
216 0.902395
217 0.902497
218 0.902479
219 0.902797
220 0.902784
221 0.903485
222 0.903374
223 0.903377
224 0.903466
225 0.904027
226 0.903849
227 0.904417
228 0.904351
229 0.904341
230 0.904548
231 0.904514
232 0.905276
233 0.905311
234 0.904965
235 0.90549
236 0.905589
237 0.905739
238 0.906078
239 0.90586
240 0.90663
241 0.906478
242 0.906609
243 0.906672
244 0.906677
245 0.906905
246 0.907084
247 0.907674
248 0.907631
249 0.907758
250 0.907641
251 0.907754
252 0.907617
253 0.907961
254 0.90821
255 0.908707
256 0.908634
257 0.909152
258 0.90949
259 0.908752
260 0.909378
261 0.908959
262 0.909443
263 0.909585
264 0.909803
265 0.90999
266 0.90977
267 0.910057
268 0.910354
269 0.910397
270 0.910271
271 0.910581
272 0.910532
273 0.910983
274 0.910836
275 0.911225
276 0.911394
277 0.911595
278 0.91123
279 0.911468
280 0.911543
281 0.912169
282 0.911578
283 0.912109
284 0.911921
285 0.912485
286 0.912873
287 0.912672
288 0.912649
289 0.912742
290 0.913192
291 0.913212
292 0.912941
293 0.913115
294 0.913785
295 0.913336
296 0.913731
297 0.914063
298 0.913972
299 0.914043
300 0.914042
