1 0.5
2 0.498722
3 0.498675
4 0.497322
5 0.497339
6 0.496492
7 0.496494
8 0.495949
9 0.495739
10 0.495459
11 0.49511
12 0.494818
13 0.494606
14 0.494415
15 0.494165
16 0.494005
17 0.493804
18 0.493616
19 0.493511
20 0.493281
21 0.493282
22 0.493131
23 0.493051
24 0.493016
25 0.492899
26 0.492754
27 0.49274
28 0.492542
29 0.492441
30 0.492459
31 0.492429
32 0.492343
33 0.49207
34 0.492091
35 0.492051
36 0.491797
37 0.491991
38 0.491975
39 0.491749
40 0.491838
41 0.491585
42 0.491659
43 0.491483
44 0.491709
45 0.491759
46 0.491467
47 0.491499
48 0.491417
49 0.491272
50 0.491221
51 0.491356
52 0.491079
53 0.491245
54 0.491288
55 0.491187
56 0.49116
57 0.490903
58 0.491003
59 0.490935
60 0.491021
61 0.490947
62 0.490962
63 0.490832
64 0.490839
65 0.490851
66 0.490625
67 0.490705
68 0.490888
69 0.490846
70 0.490715
71 0.490715
72 0.490697
73 0.490636
74 0.490873
75 0.490682
76 0.49041
77 0.490589
78 0.490674
79 0.490434
80 0.490461
81 0.490466
82 0.490238
83 0.490422
84 0.490391
85 0.490545
86 0.49048
87 0.49036
88 0.490537
89 0.490319
90 0.490321
91 0.49038
92 0.490351
93 0.490134
94 0.490322
95 0.490164
96 0.490395
97 0.490297
98 0.490099
99 0.490205
100 0.490084
101 0.490181
102 0.490121
103 0.490341
104 0.49004
105 0.489984
106 0.490248
107 0.490265
108 0.490146
109 0.490091
110 0.490037
111 0.490092
112 0.490017
113 0.490165
114 0.490052
115 0.490017
116 0.48993
117 0.489984
118 0.490114
119 0.489866
120 0.489924
121 0.489861
122 0.489931
123 0.490092
124 0.49001
125 0.48987
126 0.489695
127 0.489828
128 0.489808
129 0.489841
130 0.489859
131 0.489647
132 0.489698
133 0.489917
134 0.489808
135 0.489798
136 0.489863
137 0.489835
138 0.489844
139 0.489832
140 0.489756
141 0.489668
142 0.48963
143 0.489782
144 0.489848
145 0.489787
146 0.489688
147 0.489783
148 0.48986
149 0.48978
150 0.489585
151 0.489738
152 0.489745
153 0.489641
154 0.489659
155 0.489687
156 0.489582
157 0.489728
158 0.489692
159 0.489713
160 0.489564
161 0.489487
162 0.489766
163 0.48965
164 0.489526
165 0.489614
166 0.489625
167 0.489761
168 0.489647
169 0.48956
170 0.489694
171 0.489518
172 0.489792
173 0.489678
174 0.48953
175 0.489412
176 0.489408
177 0.489612
178 0.489658
179 0.489484
180 0.48952
181 0.489477
182 0.489428
183 0.489561
184 0.489611
185 0.489417
186 0.489507
187 0.489323
188 0.489413
189 0.489507
190 0.489535
191 0.489401
192 0.489499
193 0.4895
194 0.489418
195 0.4894
196 0.489252
197 0.489346
198 0.48965
199 0.489263
200 0.489545
201 0.489395
202 0.489443
203 0.489446
204 0.489383
205 0.489441
206 0.489384
207 0.489558
208 0.489371
209 0.489464
210 0.48941
211 0.489404
212 0.489433
213 0.489381
214 0.48933
215 0.489258
216 0.48929
217 0.489373
218 0.489299
219 0.48924
220 0.489504
221 0.489351
222 0.48932
223 0.489326
224 0.489369
225 0.489242
226 0.489276
227 0.489146
228 0.48942
229 0.489359
230 0.489464
231 0.489366
232 0.489189
233 0.489115
234 0.489179
235 0.489166
236 0.489158
237 0.489327
238 0.489347
239 0.489309
240 0.489043
241 0.489243
242 0.489178
243 0.489293
244 0.489306
245 0.489248
246 0.489237
247 0.489238
248 0.48931
249 0.489185
250 0.489181
251 0.489078
252 0.489336
253 0.489234
254 0.489171
255 0.489313
256 0.489372
257 0.489157
258 0.489271
259 0.489172
260 0.489101
261 0.489182
262 0.489076
263 0.489293
264 0.48918
265 0.489228
266 0.489033
267 0.489409
268 0.48918
269 0.489093
270 0.489182
271 0.489415
272 0.489257
273 0.489014
274 0.489237
275 0.489171
276 0.489245
277 0.489128
278 0.489266
279 0.489235
280 0.489271
281 0.489213
282 0.489173
283 0.489208
284 0.489275
285 0.488927
286 0.489098
287 0.489039
288 0.489057
289 0.48921
290 0.489118
291 0.489177
292 0.489166
293 0.489199
294 0.489072
295 0.489326
296 0.489142
297 0.489135
298 0.489131
299 0.489017
300 0.489199
