1 0.10816
2 0.0722964
3 0.0724791
4 0.057205
5 0.0574581
6 0.0496147
7 0.0482942
8 0.0445934
9 0.0423835
10 0.0405532
11 0.037776
12 0.0362936
13 0.0350057
14 0.0332303
15 0.0320112
16 0.0308565
17 0.0299777
18 0.0288743
19 0.0281797
20 0.0268153
21 0.0264414
22 0.0256417
23 0.0250896
24 0.0244155
25 0.0237242
26 0.023183
27 0.0227881
28 0.0223705
29 0.0217502
30 0.0212748
31 0.0209218
32 0.0204324
33 0.0201621
34 0.0197122
35 0.0193912
36 0.0190487
37 0.0187195
38 0.0183413
39 0.0179326
40 0.0176882
41 0.0173855
42 0.017121
43 0.0169085
44 0.0165941
45 0.0163899
46 0.0161017
47 0.0158901
48 0.0156829
49 0.0154906
50 0.0152432
51 0.0150833
52 0.0148884
53 0.0146902
54 0.0145219
55 0.0143516
56 0.0141401
57 0.0139601
58 0.0138517
59 0.0136429
60 0.0135491
61 0.013431
62 0.0132356
63 0.0131
64 0.0128979
65 0.0127257
66 0.0127066
67 0.0125162
68 0.012389
69 0.012177
70 0.0121805
71 0.0120513
72 0.011909
73 0.0118693
74 0.0118296
75 0.0115962
76 0.0114724
77 0.0114314
78 0.0113311
79 0.0111921
80 0.0110644
81 0.0110297
82 0.0108742
83 0.0108181
84 0.0107099
85 0.0106475
86 0.0105687
87 0.0104565
88 0.0103821
89 0.0102402
90 0.010249
91 0.010209
92 0.0100598
93 0.0099777
94 0.00991188
95 0.00987013
96 0.00977537
97 0.00970699
98 0.00962355
99 0.00956886
100 0.00949498
101 0.00949762
102 0.00938396
103 0.00932242
104 0.0092383
105 0.00915064
106 0.00910574
107 0.00910488
108 0.00902317
109 0.00892061
110 0.00888647
111 0.008824
112 0.00876999
113 0.00871304
114 0.00861417
115 0.00860455
116 0.00855809
117 0.00849412
118 0.0084802
119 0.00838072
120 0.00832684
121 0.00829914
122 0.00820965
123 0.00819667
124 0.00817031
125 0.00811461
126 0.00810115
127 0.00798921
128 0.00798444
129 0.00792739
130 0.00790252
131 0.00779861
132 0.00782644
133 0.00781249
134 0.00771544
135 0.00766911
136 0.00765801
137 0.00761254
138 0.00754919
139 0.00750401
140 0.0074549
141 0.00738256
142 0.00736471
143 0.00735802
144 0.00735755
145 0.00729673
146 0.00723421
147 0.0072036
148 0.00720639
149 0.00714856
150 0.0071334
151 0.0070277
152 0.00707675
153 0.0069946
154 0.00695458
155 0.00692993
156 0.00690374
157 0.00685943
158 0.00687477
159 0.00685346
160 0.00681077
161 0.00673072
162 0.00673203
163 0.00668277
164 0.00660783
165 0.00664908
166 0.00658873
167 0.00656559
168 0.00657566
169 0.00648426
170 0.00648204
171 0.00649088
172 0.00643079
173 0.00643682
174 0.00638427
175 0.00638242
176 0.00636184
177 0.00631585
178 0.00628309
179 0.0062497
180 0.00624443
181 0.00621033
182 0.00617298
183 0.00614827
184 0.00613112
185 0.00609322
186 0.00610655
187 0.00605447
188 0.00601489
189 0.00602282
190 0.00600022
191 0.00592552
192 0.0059696
193 0.00593311
194 0.00589342
195 0.00591861
196 0.00584988
197 0.00582878
198 0.00580927
199 0.00581126
200 0.00580221
201 0.00571941
202 0.00572597
203 0.00569125
204 0.00568556
205 0.00565274
206 0.00563016
207 0.00561535
208 0.00559334
209 0.00557894
210 0.00556726
211 0.00555327
212 0.0055652
213 0.00550389
214 0.00548803
215 0.00544507
216 0.00545458
217 0.00542716
218 0.00544819
219 0.00540314
220 0.00537699
221 0.00534769
222 0.00532887
223 0.00534419
224 0.00532152
225 0.00526925
226 0.00529497
227 0.00523716
228 0.00522529
229 0.00524583
230 0.00521986
231 0.00518328
232 0.00515202
233 0.00513073
234 0.00515664
235 0.0051087
236 0.00509656
237 0.00508773
238 0.00506369
239 0.00506826
240 0.00501723
241 0.00502791
242 0.00499209
243 0.00498422
244 0.00498383
245 0.0049672
246 0.00493003
247 0.00490386
248 0.00488617
249 0.00488027
250 0.00489235
251 0.00487839
252 0.00487128
253 0.0048695
254 0.00485213
255 0.00478174
256 0.00480139
257 0.00475865
258 0.00475708
259 0.00478594
260 0.00472448
261 0.00473952
262 0.00471818
263 0.00470602
264 0.0046709
265 0.00467649
266 0.00469361
267 0.00466052
268 0.00462324
269 0.00461215
270 0.00461984
271 0.00461018
272 0.00461357
273 0.00457105
274 0.00458643
275 0.00456006
276 0.00453275
277 0.0045209
278 0.00453021
279 0.0045179
280 0.00449247
281 0.00446138
282 0.00450386
283 0.00447159
284 0.00446517
285 0.00442757
286 0.00440636
287 0.0044382
288 0.00438649
289 0.00440118
290 0.00437401
291 0.00434098
292 0.00437989
293 0.00438272
294 0.00433259
295 0.00433837
296 0.0043248
297 0.00428691
298 0.00426949
299 0.00426459
300 0.00427118
