1 0.0724942
2 0.119018
3 0.0588499
4 0.0736175
5 0.0504081
6 0.0568477
7 0.0448985
8 0.0475579
9 0.0460418
10 0.0423553
11 0.036645
12 0.0402211
13 0.0342586
14 0.0343003
15 0.0330744
16 0.03199
17 0.0292668
18 0.0306961
19 0.0275071
20 0.0276454
21 0.027197
22 0.0258822
23 0.0253277
24 0.0253198
25 0.0234174
26 0.0234246
27 0.0231764
28 0.0229075
29 0.0215264
30 0.0218811
31 0.0206876
32 0.0207902
33 0.0204673
34 0.0197823
35 0.0192372
36 0.0195008
37 0.0186754
38 0.0185629
39 0.018043
40 0.0178895
41 0.0173215
42 0.0173662
43 0.0169463
44 0.0167993
45 0.0164707
46 0.0161611
47 0.015825
48 0.0159314
49 0.0154235
50 0.0152963
51 0.0152224
52 0.014975
53 0.0147085
54 0.0146621
55 0.0142993
56 0.0142145
57 0.0139925
58 0.0139552
59 0.0136151
60 0.0136996
61 0.0133743
62 0.0132476
63 0.013159
64 0.0129482
65 0.012743
66 0.0127894
67 0.0124782
68 0.0124624
69 0.012203
70 0.0121905
71 0.012017
72 0.0119986
73 0.0118752
74 0.0118343
75 0.011615
76 0.011516
77 0.0114122
78 0.0113963
79 0.0111992
80 0.0110819
81 0.0110279
82 0.0108798
83 0.0108314
84 0.0107647
85 0.0106386
86 0.0105903
87 0.010462
88 0.0104215
89 0.0102335
90 0.0102772
91 0.0101896
92 0.0100778
93 0.0100064
94 0.00992103
95 0.00985666
96 0.00980334
97 0.00969943
98 0.00964868
99 0.00957901
100 0.00951467
101 0.00948851
102 0.00938791
103 0.00931868
104 0.00925292
105 0.00916074
106 0.00910681
107 0.0091027
108 0.00907821
109 0.00892114
110 0.0088904
111 0.00881894
112 0.00877902
113 0.0087058
114 0.00864695
115 0.0085992
116 0.00856879
117 0.00849588
118 0.00848538
119 0.00837225
120 0.00834822
121 0.00829423
122 0.00820665
123 0.00821667
124 0.00817329
125 0.00810795
126 0.00811612
127 0.00798362
128 0.0080003
129 0.00792302
130 0.00790499
131 0.00779777
132 0.00783617
133 0.00780659
134 0.00771323
135 0.0076712
136 0.0076597
137 0.00760613
138 0.00756542
139 0.00749639
140 0.00746332
141 0.00738373
142 0.00737515
143 0.0073588
144 0.00736637
145 0.00728827
146 0.00723071
147 0.00719922
148 0.00721474
149 0.00714885
150 0.00714577
151 0.00702284
152 0.00708346
153 0.0069973
154 0.00695616
155 0.00692268
156 0.00691865
157 0.00685249
158 0.00687665
159 0.00685878
160 0.00681714
161 0.00672589
162 0.00674018
163 0.0066795
164 0.00661804
165 0.00665425
166 0.00659261
167 0.00656328
168 0.00659076
169 0.00648043
170 0.00648514
171 0.0064917
172 0.00643522
173 0.00643537
174 0.00638849
175 0.00638156
176 0.00635725
177 0.00632126
178 0.00629004
179 0.00624557
180 0.00624897
181 0.00621056
182 0.00616847
183 0.00615417
184 0.00613654
185 0.00609039
186 0.00611105
187 0.0060521
188 0.00602191
189 0.0060268
190 0.00600196
191 0.00592325
192 0.00597463
193 0.00593005
194 0.00589562
195 0.00591959
196 0.00585542
197 0.00583152
198 0.00581559
199 0.00580827
200 0.00580231
201 0.0057215
202 0.00572726
203 0.00569105
204 0.00569078
205 0.00565632
206 0.00563107
207 0.00560977
208 0.00559919
209 0.00557726
210 0.00557007
211 0.00555057
212 0.00556654
213 0.00550634
214 0.00548686
215 0.0054404
216 0.0054614
217 0.00543159
218 0.00544617
219 0.00540024
220 0.0053806
221 0.00534709
222 0.00533265
223 0.00534409
224 0.00532285
225 0.00527176
226 0.00529561
227 0.00523481
228 0.00523042
229 0.005241
230 0.00522465
231 0.00518231
232 0.00515417
233 0.00513125
234 0.00515713
235 0.00510983
236 0.00509986
237 0.00508846
238 0.00506557
239 0.00506585
240 0.00502062
241 0.00502635
242 0.00499454
243 0.00498841
244 0.00498974
245 0.00496733
246 0.00492738
247 0.0049048
248 0.00489148
249 0.00488168
250 0.00489428
251 0.00487843
252 0.00487395
253 0.00486889
254 0.00485067
255 0.00478183
256 0.0047993
257 0.00475364
258 0.00475826
259 0.00478239
260 0.00472741
261 0.00474262
262 0.00471756
263 0.00470793
264 0.00467591
265 0.00467249
266 0.00469346
267 0.00465677
268 0.00462419
269 0.00461001
270 0.00461879
271 0.00460497
272 0.00461507
273 0.00456754
274 0.00458884
275 0.00455988
276 0.00453684
277 0.00451977
278 0.00453386
279 0.00451799
280 0.00449351
281 0.0044615
282 0.00450606
283 0.0044706
284 0.00446502
285 0.00442506
286 0.00440577
287 0.0044381
288 0.00439013
289 0.00440094
290 0.00437726
291 0.00434264
292 0.00438234
293 0.00438214
294 0.00433458
295 0.00433958
296 0.00432539
297 0.00428637
298 0.0042703
299 0.00426557
300 0.00427658
