1 0.5
2 0.365175
3 0.31407
4 0.282547
5 0.263387
6 0.249211
7 0.238656
8 0.230826
9 0.224131
10 0.218844
11 0.214146
12 0.210286
13 0.206955
14 0.203902
15 0.201443
16 0.199163
17 0.197074
18 0.195289
19 0.19384
20 0.192316
21 0.190621
22 0.189569
23 0.188523
24 0.187359
25 0.186334
26 0.185455
27 0.184554
28 0.183584
29 0.18307
30 0.182164
31 0.18153
32 0.180769
33 0.180266
34 0.179772
35 0.179089
36 0.178375
37 0.178086
38 0.17768
39 0.177291
40 0.176968
41 0.176501
42 0.176021
43 0.175717
44 0.175534
45 0.175095
46 0.174749
47 0.1744
48 0.174074
49 0.173807
50 0.173654
51 0.173282
52 0.173017
53 0.17276
54 0.17241
55 0.172204
56 0.171993
57 0.171958
58 0.171705
59 0.171332
60 0.171102
61 0.171001
62 0.170756
63 0.170457
64 0.170033
65 0.170317
66 0.170037
67 0.169816
68 0.169729
69 0.16963
70 0.169424
71 0.169193
72 0.168919
73 0.168726
74 0.168732
75 0.168572
76 0.168581
77 0.168407
78 0.168433
79 0.16827
80 0.168093
81 0.167921
82 0.167802
83 0.167749
84 0.167581
85 0.167473
86 0.167377
87 0.167332
88 0.167215
89 0.167125
90 0.166977
91 0.167033
92 0.16682
93 0.166764
94 0.166628
95 0.166565
96 0.166439
97 0.166246
98 0.166402
99 0.166165
100 0.166167
101 0.165916
102 0.166061
103 0.16587
104 0.165828
105 0.165717
106 0.165671
107 0.165617
108 0.165411
109 0.165344
110 0.165405
111 0.165257
112 0.16518
113 0.165081
114 0.165067
115 0.165059
116 0.165047
117 0.16486
118 0.164932
119 0.164789
120 0.164719
121 0.164677
122 0.164602
123 0.164516
124 0.164498
125 0.164321
126 0.164273
127 0.164403
128 0.164307
129 0.164324
130 0.164136
131 0.16409
132 0.164216
133 0.16397
134 0.164039
135 0.163986
136 0.163918
137 0.163896
138 0.163763
139 0.163685
140 0.163692
141 0.163724
142 0.163633
143 0.163525
144 0.163438
145 0.163483
146 0.163523
147 0.163379
148 0.163368
149 0.163375
150 0.163239
151 0.163266
152 0.163143
153 0.163093
154 0.163134
155 0.163112
156 0.163023
157 0.163038
158 0.163049
159 0.162966
160 0.16296
161 0.162817
162 0.162815
163 0.162868
164 0.16281
165 0.162765
166 0.162588
167 0.162708
168 0.162627
169 0.162525
170 0.162631
171 0.162738
172 0.16247
173 0.162408
174 0.162399
175 0.162438
176 0.162382
177 0.16243
178 0.16235
179 0.162348
180 0.162258
181 0.162189
182 0.162192
183 0.162218
184 0.162203
185 0.162086
186 0.16209
187 0.162193
188 0.161919
189 0.162048
190 0.161932
191 0.161991
192 0.161813
193 0.161998
194 0.161962
195 0.162007
196 0.161929
197 0.161923
198 0.161756
199 0.161744
200 0.161705
201 0.16177
202 0.161687
203 0.161672
204 0.161592
205 0.161689
206 0.16158
207 0.161657
208 0.161587
209 0.16152
210 0.161505
211 0.161487
212 0.161466
213 0.161335
214 0.161468
215 0.161405
216 0.161446
217 0.161418
218 0.161318
219 0.161361
220 0.161293
221 0.161235
222 0.161235
223 0.161245
224 0.161205
225 0.161146
226 0.161192
227 0.161208
228 0.161098
229 0.16119
230 0.161046
231 0.16107
232 0.161082
233 0.161153
234 0.161053
235 0.161033
236 0.161011
237 0.160998
238 0.160884
239 0.161006
240 0.160943
241 0.160901
242 0.160886
243 0.160893
244 0.160881
245 0.16088
246 0.16083
247 0.160793
248 0.160807
249 0.160757
250 0.160815
251 0.160737
252 0.160753
253 0.160782
254 0.160697
255 0.160759
256 0.160674
257 0.160583
258 0.160636
259 0.16061
260 0.160552
261 0.160497
262 0.160515
263 0.160565
264 0.160551
265 0.160562
266 0.160515
267 0.160558
268 0.160512
269 0.160433
270 0.160433
271 0.160437
272 0.160438
273 0.160455
274 0.160414
275 0.160444
276 0.160368
277 0.160345
278 0.160268
279 0.160317
280 0.160338
281 0.160278
282 0.160313
283 0.160223
284 0.160268
285 0.160222
286 0.16025
287 0.160183
288 0.160176
289 0.160214
290 0.160214
291 0.160174
292 0.160201
293 0.160136
294 0.160083
295 0.160071
296 0.160099
297 0.160113
298 0.160036
299 0.160125
300 0.160004
