1 0.499971
2 0.518072
3 0.52365
4 0.53015
5 0.534321
6 0.538533
7 0.541585
8 0.544189
9 0.546609
10 0.54869
11 0.550655
12 0.552485
13 0.553981
14 0.555382
15 0.556891
16 0.558
17 0.559351
18 0.560267
19 0.561344
20 0.562454
21 0.563275
22 0.564016
23 0.565082
24 0.56559
25 0.566585
26 0.56724
27 0.567833
28 0.568461
29 0.568988
30 0.569732
31 0.570178
32 0.5707
33 0.571341
34 0.57182
35 0.572248
36 0.572739
37 0.573241
38 0.573621
39 0.574075
40 0.574485
41 0.5749
42 0.575303
43 0.575547
44 0.575961
45 0.576198
46 0.576666
47 0.576967
48 0.577289
49 0.577478
50 0.577764
51 0.578193
52 0.57837
53 0.578752
54 0.57908
55 0.57926
56 0.579681
57 0.579783
58 0.580006
59 0.580283
60 0.580461
61 0.580768
62 0.580967
63 0.581255
64 0.581454
65 0.581676
66 0.58178
67 0.582088
68 0.582329
69 0.582522
70 0.582597
71 0.582838
72 0.583006
73 0.583224
74 0.583273
75 0.583599
76 0.583742
77 0.583858
78 0.583949
79 0.584272
80 0.584408
81 0.584566
82 0.584727
83 0.584847
84 0.585045
85 0.585039
86 0.585277
87 0.585374
88 0.585541
89 0.5857
90 0.585779
91 0.58584
92 0.586046
93 0.586211
94 0.586296
95 0.586416
96 0.586589
97 0.586687
98 0.586769
99 0.586924
100 0.587066
101 0.58715
102 0.587277
103 0.587355
104 0.587484
105 0.587584
106 0.58769
107 0.587757
108 0.587892
109 0.588054
110 0.588094
111 0.588145
112 0.588337
113 0.588452
114 0.588525
115 0.588575
116 0.588712
117 0.588763
118 0.588855
119 0.588953
120 0.589047
121 0.589113
122 0.589257
123 0.589299
124 0.589377
125 0.589529
126 0.589579
127 0.589688
128 0.589742
129 0.589825
130 0.5899
131 0.590041
132 0.590077
133 0.590156
134 0.590247
135 0.590312
136 0.590381
137 0.590429
138 0.590508
139 0.590615
140 0.590693
141 0.590792
142 0.590811
143 0.590918
144 0.590933
145 0.590998
146 0.59113
147 0.591142
148 0.591195
149 0.591224
150 0.59128
151 0.591431
152 0.591434
153 0.591503
154 0.591607
155 0.591648
156 0.591678
157 0.591794
158 0.591807
159 0.591845
160 0.591881
161 0.591992
162 0.592019
163 0.592114
164 0.592232
165 0.592181
166 0.592315
167 0.592332
168 0.592383
169 0.5925
170 0.592505
171 0.592451
172 0.592564
173 0.592628
174 0.592694
175 0.59275
176 0.592754
177 0.592838
178 0.592904
179 0.592916
180 0.59299
181 0.593031
182 0.593028
183 0.593122
184 0.593179
185 0.593245
186 0.593234
187 0.593315
188 0.59338
189 0.593408
190 0.593486
191 0.593555
192 0.593524
193 0.593606
194 0.593582
195 0.593592
196 0.593721
197 0.593768
198 0.593807
199 0.593853
200 0.59387
201 0.593938
202 0.593944
203 0.594021
204 0.594053
205 0.594083
206 0.594165
207 0.594209
208 0.594224
209 0.594261
210 0.594251
211 0.594321
212 0.594338
213 0.594372
214 0.594454
215 0.594465
216 0.594509
217 0.594568
218 0.594577
219 0.594626
220 0.594665
221 0.594729
222 0.594777
223 0.594787
224 0.594811
225 0.594863
226 0.594859
227 0.594908
228 0.594965
229 0.594935
230 0.594962
231 0.595073
232 0.595108
233 0.595166
234 0.595149
235 0.595171
236 0.595222
237 0.595191
238 0.59525
239 0.595309
240 0.595363
241 0.59541
242 0.595426
243 0.595449
244 0.595475
245 0.595468
246 0.595561
247 0.595604
248 0.595663
249 0.595662
250 0.595647
251 0.595693
252 0.59573
253 0.595719
254 0.595744
255 0.595831
256 0.59582
257 0.595931
258 0.595902
259 0.595894
260 0.595957
261 0.595997
262 0.596015
263 0.596042
264 0.5961
265 0.596107
266 0.596088
267 0.596115
268 0.596179
269 0.59623
270 0.596234
271 0.596281
272 0.596222
273 0.596309
274 0.596296
275 0.596311
276 0.596402
277 0.596406
278 0.596415
279 0.596451
280 0.596507
281 0.596529
282 0.596495
283 0.596534
284 0.596534
285 0.596606
286 0.596644
287 0.596661
288 0.596691
289 0.596697
290 0.596714
291 0.596763
292 0.596757
293 0.596785
294 0.596816
295 0.596784
296 0.596831
297 0.596866
298 0.596941
299 0.596938
300 0.596959
