1 0.499581
2 0.517537
3 0.523611
4 0.530547
5 0.534072
6 0.538035
7 0.541014
8 0.544018
9 0.545862
10 0.547615
11 0.549579
12 0.551402
13 0.552738
14 0.554101
15 0.555484
16 0.556512
17 0.557639
18 0.558731
19 0.559606
20 0.560564
21 0.561385
22 0.562203
23 0.562978
24 0.563756
25 0.564425
26 0.565063
27 0.565742
28 0.566323
29 0.566904
30 0.56743
31 0.56798
32 0.568513
33 0.56903
34 0.569523
35 0.569954
36 0.570387
37 0.570804
38 0.571233
39 0.571649
40 0.572033
41 0.572389
42 0.572758
43 0.573098
44 0.573415
45 0.573756
46 0.574095
47 0.574418
48 0.574723
49 0.575049
50 0.575314
51 0.57563
52 0.575916
53 0.576171
54 0.576436
55 0.576685
56 0.576947
57 0.577199
58 0.577457
59 0.577686
60 0.577929
61 0.578165
62 0.578379
63 0.578596
64 0.578812
65 0.579017
66 0.579209
67 0.579406
68 0.579603
69 0.579784
70 0.579983
71 0.580157
72 0.580338
73 0.580528
74 0.580704
75 0.580884
76 0.581052
77 0.581213
78 0.581381
79 0.58154
80 0.581707
81 0.581861
82 0.582018
83 0.582174
84 0.582326
85 0.582481
86 0.582623
87 0.582765
88 0.582906
89 0.583053
90 0.583186
91 0.583322
92 0.583455
93 0.583585
94 0.583719
95 0.583849
96 0.583978
97 0.584098
98 0.584224
99 0.584342
100 0.584469
101 0.584582
102 0.5847
103 0.584815
104 0.58492
105 0.585034
106 0.585136
107 0.585242
108 0.585349
109 0.585456
110 0.585558
111 0.58566
112 0.585765
113 0.585866
114 0.585956
115 0.586054
116 0.586151
117 0.586243
118 0.586336
119 0.586431
120 0.586523
121 0.586617
122 0.586713
123 0.586801
124 0.586893
125 0.586979
126 0.587064
127 0.587155
128 0.587245
129 0.58733
130 0.587415
131 0.587499
132 0.587581
133 0.587663
134 0.587742
135 0.587816
136 0.587897
137 0.58798
138 0.588052
139 0.588125
140 0.588203
141 0.588273
142 0.588338
143 0.588408
144 0.588475
145 0.58855
146 0.588621
147 0.588691
148 0.588763
149 0.588832
150 0.5889
151 0.588963
152 0.589027
153 0.5891
154 0.589162
155 0.589229
156 0.589297
157 0.589359
158 0.58942
159 0.589484
160 0.58955
161 0.589613
162 0.589676
163 0.589734
164 0.589787
165 0.589847
166 0.589907
167 0.589967
168 0.590027
169 0.590079
170 0.590138
171 0.590194
172 0.590246
173 0.590307
174 0.590362
175 0.590417
176 0.590469
177 0.59052
178 0.590568
179 0.590619
180 0.590668
181 0.590714
182 0.590765
183 0.590815
184 0.590863
185 0.590911
186 0.590958
187 0.591005
188 0.591053
189 0.591102
190 0.591142
191 0.591187
192 0.591233
193 0.591282
194 0.591329
195 0.591373
196 0.591418
197 0.591466
198 0.591508
199 0.591551
200 0.591599
201 0.591641
202 0.591685
203 0.591727
204 0.591771
205 0.591811
206 0.591853
207 0.591892
208 0.591929
209 0.591968
210 0.592008
211 0.592044
212 0.592081
213 0.592117
214 0.592153
215 0.59219
216 0.592226
217 0.592268
218 0.592306
219 0.592341
220 0.592375
221 0.592412
222 0.59245
223 0.592487
224 0.592524
225 0.592559
226 0.59259
227 0.592624
228 0.592661
229 0.592697
230 0.592733
231 0.592768
232 0.5928
233 0.592836
234 0.592875
235 0.592909
236 0.592944
237 0.592977
238 0.593008
239 0.593042
240 0.593074
241 0.593107
242 0.593138
243 0.593171
244 0.5932
245 0.593231
246 0.59326
247 0.593289
248 0.593321
249 0.593349
250 0.593383
251 0.593413
252 0.593442
253 0.593473
254 0.593503
255 0.593533
256 0.59356
257 0.59359
258 0.593617
259 0.593645
260 0.593672
261 0.593698
262 0.593725
263 0.593756
264 0.593784
265 0.593812
266 0.593836
267 0.593865
268 0.593891
269 0.593917
270 0.593945
271 0.593971
272 0.593995
273 0.594021
274 0.594046
275 0.594071
276 0.594096
277 0.59412
278 0.594148
279 0.594173
280 0.594201
281 0.594227
282 0.594253
283 0.59428
284 0.594304
285 0.594329
286 0.594354
287 0.594378
288 0.5944
289 0.594423
290 0.594448
291 0.594475
292 0.594497
293 0.59452
294 0.594542
295 0.594566
296 0.594588
297 0.594611
298 0.594632
299 0.594654
300 0.594677
