1 0.500197
2 0.608396
3 0.608469
4 0.658091
5 0.649294
6 0.682324
7 0.685447
8 0.707145
9 0.693764
10 0.707388
11 0.721514
12 0.73167
13 0.723224
14 0.735079
15 0.745934
16 0.735514
17 0.752124
18 0.753444
19 0.750992
20 0.761869
21 0.759045
22 0.767315
23 0.771645
24 0.776064
25 0.772055
26 0.774435
27 0.785648
28 0.780351
29 0.783569
30 0.785569
31 0.790972
32 0.790002
33 0.795446
34 0.795723
35 0.794767
36 0.799943
37 0.79756
38 0.805803
39 0.804192
40 0.805862
41 0.805748
42 0.811227
43 0.809477
44 0.810077
45 0.811489
46 0.816452
47 0.817222
48 0.814549
49 0.821422
50 0.814834
51 0.823245
52 0.822708
53 0.82085
54 0.823622
55 0.82615
56 0.826206
57 0.825536
58 0.8298
59 0.829602
60 0.830875
61 0.832455
62 0.831581
63 0.83187
64 0.836413
65 0.83564
66 0.834042
67 0.834688
68 0.838482
69 0.837754
70 0.840228
71 0.84101
72 0.841085
73 0.841383
74 0.843144
75 0.844789
76 0.844809
77 0.843854
78 0.844288
79 0.84647
80 0.849639
81 0.846194
82 0.848229
83 0.850226
84 0.84739
85 0.853157
86 0.850529
87 0.850002
88 0.851118
89 0.853291
90 0.854276
91 0.854505
92 0.855076
93 0.855122
94 0.856768
95 0.855925
96 0.858694
97 0.858183
98 0.858693
99 0.857246
100 0.862126
101 0.8591
102 0.860137
103 0.861643
104 0.859528
105 0.862812
106 0.862668
107 0.862184
108 0.863782
109 0.862497
110 0.863713
111 0.865782
112 0.864378
113 0.864702
114 0.865895
115 0.866028
116 0.867005
117 0.866199
118 0.866503
119 0.86811
120 0.867028
121 0.868653
122 0.869688
123 0.869677
124 0.870607
125 0.869773
126 0.869372
127 0.871
128 0.871579
129 0.872776
130 0.872158
131 0.873187
132 0.872158
133 0.874205
134 0.874056
135 0.873622
136 0.873262
137 0.874918
138 0.874223
139 0.874975
140 0.876624
141 0.874375
142 0.87546
143 0.877203
144 0.875258
145 0.877397
146 0.877025
147 0.877846
148 0.878306
149 0.879105
150 0.878266
151 0.878622
152 0.879303
153 0.879425
154 0.879483
155 0.880126
156 0.880696
157 0.879838
158 0.880115
159 0.881376
160 0.881716
161 0.881516
162 0.882082
163 0.882228
164 0.881706
165 0.883665
166 0.882688
167 0.883122
168 0.883244
169 0.88351
170 0.883958
171 0.883285
172 0.884258
173 0.885544
174 0.884537
175 0.885173
176 0.885116
177 0.884913
178 0.884722
179 0.885883
180 0.886152
181 0.885068
182 0.886793
183 0.886513
184 0.887017
185 0.886281
186 0.886583
187 0.887079
188 0.887913
189 0.886715
190 0.886988
191 0.888079
192 0.887362
193 0.88802
194 0.888398
195 0.887423
196 0.888927
197 0.888833
198 0.888525
199 0.888922
200 0.888894
201 0.889857
202 0.888998
203 0.889067
204 0.889263
205 0.890029
206 0.890138
207 0.890431
208 0.890234
209 0.890165
210 0.89097
211 0.890183
212 0.890866
213 0.890796
214 0.891124
215 0.890963
216 0.891875
217 0.891351
218 0.891698
219 0.891452
220 0.891739
221 0.892622
222 0.891654
223 0.89271
224 0.892178
225 0.892505
226 0.892187
227 0.891905
228 0.892004
229 0.892139
230 0.893855
231 0.893649
232 0.893198
233 0.893067
234 0.893544
235 0.893309
236 0.894185
237 0.893674
238 0.894494
239 0.893982
240 0.894447
241 0.895144
242 0.894699
243 0.893957
244 0.894755
245 0.895222
246 0.894885
247 0.894921
248 0.895149
249 0.895202
250 0.896103
251 0.895484
252 0.895613
253 0.896587
254 0.895475
255 0.896138
256 0.896512
257 0.896662
258 0.896241
259 0.896229
260 0.896474
261 0.896152
262 0.896722
263 0.896436
264 0.897549
265 0.896853
266 0.897658
267 0.897479
268 0.897833
269 0.897138
270 0.897314
271 0.897945
272 0.897364
273 0.897704
274 0.89896
275 0.898113
276 0.898659
277 0.89902
278 0.89908
279 0.89812
280 0.898757
281 0.898963
282 0.898886
283 0.898336
284 0.898922
285 0.899073
286 0.899008
287 0.899664
288 0.898992
289 0.899688
290 0.899458
291 0.899849
292 0.899719
293 0.900492
294 0.899842
295 0.899907
296 0.900466
297 0.900659
298 0.899955
299 0.900717
300 0.900444
