1 0.499581
2 0.535493
3 0.535759
4 0.551354
5 0.548171
6 0.557851
7 0.558887
8 0.565048
9 0.560617
10 0.563389
11 0.569216
12 0.571458
13 0.568764
14 0.57183
15 0.574844
16 0.571934
17 0.57567
18 0.577291
19 0.575352
20 0.57877
21 0.577808
22 0.579388
23 0.580008
24 0.581669
25 0.580462
26 0.58103
27 0.583398
28 0.582
29 0.583172
30 0.58268
31 0.584498
32 0.585011
33 0.585599
34 0.585768
35 0.584628
36 0.585546
37 0.585798
38 0.587128
39 0.587425
40 0.587019
41 0.586616
42 0.587917
43 0.587362
44 0.587068
45 0.588765
46 0.58933
47 0.589264
48 0.589059
49 0.590691
50 0.588319
51 0.591434
52 0.590477
53 0.589443
54 0.590496
55 0.590143
56 0.59135
57 0.591276
58 0.592161
59 0.591018
60 0.592208
61 0.592377
62 0.59139
63 0.5921
64 0.592421
65 0.592135
66 0.591676
67 0.592372
68 0.592807
69 0.592102
70 0.593714
71 0.592316
72 0.59318
73 0.59422
74 0.593575
75 0.59422
76 0.593616
77 0.593473
78 0.594342
79 0.593875
80 0.594945
81 0.594197
82 0.59473
83 0.594959
84 0.594943
85 0.595523
86 0.594656
87 0.594948
88 0.595181
89 0.596003
90 0.595017
91 0.595571
92 0.595559
93 0.595546
94 0.596173
95 0.596082
96 0.596242
97 0.595637
98 0.596388
99 0.595941
100 0.59705
101 0.595861
102 0.596626
103 0.596564
104 0.595739
105 0.596815
106 0.595858
107 0.59656
108 0.5968
109 0.597018
110 0.596579
111 0.596897
112 0.597406
113 0.597254
114 0.596119
115 0.597174
116 0.597355
117 0.596862
118 0.597239
119 0.597605
120 0.597559
121 0.597852
122 0.598362
123 0.597504
124 0.598177
125 0.597622
126 0.597695
127 0.59865
128 0.598697
129 0.59826
130 0.598347
131 0.598463
132 0.598309
133 0.598399
134 0.598249
135 0.597816
136 0.598818
137 0.599255
138 0.597861
139 0.598302
140 0.599016
141 0.598029
142 0.597546
143 0.598306
144 0.598044
145 0.599392
146 0.598885
147 0.598954
148 0.59932
149 0.599016
150 0.599004
151 0.598516
152 0.598646
153 0.600133
154 0.598761
155 0.599549
156 0.599708
157 0.599136
158 0.599008
159 0.599531
160 0.60012
161 0.599638
162 0.599768
163 0.599249
164 0.59833
165 0.599717
166 0.599732
167 0.599925
168 0.600087
169 0.598893
170 0.600032
171 0.599756
172 0.599181
173 0.600754
174 0.599896
175 0.600024
176 0.599492
177 0.599458
178 0.599195
179 0.599561
180 0.599508
181 0.598962
182 0.599937
183 0.599911
184 0.59981
185 0.599749
186 0.599653
187 0.599701
188 0.599905
189 0.600412
190 0.598643
191 0.599817
192 0.600027
193 0.600589
194 0.600402
195 0.599979
196 0.600166
197 0.600855
198 0.599834
199 0.600055
200 0.60104
201 0.600237
202 0.600351
203 0.600381
204 0.600667
205 0.599977
206 0.600391
207 0.599895
208 0.599689
209 0.599992
210 0.600372
211 0.599712
212 0.599758
213 0.599711
214 0.599901
215 0.600061
216 0.600106
217 0.601336
218 0.600394
219 0.600019
220 0.599921
221 0.600554
222 0.60075
223 0.600644
224 0.600897
225 0.600387
226 0.599474
227 0.600333
228 0.601001
229 0.600983
230 0.601088
231 0.600709
232 0.600304
233 0.601182
234 0.601886
235 0.600756
236 0.601218
237 0.600893
238 0.600277
239 0.601104
240 0.600628
241 0.601092
242 0.600759
243 0.600941
244 0.600365
245 0.600791
246 0.600455
247 0.600323
248 0.601159
249 0.600352
250 0.601896
251 0.600903
252 0.600741
253 0.601236
254 0.601128
255 0.601143
256 0.600445
257 0.601275
258 0.600599
259 0.60071
260 0.600882
261 0.600357
262 0.600686
263 0.602076
264 0.601097
265 0.601135
266 0.600237
267 0.601422
268 0.600899
269 0.60096
270 0.601368
271 0.601083
272 0.600562
273 0.600914
274 0.600882
275 0.600948
276 0.601047
277 0.60075
278 0.601806
279 0.601331
280 0.601934
281 0.601472
282 0.601571
283 0.601724
284 0.601345
285 0.601308
286 0.601365
287 0.601351
288 0.600751
289 0.600931
290 0.601731
291 0.602363
292 0.600818
293 0.601322
294 0.600887
295 0.601813
296 0.60099
297 0.601391
298 0.600991
299 0.601065
300 0.60157
