1 0.500197
2 0.554296
3 0.572354
4 0.593788
5 0.604889
6 0.617795
7 0.62746
8 0.63742
9 0.643681
10 0.650052
11 0.656548
12 0.662808
13 0.667456
14 0.672286
15 0.677196
16 0.680841
17 0.685034
18 0.688834
19 0.692106
20 0.695594
21 0.698615
22 0.701738
23 0.704778
24 0.707748
25 0.71032
26 0.712786
27 0.715485
28 0.717801
29 0.720069
30 0.722253
31 0.724469
32 0.726517
33 0.728606
34 0.73058
35 0.732414
36 0.73429
37 0.736
38 0.737837
39 0.739538
40 0.741196
41 0.742771
42 0.7444
43 0.745914
44 0.747372
45 0.748797
46 0.750268
47 0.751692
48 0.753002
49 0.754398
50 0.755607
51 0.756933
52 0.758198
53 0.75938
54 0.76057
55 0.761762
56 0.762913
57 0.764012
58 0.765146
59 0.766238
60 0.767316
61 0.768383
62 0.769403
63 0.770394
64 0.771426
65 0.772414
66 0.773348
67 0.774263
68 0.775207
69 0.776114
70 0.77703
71 0.777931
72 0.778808
73 0.779665
74 0.780523
75 0.78138
76 0.782215
77 0.783015
78 0.783801
79 0.784594
80 0.785407
81 0.786157
82 0.786914
83 0.787677
84 0.788388
85 0.78915
86 0.789864
87 0.790555
88 0.791243
89 0.79194
90 0.792633
91 0.793313
92 0.793984
93 0.794642
94 0.795303
95 0.795941
96 0.796594
97 0.797229
98 0.797857
99 0.798456
100 0.799093
101 0.799687
102 0.80028
103 0.800876
104 0.80144
105 0.802024
106 0.802596
107 0.803153
108 0.803714
109 0.804254
110 0.804794
111 0.805344
112 0.805871
113 0.806391
114 0.806913
115 0.807427
116 0.807941
117 0.808439
118 0.808931
119 0.809428
120 0.809908
121 0.810394
122 0.81088
123 0.811358
124 0.811836
125 0.812299
126 0.812752
127 0.813211
128 0.813667
129 0.814125
130 0.814571
131 0.815019
132 0.815452
133 0.815894
134 0.816328
135 0.816752
136 0.817167
137 0.817589
138 0.817999
139 0.818409
140 0.818825
141 0.819219
142 0.819615
143 0.820018
144 0.820401
145 0.820795
146 0.82118
147 0.821565
148 0.821949
149 0.822332
150 0.822705
151 0.823075
152 0.823445
153 0.823811
154 0.824173
155 0.824534
156 0.824894
157 0.825244
158 0.825591
159 0.825942
160 0.82629
161 0.826633
162 0.826976
163 0.827315
164 0.827646
165 0.827986
166 0.828315
167 0.828644
168 0.828969
169 0.829291
170 0.829613
171 0.829927
172 0.830243
173 0.830562
174 0.830872
175 0.831183
176 0.831489
177 0.831791
178 0.832088
179 0.832389
180 0.832688
181 0.832977
182 0.833273
183 0.833564
184 0.833854
185 0.834137
186 0.834419
187 0.834701
188 0.834984
189 0.835258
190 0.83553
191 0.835805
192 0.836074
193 0.836343
194 0.836611
195 0.836872
196 0.837137
197 0.8374
198 0.837658
199 0.837916
200 0.83817
201 0.838428
202 0.838678
203 0.838926
204 0.839173
205 0.839421
206 0.839667
207 0.839912
208 0.840154
209 0.840394
210 0.840635
211 0.840869
212 0.841105
213 0.841338
214 0.841571
215 0.841801
216 0.842033
217 0.84226
218 0.842487
219 0.84271
220 0.842933
221 0.843158
222 0.843376
223 0.843598
224 0.843815
225 0.844031
226 0.844244
227 0.844454
228 0.844663
229 0.84487
230 0.845083
231 0.845293
232 0.8455
233 0.845704
234 0.845908
235 0.84611
236 0.846314
237 0.846513
238 0.846715
239 0.846913
240 0.847111
241 0.84731
242 0.847506
243 0.847697
244 0.84789
245 0.848083
246 0.848273
247 0.848462
248 0.848651
249 0.848837
250 0.849027
251 0.849212
252 0.849396
253 0.849582
254 0.849763
255 0.849945
256 0.850127
257 0.850308
258 0.850486
259 0.850662
260 0.850839
261 0.851012
262 0.851187
263 0.851359
264 0.851534
265 0.851705
266 0.851878
267 0.852048
268 0.852219
269 0.852386
270 0.852553
271 0.85272
272 0.852884
273 0.853048
274 0.853216
275 0.853379
276 0.853543
277 0.853707
278 0.853871
279 0.854029
280 0.854189
281 0.854348
282 0.854506
283 0.854661
284 0.854817
285 0.854972
286 0.855126
287 0.855281
288 0.855433
289 0.855586
290 0.855738
291 0.855889
292 0.856039
293 0.856191
294 0.856339
295 0.856487
296 0.856636
297 0.856784
298 0.856929
299 0.857075
300 0.85722
