1 0.388586
2 0.418528
3 0.432631
4 0.432806
5 0.461314
6 0.468958
7 0.484349
8 0.4935
9 0.507955
10 0.513304
11 0.522802
12 0.528844
13 0.535453
14 0.54069
15 0.545864
16 0.550522
17 0.554567
18 0.558845
19 0.562958
20 0.566684
21 0.571871
22 0.575589
23 0.577856
24 0.580883
25 0.584174
26 0.586171
27 0.590086
28 0.592263
29 0.594679
30 0.597467
31 0.600381
32 0.602418
33 0.604824
34 0.606846
35 0.609174
36 0.611159
37 0.612243
38 0.61349
39 0.61664
40 0.617633
41 0.618249
42 0.620259
43 0.620473
44 0.621874
45 0.62268
46 0.625019
47 0.625844
48 0.628277
49 0.631338
50 0.633181
51 0.634975
52 0.635287
53 0.637448
54 0.639232
55 0.639369
56 0.640956
57 0.641836
58 0.64391
59 0.644542
60 0.645949
61 0.647163
62 0.648496
63 0.64879
64 0.65009
65 0.650362
66 0.650899
67 0.652762
68 0.655033
69 0.655676
70 0.657958
71 0.659364
72 0.661502
73 0.66197
74 0.663171
75 0.664914
76 0.666239
77 0.66674
78 0.668835
79 0.669339
80 0.670287
81 0.671095
82 0.672106
83 0.67277
84 0.673358
85 0.673711
86 0.674794
87 0.675885
88 0.676958
89 0.677653
90 0.678773
91 0.680574
92 0.680573
93 0.682214
94 0.682631
95 0.683821
96 0.684423
97 0.685829
98 0.686227
99 0.687485
100 0.68814
101 0.688839
102 0.689128
103 0.690428
104 0.691093
105 0.691972
106 0.691961
107 0.693548
108 0.693631
109 0.69482
110 0.695311
111 0.696741
112 0.697262
113 0.698344
114 0.699033
115 0.69895
116 0.700702
117 0.700042
118 0.700911
119 0.701892
120 0.701594
121 0.702776
122 0.704172
123 0.704549
124 0.704866
125 0.705626
126 0.706513
127 0.707009
128 0.70803
129 0.707628
130 0.708969
131 0.710003
132 0.711107
133 0.710414
134 0.711293
135 0.712551
136 0.712306
137 0.712967
138 0.714168
139 0.715223
140 0.71424
141 0.715004
142 0.715698
143 0.716284
144 0.716369
145 0.717907
146 0.717915
147 0.718927
148 0.720174
149 0.720191
150 0.719836
151 0.720917
152 0.721974
153 0.721727
154 0.72275
155 0.723477
156 0.723715
157 0.724583
158 0.724522
159 0.725517
160 0.725151
161 0.726065
162 0.726107
163 0.727755
164 0.727391
165 0.728148
166 0.728106
167 0.729329
168 0.729111
169 0.729438
170 0.731022
171 0.730703
172 0.73189
173 0.731712
174 0.7325
175 0.733543
176 0.733197
177 0.733841
178 0.733925
179 0.734781
180 0.735219
181 0.735643
182 0.736281
183 0.736543
184 0.736491
185 0.737042
186 0.737206
187 0.738397
188 0.738122
189 0.738858
190 0.739646
191 0.739619
192 0.740479
193 0.740189
194 0.740156
195 0.740854
196 0.742392
197 0.742938
198 0.742322
199 0.74263
200 0.743259
201 0.743693
202 0.744294
203 0.744723
204 0.744943
205 0.744814
206 0.745729
207 0.746472
208 0.746909
209 0.747292
210 0.747199
211 0.748163
212 0.746931
213 0.748096
214 0.748936
215 0.74908
216 0.749371
217 0.749377
218 0.750836
219 0.750326
220 0.75038
221 0.75107
222 0.751142
223 0.751934
224 0.751756
225 0.752347
226 0.752763
227 0.752707
228 0.753787
229 0.753594
230 0.753856
231 0.75491
232 0.7547
233 0.755383
234 0.755298
235 0.755912
236 0.756038
237 0.756154
238 0.756519
239 0.756628
240 0.757273
241 0.757894
242 0.758386
243 0.758304
244 0.758679
245 0.759338
246 0.758946
247 0.759504
248 0.759981
249 0.759924
250 0.760159
251 0.761126
252 0.761092
253 0.761502
254 0.762369
255 0.76227
256 0.762415
257 0.762134
258 0.762443
259 0.763824
260 0.763693
261 0.764145
262 0.763971
263 0.76429
264 0.765187
265 0.764683
266 0.765363
267 0.765035
268 0.765329
269 0.765576
270 0.766256
271 0.76589
272 0.766768
273 0.766974
274 0.766709
275 0.767551
276 0.768249
277 0.768427
278 0.768299
279 0.769201
280 0.768815
281 0.769464
282 0.769926
283 0.770295
284 0.76981
285 0.770424
286 0.770476
287 0.771254
288 0.771166
289 0.771958
290 0.771878
291 0.77259
292 0.771979
293 0.772522
294 0.772996
295 0.77305
296 0.77328
297 0.773345
298 0.773789
299 0.773494
300 0.774688
