1 0.110022
2 0.110106
3 0.110154
4 0.110106
5 0.105214
6 0.10111
7 0.09808
8 0.0950538
9 0.093906
10 0.0918546
11 0.0897629
12 0.0876034
13 0.0857255
14 0.0840417
15 0.082549
16 0.0809967
17 0.0797069
18 0.0778671
19 0.0764766
20 0.0752547
21 0.073844
22 0.0729961
23 0.0723611
24 0.0717717
25 0.071131
26 0.0704638
27 0.0695619
28 0.0685837
29 0.0679314
30 0.0672323
31 0.066577
32 0.0660956
33 0.0655123
34 0.0649358
35 0.0643663
36 0.0638837
37 0.0635591
38 0.0630855
39 0.0625411
40 0.0621385
41 0.0617294
42 0.0614269
43 0.0610478
44 0.0606944
45 0.0603522
46 0.0599334
47 0.0597412
48 0.0593896
49 0.0590222
50 0.0586048
51 0.0583391
52 0.0580187
53 0.0576458
54 0.0573332
55 0.0571411
56 0.0569109
57 0.0566016
58 0.0563445
59 0.0561486
60 0.0559313
61 0.0555382
62 0.0553905
63 0.0551351
64 0.0549006
65 0.054687
66 0.0544447
67 0.0540772
68 0.0537649
69 0.053509
70 0.0533009
71 0.0529117
72 0.0526476
73 0.0524883
74 0.0521483
75 0.051851
76 0.0516699
77 0.051455
78 0.0511729
79 0.0509956
80 0.0508022
81 0.0506214
82 0.0503633
83 0.0502602
84 0.0500255
85 0.049713
86 0.049562
87 0.049446
88 0.0491827
89 0.049008
90 0.0486773
91 0.0485009
92 0.0484216
93 0.048152
94 0.0480262
95 0.0478391
96 0.0475783
97 0.0475019
98 0.0473971
99 0.0471821
100 0.0469295
101 0.0467299
102 0.0466953
103 0.046455
104 0.0462742
105 0.0460603
106 0.0460121
107 0.0457571
108 0.0456998
109 0.0454648
110 0.0453389
111 0.0451735
112 0.0449273
113 0.0448326
114 0.0446504
115 0.0445925
116 0.0443863
117 0.0442802
118 0.044249
119 0.044096
120 0.0439531
121 0.0437327
122 0.0436017
123 0.0434699
124 0.0433686
125 0.0432079
126 0.0431033
127 0.0429369
128 0.042809
129 0.0427323
130 0.0425623
131 0.0424229
132 0.0422024
133 0.0421858
134 0.0421035
135 0.0419036
136 0.0418533
137 0.0416945
138 0.0414871
139 0.0414652
140 0.0413541
141 0.0411981
142 0.0410285
143 0.0410065
144 0.0408933
145 0.0408065
146 0.0406566
147 0.0405267
148 0.0403908
149 0.0403195
150 0.0403461
151 0.0401468
152 0.0400626
153 0.0400008
154 0.0397723
155 0.0397316
156 0.039672
157 0.0395496
158 0.0394592
159 0.0393008
160 0.0392467
161 0.0391792
162 0.0390844
163 0.0389233
164 0.0389139
165 0.0387695
166 0.0386874
167 0.0385378
168 0.0384915
169 0.0383904
170 0.0382725
171 0.0382328
172 0.0380721
173 0.0379536
174 0.0378786
175 0.0377647
176 0.0377309
177 0.0376451
178 0.0375713
179 0.0373841
180 0.037451
181 0.0373401
182 0.0371504
183 0.0371012
184 0.0370281
185 0.0369806
186 0.0369524
187 0.0367912
188 0.0366643
189 0.0366458
190 0.0365681
191 0.0364922
192 0.0363892
193 0.0362875
194 0.0362611
195 0.03616
196 0.0359862
197 0.0359948
198 0.0359749
199 0.0358476
200 0.0357635
201 0.0356689
202 0.0355677
203 0.0354827
204 0.0354803
205 0.0354612
206 0.035385
207 0.0352674
208 0.0351702
209 0.0350605
210 0.0350251
211 0.0349692
212 0.0349825
213 0.0348137
214 0.034732
215 0.0347087
216 0.0346556
217 0.0345381
218 0.0344401
219 0.0344402
220 0.0343802
221 0.0342692
222 0.0342672
223 0.0341592
224 0.0340581
225 0.0340763
226 0.0339404
227 0.0339422
228 0.0338085
229 0.0337559
230 0.0337201
231 0.033624
232 0.0336216
233 0.0334672
234 0.0334596
235 0.0333892
236 0.0332865
237 0.0332051
238 0.0332067
239 0.0331731
240 0.0331063
241 0.0330215
242 0.0329534
243 0.032929
244 0.0328517
245 0.0327958
246 0.0327493
247 0.0326641
248 0.0326238
249 0.0325784
250 0.0325113
251 0.0324659
252 0.0323901
253 0.0323384
254 0.0323118
255 0.0322102
256 0.0321504
257 0.0321789
258 0.0320369
259 0.0319859
260 0.031908
261 0.0318873
262 0.031849
263 0.0317932
264 0.0317261
265 0.0316725
266 0.0316065
267 0.0315798
268 0.0315444
269 0.0314647
270 0.0314213
271 0.0313744
272 0.0312865
273 0.0311952
274 0.031198
275 0.0311588
276 0.0311342
277 0.0310255
278 0.0310316
279 0.0309552
280 0.0309145
281 0.0308701
282 0.0307326
283 0.0307188
284 0.0307419
285 0.0306139
286 0.0306284
287 0.0305533
288 0.0305388
289 0.0304787
290 0.0304317
291 0.0304031
292 0.0303566
293 0.0302506
294 0.0302693
295 0.0301128
296 0.0301179
297 0.0301008
298 0.0300767
299 0.0300573
300 0.0299082
