1 0.14295
2 0.109412
3 0.103896
4 0.155743
5 0.0860164
6 0.110502
7 0.0783423
8 0.0867097
9 0.0701883
10 0.0696192
11 0.0647548
12 0.0636753
13 0.0599908
14 0.0591016
15 0.0565334
16 0.0560948
17 0.0539351
18 0.0536213
19 0.0542654
20 0.0514812
21 0.0494768
22 0.0490258
23 0.0477154
24 0.0489739
25 0.0468699
26 0.046446
27 0.0451394
28 0.0447737
29 0.0442583
30 0.0436547
31 0.0430525
32 0.0425604
33 0.0418931
34 0.0414352
35 0.0409511
36 0.040712
37 0.0406054
38 0.039993
39 0.0395712
40 0.0390834
41 0.0398627
42 0.0389225
43 0.0389445
44 0.0382652
45 0.0377434
46 0.0376561
47 0.0373464
48 0.0370162
49 0.0367142
50 0.0358665
51 0.0362686
52 0.0353446
53 0.0350334
54 0.0346335
55 0.0346477
56 0.0344873
57 0.0343383
58 0.0337637
59 0.0337223
60 0.0333623
61 0.0331805
62 0.0329757
63 0.0328476
64 0.0326741
65 0.0328079
66 0.0329301
67 0.0321987
68 0.0320265
69 0.0315924
70 0.0314178
71 0.0309232
72 0.0306392
73 0.0305058
74 0.0301865
75 0.0301088
76 0.029694
77 0.0295937
78 0.0293624
79 0.0291964
80 0.0290842
81 0.0288883
82 0.0287323
83 0.0286568
84 0.0285257
85 0.0283673
86 0.0281992
87 0.0281479
88 0.0278196
89 0.0278327
90 0.0276302
91 0.0275181
92 0.0273149
93 0.0270127
94 0.027023
95 0.0267598
96 0.0266836
97 0.026472
98 0.0263062
99 0.0262338
100 0.0260607
101 0.0260406
102 0.0258864
103 0.0257753
104 0.0254401
105 0.0253716
106 0.0254481
107 0.0251695
108 0.0251842
109 0.0249527
110 0.0248861
111 0.0248341
112 0.0244769
113 0.0244789
114 0.024283
115 0.0242103
116 0.0241422
117 0.0240475
118 0.0239685
119 0.0238772
120 0.02375
121 0.023634
122 0.0234285
123 0.0234131
124 0.0232795
125 0.0231719
126 0.0231093
127 0.022955
128 0.0228709
129 0.0228539
130 0.022676
131 0.0226415
132 0.0224324
133 0.0224471
134 0.0223336
135 0.0221947
136 0.0222514
137 0.0220774
138 0.0219098
139 0.021814
140 0.0218018
141 0.0217864
142 0.0216446
143 0.0216106
144 0.021523
145 0.0214834
146 0.0213345
147 0.0212027
148 0.0211474
149 0.0210607
150 0.0211116
151 0.0209725
152 0.0208674
153 0.0208804
154 0.0206851
155 0.020613
156 0.0205975
157 0.0205063
158 0.0204743
159 0.0202905
160 0.0203053
161 0.0202836
162 0.0201621
163 0.0200101
164 0.0200133
165 0.0199769
166 0.0199409
167 0.0197372
168 0.0197682
169 0.0196427
170 0.0194815
171 0.0195857
172 0.0194081
173 0.0193839
174 0.0192674
175 0.019142
176 0.0191431
177 0.0190793
178 0.0190192
179 0.0189092
180 0.0188965
181 0.018854
182 0.0187648
183 0.0186909
184 0.0186719
185 0.0186497
186 0.0185913
187 0.0184677
188 0.0184187
189 0.0183622
190 0.0182699
191 0.0182807
192 0.0181806
193 0.0181272
194 0.018175
195 0.0180974
196 0.0179135
197 0.0178816
198 0.0179142
199 0.017834
200 0.0177713
201 0.0177113
202 0.0176391
203 0.0176225
204 0.0176004
205 0.0175867
206 0.0175077
207 0.0174162
208 0.0173522
209 0.0172904
210 0.0172438
211 0.0171778
212 0.0172323
213 0.0171225
214 0.0170292
215 0.0170241
216 0.0169841
217 0.0169565
218 0.0168177
219 0.016831
220 0.0168146
221 0.0167379
222 0.0167244
223 0.0166211
224 0.016587
225 0.0166346
226 0.0164999
227 0.016514
228 0.0163899
229 0.0164116
230 0.0163708
231 0.016307
232 0.0163245
233 0.0162258
234 0.0162298
235 0.0161734
236 0.0160801
237 0.0160398
238 0.0160781
239 0.0160235
240 0.015963
241 0.0158721
242 0.0158646
243 0.0158514
244 0.0157908
245 0.0157453
246 0.0157607
247 0.0157
248 0.0156479
249 0.015598
250 0.0155964
251 0.015522
252 0.0155046
253 0.0154374
254 0.0153894
255 0.0153909
256 0.015348
257 0.0153749
258 0.0153011
259 0.0152273
260 0.0151785
261 0.0151347
262 0.0151478
263 0.0151384
264 0.0150535
265 0.0150294
266 0.0149718
267 0.0150182
268 0.014958
269 0.0149013
270 0.0148967
271 0.0148568
272 0.0147953
273 0.0147555
274 0.0147865
275 0.0146913
276 0.014636
277 0.0145937
278 0.0146111
279 0.0145287
280 0.0145685
281 0.0145053
282 0.0144273
283 0.0144141
284 0.0144405
285 0.0143714
286 0.014364
287 0.0142851
288 0.0143061
289 0.0142169
290 0.0142018
291 0.0141265
292 0.0141638
293 0.0140827
294 0.0140749
295 0.0140472
296 0.0140268
297 0.0140316
298 0.0140196
299 0.0139653
300 0.0138962
