1 0.499418
2 0.499643
3 0.500366
4 0.499975
5 0.524571
6 0.528751
7 0.530863
8 0.535738
9 0.540356
10 0.543038
11 0.544611
12 0.547274
13 0.547195
14 0.549429
15 0.550473
16 0.550875
17 0.552175
18 0.553246
19 0.554423
20 0.555538
21 0.55766
22 0.557959
23 0.558565
24 0.55801
25 0.559114
26 0.558842
27 0.560978
28 0.561601
29 0.562248
30 0.563555
31 0.563045
32 0.563716
33 0.563858
34 0.564342
35 0.564792
36 0.565101
37 0.564914
38 0.565348
39 0.566008
40 0.566675
41 0.566248
42 0.566484
43 0.566426
44 0.56769
45 0.567513
46 0.56704
47 0.567037
48 0.568034
49 0.568046
50 0.568689
51 0.569646
52 0.569094
53 0.569153
54 0.570607
55 0.570609
56 0.570365
57 0.571067
58 0.571268
59 0.570584
60 0.571588
61 0.571216
62 0.571973
63 0.571838
64 0.571908
65 0.571631
66 0.571626
67 0.572475
68 0.573226
69 0.57388
70 0.5739
71 0.574079
72 0.574767
73 0.574393
74 0.57537
75 0.576388
76 0.57653
77 0.575697
78 0.576745
79 0.576763
80 0.577233
81 0.576732
82 0.578256
83 0.577342
84 0.5769
85 0.578445
86 0.577042
87 0.577586
88 0.579147
89 0.578489
90 0.578447
91 0.578875
92 0.578772
93 0.578833
94 0.578893
95 0.580313
96 0.579582
97 0.57979
98 0.579753
99 0.580063
100 0.58054
101 0.580713
102 0.581292
103 0.581291
104 0.580682
105 0.58146
106 0.580926
107 0.581902
108 0.581003
109 0.581714
110 0.582293
111 0.582895
112 0.582781
113 0.58186
114 0.582476
115 0.582042
116 0.582371
117 0.58343
118 0.582504
119 0.583466
120 0.582719
121 0.583715
122 0.58456
123 0.583804
124 0.584513
125 0.584052
126 0.583965
127 0.583944
128 0.584553
129 0.584759
130 0.584186
131 0.585069
132 0.585328
133 0.585304
134 0.585
135 0.585161
136 0.586194
137 0.585649
138 0.586157
139 0.585236
140 0.585366
141 0.585805
142 0.586287
143 0.585907
144 0.585515
145 0.586472
146 0.585997
147 0.586658
148 0.586376
149 0.586698
150 0.586567
151 0.587214
152 0.587404
153 0.587149
154 0.587476
155 0.587937
156 0.586946
157 0.587233
158 0.586681
159 0.588059
160 0.587539
161 0.588152
162 0.588179
163 0.58801
164 0.588402
165 0.587936
166 0.587566
167 0.587872
168 0.587563
169 0.588777
170 0.588686
171 0.589088
172 0.589417
173 0.589193
174 0.588518
175 0.58875
176 0.588776
177 0.58831
178 0.589459
179 0.589894
180 0.590234
181 0.589799
182 0.589866
183 0.589835
184 0.589778
185 0.589375
186 0.590091
187 0.590161
188 0.590087
189 0.590537
190 0.590561
191 0.590482
192 0.590971
193 0.590539
194 0.590355
195 0.590411
196 0.589991
197 0.590182
198 0.590072
199 0.591314
200 0.590178
201 0.591152
202 0.591429
203 0.590242
204 0.591815
205 0.590957
206 0.591035
207 0.59079
208 0.590498
209 0.591714
210 0.591613
211 0.590946
212 0.590843
213 0.591638
214 0.592108
215 0.592841
216 0.591331
217 0.590475
218 0.591425
219 0.592153
220 0.591633
221 0.591768
222 0.592219
223 0.591427
224 0.59273
225 0.591305
226 0.592053
227 0.592634
228 0.592309
229 0.592274
230 0.591812
231 0.592631
232 0.592855
233 0.592444
234 0.592394
235 0.591884
236 0.593092
237 0.593165
238 0.592524
239 0.592206
240 0.592681
241 0.593086
242 0.593099
243 0.592578
244 0.593414
245 0.593514
246 0.593281
247 0.592786
248 0.593736
249 0.593687
250 0.593124
251 0.593665
252 0.593087
253 0.59331
254 0.593191
255 0.593399
256 0.592866
257 0.594169
258 0.593851
259 0.594036
260 0.593831
261 0.592935
262 0.594298
263 0.594513
264 0.593878
265 0.5943
266 0.593393
267 0.593122
268 0.593957
269 0.593926
270 0.594251
271 0.594406
272 0.594076
273 0.593388
274 0.59354
275 0.594452
276 0.594668
277 0.594177
278 0.594634
279 0.594522
280 0.593909
281 0.593647
282 0.595042
283 0.594342
284 0.594532
285 0.593835
286 0.59513
287 0.594446
288 0.594817
289 0.595461
290 0.594905
291 0.594773
292 0.594697
293 0.594385
294 0.595821
295 0.595144
296 0.594202
297 0.595492
298 0.595209
299 0.595224
300 0.595006
