1 0.499418
2 0.49964
3 0.500271
4 0.500146
5 0.50483
6 0.508926
7 0.512121
8 0.515192
9 0.516224
10 0.518282
11 0.520474
12 0.522625
13 0.524458
14 0.526177
15 0.527557
16 0.529101
17 0.53045
18 0.532387
19 0.53365
20 0.534766
21 0.536324
22 0.537222
23 0.537733
24 0.53843
25 0.539109
26 0.539817
27 0.54064
28 0.541549
29 0.542167
30 0.542912
31 0.543649
32 0.544083
33 0.544705
34 0.545233
35 0.54585
36 0.546245
37 0.546579
38 0.547046
39 0.547613
40 0.548042
41 0.548406
42 0.548739
43 0.549135
44 0.549517
45 0.549804
46 0.550278
47 0.550414
48 0.550742
49 0.551168
50 0.551542
51 0.551859
52 0.552147
53 0.552444
54 0.552815
55 0.553035
56 0.553228
57 0.553521
58 0.553843
59 0.554007
60 0.55421
61 0.554605
62 0.554782
63 0.555043
64 0.555264
65 0.555473
66 0.555722
67 0.556075
68 0.556406
69 0.556631
70 0.556893
71 0.557312
72 0.55749
73 0.557752
74 0.558014
75 0.558316
76 0.558539
77 0.55875
78 0.559012
79 0.559245
80 0.559399
81 0.559545
82 0.559838
83 0.559936
84 0.560118
85 0.560441
86 0.560624
87 0.560738
88 0.561043
89 0.561203
90 0.56153
91 0.561633
92 0.561795
93 0.56211
94 0.562177
95 0.5624
96 0.562598
97 0.562693
98 0.562783
99 0.563039
100 0.563286
101 0.563457
102 0.563466
103 0.563672
104 0.563918
105 0.564129
106 0.564211
107 0.564444
108 0.564487
109 0.564751
110 0.564891
111 0.565048
112 0.565278
113 0.565354
114 0.565515
115 0.565565
116 0.565808
117 0.565895
118 0.565947
119 0.566129
120 0.566254
121 0.566452
122 0.566576
123 0.566752
124 0.566818
125 0.566954
126 0.567088
127 0.567228
128 0.567362
129 0.567435
130 0.567651
131 0.567723
132 0.568011
133 0.567987
134 0.568076
135 0.568326
136 0.568349
137 0.568492
138 0.568681
139 0.568728
140 0.568843
141 0.568983
142 0.569168
143 0.569193
144 0.569293
145 0.569381
146 0.569536
147 0.569678
148 0.569797
149 0.569822
150 0.569835
151 0.570052
152 0.57011
153 0.570181
154 0.57042
155 0.570427
156 0.570503
157 0.570638
158 0.570714
159 0.570849
160 0.57095
161 0.571029
162 0.571049
163 0.571257
164 0.571274
165 0.571453
166 0.571504
167 0.571639
168 0.571699
169 0.571796
170 0.571856
171 0.571887
172 0.57209
173 0.572216
174 0.572325
175 0.572381
176 0.572496
177 0.57256
178 0.572655
179 0.572819
180 0.572764
181 0.572848
182 0.573057
183 0.573092
184 0.573173
185 0.573205
186 0.57325
187 0.57339
188 0.573524
189 0.57353
190 0.573634
191 0.573681
192 0.5738
193 0.57387
194 0.573909
195 0.574003
196 0.57419
197 0.574178
198 0.574227
199 0.574319
200 0.574427
201 0.574526
202 0.574614
203 0.57474
204 0.574717
205 0.574696
206 0.574811
207 0.574933
208 0.575045
209 0.575127
210 0.575179
211 0.575209
212 0.575198
213 0.575386
214 0.575436
215 0.575476
216 0.575518
217 0.575664
218 0.575749
219 0.575775
220 0.575778
221 0.575935
222 0.575933
223 0.575996
224 0.576135
225 0.576116
226 0.576226
227 0.576237
228 0.576357
229 0.576449
230 0.576448
231 0.576561
232 0.576557
233 0.57673
234 0.576763
235 0.576774
236 0.576872
237 0.576985
238 0.576985
239 0.577024
240 0.577106
241 0.577167
242 0.577239
243 0.577262
244 0.577326
245 0.577385
246 0.577421
247 0.577525
248 0.577579
249 0.577613
250 0.57768
251 0.57773
252 0.577811
253 0.577851
254 0.577869
255 0.577909
256 0.578057
257 0.578093
258 0.578142
259 0.57821
260 0.578287
261 0.578311
262 0.578351
263 0.57841
264 0.578475
265 0.578516
266 0.578593
267 0.578597
268 0.578643
269 0.578706
270 0.578756
271 0.578825
272 0.578885
273 0.578998
274 0.578975
275 0.579032
276 0.579054
277 0.579171
278 0.57913
279 0.579208
280 0.579261
281 0.579317
282 0.579459
283 0.579476
284 0.579451
285 0.579587
286 0.579567
287 0.579624
288 0.579632
289 0.57969
290 0.579788
291 0.579782
292 0.579835
293 0.579944
294 0.579926
295 0.580058
296 0.580057
297 0.580069
298 0.580083
299 0.580151
300 0.580263
