1 0.333434
2 0.333241
3 0.333064
4 0.333426
5 0.416864
6 0.433494
7 0.437543
8 0.457656
9 0.475812
10 0.486366
11 0.491978
12 0.500946
13 0.506127
14 0.511743
15 0.516911
16 0.521262
17 0.5241
18 0.529113
19 0.534558
20 0.53753
21 0.54431
22 0.546892
23 0.548723
24 0.551107
25 0.553589
26 0.554966
27 0.56067
28 0.565136
29 0.567625
30 0.570815
31 0.573492
32 0.574606
33 0.576778
34 0.578501
35 0.580096
36 0.582324
37 0.583146
38 0.583401
39 0.58607
40 0.586757
41 0.586549
42 0.587931
43 0.58838
44 0.589961
45 0.59022
46 0.592153
47 0.592695
48 0.594835
49 0.597801
50 0.600381
51 0.602388
52 0.602891
53 0.605537
54 0.607067
55 0.607562
56 0.608266
57 0.609988
58 0.611458
59 0.612148
60 0.613115
61 0.614401
62 0.615419
63 0.615935
64 0.616823
65 0.617629
66 0.618407
67 0.620057
68 0.62271
69 0.624938
70 0.62814
71 0.629797
72 0.632525
73 0.632916
74 0.634121
75 0.636628
76 0.637563
77 0.638383
78 0.641057
79 0.641594
80 0.642409
81 0.643553
82 0.645168
83 0.645055
84 0.646681
85 0.647553
86 0.647957
87 0.649027
88 0.650759
89 0.651471
90 0.653202
91 0.655053
92 0.654767
93 0.656774
94 0.657353
95 0.658806
96 0.659985
97 0.660854
98 0.661259
99 0.662877
100 0.664036
101 0.664537
102 0.66493
103 0.666711
104 0.667554
105 0.668571
106 0.669447
107 0.670947
108 0.670785
109 0.672038
110 0.672975
111 0.674309
112 0.674812
113 0.676068
114 0.677259
115 0.676912
116 0.678761
117 0.678472
118 0.678824
119 0.680125
120 0.68001
121 0.681704
122 0.683145
123 0.683312
124 0.684103
125 0.684859
126 0.685954
127 0.686709
128 0.687867
129 0.68754
130 0.688879
131 0.690373
132 0.691293
133 0.691178
134 0.691931
135 0.693489
136 0.693331
137 0.693831
138 0.694886
139 0.695804
140 0.695488
141 0.696555
142 0.69741
143 0.697648
144 0.697758
145 0.699409
146 0.699726
147 0.70026
148 0.702015
149 0.701731
150 0.70138
151 0.702723
152 0.70414
153 0.704043
154 0.70523
155 0.705546
156 0.706255
157 0.706919
158 0.707331
159 0.707943
160 0.708129
161 0.708958
162 0.709252
163 0.710914
164 0.710213
165 0.711333
166 0.71143
167 0.712644
168 0.712652
169 0.713186
170 0.714436
171 0.71451
172 0.715647
173 0.715648
174 0.71653
175 0.717432
176 0.717121
177 0.717808
178 0.717807
179 0.719346
180 0.719308
181 0.719663
182 0.721092
183 0.721078
184 0.721218
185 0.721676
186 0.721807
187 0.722549
188 0.723007
189 0.723824
190 0.724331
191 0.724639
192 0.725649
193 0.725523
194 0.725569
195 0.726549
196 0.727694
197 0.728138
198 0.727683
199 0.728104
200 0.728722
201 0.729053
202 0.730003
203 0.730714
204 0.730837
205 0.730719
206 0.731682
207 0.732659
208 0.733226
209 0.733351
210 0.733157
211 0.733955
212 0.733335
213 0.734394
214 0.735356
215 0.735229
216 0.735859
217 0.736325
218 0.737161
219 0.736774
220 0.73724
221 0.73784
222 0.737856
223 0.738585
224 0.738669
225 0.739096
226 0.7401
227 0.739614
228 0.740719
229 0.74086
230 0.740763
231 0.742027
232 0.742113
233 0.742619
234 0.742738
235 0.743371
236 0.743494
237 0.743772
238 0.743993
239 0.744213
240 0.744694
241 0.745352
242 0.746086
243 0.745939
244 0.746646
245 0.74693
246 0.746652
247 0.747364
248 0.747608
249 0.748008
250 0.748095
251 0.748912
252 0.749353
253 0.749563
254 0.750397
255 0.750632
256 0.750681
257 0.750562
258 0.751242
259 0.752219
260 0.75202
261 0.752363
262 0.752485
263 0.75276
264 0.753558
265 0.752951
266 0.753887
267 0.753416
268 0.75415
269 0.754345
270 0.755054
271 0.754722
272 0.755857
273 0.755914
274 0.755668
275 0.75631
276 0.756958
277 0.757248
278 0.75735
279 0.758433
280 0.757888
281 0.758426
282 0.759111
283 0.759579
284 0.759327
285 0.759631
286 0.759874
287 0.760887
288 0.760503
289 0.7609
290 0.761124
291 0.761864
292 0.761442
293 0.762169
294 0.762743
295 0.762932
296 0.763032
297 0.762797
298 0.763831
299 0.763159
300 0.764474
