1 0.333434
2 0.333245
3 0.333185
4 0.333245
5 0.349963
6 0.363852
7 0.374194
8 0.385235
9 0.390065
10 0.397227
11 0.404762
12 0.413013
13 0.42009
14 0.426213
15 0.432048
16 0.437601
17 0.442378
18 0.449755
19 0.455279
20 0.459268
21 0.465187
22 0.468538
23 0.470706
24 0.473181
25 0.475831
26 0.478414
27 0.48202
28 0.486033
29 0.488345
30 0.491209
31 0.494137
32 0.496063
33 0.49858
34 0.50075
35 0.502894
36 0.505251
37 0.506668
38 0.508099
39 0.510747
40 0.512339
41 0.513411
42 0.515336
43 0.516358
44 0.518423
45 0.51926
46 0.521336
47 0.52258
48 0.523833
49 0.525801
50 0.527187
51 0.529038
52 0.529644
53 0.531832
54 0.533178
55 0.533801
56 0.534651
57 0.536092
58 0.537371
59 0.538464
60 0.539189
61 0.541144
62 0.541898
63 0.542426
64 0.543746
65 0.544775
66 0.545858
67 0.54733
68 0.549318
69 0.550296
70 0.551556
71 0.552793
72 0.55465
73 0.555347
74 0.556638
75 0.558374
76 0.559273
77 0.559999
78 0.561962
79 0.562431
80 0.563168
81 0.564496
82 0.565916
83 0.565859
84 0.567181
85 0.568081
86 0.568877
87 0.569547
88 0.570873
89 0.571509
90 0.573115
91 0.574509
92 0.574642
93 0.575916
94 0.576422
95 0.577494
96 0.578504
97 0.579202
98 0.579314
99 0.580712
100 0.582013
101 0.582552
102 0.582874
103 0.584211
104 0.584871
105 0.586056
106 0.586539
107 0.587962
108 0.587872
109 0.58907
110 0.589766
111 0.591124
112 0.591958
113 0.592722
114 0.593716
115 0.593694
116 0.594996
117 0.594808
118 0.595319
119 0.596418
120 0.596464
121 0.597845
122 0.598811
123 0.599252
124 0.59981
125 0.600557
126 0.601133
127 0.602116
128 0.602954
129 0.602936
130 0.604195
131 0.605112
132 0.606088
133 0.606068
134 0.606334
135 0.607898
136 0.608047
137 0.608595
138 0.609682
139 0.610097
140 0.610127
141 0.611122
142 0.612057
143 0.61202
144 0.612357
145 0.613534
146 0.614062
147 0.614486
148 0.615837
149 0.615722
150 0.615399
151 0.616645
152 0.617721
153 0.617714
154 0.618854
155 0.619198
156 0.619398
157 0.620212
158 0.620478
159 0.621395
160 0.621723
161 0.622165
162 0.622527
163 0.62383
164 0.623318
165 0.624428
166 0.624521
167 0.625571
168 0.625623
169 0.626213
170 0.627226
171 0.627308
172 0.628274
173 0.628778
174 0.629528
175 0.630061
176 0.630047
177 0.630484
178 0.630687
179 0.631636
180 0.631858
181 0.632213
182 0.633661
183 0.633664
184 0.633948
185 0.634359
186 0.634374
187 0.63528
188 0.635725
189 0.636108
190 0.636449
191 0.637049
192 0.637589
193 0.637697
194 0.638203
195 0.638704
196 0.639806
197 0.640047
198 0.639751
199 0.640425
200 0.640804
201 0.641381
202 0.642235
203 0.642755
204 0.642717
205 0.64282
206 0.643222
207 0.644388
208 0.644793
209 0.645256
210 0.645115
211 0.645844
212 0.645155
213 0.646519
214 0.646934
215 0.647196
216 0.647479
217 0.648129
218 0.648821
219 0.648521
220 0.648987
221 0.649668
222 0.649831
223 0.650334
224 0.650739
225 0.650874
226 0.651644
227 0.651533
228 0.65242
229 0.652525
230 0.652535
231 0.653684
232 0.653516
233 0.6545
234 0.654459
235 0.655068
236 0.655322
237 0.655462
238 0.655708
239 0.655922
240 0.656569
241 0.657163
242 0.657555
243 0.657552
244 0.658165
245 0.658484
246 0.658528
247 0.659085
248 0.659266
249 0.659549
250 0.659818
251 0.660525
252 0.660844
253 0.661076
254 0.661631
255 0.66207
256 0.662127
257 0.661955
258 0.662843
259 0.663444
260 0.663695
261 0.664009
262 0.664094
263 0.66432
264 0.66504
265 0.664719
266 0.665622
267 0.665464
268 0.665891
269 0.666132
270 0.666654
271 0.666396
272 0.66738
273 0.667628
274 0.667444
275 0.667983
276 0.668591
277 0.668916
278 0.668733
279 0.669722
280 0.669535
281 0.669929
282 0.670715
283 0.671037
284 0.670978
285 0.671381
286 0.671547
287 0.672366
288 0.672133
289 0.672524
290 0.672764
291 0.673161
292 0.673025
293 0.673796
294 0.673902
295 0.674659
296 0.674616
297 0.674631
298 0.675273
299 0.674778
300 0.676059
