1 0.5
2 0.35359
3 0.294858
4 0.258328
5 0.234147
6 0.217867
7 0.20598
8 0.196375
9 0.183859
10 0.177117
11 0.171762
12 0.167157
13 0.163527
14 0.159804
15 0.15725
16 0.154704
17 0.152682
18 0.150744
19 0.148798
20 0.146779
21 0.144631
22 0.143465
23 0.141871
24 0.140602
25 0.139453
26 0.138357
27 0.136735
28 0.135221
29 0.134073
30 0.13316
31 0.132242
32 0.131294
33 0.13072
34 0.130406
35 0.129497
36 0.128699
37 0.128218
38 0.127946
39 0.12752
40 0.127031
41 0.126647
42 0.126088
43 0.125765
44 0.125708
45 0.125297
46 0.124852
47 0.124332
48 0.124182
49 0.124114
50 0.123706
51 0.123511
52 0.123054
53 0.122762
54 0.122171
55 0.122184
56 0.121741
57 0.121633
58 0.121355
59 0.120899
60 0.120791
61 0.120482
62 0.120228
63 0.11994
64 0.119477
65 0.119881
66 0.119434
67 0.11914
68 0.118959
69 0.118629
70 0.11846
71 0.118016
72 0.11774
73 0.117433
74 0.117423
75 0.117139
76 0.117245
77 0.116991
78 0.116871
79 0.116854
80 0.116437
81 0.116323
82 0.116361
83 0.116143
84 0.115866
85 0.115775
86 0.11553
87 0.115434
88 0.115214
89 0.115087
90 0.11481
91 0.114678
92 0.114507
93 0.114336
94 0.114171
95 0.114068
96 0.113964
97 0.11384
98 0.113968
99 0.113722
100 0.113568
101 0.113395
102 0.113567
103 0.113157
104 0.113042
105 0.112971
106 0.112802
107 0.112738
108 0.112594
109 0.112464
110 0.112536
111 0.11218
112 0.11224
113 0.112071
114 0.111814
115 0.111841
116 0.111827
117 0.111804
118 0.111708
119 0.111636
120 0.111492
121 0.111266
122 0.111215
123 0.11108
124 0.111067
125 0.110913
126 0.110703
127 0.110705
128 0.110625
129 0.110702
130 0.110455
131 0.110459
132 0.110387
133 0.110252
134 0.110238
135 0.110143
136 0.110047
137 0.11018
138 0.10992
139 0.10973
140 0.10992
141 0.10972
142 0.109584
143 0.109701
144 0.109387
145 0.109508
146 0.109398
147 0.109285
148 0.109289
149 0.109181
150 0.109172
151 0.109004
152 0.108955
153 0.108915
154 0.108819
155 0.108936
156 0.108761
157 0.108665
158 0.108582
159 0.108548
160 0.108522
161 0.108442
162 0.108322
163 0.108255
164 0.10825
165 0.108181
166 0.108114
167 0.108054
168 0.107994
169 0.107952
170 0.108347
171 0.108176
172 0.107729
173 0.107644
174 0.107803
175 0.10778
176 0.107661
177 0.107636
178 0.107555
179 0.10756
180 0.10747
181 0.107377
182 0.107235
183 0.107357
184 0.107255
185 0.107097
186 0.107095
187 0.107424
188 0.107097
189 0.107047
190 0.10704
191 0.106965
192 0.106823
193 0.106991
194 0.106928
195 0.106965
196 0.106825
197 0.106875
198 0.106673
199 0.106671
200 0.106598
201 0.10664
202 0.106498
203 0.106513
204 0.106377
205 0.106703
206 0.106359
207 0.10642
208 0.106292
209 0.106201
210 0.106163
211 0.106255
212 0.106185
213 0.106044
214 0.106185
215 0.106121
216 0.106048
217 0.106015
218 0.105877
219 0.105985
220 0.106061
221 0.105958
222 0.105949
223 0.105747
224 0.105864
225 0.105711
226 0.105785
227 0.105802
228 0.1057
229 0.105604
230 0.105656
231 0.105586
232 0.105596
233 0.105598
234 0.105509
235 0.105471
236 0.105489
237 0.105443
238 0.105372
239 0.105452
240 0.105349
241 0.105353
242 0.105255
243 0.105379
244 0.105242
245 0.105442
246 0.105228
247 0.105164
248 0.105218
249 0.105109
250 0.105173
251 0.105095
252 0.105058
253 0.105
254 0.104984
255 0.10533
256 0.105011
257 0.104492
258 0.104871
259 0.104853
260 0.10482
261 0.104804
262 0.104775
263 0.104838
264 0.104766
265 0.104687
266 0.104731
267 0.104769
268 0.104774
269 0.104561
270 0.104509
271 0.104521
272 0.104533
273 0.104566
274 0.104575
275 0.104628
276 0.104481
277 0.104489
278 0.104289
279 0.104435
280 0.104474
281 0.104394
282 0.104362
283 0.104326
284 0.104415
285 0.104332
286 0.104334
287 0.104132
288 0.104278
289 0.104221
290 0.104317
291 0.104173
292 0.104232
293 0.104107
294 0.104098
295 0.10399
296 0.104101
297 0.104024
298 0.10403
299 0.104123
300 0.104003
