1 0.110022
2 0.110178
3 0.11025
4 0.109961
5 0.0856479
6 0.0805383
7 0.0795698
8 0.0744719
9 0.0700282
10 0.067291
11 0.06598
12 0.0637073
13 0.0625021
14 0.0611286
15 0.0600699
16 0.0588183
17 0.0582124
18 0.0569619
19 0.0557413
20 0.0547728
21 0.0532313
22 0.0526543
23 0.0522087
24 0.0516801
25 0.0512849
26 0.0508585
27 0.0495486
28 0.0484576
29 0.0478479
30 0.0471869
31 0.0466636
32 0.0464468
33 0.0459586
34 0.0455657
35 0.0452025
36 0.0448082
37 0.0447685
38 0.044572
39 0.0441347
40 0.0439349
41 0.0438132
42 0.0437419
43 0.0435251
44 0.0433235
45 0.0431233
46 0.0428071
47 0.0428114
48 0.042304
49 0.0418379
50 0.041225
51 0.040957
52 0.0406833
53 0.0403068
54 0.0400299
55 0.0398751
56 0.0397183
57 0.0393879
58 0.0391713
59 0.0391029
60 0.0388563
61 0.0386301
62 0.0384772
63 0.0382561
64 0.0381547
65 0.0380312
66 0.0378303
67 0.0374544
68 0.0370522
69 0.0365373
70 0.0360192
71 0.0355496
72 0.0352155
73 0.0350689
74 0.0347597
75 0.0344322
76 0.0342682
77 0.0340376
78 0.0337414
79 0.0335745
80 0.0333935
81 0.0332512
82 0.0330296
83 0.0329144
84 0.0326805
85 0.0323759
86 0.0322883
87 0.032138
88 0.0318591
89 0.0316912
90 0.0313504
91 0.0311249
92 0.0311065
93 0.0307703
94 0.0306418
95 0.030434
96 0.0301594
97 0.0301106
98 0.0299624
99 0.02976
100 0.0295342
101 0.0293704
102 0.0293339
103 0.0290979
104 0.0288189
105 0.0286926
106 0.02862
107 0.0283858
108 0.0283256
109 0.0281394
110 0.0279981
111 0.0278804
112 0.0276885
113 0.0275427
114 0.0273832
115 0.0273469
116 0.0271409
117 0.0270481
118 0.027055
119 0.0268778
120 0.0267763
121 0.0265376
122 0.0263891
123 0.026297
124 0.0261961
125 0.026031
126 0.025864
127 0.0257634
128 0.0256252
129 0.0255768
130 0.0254132
131 0.0252839
132 0.0250699
133 0.0250695
134 0.0249498
135 0.0247878
136 0.0247784
137 0.0246391
138 0.0244924
139 0.0244272
140 0.0243201
141 0.0242022
142 0.0240456
143 0.0240418
144 0.023935
145 0.0238335
146 0.023713
147 0.0235984
148 0.0234539
149 0.0234097
150 0.023448
151 0.0232333
152 0.0231594
153 0.0230831
154 0.0228995
155 0.0228716
156 0.022776
157 0.0226764
158 0.0226088
159 0.0224806
160 0.0224831
161 0.0223726
162 0.0222971
163 0.0221338
164 0.0221278
165 0.0220457
166 0.0219871
167 0.021809
168 0.0218257
169 0.0216892
170 0.0215669
171 0.0216002
172 0.0214023
173 0.0213394
174 0.0212683
175 0.0211341
176 0.0211241
177 0.0210583
178 0.0210202
179 0.0208141
180 0.0209058
181 0.020831
182 0.0206669
183 0.0205898
184 0.0205336
185 0.0205282
186 0.0204936
187 0.0203887
188 0.0202673
189 0.0202174
190 0.0201424
191 0.0201139
192 0.0199967
193 0.0199077
194 0.0199635
195 0.0198312
196 0.0196781
197 0.0196622
198 0.0196505
199 0.019578
200 0.0194871
201 0.0194427
202 0.0193658
203 0.0192663
204 0.0192515
205 0.0192719
206 0.0191732
207 0.0190855
208 0.0189635
209 0.0189346
210 0.0189048
211 0.018842
212 0.0188854
213 0.0187412
214 0.0186259
215 0.0186879
216 0.018597
217 0.0185045
218 0.0184154
219 0.0184349
220 0.0183791
221 0.0183016
222 0.018323
223 0.0182078
224 0.0181578
225 0.0181825
226 0.01803
227 0.0180502
228 0.0179534
229 0.0178918
230 0.0178842
231 0.0177987
232 0.0177859
233 0.0177005
234 0.0176693
235 0.0175993
236 0.0175587
237 0.0174756
238 0.0174795
239 0.0174718
240 0.0173984
241 0.0173395
242 0.0172633
243 0.0172513
244 0.0171948
245 0.0171646
246 0.0171408
247 0.0170762
248 0.0170351
249 0.0169584
250 0.0169299
251 0.016904
252 0.0168288
253 0.0167898
254 0.016744
255 0.0166619
256 0.0166596
257 0.0166586
258 0.0165807
259 0.0165262
260 0.0164638
261 0.0164715
262 0.0164483
263 0.0164006
264 0.016311
265 0.0163219
266 0.0162622
267 0.0162724
268 0.0162239
269 0.0161366
270 0.0161213
271 0.0160848
272 0.0160133
273 0.0159858
274 0.0159824
275 0.0159251
276 0.0158976
277 0.0158141
278 0.0158319
279 0.0157304
280 0.0157415
281 0.0156944
282 0.0155874
283 0.0155985
284 0.0156061
285 0.0155265
286 0.0155325
287 0.0154323
288 0.0154766
289 0.0153856
290 0.0153528
291 0.0153272
292 0.0153276
293 0.0152266
294 0.0152106
295 0.0151522
296 0.0151566
297 0.0151617
298 0.0151219
299 0.0150994
300 0.0149877
