1 0.5
2 0.5
3 0.5
4 0.5
5 0.499396
6 0.499173
7 0.499047
8 0.498722
9 0.498369
10 0.498145
11 0.498006
12 0.497761
13 0.497768
14 0.497551
15 0.497447
16 0.497406
17 0.497271
18 0.497157
19 0.49703
20 0.496906
21 0.496665
22 0.49663
23 0.496559
24 0.496624
25 0.496494
26 0.496526
27 0.496268
28 0.496191
29 0.496111
30 0.495945
31 0.49601
32 0.495924
33 0.495906
34 0.495843
35 0.495785
36 0.495744
37 0.495769
38 0.495712
39 0.495624
40 0.495535
41 0.495592
42 0.495561
43 0.495569
44 0.495397
45 0.495422
46 0.495486
47 0.495486
48 0.49535
49 0.495349
50 0.49526
51 0.495126
52 0.495204
53 0.495195
54 0.49499
55 0.49499
56 0.495025
57 0.494924
58 0.494895
59 0.494993
60 0.494849
61 0.494903
62 0.494793
63 0.494813
64 0.494803
65 0.494843
66 0.494844
67 0.49472
68 0.49461
69 0.494512
70 0.494509
71 0.494482
72 0.494379
73 0.494435
74 0.494287
75 0.494131
76 0.494109
77 0.494237
78 0.494076
79 0.494073
80 0.494
81 0.494078
82 0.493839
83 0.493983
84 0.494052
85 0.493809
86 0.494029
87 0.493944
88 0.493697
89 0.493802
90 0.493808
91 0.49374
92 0.493757
93 0.493747
94 0.493737
95 0.493508
96 0.493627
97 0.493593
98 0.493599
99 0.493549
100 0.493471
101 0.493443
102 0.493348
103 0.493348
104 0.493448
105 0.49332
106 0.493408
107 0.493247
108 0.493395
109 0.493278
110 0.493182
111 0.493081
112 0.4931
113 0.493254
114 0.493151
115 0.493224
116 0.493169
117 0.492991
118 0.493147
119 0.492985
120 0.493111
121 0.492943
122 0.492798
123 0.492927
124 0.492806
125 0.492885
126 0.4929
127 0.492904
128 0.4928
129 0.492764
130 0.492862
131 0.492711
132 0.492666
133 0.49267
134 0.492723
135 0.492695
136 0.492515
137 0.49261
138 0.492522
139 0.492682
140 0.492659
141 0.492583
142 0.492499
143 0.492565
144 0.492633
145 0.492466
146 0.49255
147 0.492434
148 0.492483
149 0.492427
150 0.49245
151 0.492336
152 0.492302
153 0.492347
154 0.492289
155 0.492207
156 0.492383
157 0.492332
158 0.49243
159 0.492185
160 0.492278
161 0.492168
162 0.492164
163 0.492194
164 0.492124
165 0.492207
166 0.492273
167 0.492218
168 0.492274
169 0.492056
170 0.492073
171 0.492
172 0.49194
173 0.491981
174 0.492103
175 0.492061
176 0.492056
177 0.49214
178 0.491933
179 0.491853
180 0.491791
181 0.491871
182 0.491858
183 0.491864
184 0.491874
185 0.491948
186 0.491817
187 0.491804
188 0.491818
189 0.491735
190 0.491731
191 0.491745
192 0.491655
193 0.491735
194 0.491769
195 0.491759
196 0.491836
197 0.491801
198 0.491821
199 0.491592
200 0.491801
201 0.491622
202 0.49157
203 0.491789
204 0.491498
205 0.491658
206 0.491643
207 0.491689
208 0.491743
209 0.491517
210 0.491536
211 0.49166
212 0.491679
213 0.491531
214 0.491443
215 0.491305
216 0.491589
217 0.491747
218 0.491571
219 0.491435
220 0.491532
221 0.491507
222 0.491423
223 0.491571
224 0.491327
225 0.491593
226 0.491454
227 0.491345
228 0.491406
229 0.491412
230 0.491499
231 0.491345
232 0.491303
233 0.49138
234 0.49139
235 0.491485
236 0.491258
237 0.491244
238 0.491365
239 0.491425
240 0.491336
241 0.491259
242 0.491257
243 0.491355
244 0.491197
245 0.491178
246 0.491222
247 0.491316
248 0.491136
249 0.491145
250 0.491252
251 0.491149
252 0.491259
253 0.491217
254 0.491239
255 0.4912
256 0.491301
257 0.491053
258 0.491114
259 0.491078
260 0.491117
261 0.491288
262 0.491028
263 0.490987
264 0.491108
265 0.491028
266 0.491201
267 0.491252
268 0.491093
269 0.491099
270 0.491037
271 0.491007
272 0.491071
273 0.491202
274 0.491173
275 0.490998
276 0.490957
277 0.491051
278 0.490963
279 0.490985
280 0.491103
281 0.491153
282 0.490885
283 0.49102
284 0.490983
285 0.491117
286 0.490867
287 0.491
288 0.490928
289 0.490803
290 0.490911
291 0.490937
292 0.490951
293 0.491011
294 0.490733
295 0.490865
296 0.491046
297 0.490797
298 0.490852
299 0.490849
300 0.490891
