1 0
2 0.333333
3 0.222222
4 0.263158
5 0.210526
6 0.19697
7 0.172727
8 0.164706
9 0.145098
10 0.145205
11 0.136986
12 0.12987
13 0.121212
14 0.124585
15 0.117571
16 0.118609
17 0.113292
18 0.111111
19 0.110176
20 0.107071
21 0.102694
22 0.102076
23 0.100213
24 0.0988201
25 0.0962754
26 0.0961329
27 0.0927663
28 0.0924295
29 0.0914634
30 0.0902534
31 0.0891383
32 0.0878162
33 0.0863897
34 0.0855615
35 0.0847187
36 0.0834486
37 0.081983
38 0.0818056
39 0.0810059
40 0.0804401
41 0.0797606
42 0.0786324
43 0.0781214
44 0.0778309
45 0.0768773
46 0.0763603
47 0.0756114
48 0.07494
49 0.0742225
50 0.0737575
51 0.0731834
52 0.0726232
53 0.0719073
54 0.0713881
55 0.0708917
56 0.0704275
57 0.0697523
58 0.0693216
59 0.0689545
60 0.0683978
61 0.0679193
62 0.0674887
63 0.0670116
64 0.0666642
65 0.066213
66 0.0657756
67 0.065337
68 0.0650813
69 0.0646481
70 0.0642793
71 0.0640011
72 0.0636551
73 0.0633196
74 0.0629611
75 0.0626458
76 0.0624184
77 0.0620339
78 0.0617511
79 0.0615025
80 0.061216
81 0.0608663
82 0.0606216
83 0.0603326
84 0.0600872
85 0.0597907
86 0.0595749
87 0.059272
88 0.0589933
89 0.0587545
90 0.0584681
91 0.0582695
92 0.0580269
93 0.0577668
94 0.057547
95 0.0573025
96 0.0570705
97 0.0568094
98 0.0566223
99 0.0564141
100 0.0561911
