1 0
2 0.333333
3 0.333333
4 0.368421
5 0.315789
6 0.30303
7 0.272727
8 0.258824
9 0.254902
10 0.243836
11 0.234834
12 0.227994
13 0.220779
14 0.216777
15 0.212532
16 0.210123
17 0.206953
18 0.202985
19 0.201357
20 0.196857
21 0.192293
22 0.190783
23 0.187117
24 0.185387
25 0.182923
26 0.179599
27 0.176881
28 0.17561
29 0.173171
30 0.171491
31 0.16929
32 0.167175
33 0.164923
34 0.163147
35 0.161112
36 0.159326
37 0.157021
38 0.155648
39 0.1542
40 0.153033
41 0.151123
42 0.149773
43 0.148729
44 0.147163
45 0.145718
46 0.144528
47 0.14314
48 0.142142
49 0.140624
50 0.139458
51 0.138281
52 0.137285
53 0.135911
54 0.134845
55 0.133909
56 0.132781
57 0.131682
58 0.130625
59 0.129602
60 0.128754
61 0.127642
62 0.126691
63 0.125829
64 0.124849
65 0.123888
66 0.123052
67 0.122201
68 0.121403
69 0.120478
70 0.11976
71 0.118912
72 0.118148
73 0.117353
74 0.116622
75 0.115915
76 0.115291
77 0.114516
78 0.113857
79 0.113199
80 0.112519
81 0.111789
82 0.111218
83 0.110551
84 0.109952
85 0.109318
86 0.108694
87 0.108111
88 0.107584
89 0.106935
90 0.106384
91 0.105817
92 0.105259
93 0.104679
94 0.104179
95 0.103632
96 0.103096
97 0.102585
98 0.102041
99 0.101529
100 0.101044
