1 0.499351
2 0.508003
3 0.514012
4 0.518775
5 0.522469
6 0.52632
7 0.529722
8 0.532587
9 0.535426
10 0.53822
11 0.54076
12 0.54314
13 0.545346
14 0.547403
15 0.549298
16 0.551226
17 0.553109
18 0.554779
19 0.556451
20 0.558004
21 0.559551
22 0.561066
23 0.562599
24 0.563924
25 0.565115
26 0.56652
27 0.56783
28 0.569094
29 0.570109
30 0.571515
31 0.572507
32 0.573687
33 0.57473
34 0.575749
35 0.5768
36 0.577675
37 0.578666
38 0.579606
39 0.580658
40 0.581554
41 0.582257
42 0.583239
43 0.584243
44 0.58499
45 0.58582
46 0.586451
47 0.587434
48 0.588189
49 0.589013
50 0.589868
51 0.590463
52 0.591251
53 0.59193
54 0.592619
55 0.593366
56 0.593959
57 0.594618
58 0.595367
59 0.59593
60 0.596593
61 0.597214
62 0.597897
63 0.598428
64 0.599056
65 0.599556
66 0.600153
67 0.600678
68 0.601174
69 0.601726
70 0.602321
71 0.602925
72 0.603337
73 0.603936
74 0.604373
75 0.604852
76 0.605354
77 0.60584
78 0.606384
79 0.606758
80 0.607191
81 0.607739
82 0.608192
83 0.608545
84 0.608989
85 0.609551
86 0.609929
87 0.610489
88 0.610805
89 0.61123
90 0.611534
91 0.612152
92 0.612452
93 0.612862
94 0.613247
95 0.613628
96 0.614054
97 0.614457
98 0.614844
99 0.615245
100 0.615582
101 0.615923
102 0.616179
103 0.616661
104 0.617109
105 0.617435
106 0.617712
107 0.618149
108 0.618347
109 0.618772
110 0.619091
111 0.619417
112 0.619794
113 0.620007
114 0.620473
115 0.62069
116 0.621069
117 0.621327
118 0.621692
119 0.621995
120 0.622299
121 0.622614
122 0.622945
123 0.62319
124 0.623528
125 0.623742
126 0.624119
127 0.624312
128 0.624759
129 0.62482
130 0.625217
131 0.625464
132 0.625662
133 0.626096
134 0.626322
135 0.626571
136 0.626837
137 0.627001
138 0.627334
139 0.627579
140 0.627865
141 0.628134
142 0.628358
143 0.628538
144 0.628885
145 0.629236
146 0.62935
147 0.629637
148 0.629863
149 0.63014
150 0.630383
151 0.630651
152 0.630772
153 0.631072
154 0.631277
155 0.631628
156 0.631769
157 0.631876
158 0.632213
159 0.632457
160 0.63268
161 0.632788
162 0.633135
163 0.633258
164 0.633526
165 0.633775
166 0.633902
167 0.634092
168 0.634344
169 0.634435
170 0.634662
171 0.634987
172 0.635053
173 0.635266
174 0.635533
175 0.635702
176 0.635927
177 0.636084
178 0.636243
179 0.636507
180 0.636631
181 0.636779
182 0.637023
183 0.637255
184 0.63752
185 0.637685
186 0.637819
187 0.637982
188 0.638191
189 0.63832
190 0.638505
191 0.638752
192 0.638943
193 0.639045
194 0.639298
195 0.639428
196 0.639645
197 0.639834
198 0.63997
199 0.640089
200 0.640319
201 0.640458
202 0.640602
203 0.640762
204 0.640879
205 0.641099
206 0.641264
207 0.641458
208 0.641598
209 0.641845
210 0.6419
211 0.641965
212 0.642268
213 0.642421
214 0.642575
215 0.642652
216 0.642793
217 0.643019
218 0.643162
219 0.643239
220 0.643495
221 0.643603
222 0.643749
223 0.644007
224 0.644076
225 0.644125
226 0.644352
227 0.644569
228 0.644625
229 0.644792
230 0.644884
231 0.645003
232 0.645233
233 0.645331
234 0.645547
235 0.645545
236 0.645879
237 0.645848
238 0.645945
239 0.646237
240 0.646257
241 0.646395
242 0.646515
243 0.646738
244 0.646761
245 0.646983
246 0.647096
247 0.647296
248 0.647368
249 0.647342
250 0.647631
251 0.647745
252 0.647957
253 0.647962
254 0.648128
255 0.648144
256 0.648415
257 0.648472
258 0.648688
259 0.648791
260 0.648937
261 0.648957
262 0.649112
263 0.649212
264 0.649446
265 0.649445
266 0.64957
267 0.6497
268 0.64986
269 0.649931
270 0.650136
271 0.650091
272 0.650328
273 0.650413
274 0.650455
275 0.650613
276 0.650761
277 0.650905
278 0.650989
279 0.651136
280 0.651157
281 0.651339
282 0.651375
283 0.651566
284 0.651621
285 0.651749
286 0.651897
287 0.651978
288 0.651966
289 0.652119
290 0.652374
291 0.65239
292 0.652547
293 0.652632
294 0.652674
295 0.652841
296 0.652881
297 0.652989
298 0.653151
299 0.653264
300 0.653369
