1 0.066618
2 0.082195
3 0.090358
4 0.099288
5 0.106327
6 0.114102
7 0.120422
8 0.127234
9 0.132995
10 0.138586
11 0.143785
12 0.149218
13 0.153601
14 0.158109
15 0.162802
16 0.167682
17 0.171266
18 0.175545
19 0.178772
20 0.182092
21 0.18631
22 0.189502
23 0.193614
24 0.196073
25 0.198824
26 0.202323
27 0.205068
28 0.208275
29 0.210995
30 0.214506
31 0.216518
32 0.219798
33 0.222835
34 0.224496
35 0.227845
36 0.228995
37 0.231913
38 0.233997
39 0.237196
40 0.238724
41 0.240881
42 0.243547
43 0.245803
44 0.247774
45 0.250427
46 0.251316
47 0.253364
48 0.255562
49 0.258168
50 0.260388
51 0.261174
52 0.264465
53 0.26526
54 0.267465
55 0.2699
56 0.271198
57 0.272706
58 0.274895
59 0.276919
60 0.278005
61 0.280122
62 0.281997
63 0.282587
64 0.284054
65 0.285749
66 0.287791
67 0.289616
68 0.290965
69 0.292789
70 0.293987
71 0.295526
72 0.296288
73 0.297607
74 0.299244
75 0.301171
76 0.302602
77 0.304713
78 0.305639
79 0.306178
80 0.307179
81 0.308965
82 0.310206
83 0.311441
84 0.312638
85 0.314338
86 0.315356
87 0.31715
88 0.318745
89 0.318948
90 0.32094
91 0.322376
92 0.323065
93 0.324658
94 0.325662
95 0.326496
96 0.328286
97 0.329845
98 0.331105
99 0.332091
100 0.333328
101 0.333823
102 0.334962
103 0.336373
104 0.337144
105 0.339067
106 0.339577
107 0.341581
108 0.342813
109 0.342923
110 0.344421
111 0.345737
112 0.346304
113 0.347645
114 0.348241
115 0.349295
116 0.350389
117 0.351539
118 0.352563
119 0.354087
120 0.354898
121 0.355528
122 0.356564
123 0.357419
124 0.358729
125 0.359019
126 0.360851
127 0.361907
128 0.362963
129 0.362924
130 0.363715
131 0.365299
132 0.365794
133 0.366483
134 0.368073
135 0.368706
136 0.369871
137 0.369947
138 0.371836
139 0.372105
140 0.373152
141 0.373643
142 0.374226
143 0.375408
144 0.376933
145 0.377711
146 0.378627
147 0.379401
148 0.380019
149 0.381018
150 0.381474
151 0.382882
152 0.383354
153 0.384525
154 0.384977
155 0.386281
156 0.386461
157 0.386689
158 0.388492
159 0.389506
160 0.39051
161 0.390091
162 0.391511
163 0.39197
164 0.392844
165 0.393823
166 0.393662
167 0.39426
168 0.39624
169 0.396436
170 0.396808
171 0.39844
172 0.397752
173 0.399476
174 0.400302
175 0.400475
176 0.40172
177 0.402282
178 0.40307
179 0.40424
180 0.404084
181 0.404017
182 0.405794
183 0.406279
184 0.407025
185 0.407341
186 0.408401
187 0.408715
188 0.409679
189 0.410161
190 0.410581
191 0.412136
192 0.412518
193 0.412587
194 0.413789
195 0.41339
196 0.414767
197 0.416475
198 0.41688
199 0.416705
200 0.418197
201 0.419315
202 0.417917
203 0.419994
204 0.420172
205 0.420699
206 0.421891
207 0.422907
208 0.423388
209 0.423654
210 0.423663
211 0.424432
212 0.425788
213 0.426388
214 0.426722
215 0.427469
216 0.427515
217 0.428256
218 0.429182
219 0.42943
220 0.430518
221 0.4305
222 0.431962
223 0.431966
224 0.432574
225 0.433282
226 0.43408
227 0.434914
228 0.434899
229 0.435577
230 0.436157
231 0.436402
232 0.437886
233 0.437788
234 0.438288
235 0.438357
236 0.439915
237 0.44022
238 0.440146
239 0.442155
240 0.442095
241 0.441618
242 0.442754
243 0.443394
244 0.443401
245 0.444491
246 0.445134
247 0.446108
248 0.446154
249 0.44596
250 0.447189
251 0.446523
252 0.448699
253 0.448307
254 0.449501
255 0.44883
256 0.450531
257 0.450443
258 0.451549
259 0.452444
260 0.453299
261 0.452741
262 0.453579
263 0.453419
264 0.455146
265 0.454787
266 0.455008
267 0.456075
268 0.456257
269 0.45715
270 0.457933
271 0.457461
272 0.458722
273 0.458957
274 0.458855
275 0.459734
276 0.460133
277 0.460291
278 0.460888
279 0.462205
280 0.462163
281 0.46305
282 0.4621
283 0.463388
284 0.463679
285 0.464457
286 0.466187
287 0.464871
288 0.464829
289 0.466193
290 0.467044
291 0.467362
292 0.468252
293 0.468514
294 0.467621
295 0.468832
296 0.469041
297 0.469273
298 0.470541
299 0.470996
300 0.472404
