1 0.220189
2 0.211879
3 0.206157
4 0.201503
5 0.197434
6 0.193796
7 0.190387
8 0.187371
9 0.184585
10 0.181917
11 0.179512
12 0.177028
13 0.174997
14 0.172825
15 0.170801
16 0.168994
17 0.167115
18 0.165362
19 0.163776
20 0.162131
21 0.160605
22 0.159043
23 0.157566
24 0.156182
25 0.155036
26 0.153592
27 0.152304
28 0.151078
29 0.150013
30 0.148699
31 0.147619
32 0.146419
33 0.14534
34 0.144338
35 0.143201
36 0.142403
37 0.141392
38 0.140422
39 0.13937
40 0.138517
41 0.137755
42 0.136799
43 0.135867
44 0.135058
45 0.134263
46 0.133624
47 0.132655
48 0.13197
49 0.131114
50 0.130281
51 0.129725
52 0.128826
53 0.128208
54 0.127515
55 0.126793
56 0.126154
57 0.125474
58 0.124826
59 0.124185
60 0.123556
61 0.122989
62 0.122301
63 0.12173
64 0.121141
65 0.120608
66 0.12001
67 0.119475
68 0.118974
69 0.118428
70 0.117838
71 0.117274
72 0.116806
73 0.11625
74 0.115797
75 0.115281
76 0.114753
77 0.114247
78 0.113763
79 0.11337
80 0.112928
81 0.112394
82 0.111947
83 0.111566
84 0.111145
85 0.110596
86 0.110214
87 0.10966
88 0.109308
89 0.108912
90 0.108523
91 0.107965
92 0.107646
93 0.107244
94 0.10685
95 0.106514
96 0.106073
97 0.105648
98 0.105276
99 0.10488
100 0.104523
101 0.104203
102 0.103902
103 0.103459
104 0.103029
105 0.102688
106 0.102418
107 0.101978
108 0.101757
109 0.101348
110 0.101057
111 0.100706
112 0.100353
113 0.100122
114 0.0996446
115 0.099432
116 0.0990672
117 0.0987878
118 0.0984696
119 0.0981103
120 0.0978508
121 0.0975348
122 0.0972166
123 0.0969448
124 0.0965687
125 0.0964206
126 0.0960344
127 0.0958204
128 0.095398
129 0.0952927
130 0.0949483
131 0.0946579
132 0.0945074
133 0.0940467
134 0.0938587
135 0.0935659
136 0.0932788
137 0.0931228
138 0.0928246
139 0.0925975
140 0.0922808
141 0.0920123
142 0.0917878
143 0.091616
144 0.0912659
145 0.0909345
146 0.090816
147 0.0905211
148 0.0902939
149 0.090039
150 0.0897643
151 0.0895195
152 0.0893868
153 0.0890871
154 0.0888794
155 0.0885506
156 0.0883867
157 0.0882901
158 0.0879363
159 0.0877208
160 0.0874815
161 0.0873645
162 0.0870179
163 0.0869099
164 0.0866391
165 0.0863948
166 0.086263
167 0.0860492
168 0.0858189
169 0.0857267
170 0.0854819
171 0.0851772
172 0.0850844
173 0.0848789
174 0.0846299
175 0.0844625
176 0.0842103
177 0.0840731
178 0.0839235
179 0.0836504
180 0.0835386
181 0.0833885
182 0.0831278
183 0.0829357
184 0.0826426
185 0.0824681
186 0.0823361
187 0.082156
188 0.08197
189 0.081826
190 0.0816471
191 0.08141
192 0.0812023
193 0.0811285
194 0.0808473
195 0.0807353
196 0.0805179
197 0.0803439
198 0.080184
199 0.0800586
200 0.0798578
201 0.0797258
202 0.0795776
203 0.0794218
204 0.0792811
205 0.079064
206 0.0788768
207 0.0787025
208 0.0785751
209 0.0783224
210 0.0782406
211 0.0782128
212 0.0779087
213 0.0777549
214 0.0776229
215 0.0774995
216 0.0773452
217 0.0771493
218 0.0770237
219 0.0769472
220 0.0766705
221 0.0765455
222 0.0763802
223 0.076167
224 0.0760774
225 0.0760147
226 0.0758343
227 0.0756102
228 0.0755383
229 0.0753525
230 0.0752779
231 0.0751634
232 0.0749222
233 0.0748294
234 0.0746235
235 0.0746062
236 0.0742961
237 0.0743001
238 0.0742214
239 0.0739563
240 0.0738923
241 0.0737358
242 0.0736434
243 0.0734057
244 0.0734112
245 0.0731571
246 0.0730578
247 0.072866
248 0.0728002
249 0.0727876
250 0.0725245
251 0.0724372
252 0.0722005
253 0.0721923
254 0.0720324
255 0.0720118
256 0.0717246
257 0.0716976
258 0.0714763
259 0.0713774
260 0.07121
261 0.0711963
262 0.071055
263 0.0709653
264 0.0707124
265 0.0707332
266 0.0705939
267 0.0704672
268 0.0703162
269 0.0702097
270 0.0700575
271 0.0700777
272 0.0698259
273 0.069727
274 0.069706
275 0.069521
276 0.0694074
277 0.0692706
278 0.069174
279 0.0690323
280 0.0690047
281 0.0688197
282 0.0687787
283 0.0685929
284 0.0685247
285 0.0684147
286 0.0682705
287 0.0682004
288 0.0681709
289 0.0680343
290 0.0678124
291 0.0677655
292 0.0676375
293 0.0675283
294 0.0674939
295 0.0673518
296 0.0672666
297 0.067169
298 0.0670089
299 0.0669132
300 0.0668041
