1 0.220189
2 0.203568
3 0.194965
4 0.187177
5 0.181265
6 0.175425
7 0.170567
8 0.165989
9 0.162043
10 0.158182
11 0.154942
12 0.15143
13 0.148627
14 0.145756
15 0.142969
16 0.140484
17 0.138282
18 0.135791
19 0.133841
20 0.131825
21 0.129953
22 0.127876
23 0.126103
24 0.124397
25 0.1229
26 0.121196
27 0.11958
28 0.118159
29 0.11684
30 0.115264
31 0.113948
32 0.112714
33 0.111239
34 0.110258
35 0.108913
36 0.107976
37 0.106771
38 0.105725
39 0.104442
40 0.103649
41 0.10276
42 0.101652
43 0.100619
44 0.099807
45 0.0988833
46 0.0981633
47 0.0972409
48 0.0964528
49 0.0954934
50 0.0947244
51 0.093988
52 0.0930009
53 0.092399
54 0.0917163
55 0.0909048
56 0.0903103
57 0.0895925
58 0.0889264
59 0.0882828
60 0.0876511
61 0.0870039
62 0.086314
63 0.085793
64 0.0852995
65 0.0846788
66 0.0841015
67 0.0835441
68 0.0830264
69 0.0824749
70 0.081979
71 0.0814296
72 0.0809439
73 0.0804626
74 0.0799252
75 0.0793817
76 0.0789499
77 0.078481
78 0.0780065
79 0.0776761
80 0.0772882
81 0.0767428
82 0.076339
83 0.0759213
84 0.0755242
85 0.0750424
86 0.0746316
87 0.0741948
88 0.0736718
89 0.0734505
90 0.0730433
91 0.0725312
92 0.072303
93 0.0718469
94 0.0715253
95 0.0712552
96 0.0707539
97 0.0703626
98 0.0699925
99 0.0696873
100 0.0693328
101 0.0690359
102 0.0687687
103 0.0684012
104 0.0679796
105 0.0676451
106 0.06738
107 0.0669607
108 0.0668241
109 0.0665083
110 0.0661395
111 0.0658255
112 0.0655625
113 0.065385
114 0.0650305
115 0.0647177
116 0.0644402
117 0.0641462
118 0.0638745
119 0.0635176
120 0.0633558
121 0.0630134
122 0.0628353
123 0.0625597
124 0.0622352
125 0.0621871
126 0.0617712
127 0.0615791
128 0.0612339
129 0.061072
130 0.0608918
131 0.0605931
132 0.0604706
133 0.0600703
134 0.0598831
135 0.0596048
136 0.0594162
137 0.059276
138 0.0589824
139 0.0587898
140 0.0585503
141 0.0583402
142 0.0581324
143 0.0579567
144 0.05772
145 0.0573817
146 0.0573166
147 0.0570416
148 0.0569143
149 0.0566426
150 0.0564021
151 0.0561678
152 0.0560933
153 0.0557621
154 0.0556949
155 0.0553509
156 0.0551964
157 0.0551802
158 0.0547922
159 0.054711
160 0.0545181
161 0.0544332
162 0.0541011
163 0.0539254
164 0.0538163
165 0.0536221
166 0.0535254
167 0.0533047
168 0.0531138
169 0.052973
170 0.0529016
171 0.0526071
172 0.0525155
173 0.0523214
174 0.0520847
175 0.0520681
176 0.0517796
177 0.0516868
178 0.0515147
179 0.0513231
180 0.0512498
181 0.0511301
182 0.0508836
183 0.0507822
184 0.0505791
185 0.0503756
186 0.0502773
187 0.050129
188 0.0500179
189 0.0498694
190 0.0497592
191 0.0495497
192 0.0493628
193 0.0493346
194 0.0490923
195 0.0490461
196 0.0487789
197 0.0486388
198 0.0485391
199 0.0484494
200 0.0483277
201 0.0481255
202 0.0481023
203 0.0479019
204 0.0478225
205 0.0476495
206 0.0474541
207 0.0473335
208 0.0472126
209 0.0470655
210 0.0469928
211 0.046918
212 0.0467385
213 0.0465529
214 0.0464414
215 0.0463861
216 0.0463026
217 0.0461218
218 0.0460101
219 0.0459464
220 0.0457241
221 0.0456688
222 0.0454983
223 0.0454003
224 0.0452904
225 0.0451878
226 0.0450721
227 0.0448413
228 0.0448319
229 0.0446519
230 0.0446252
231 0.0445847
232 0.044348
233 0.0442768
234 0.0440935
235 0.0441382
236 0.0438501
237 0.0438746
238 0.0438107
239 0.0435488
240 0.04354
241 0.043416
242 0.0433488
243 0.0431475
244 0.0431939
245 0.0429477
246 0.0428836
247 0.042743
248 0.0426931
249 0.0426744
250 0.0424717
251 0.0424561
252 0.0422519
253 0.0422773
254 0.0421092
255 0.0420884
256 0.0418399
257 0.0419019
258 0.0416691
259 0.0415492
260 0.0414379
261 0.0415058
262 0.0413628
263 0.0413332
264 0.0410762
265 0.0411404
266 0.0410688
267 0.0408874
268 0.0408379
269 0.0407097
270 0.0405955
271 0.0406408
272 0.0404204
273 0.0403496
274 0.0403632
275 0.0402135
276 0.040168
277 0.0400484
278 0.0399681
279 0.0398417
280 0.0398117
281 0.0396129
282 0.0396541
283 0.0394946
284 0.039464
285 0.0394071
286 0.0392231
287 0.0392032
288 0.039224
289 0.0390786
290 0.038902
291 0.0388915
292 0.0387539
293 0.0386976
294 0.0387305
295 0.0385688
296 0.0384942
297 0.0384776
298 0.0382986
299 0.0382361
300 0.0381334
