1 0.5
2 0.35917
3 0.2975
4 0.261448
5 0.237219
6 0.219466
7 0.205735
8 0.194819
9 0.185965
10 0.17845
11 0.172187
12 0.166504
13 0.161692
14 0.157394
15 0.153572
16 0.150119
17 0.146873
18 0.14416
19 0.141487
20 0.139136
21 0.137025
22 0.1348
23 0.132946
24 0.131209
25 0.129606
26 0.127953
27 0.126717
28 0.125223
29 0.123899
30 0.122751
31 0.121548
32 0.120447
33 0.119319
34 0.11848
35 0.117528
36 0.116504
37 0.115682
38 0.114901
39 0.1141
40 0.11334
41 0.112677
42 0.11194
43 0.111216
44 0.110695
45 0.109984
46 0.109389
47 0.108993
48 0.108345
49 0.107743
50 0.107252
51 0.106775
52 0.106353
53 0.105916
54 0.105394
55 0.104871
56 0.104486
57 0.103969
58 0.103706
59 0.103279
60 0.102885
61 0.102526
62 0.102179
63 0.101724
64 0.101458
65 0.10115
66 0.100781
67 0.100519
68 0.100087
69 0.0999719
70 0.099617
71 0.0993113
72 0.0990349
73 0.0988044
74 0.0984985
75 0.098322
76 0.0980384
77 0.0977611
78 0.0974789
79 0.0973163
80 0.0969844
81 0.0968181
82 0.0965731
83 0.0964081
84 0.096157
85 0.0960151
86 0.0956546
87 0.0956416
88 0.095315
89 0.0952829
90 0.0951269
91 0.0948122
92 0.0947267
93 0.0944328
94 0.0942826
95 0.0941691
96 0.0940467
97 0.093873
98 0.0936613
99 0.0934584
100 0.0933943
101 0.0931109
102 0.0929322
103 0.0928367
104 0.092778
105 0.092657
106 0.0924758
107 0.0923068
108 0.0921909
109 0.0921241
110 0.091906
111 0.0917391
112 0.0916367
113 0.0913757
114 0.0913729
115 0.0913845
116 0.0911528
117 0.0909526
118 0.0909477
119 0.0908081
120 0.0906721
121 0.090526
122 0.0904072
123 0.0902895
124 0.0900933
125 0.0901376
126 0.089945
127 0.0897589
128 0.0896945
129 0.0896625
130 0.089533
131 0.0894546
132 0.0892436
133 0.0893238
134 0.0890957
135 0.0890148
136 0.0889222
137 0.0888489
138 0.0888101
139 0.0885937
140 0.0885594
141 0.0884971
142 0.0883975
143 0.0881838
144 0.088182
145 0.0881715
146 0.0880256
147 0.0879208
148 0.0878434
149 0.0877299
150 0.0877119
151 0.0875062
152 0.0874795
153 0.0873541
154 0.0873644
155 0.0872878
156 0.0871842
157 0.0871446
158 0.0869806
159 0.0869414
160 0.0868608
161 0.0868455
162 0.0866868
163 0.086627
164 0.0866128
165 0.0865787
166 0.0864914
167 0.0863175
168 0.086318
169 0.0862315
170 0.0861398
171 0.086075
172 0.0859589
173 0.085971
174 0.0858657
175 0.0857318
176 0.0856643
177 0.0857215
178 0.0856465
179 0.0855052
180 0.0854745
181 0.0855047
182 0.0852805
183 0.0853263
184 0.0852551
185 0.0851116
186 0.0851197
187 0.0850948
188 0.0849935
189 0.0848822
190 0.084928
191 0.0848105
192 0.0848052
193 0.0846244
194 0.0846354
195 0.0846209
196 0.0845135
197 0.0844361
198 0.0843806
199 0.0843901
200 0.0843285
201 0.0843048
202 0.0842389
203 0.0840561
204 0.0840816
205 0.0839952
206 0.0839785
207 0.0839875
208 0.0838071
209 0.0838224
210 0.0837768
211 0.0836374
212 0.0837
213 0.0836721
214 0.0836544
215 0.0835047
216 0.0835362
217 0.0833977
218 0.0833047
219 0.0832797
220 0.0833911
221 0.0832546
222 0.0832429
223 0.0831852
224 0.0831756
225 0.0831098
226 0.083023
227 0.0829667
228 0.0829065
229 0.0830097
230 0.082912
231 0.0827106
232 0.082682
233 0.0826675
234 0.0826693
235 0.0826716
236 0.082603
237 0.0825025
238 0.0824486
239 0.0824496
240 0.0823754
241 0.0823567
242 0.0823324
243 0.0823542
244 0.0822866
245 0.0821656
246 0.0821818
247 0.0821544
248 0.0821116
249 0.082013
250 0.0820136
251 0.0820462
252 0.0819622
253 0.0819486
254 0.0818187
255 0.0818084
256 0.0818141
257 0.0816289
258 0.0817094
259 0.0817353
260 0.0816363
261 0.0816321
262 0.0815611
263 0.0815217
264 0.0814817
265 0.0814607
266 0.0814687
267 0.08134
268 0.0813853
269 0.0812257
270 0.0812538
271 0.0812875
272 0.0812202
273 0.0812251
274 0.0811782
275 0.0810891
276 0.0811074
277 0.0810304
278 0.0810057
279 0.0809912
280 0.0809115
281 0.0808177
282 0.0809023
283 0.0809018
284 0.0807655
285 0.080811
286 0.0806718
287 0.0806814
288 0.0807079
289 0.0805948
290 0.0806652
291 0.0805182
292 0.0805316
293 0.0804922
294 0.0804857
295 0.0804093
296 0.0804382
297 0.0804932
298 0.0803736
299 0.0802778
300 0.0803095
