1 0.5
2 0.499729
3 0.499349
4 0.498927
5 0.498538
6 0.497975
7 0.497578
8 0.4972
9 0.496608
10 0.496171
11 0.495748
12 0.495253
13 0.494778
14 0.494489
15 0.493972
16 0.493597
17 0.493179
18 0.492981
19 0.492474
20 0.492193
21 0.491644
22 0.491424
23 0.49109
24 0.490719
25 0.490368
26 0.490087
27 0.489747
28 0.489382
29 0.489295
30 0.4888
31 0.488489
32 0.487942
33 0.488166
34 0.487749
35 0.487417
36 0.487324
37 0.486885
38 0.486839
39 0.486578
40 0.486432
41 0.486161
42 0.485707
43 0.485268
44 0.485199
45 0.484907
46 0.484896
47 0.484513
48 0.484467
49 0.484128
50 0.483859
51 0.483933
52 0.483514
53 0.483362
54 0.483377
55 0.483072
56 0.482646
57 0.482487
58 0.482742
59 0.482355
60 0.482207
61 0.481724
62 0.481796
63 0.48166
64 0.481541
65 0.48127
66 0.481145
67 0.480859
68 0.480654
69 0.480688
70 0.480683
71 0.480398
72 0.480175
73 0.480183
74 0.47977
75 0.479814
76 0.479874
77 0.479437
78 0.479308
79 0.479499
80 0.479092
81 0.478883
82 0.478965
83 0.478873
84 0.478729
85 0.478512
86 0.478283
87 0.47791
88 0.477947
89 0.478113
90 0.478081
91 0.477985
92 0.47758
93 0.477324
94 0.477151
95 0.477259
96 0.476972
97 0.476847
98 0.477086
99 0.476723
100 0.476765
101 0.476461
102 0.476563
103 0.476353
104 0.476136
105 0.475977
106 0.47579
107 0.475854
108 0.475656
109 0.475965
110 0.475638
111 0.475669
112 0.475368
113 0.475607
114 0.475266
115 0.475188
116 0.474962
117 0.475042
118 0.47503
119 0.474971
120 0.474609
121 0.474695
122 0.474724
123 0.474315
124 0.474432
125 0.474248
126 0.474241
127 0.474193
128 0.474153
129 0.473791
130 0.473798
131 0.473727
132 0.473815
133 0.473379
134 0.473473
135 0.473355
136 0.473597
137 0.473544
138 0.473347
139 0.473426
140 0.473161
141 0.473094
142 0.472996
143 0.472937
144 0.472753
145 0.472843
146 0.472821
147 0.472626
148 0.472427
149 0.472453
150 0.472452
151 0.472605
152 0.472431
153 0.47191
154 0.472112
155 0.472202
156 0.472117
157 0.472052
158 0.472229
159 0.471806
160 0.471897
161 0.471694
162 0.471581
163 0.471558
164 0.471818
165 0.471592
166 0.471183
167 0.471425
168 0.471401
169 0.471355
170 0.471179
171 0.47142
172 0.471001
173 0.471245
174 0.470914
175 0.470888
176 0.470658
177 0.470736
178 0.470876
179 0.470651
180 0.47035
181 0.470756
182 0.470358
183 0.470356
184 0.470304
185 0.4702
186 0.470594
187 0.470306
188 0.47
189 0.470045
190 0.470216
191 0.469755
192 0.46991
193 0.470016
194 0.47
195 0.469745
196 0.469742
197 0.46979
198 0.469461
199 0.469488
200 0.469594
201 0.469316
202 0.469207
203 0.469478
204 0.46926
205 0.469289
206 0.469109
207 0.469243
208 0.4691
209 0.468916
210 0.469263
211 0.468883
212 0.468883
213 0.468657
214 0.468894
215 0.46886
216 0.468804
217 0.468436
218 0.468825
219 0.468478
220 0.468622
221 0.46858
222 0.46863
223 0.468536
224 0.468611
225 0.468455
226 0.468382
227 0.468111
228 0.468299
229 0.467951
230 0.468046
231 0.46808
232 0.468091
233 0.468392
234 0.467873
235 0.468143
236 0.467989
237 0.467771
238 0.467888
239 0.468028
240 0.467523
241 0.467799
242 0.467478
243 0.467596
244 0.467488
245 0.467368
246 0.467585
247 0.46743
248 0.467436
249 0.467323
250 0.467771
251 0.467225
252 0.467348
253 0.467196
254 0.467224
255 0.46739
256 0.467169
257 0.467197
258 0.46695
259 0.467108
260 0.466639
261 0.467237
262 0.466955
263 0.466868
264 0.466813
265 0.46652
266 0.46659
267 0.466896
268 0.466825
269 0.466817
270 0.466727
271 0.466706
272 0.466706
273 0.466539
274 0.466467
275 0.465961
276 0.466412
277 0.466457
278 0.466326
279 0.46626
280 0.466368
281 0.466181
282 0.466196
283 0.465873
284 0.466136
285 0.466002
286 0.466344
287 0.466382
288 0.466011
289 0.466155
290 0.465862
291 0.466059
292 0.466052
293 0.465545
294 0.465953
295 0.465687
296 0.465641
297 0.465896
298 0.465798
299 0.465674
300 0.466072
