1 0.066618
2 0.0744065
3 0.0798173
4 0.085218
5 0.0899488
6 0.0946718
7 0.0988846
8 0.102858
9 0.106652
10 0.11002
11 0.113431
12 0.116979
13 0.119918
14 0.122788
15 0.125685
16 0.128631
17 0.131485
18 0.134062
19 0.136245
20 0.138474
21 0.141382
22 0.143646
23 0.146583
24 0.148253
25 0.150213
26 0.152874
27 0.154808
28 0.157412
29 0.15924
30 0.161825
31 0.163482
32 0.165925
33 0.167926
34 0.169618
35 0.172012
36 0.173117
37 0.175202
38 0.17709
39 0.179351
40 0.180945
41 0.182516
42 0.184443
43 0.186255
44 0.188087
45 0.190192
46 0.191022
47 0.192688
48 0.19463
49 0.196574
50 0.198518
51 0.199016
52 0.201471
53 0.20253
54 0.204282
55 0.206304
56 0.207426
57 0.208894
58 0.210639
59 0.212187
60 0.213212
61 0.214778
62 0.216476
63 0.21704
64 0.21852
65 0.219918
66 0.221639
67 0.22301
68 0.224005
69 0.225458
70 0.226958
71 0.228086
72 0.229035
73 0.230204
74 0.231511
75 0.232919
76 0.234149
77 0.235825
78 0.236851
79 0.237556
80 0.238237
81 0.240004
82 0.240975
83 0.242072
84 0.243195
85 0.244785
86 0.245511
87 0.247361
88 0.248184
89 0.248927
90 0.250531
91 0.251609
92 0.252642
93 0.253808
94 0.254741
95 0.255729
96 0.257063
97 0.258537
98 0.259507
99 0.26048
100 0.261483
101 0.262041
102 0.262811
103 0.264336
104 0.265194
105 0.266693
106 0.267068
107 0.268876
108 0.269864
109 0.270359
110 0.271255
111 0.272446
112 0.273218
113 0.274114
114 0.275076
115 0.275958
116 0.276958
117 0.27772
118 0.278789
119 0.280138
120 0.280855
121 0.281336
122 0.282667
123 0.283303
124 0.284313
125 0.284883
126 0.286257
127 0.287146
128 0.288382
129 0.288108
130 0.28916
131 0.290321
132 0.290987
133 0.291817
134 0.292986
135 0.293544
136 0.294597
137 0.29485
138 0.296301
139 0.296496
140 0.297616
141 0.298189
142 0.298726
143 0.299581
144 0.301186
145 0.301877
146 0.302582
147 0.303346
148 0.304097
149 0.304916
150 0.305455
151 0.306567
152 0.307
153 0.307969
154 0.308656
155 0.309748
156 0.309899
157 0.310247
158 0.311632
159 0.312746
160 0.313575
161 0.3134
162 0.314686
163 0.314889
164 0.315841
165 0.316804
166 0.316886
167 0.317225
168 0.318937
169 0.31887
170 0.319723
171 0.321034
172 0.320593
173 0.321906
174 0.322665
175 0.323019
176 0.32397
177 0.324783
178 0.325201
179 0.326388
180 0.326314
181 0.326325
182 0.32776
183 0.328339
184 0.329333
185 0.329437
186 0.330348
187 0.330599
188 0.331626
189 0.33206
190 0.332678
191 0.334024
192 0.334223
193 0.334404
194 0.335398
195 0.335426
196 0.336476
197 0.337867
198 0.33828
199 0.338424
200 0.339551
201 0.340437
202 0.339571
203 0.341035
204 0.341421
205 0.341967
206 0.342957
207 0.34373
208 0.344327
209 0.344676
210 0.34477
211 0.345274
212 0.346783
213 0.347358
214 0.347574
215 0.348223
216 0.34851
217 0.349133
218 0.349907
219 0.349918
220 0.351192
221 0.351301
222 0.352444
223 0.352707
224 0.353263
225 0.353549
226 0.354445
227 0.355046
228 0.355336
229 0.355811
230 0.356339
231 0.356737
232 0.357941
233 0.358109
234 0.358481
235 0.358713
236 0.360159
237 0.360335
238 0.360085
239 0.361964
240 0.36215
241 0.361843
242 0.362671
243 0.363393
244 0.363393
245 0.364254
246 0.364952
247 0.365945
248 0.366009
249 0.365763
250 0.366889
251 0.366586
252 0.368382
253 0.368223
254 0.369257
255 0.368443
256 0.370099
257 0.370264
258 0.371085
259 0.371851
260 0.372656
261 0.372316
262 0.372934
263 0.372961
264 0.374332
265 0.374191
266 0.37472
267 0.375259
268 0.375787
269 0.37641
270 0.377113
271 0.376725
272 0.377865
273 0.378187
274 0.378152
275 0.378965
276 0.379367
277 0.379619
278 0.380217
279 0.381235
280 0.381259
281 0.381911
282 0.381392
283 0.382437
284 0.382769
285 0.383574
286 0.384762
287 0.384018
288 0.38409
289 0.385153
290 0.38598
291 0.386418
292 0.387048
293 0.387336
294 0.386699
295 0.387764
296 0.388162
297 0.388356
298 0.38926
299 0.389763
300 0.390877
