1 0.499351
2 0.51649
3 0.525523
4 0.532742
5 0.538214
6 0.544955
7 0.549161
8 0.552846
9 0.558146
10 0.561762
11 0.565075
12 0.568736
13 0.572081
14 0.574036
15 0.577407
16 0.579763
17 0.582312
18 0.583486
19 0.586429
20 0.588016
21 0.591034
22 0.592212
23 0.593972
24 0.595894
25 0.59767
26 0.599073
27 0.600742
28 0.602499
29 0.602911
30 0.605239
31 0.606674
32 0.609146
33 0.608143
34 0.610007
35 0.611468
36 0.611876
37 0.613768
38 0.613965
39 0.615078
40 0.615691
41 0.616825
42 0.618699
43 0.620482
44 0.620757
45 0.621925
46 0.62197
47 0.62348
48 0.623664
49 0.624984
50 0.626021
51 0.625737
52 0.627338
53 0.627912
54 0.627857
55 0.629003
56 0.630589
57 0.631176
58 0.630232
59 0.631661
60 0.6322
61 0.63395
62 0.63369
63 0.634179
64 0.634606
65 0.635572
66 0.636014
67 0.637022
68 0.637739
69 0.63762
70 0.63764
71 0.638632
72 0.6394
73 0.639374
74 0.640787
75 0.640638
76 0.640432
77 0.641919
78 0.642354
79 0.641709
80 0.643079
81 0.643777
82 0.643502
83 0.643809
84 0.64429
85 0.645006
86 0.645759
87 0.646978
88 0.646858
89 0.646318
90 0.646422
91 0.646736
92 0.648048
93 0.64887
94 0.649423
95 0.64908
96 0.649994
97 0.650393
98 0.649631
99 0.650784
100 0.65065
101 0.65161
102 0.65129
103 0.651948
104 0.652628
105 0.653123
106 0.653703
107 0.653504
108 0.654117
109 0.653159
110 0.654172
111 0.654078
112 0.655002
113 0.654269
114 0.655315
115 0.655555
116 0.656244
117 0.656
118 0.656036
119 0.656216
120 0.657313
121 0.657053
122 0.656964
123 0.658195
124 0.657844
125 0.658396
126 0.658418
127 0.658562
128 0.658682
129 0.659759
130 0.659737
131 0.659947
132 0.659687
133 0.660976
134 0.660698
135 0.661046
136 0.660334
137 0.660488
138 0.661069
139 0.660836
140 0.661616
141 0.66181
142 0.662096
143 0.66227
144 0.662804
145 0.662544
146 0.662608
147 0.663174
148 0.663749
149 0.663674
150 0.663675
151 0.663234
152 0.663736
153 0.665233
154 0.664655
155 0.664397
156 0.664639
157 0.664825
158 0.664318
159 0.66553
160 0.66527
161 0.665849
162 0.666168
163 0.666233
164 0.665494
165 0.666137
166 0.667294
167 0.666611
168 0.666679
169 0.666809
170 0.667306
171 0.666624
172 0.667807
173 0.66712
174 0.668049
175 0.668123
176 0.668764
177 0.668547
178 0.668157
179 0.668784
180 0.669621
181 0.668491
182 0.6696
183 0.669606
184 0.669748
185 0.670036
186 0.668943
187 0.669745
188 0.670588
189 0.670465
190 0.669993
191 0.671264
192 0.670838
193 0.670544
194 0.67059
195 0.671291
196 0.671297
197 0.671168
198 0.672066
199 0.671993
200 0.671703
201 0.672462
202 0.672758
203 0.672021
204 0.672614
205 0.672535
206 0.673025
207 0.67266
208 0.673049
209 0.673546
210 0.672605
211 0.673635
212 0.673635
213 0.674245
214 0.673607
215 0.673698
216 0.673849
217 0.674837
218 0.673792
219 0.674725
220 0.674339
221 0.674453
222 0.674317
223 0.67457
224 0.674369
225 0.674788
226 0.674984
227 0.675706
228 0.675205
229 0.676132
230 0.675879
231 0.675788
232 0.675761
233 0.674956
234 0.676339
235 0.67562
236 0.67603
237 0.67661
238 0.6763
239 0.675927
240 0.677264
241 0.676536
242 0.677384
243 0.677072
244 0.677358
245 0.677674
246 0.677102
247 0.67751
248 0.677494
249 0.677792
250 0.676609
251 0.678048
252 0.677726
253 0.678126
254 0.678053
255 0.677616
256 0.678195
257 0.678123
258 0.678768
259 0.678357
260 0.679579
261 0.678018
262 0.678756
263 0.678982
264 0.679127
265 0.679887
266 0.679706
267 0.67891
268 0.679096
269 0.679117
270 0.679351
271 0.679404
272 0.679404
273 0.679839
274 0.680025
275 0.681331
276 0.680168
277 0.680052
278 0.68039
279 0.68056
280 0.680282
281 0.680765
282 0.680727
283 0.681557
284 0.68088
285 0.681227
286 0.680345
287 0.680245
288 0.681203
289 0.680833
290 0.681585
291 0.681079
292 0.681097
293 0.682397
294 0.681351
295 0.682034
296 0.682152
297 0.681499
298 0.681749
299 0.682068
300 0.681045
