1 0.49974
2 0.499768
3 0.499889
4 0.49978
5 0.499727
6 0.499712
7 0.499786
8 0.49978
9 0.499722
10 0.499705
11 0.499689
12 0.499637
13 0.499637
14 0.499556
15 0.499547
16 0.499536
17 0.499521
18 0.499498
19 0.499481
20 0.499477
21 0.499498
22 0.499518
23 0.499491
24 0.499468
25 0.499466
26 0.499463
27 0.499485
28 0.49951
29 0.499499
30 0.499515
31 0.499523
32 0.499528
33 0.499533
34 0.499531
35 0.49957
36 0.49956
37 0.499565
38 0.499572
39 0.49959
40 0.499593
41 0.499578
42 0.499574
43 0.499572
44 0.499586
45 0.499587
46 0.499593
47 0.499598
48 0.499603
49 0.499607
50 0.499608
51 0.499608
52 0.499611
53 0.499617
54 0.499619
55 0.499611
56 0.49961
57 0.499602
58 0.499601
59 0.499594
60 0.499587
61 0.499571
62 0.499574
63 0.499573
64 0.499551
65 0.499555
66 0.49956
67 0.499546
68 0.499542
69 0.499543
70 0.499539
71 0.49954
72 0.49953
73 0.499529
74 0.499536
75 0.499535
76 0.499528
77 0.499528
78 0.499518
79 0.499515
80 0.499518
81 0.499503
82 0.499506
83 0.499512
84 0.499509
85 0.499517
86 0.499514
87 0.49951
88 0.499517
89 0.499524
90 0.499525
91 0.499525
92 0.499522
93 0.499525
94 0.499531
95 0.499523
96 0.499528
97 0.499524
98 0.499523
99 0.499531
100 0.499534
101 0.499533
102 0.499534
103 0.499532
104 0.499535
105 0.499538
106 0.49955
107 0.499552
108 0.49955
109 0.49955
110 0.499545
111 0.499541
112 0.499542
113 0.499551
114 0.499548
115 0.499549
116 0.499545
117 0.499544
118 0.499543
119 0.499539
120 0.499544
121 0.499546
122 0.499554
123 0.499552
124 0.499546
125 0.499541
126 0.499547
127 0.499547
128 0.49955
129 0.499549
130 0.499547
131 0.499547
132 0.499545
133 0.499547
134 0.499548
135 0.499546
136 0.499548
137 0.499546
138 0.499547
139 0.499546
140 0.499549
141 0.499551
142 0.49955
143 0.499547
144 0.499548
145 0.499546
146 0.499545
147 0.499546
148 0.499547
149 0.49955
150 0.499547
151 0.499547
152 0.49955
153 0.499549
154 0.499548
155 0.499553
156 0.499553
157 0.499552
158 0.499555
159 0.499556
160 0.499557
161 0.499557
162 0.499558
163 0.499556
164 0.499556
165 0.499557
166 0.499557
167 0.499558
168 0.499559
169 0.499559
170 0.499558
171 0.499555
172 0.499556
173 0.499556
174 0.499555
175 0.499557
176 0.499559
177 0.499565
178 0.499566
179 0.499565
180 0.499568
181 0.499568
182 0.499568
183 0.499565
184 0.499567
185 0.499564
186 0.499564
187 0.499563
188 0.499565
189 0.49956
190 0.499559
191 0.499557
192 0.499556
193 0.499555
194 0.499559
195 0.499554
196 0.499555
197 0.499555
198 0.499553
199 0.499555
200 0.499555
201 0.499554
202 0.499555
203 0.49956
204 0.499562
205 0.499564
206 0.499567
207 0.499563
208 0.499564
209 0.499562
210 0.499563
211 0.49956
212 0.499558
213 0.499563
214 0.499565
215 0.499566
216 0.499566
217 0.499568
218 0.499568
219 0.499567
220 0.49957
221 0.49957
222 0.499573
223 0.499571
224 0.499575
225 0.499575
226 0.499575
227 0.499575
228 0.499576
229 0.49958
230 0.49958
231 0.49958
232 0.499582
233 0.499583
234 0.499583
235 0.499587
236 0.499588
237 0.499589
238 0.499587
239 0.499589
240 0.499586
241 0.499586
242 0.499587
243 0.499587
244 0.499589
245 0.499587
246 0.499585
247 0.499584
248 0.499589
249 0.49959
250 0.49959
251 0.499589
252 0.49959
253 0.499593
254 0.499595
255 0.499593
256 0.499595
257 0.499595
258 0.499593
259 0.499593
260 0.499595
261 0.499595
262 0.499598
263 0.4996
264 0.4996
265 0.499602
266 0.499604
267 0.499608
268 0.499607
269 0.499605
270 0.499606
271 0.499609
272 0.499606
273 0.499604
274 0.499604
275 0.499603
276 0.499601
277 0.4996
278 0.499603
279 0.499602
280 0.499597
281 0.499598
282 0.499599
283 0.499596
284 0.499597
285 0.499594
286 0.499594
287 0.499595
288 0.499595
289 0.499593
290 0.499594
291 0.499593
292 0.499591
293 0.499591
294 0.499593
295 0.499596
296 0.499597
297 0.499598
298 0.499601
299 0.499599
300 0.499596
