1 0.49974
2 0.499795
3 0.500132
4 0.499453
5 0.499514
6 0.499638
7 0.500232
8 0.499735
9 0.49926
10 0.499551
11 0.499526
12 0.499061
13 0.499638
14 0.498499
15 0.499425
16 0.499382
17 0.49927
18 0.49912
19 0.49916
20 0.499399
21 0.49994
22 0.499926
23 0.498889
24 0.498962
25 0.499408
26 0.499373
27 0.500063
28 0.500187
29 0.499186
30 0.499981
31 0.499768
32 0.499675
33 0.499686
34 0.499472
35 0.500893
36 0.499259
37 0.499712
38 0.499826
39 0.500302
40 0.499679
41 0.498983
42 0.499432
43 0.499458
44 0.500208
45 0.499627
46 0.499853
47 0.499835
48 0.499848
49 0.499778
50 0.499658
51 0.499591
52 0.499747
53 0.499963
54 0.499741
55 0.499176
56 0.499594
57 0.49908
58 0.499576
59 0.499215
60 0.499096
61 0.49866
62 0.499766
63 0.499494
64 0.498161
65 0.499841
66 0.499842
67 0.498693
68 0.499194
69 0.499603
70 0.499297
71 0.499627
72 0.498842
73 0.499419
74 0.50003
75 0.499549
76 0.498948
77 0.499496
78 0.498708
79 0.499403
80 0.499705
81 0.498327
82 0.499724
83 0.499956
84 0.499291
85 0.500216
86 0.499197
87 0.499203
88 0.500156
89 0.500103
90 0.499647
91 0.49948
92 0.499243
93 0.499761
94 0.500153
95 0.49886
96 0.499935
97 0.499138
98 0.499466
99 0.500319
100 0.499861
101 0.499403
102 0.499537
103 0.499381
104 0.499788
105 0.499909
106 0.500782
107 0.499708
108 0.49939
109 0.499514
110 0.499047
111 0.499028
112 0.499752
113 0.500501
114 0.499233
115 0.499706
116 0.499096
117 0.499343
118 0.49953
119 0.498948
120 0.500101
121 0.499844
122 0.500579
123 0.499312
124 0.498791
125 0.498969
126 0.500205
127 0.499616
128 0.499899
129 0.499331
130 0.49935
131 0.499601
132 0.49933
133 0.499784
134 0.499652
135 0.499231
136 0.499799
137 0.499377
138 0.499597
139 0.499401
140 0.499968
141 0.499835
142 0.499502
143 0.499225
144 0.499435
145 0.499281
146 0.49954
147 0.499544
148 0.499922
149 0.499852
150 0.499106
151 0.499659
152 0.499829
153 0.499464
154 0.499362
155 0.500426
156 0.499414
157 0.499479
158 0.500018
159 0.49976
160 0.499771
161 0.499392
162 0.499763
163 0.499265
164 0.499568
165 0.499623
166 0.499584
167 0.499763
168 0.499679
169 0.499575
170 0.499344
171 0.499004
172 0.499697
173 0.499793
174 0.499344
175 0.499908
176 0.49999
177 0.500463
178 0.499604
179 0.499617
180 0.500085
181 0.499516
182 0.499584
183 0.499086
184 0.499787
185 0.499029
186 0.499614
187 0.499439
188 0.499695
189 0.498771
190 0.499326
191 0.499128
192 0.499354
193 0.499419
194 0.500436
195 0.498559
196 0.499626
197 0.499633
198 0.499306
199 0.499842
200 0.499531
201 0.499478
202 0.49969
203 0.500482
204 0.499927
205 0.500032
206 0.500316
207 0.498709
208 0.499613
209 0.499282
210 0.499697
211 0.49892
212 0.499275
213 0.500411
214 0.500121
215 0.499887
216 0.499534
217 0.49992
218 0.499583
219 0.499422
220 0.500024
221 0.499707
222 0.500115
223 0.499244
224 0.500359
225 0.499675
226 0.499603
227 0.499518
228 0.499801
229 0.500374
230 0.499798
231 0.499602
232 0.499958
233 0.499744
234 0.499593
235 0.500437
236 0.499968
237 0.499689
238 0.499153
239 0.500037
240 0.498997
241 0.499854
242 0.499639
243 0.499521
244 0.500107
245 0.498964
246 0.499188
247 0.499348
248 0.500705
249 0.499763
250 0.499755
251 0.499303
252 0.499862
253 0.500351
254 0.499947
255 0.499115
256 0.500222
257 0.499768
258 0.498992
259 0.499582
260 0.500015
261 0.49967
262 0.500252
263 0.500107
264 0.499739
265 0.500171
266 0.500141
267 0.500511
268 0.499562
269 0.498983
270 0.499799
271 0.500493
272 0.498761
273 0.499007
274 0.499611
275 0.499276
276 0.499168
277 0.499292
278 0.500315
279 0.499278
280 0.49827
281 0.499935
282 0.499665
283 0.499172
284 0.499632
285 0.498913
286 0.499436
287 0.499992
288 0.499511
289 0.498957
290 0.499797
291 0.499583
292 0.498955
293 0.499577
294 0.500165
295 0.500496
296 0.499925
297 0.500095
298 0.500151
299 0.499158
300 0.498764
