1 0.0832012
2 0.141671
3 0.0584833
4 0.0720713
5 0.0530214
6 0.0537653
7 0.0355979
8 0.0428149
9 0.029493
10 0.0328554
11 0.0286443
12 0.0272381
13 0.0218972
14 0.0243165
15 0.0193919
16 0.0210512
17 0.0186091
18 0.0184266
19 0.0157025
20 0.0169996
21 0.0148325
22 0.0150603
23 0.0137701
24 0.0139943
25 0.0122519
26 0.0131193
27 0.0114198
28 0.0118203
29 0.0109734
30 0.0110277
31 0.0104419
32 0.0105751
33 0.00947149
34 0.00977374
35 0.00916119
36 0.00933643
37 0.00853698
38 0.00890232
39 0.00812777
40 0.00835603
41 0.00802832
42 0.0079457
43 0.00743872
44 0.00766532
45 0.00719278
46 0.00732639
47 0.00692392
48 0.00700224
49 0.00656534
50 0.00675542
51 0.00641216
52 0.00648105
53 0.00614001
54 0.00619803
55 0.00587948
56 0.00606902
57 0.00568028
58 0.00578119
59 0.00562815
60 0.00561325
61 0.00540076
62 0.00546578
63 0.00517653
64 0.00524815
65 0.00505211
66 0.00511995
67 0.00486521
68 0.00498786
69 0.00474533
70 0.00479323
71 0.00467965
72 0.00468628
73 0.00454269
74 0.00455824
75 0.00436485
76 0.00444605
77 0.00428365
78 0.00430132
79 0.00413247
80 0.0042033
81 0.00405267
82 0.00406628
83 0.00394947
84 0.0039881
85 0.00384704
86 0.00392806
87 0.00379337
88 0.00381693
89 0.00369505
90 0.0037203
91 0.00362698
92 0.0036492
93 0.00352597
94 0.0035621
95 0.00347888
96 0.00349368
97 0.00338692
98 0.00342239
99 0.00331699
100 0.00335369
101 0.0032963
102 0.00327234
103 0.00318357
104 0.00323263
105 0.00312943
106 0.00317032
107 0.00309652
108 0.00312105
109 0.00303223
110 0.00306637
111 0.00298771
112 0.00299662
113 0.00293257
114 0.00294029
115 0.00288408
116 0.00289935
117 0.00282418
118 0.00284439
119 0.00278546
120 0.00279767
121 0.00273231
122 0.00275875
123 0.00267416
124 0.00269737
125 0.0026398
126 0.00266954
127 0.00259752
128 0.0026308
129 0.00257078
130 0.00257399
131 0.0025429
132 0.00253937
133 0.00247958
134 0.00249731
135 0.0024454
136 0.00247866
137 0.00241752
138 0.00243026
139 0.00238417
140 0.00240734
141 0.00235318
142 0.00235601
143 0.00232704
144 0.00232092
145 0.00227896
146 0.0022976
147 0.0022504
148 0.00226573
149 0.00223216
150 0.00223381
151 0.00219698
152 0.00221462
153 0.00216789
154 0.00217915
155 0.00214776
156 0.00216262
157 0.00212414
158 0.00213324
159 0.00209577
160 0.00210045
161 0.00207305
162 0.00206854
163 0.00202965
164 0.00204556
165 0.00201133
166 0.00201797
167 0.00199163
168 0.00199454
169 0.00196502
170 0.00196765
171 0.00193805
172 0.00195426
173 0.00192157
174 0.00193015
175 0.00189383
176 0.00191628
177 0.00187252
178 0.00188451
179 0.00185455
180 0.00186305
181 0.00182883
182 0.00184016
183 0.00181257
184 0.00181814
185 0.00179479
186 0.00180068
187 0.00177243
188 0.00178665
189 0.00175378
190 0.00176176
191 0.00174654
192 0.00174915
193 0.00172372
194 0.00173606
195 0.00170484
196 0.00171788
197 0.00168981
198 0.00169106
199 0.00167173
200 0.0016755
201 0.00165486
202 0.00165732
203 0.0016474
204 0.00164516
205 0.00163096
206 0.00163873
207 0.00161425
208 0.00162119
209 0.00159936
210 0.00160493
211 0.00158667
212 0.0015977
213 0.00157544
214 0.00157587
215 0.00155673
216 0.00156723
217 0.00154379
218 0.00154775
219 0.00152815
220 0.00153258
221 0.00152045
222 0.00151675
223 0.00150015
224 0.00150528
225 0.0014847
226 0.00148982
227 0.00147912
228 0.00147891
229 0.00146179
230 0.00146533
231 0.00144556
232 0.00145012
233 0.00143839
234 0.00144466
235 0.00142356
236 0.0014328
237 0.00141321
238 0.00141618
239 0.00140904
240 0.00140652
241 0.00139702
242 0.0013958
243 0.00138233
244 0.00138695
245 0.00137166
246 0.00137264
247 0.00135554
248 0.0013609
249 0.00134939
250 0.00134774
251 0.00133693
252 0.00133824
253 0.00132235
254 0.00132782
255 0.00131331
256 0.0013191
257 0.00130512
258 0.0013011
259 0.00129313
260 0.00130092
261 0.00128193
262 0.00128475
263 0.00126868
264 0.00127382
265 0.00125912
266 0.00126408
267 0.00124747
268 0.00125305
269 0.00124037
270 0.00124463
271 0.00122893
272 0.00123275
273 0.00121636
274 0.00122056
275 0.00120795
276 0.00121462
277 0.00120162
278 0.00120575
279 0.00119323
280 0.00119818
281 0.00118516
282 0.00118735
283 0.00117492
284 0.00117969
285 0.00116838
286 0.00117158
287 0.00115799
288 0.00116206
289 0.00115439
290 0.00116284
291 0.0011447
292 0.00114926
293 0.00114236
294 0.00113844
295 0.00112983
296 0.00113419
297 0.00111905
298 0.00112037
299 0.00110668
300 0.00110978
