1 0.499683
2 0.499828
3 0.499857
4 0.499772
5 0.499681
6 0.49983
7 0.499935
8 0.499959
9 0.49996
10 0.49989
11 0.499898
12 0.499875
13 0.499959
14 0.499928
15 0.499944
16 0.499947
17 0.499948
18 0.499942
19 0.499907
20 0.499893
21 0.499913
22 0.499941
23 0.499951
24 0.500018
25 0.50002
26 0.500011
27 0.500043
28 0.500066
29 0.50001
30 0.500031
31 0.500031
32 0.500044
33 0.50004
34 0.500062
35 0.500059
36 0.500019
37 0.500014
38 0.500029
39 0.50003
40 0.500026
41 0.500023
42 0.500022
43 0.500021
44 0.500027
45 0.500016
46 0.500022
47 0.500014
48 0.50001
49 0.499995
50 0.500018
51 0.499999
52 0.500003
53 0.500002
54 0.500021
55 0.500014
56 0.500028
57 0.500043
58 0.500034
59 0.500045
60 0.500026
61 0.500017
62 0.50002
63 0.500019
64 0.500008
65 0.500026
66 0.500026
67 0.500018
68 0.500017
69 0.500001
70 0.500003
71 0.500005
72 0.499996
73 0.499995
74 0.499993
75 0.499991
76 0.49998
77 0.49998
78 0.499971
79 0.499968
80 0.499979
81 0.49996
82 0.49996
83 0.499958
84 0.499941
85 0.499938
86 0.499926
87 0.499914
88 0.499923
89 0.499932
90 0.499939
91 0.499937
92 0.49994
93 0.499932
94 0.499932
95 0.499923
96 0.499932
97 0.499939
98 0.499944
99 0.49994
100 0.499936
101 0.499934
102 0.499932
103 0.499934
104 0.499945
105 0.49995
106 0.499965
107 0.499966
108 0.499973
109 0.499985
110 0.499977
111 0.499977
112 0.499977
113 0.499989
114 0.499983
115 0.499979
116 0.499972
117 0.499969
118 0.499976
119 0.499978
120 0.499983
121 0.49998
122 0.499985
123 0.499979
124 0.499969
125 0.499967
126 0.499968
127 0.499973
128 0.49998
129 0.499976
130 0.499974
131 0.499984
132 0.499979
133 0.499983
134 0.499979
135 0.499974
136 0.499975
137 0.499968
138 0.499972
139 0.499976
140 0.49998
141 0.499981
142 0.49998
143 0.499974
144 0.499975
145 0.499975
146 0.499975
147 0.499969
148 0.499967
149 0.499967
150 0.499972
151 0.499974
152 0.499969
153 0.499973
154 0.499976
155 0.499977
156 0.499978
157 0.499976
158 0.499976
159 0.49997
160 0.499973
161 0.49997
162 0.499966
163 0.499963
164 0.499967
165 0.499963
166 0.499967
167 0.499967
168 0.499966
169 0.499969
170 0.499971
171 0.499966
172 0.499966
173 0.49997
174 0.499971
175 0.499972
176 0.499977
177 0.499978
178 0.499977
179 0.499975
180 0.49997
181 0.499972
182 0.499971
183 0.499966
184 0.499968
185 0.499966
186 0.499971
187 0.499968
188 0.499972
189 0.499968
190 0.499967
191 0.499966
192 0.499969
193 0.499966
194 0.499974
195 0.499967
196 0.499969
197 0.499969
198 0.499971
199 0.499971
200 0.499969
201 0.499969
202 0.499965
203 0.499967
204 0.499962
205 0.499964
206 0.499967
207 0.499964
208 0.49996
209 0.499959
210 0.49996
211 0.499959
212 0.499956
213 0.499959
214 0.49996
215 0.499963
216 0.499963
217 0.499961
218 0.499961
219 0.499963
220 0.499962
221 0.499962
222 0.499961
223 0.499957
224 0.49996
225 0.499956
226 0.49996
227 0.49996
228 0.499963
229 0.499967
230 0.499969
231 0.49997
232 0.49997
233 0.499971
234 0.499973
235 0.499975
236 0.499973
237 0.499969
238 0.499972
239 0.499971
240 0.499973
241 0.499977
242 0.499978
243 0.499978
244 0.499982
245 0.499981
246 0.499986
247 0.499983
248 0.499991
249 0.499989
250 0.499987
251 0.499986
252 0.499988
253 0.499991
254 0.499991
255 0.499992
256 0.499995
257 0.499995
258 0.499994
259 0.499994
260 0.499994
261 0.499997
262 0.500004
263 0.500009
264 0.500006
265 0.500004
266 0.500002
267 0.500004
268 0.500004
269 0.5
270 0.500001
271 0.500001
272 0.500003
273 0.500003
274 0.500001
275 0.499999
276 0.499995
277 0.499995
278 0.499995
279 0.499992
280 0.499987
281 0.499987
282 0.499988
283 0.499986
284 0.499988
285 0.499985
286 0.499983
287 0.499981
288 0.499981
289 0.499981
290 0.499983
291 0.499984
292 0.499981
293 0.499981
294 0.499987
295 0.499989
296 0.499989
297 0.499994
298 0.499996
299 0.499993
300 0.499991
