1 0.166659
2 0.166098
3 0.16662
4 0.166692
5 0.16682
6 0.16657
7 0.166266
8 0.166454
9 0.16666
10 0.166703
11 0.166548
12 0.16704
13 0.166416
14 0.166838
15 0.166467
16 0.166694
17 0.166724
18 0.166638
19 0.1667
20 0.166524
21 0.166522
22 0.166459
23 0.16664
24 0.166224
25 0.166633
26 0.166579
27 0.166243
28 0.166443
29 0.167149
30 0.166189
31 0.166434
32 0.166238
33 0.166596
34 0.166294
35 0.166563
36 0.167059
37 0.166683
38 0.166489
39 0.166522
40 0.166396
41 0.166386
42 0.166465
43 0.166547
44 0.166395
45 0.16684
46 0.166609
47 0.166742
48 0.166457
49 0.166803
50 0.16621
51 0.166847
52 0.16627
53 0.166616
54 0.166403
55 0.166752
56 0.166406
57 0.166295
58 0.166723
59 0.166596
60 0.166983
61 0.166664
62 0.166622
63 0.166841
64 0.166993
65 0.166026
66 0.166577
67 0.166928
68 0.16665
69 0.166717
70 0.166564
71 0.166524
72 0.16681
73 0.166732
74 0.166571
75 0.166772
76 0.166927
77 0.166456
78 0.166694
79 0.166779
80 0.166406
81 0.167142
82 0.166548
83 0.166636
84 0.167053
85 0.166497
86 0.166788
87 0.167339
88 0.166575
89 0.166512
90 0.166437
91 0.166966
92 0.166547
93 0.166936
94 0.166545
95 0.166772
96 0.166198
97 0.166384
98 0.166393
99 0.166533
100 0.16647
101 0.166694
102 0.166534
103 0.166626
104 0.166102
105 0.166377
106 0.166257
107 0.166382
108 0.166344
109 0.166143
110 0.166814
111 0.166517
112 0.166738
113 0.166181
114 0.166625
115 0.166809
116 0.166615
117 0.166504
118 0.166221
119 0.166834
120 0.166125
121 0.166795
122 0.166376
123 0.166835
124 0.166984
125 0.166768
126 0.16639
127 0.166249
128 0.165982
129 0.16681
130 0.166574
131 0.166119
132 0.166932
133 0.166273
134 0.166782
135 0.166893
136 0.166431
137 0.166686
138 0.166556
139 0.16642
140 0.16645
141 0.166428
142 0.166651
143 0.166848
144 0.166775
145 0.166396
146 0.166556
147 0.166714
148 0.166881
149 0.166573
150 0.16652
151 0.166156
152 0.166698
153 0.16657
154 0.166762
155 0.166507
156 0.1665
157 0.166644
158 0.166826
159 0.166602
160 0.166657
161 0.166491
162 0.166596
163 0.166852
164 0.166508
165 0.166852
166 0.166278
167 0.166588
168 0.166694
169 0.166382
170 0.166652
171 0.166753
172 0.166445
173 0.166319
174 0.1663
175 0.166386
176 0.166488
177 0.166453
178 0.166784
179 0.166639
180 0.166805
181 0.166423
182 0.166787
183 0.166776
184 0.166453
185 0.166768
186 0.166324
187 0.166586
188 0.166331
189 0.166873
190 0.166542
191 0.166807
192 0.16648
193 0.166625
194 0.166017
195 0.167088
196 0.166452
197 0.166502
198 0.166429
199 0.166471
200 0.166526
201 0.166602
202 0.166531
203 0.166411
204 0.166821
205 0.166475
206 0.166368
207 0.166979
208 0.166804
209 0.166612
210 0.166422
211 0.16689
212 0.166731
213 0.166313
214 0.166334
215 0.166581
216 0.166592
217 0.166868
218 0.166565
219 0.166189
220 0.16634
221 0.166729
222 0.166227
223 0.167025
224 0.166469
225 0.166935
226 0.166248
227 0.166582
228 0.166422
229 0.166378
230 0.166389
231 0.166755
232 0.166661
233 0.166322
234 0.166294
235 0.166497
236 0.166713
237 0.166738
238 0.166461
239 0.166837
240 0.166654
241 0.166368
242 0.16638
243 0.166535
244 0.166206
245 0.166659
246 0.166129
247 0.166896
248 0.165948
249 0.166558
250 0.166651
251 0.166632
252 0.166263
253 0.166228
254 0.166506
255 0.166624
256 0.1664
257 0.166574
258 0.166627
259 0.166543
260 0.166512
261 0.166599
262 0.166152
263 0.165967
264 0.166793
265 0.166695
266 0.166773
267 0.166406
268 0.1665
269 0.166895
270 0.166422
271 0.166462
272 0.166523
273 0.166806
274 0.166729
275 0.166795
276 0.16689
277 0.16665
278 0.166596
279 0.166876
280 0.166764
281 0.166462
282 0.166316
283 0.16665
284 0.16616
285 0.166847
286 0.166731
287 0.16656
288 0.16639
289 0.166632
290 0.166461
291 0.16648
292 0.166766
293 0.166481
294 0.16612
295 0.166058
296 0.166377
297 0.166248
298 0.166303
299 0.167219
300 0.166821
