1 0.499683
2 0.499974
3 0.499915
4 0.499515
5 0.49932
6 0.500572
7 0.500569
8 0.500127
9 0.499971
10 0.499258
11 0.499968
12 0.49963
13 0.500967
14 0.499527
15 0.500157
16 0.499997
17 0.499962
18 0.499846
19 0.499277
20 0.499623
21 0.500311
22 0.500527
23 0.500173
24 0.501572
25 0.500057
26 0.499781
27 0.500873
28 0.500702
29 0.498437
30 0.500653
31 0.50001
32 0.500446
33 0.499924
34 0.500798
35 0.499921
36 0.498607
37 0.499887
38 0.500547
39 0.500072
40 0.49987
41 0.499914
42 0.499954
43 0.500024
44 0.500288
45 0.499502
46 0.500278
47 0.499666
48 0.499851
49 0.499234
50 0.501131
51 0.499116
52 0.500196
53 0.499949
54 0.501026
55 0.499606
56 0.500797
57 0.500918
58 0.499471
59 0.500731
60 0.498873
61 0.499467
62 0.500206
63 0.499977
64 0.499325
65 0.501173
66 0.500017
67 0.499531
68 0.499845
69 0.498954
70 0.500155
71 0.500156
72 0.499399
73 0.499837
74 0.49987
75 0.499824
76 0.499237
77 0.499972
78 0.499307
79 0.499684
80 0.500803
81 0.49843
82 0.499996
83 0.499776
84 0.498621
85 0.499597
86 0.498918
87 0.498975
88 0.500626
89 0.500705
90 0.50053
91 0.499783
92 0.500205
93 0.499212
94 0.499924
95 0.499115
96 0.500836
97 0.500545
98 0.500405
99 0.499559
100 0.49953
101 0.499742
102 0.499752
103 0.500204
104 0.501021
105 0.500448
106 0.501534
107 0.500081
108 0.500681
109 0.50125
110 0.499128
111 0.499942
112 0.500086
113 0.501308
114 0.499371
115 0.49945
116 0.499288
117 0.499459
118 0.500841
119 0.500269
120 0.500489
121 0.499625
122 0.500595
123 0.499331
124 0.498646
125 0.499841
126 0.500036
127 0.500603
128 0.500841
129 0.499454
130 0.499725
131 0.501276
132 0.499253
133 0.500583
134 0.499506
135 0.499307
136 0.50008
137 0.499007
138 0.50051
139 0.500569
140 0.500448
141 0.500093
142 0.499858
143 0.499159
144 0.500005
145 0.500077
146 0.499931
147 0.49925
148 0.499492
149 0.500046
150 0.500636
151 0.500341
152 0.499299
153 0.500537
154 0.500358
155 0.500286
156 0.499997
157 0.49972
158 0.499929
159 0.49916
160 0.500197
161 0.499766
162 0.499246
163 0.499539
164 0.500533
165 0.499214
166 0.500789
167 0.499947
168 0.499739
169 0.50047
170 0.500226
171 0.499308
172 0.499858
173 0.50067
174 0.500007
175 0.500302
176 0.500693
177 0.500337
178 0.499648
179 0.499781
180 0.499026
181 0.500193
182 0.499846
183 0.499099
184 0.500249
185 0.499807
186 0.500816
187 0.499503
188 0.500634
189 0.499265
190 0.499649
191 0.499966
192 0.500247
193 0.499582
194 0.501426
195 0.498652
196 0.500367
197 0.500061
198 0.500285
199 0.499994
200 0.499632
201 0.499932
202 0.499163
203 0.500276
204 0.499095
205 0.500098
206 0.500817
207 0.499386
208 0.499135
209 0.499538
210 0.500216
211 0.499732
212 0.499396
213 0.500408
214 0.500345
215 0.5005
216 0.499995
217 0.499411
218 0.500107
219 0.500467
220 0.499914
221 0.499629
222 0.499936
223 0.499205
224 0.500407
225 0.499091
226 0.500914
227 0.499877
228 0.500666
229 0.500844
230 0.500307
231 0.500338
232 0.499933
233 0.50037
234 0.500199
235 0.500545
236 0.499595
237 0.498891
238 0.500866
239 0.499863
240 0.500297
241 0.50082
242 0.500273
243 0.500014
244 0.501103
245 0.499498
246 0.501387
247 0.499131
248 0.501776
249 0.499581
250 0.499594
251 0.499712
252 0.500447
253 0.500856
254 0.499901
255 0.500357
256 0.500621
257 0.50005
258 0.499655
259 0.499913
260 0.500128
261 0.500678
262 0.501897
263 0.501381
264 0.499115
265 0.499617
266 0.499488
267 0.500377
268 0.500081
269 0.498813
270 0.50033
271 0.500128
272 0.500523
273 0.499921
274 0.499527
275 0.499341
276 0.49891
277 0.500141
278 0.500031
279 0.498858
280 0.498815
281 0.500005
282 0.500411
283 0.499207
284 0.50074
285 0.499002
286 0.499266
287 0.499757
288 0.499912
289 0.499793
290 0.50052
291 0.500279
292 0.49923
293 0.500017
294 0.501491
295 0.500801
296 0.499991
297 0.501219
298 0.50054
299 0.49914
300 0.499618
