1 0.166659
2 0.166378
3 0.166459
4 0.166517
5 0.166578
6 0.166577
7 0.166532
8 0.166522
9 0.166538
10 0.166554
11 0.166554
12 0.166594
13 0.166581
14 0.166599
15 0.16659
16 0.166597
17 0.166604
18 0.166606
19 0.166611
20 0.166607
21 0.166603
22 0.166596
23 0.166598
24 0.166582
25 0.166584
26 0.166584
27 0.166572
28 0.166567
29 0.166587
30 0.166574
31 0.166569
32 0.166559
33 0.16656
34 0.166552
35 0.166553
36 0.166567
37 0.16657
38 0.166568
39 0.166566
40 0.166562
41 0.166558
42 0.166556
43 0.166555
44 0.166552
45 0.166558
46 0.166559
47 0.166563
48 0.166561
49 0.166566
50 0.166559
51 0.166565
52 0.166559
53 0.16656
54 0.166557
55 0.166561
56 0.166558
57 0.166553
58 0.166556
59 0.166557
60 0.166564
61 0.166566
62 0.166566
63 0.166571
64 0.166578
65 0.166569
66 0.166569
67 0.166574
68 0.166576
69 0.166578
70 0.166577
71 0.166577
72 0.16658
73 0.166582
74 0.166582
75 0.166584
76 0.166589
77 0.166587
78 0.166589
79 0.166591
80 0.166589
81 0.166595
82 0.166595
83 0.166595
84 0.166601
85 0.1666
86 0.166602
87 0.16661
88 0.16661
89 0.166609
90 0.166607
91 0.166611
92 0.16661
93 0.166614
94 0.166613
95 0.166615
96 0.16661
97 0.166608
98 0.166606
99 0.166605
100 0.166604
101 0.166605
102 0.166604
103 0.166604
104 0.166599
105 0.166597
106 0.166594
107 0.166592
108 0.16659
109 0.166585
110 0.166588
111 0.166587
112 0.166588
113 0.166585
114 0.166585
115 0.166587
116 0.166587
117 0.166587
118 0.166584
119 0.166586
120 0.166582
121 0.166583
122 0.166582
123 0.166584
124 0.166587
125 0.166588
126 0.166587
127 0.166584
128 0.16658
129 0.166581
130 0.166581
131 0.166578
132 0.16658
133 0.166578
134 0.16658
135 0.166582
136 0.166581
137 0.166582
138 0.166581
139 0.16658
140 0.166579
141 0.166578
142 0.166579
143 0.166581
144 0.166582
145 0.166581
146 0.166581
147 0.166581
148 0.166584
149 0.166583
150 0.166583
151 0.16658
152 0.166581
153 0.166581
154 0.166582
155 0.166582
156 0.166581
157 0.166582
158 0.166583
159 0.166583
160 0.166584
161 0.166583
162 0.166583
163 0.166585
164 0.166584
165 0.166586
166 0.166584
167 0.166584
168 0.166585
169 0.166584
170 0.166584
171 0.166585
172 0.166584
173 0.166583
174 0.166581
175 0.16658
176 0.166579
177 0.166579
178 0.16658
179 0.16658
180 0.166581
181 0.166581
182 0.166582
183 0.166583
184 0.166582
185 0.166583
186 0.166582
187 0.166581
188 0.16658
189 0.166582
190 0.166582
191 0.166583
192 0.166582
193 0.166583
194 0.16658
195 0.166582
196 0.166581
197 0.166581
198 0.16658
199 0.16658
200 0.166579
201 0.16658
202 0.166579
203 0.166579
204 0.16658
205 0.166579
206 0.166578
207 0.16658
208 0.166581
209 0.166581
210 0.166581
211 0.166582
212 0.166583
213 0.166581
214 0.16658
215 0.16658
216 0.16658
217 0.166582
218 0.166582
219 0.16658
220 0.166579
221 0.16658
222 0.166578
223 0.16658
224 0.166579
225 0.166581
226 0.16658
227 0.166579
228 0.166579
229 0.166578
230 0.166577
231 0.166578
232 0.166578
233 0.166577
234 0.166576
235 0.166575
236 0.166576
237 0.166577
238 0.166576
239 0.166577
240 0.166578
241 0.166577
242 0.166576
243 0.166576
244 0.166574
245 0.166575
246 0.166573
247 0.166574
248 0.166572
249 0.166572
250 0.166572
251 0.166572
252 0.166571
253 0.16657
254 0.166569
255 0.16657
256 0.166569
257 0.166569
258 0.166569
259 0.166569
260 0.166569
261 0.166569
262 0.166567
263 0.166565
264 0.166566
265 0.166566
266 0.166567
267 0.166567
268 0.166566
269 0.166568
270 0.166567
271 0.166567
272 0.166566
273 0.166568
274 0.166568
275 0.166569
276 0.16657
277 0.16657
278 0.16657
279 0.166571
280 0.166572
281 0.166572
282 0.166571
283 0.166571
284 0.16657
285 0.166571
286 0.166571
287 0.166571
288 0.166571
289 0.166571
290 0.16657
291 0.16657
292 0.166571
293 0.166571
294 0.166569
295 0.166567
296 0.166567
297 0.166565
298 0.166564
299 0.166567
300 0.166568
