1 0.667121
2 0.666495
3 0.724405
4 0.736736
5 0.759713
6 0.771625
7 0.789779
8 0.796023
9 0.808798
10 0.815425
11 0.823582
12 0.829093
13 0.836635
14 0.840559
15 0.846572
16 0.85001
17 0.854551
18 0.857752
19 0.862214
20 0.864618
21 0.868241
22 0.870599
23 0.873514
24 0.875468
25 0.878655
26 0.880137
27 0.882888
28 0.884695
29 0.886842
30 0.888278
31 0.890164
32 0.89158
33 0.893466
34 0.894572
35 0.896393
36 0.897634
37 0.899197
38 0.90011
39 0.901718
40 0.902588
41 0.903732
42 0.904676
43 0.90578
44 0.906803
45 0.907864
46 0.908657
47 0.909566
48 0.910476
49 0.911535
50 0.91225
51 0.913274
52 0.91389
53 0.914863
54 0.915423
55 0.916318
56 0.917009
57 0.917817
58 0.91835
59 0.919048
60 0.919558
61 0.920364
62 0.920825
63 0.921518
64 0.922143
65 0.922751
66 0.923424
67 0.923977
68 0.924375
69 0.92496
70 0.925477
71 0.925914
72 0.926399
73 0.927002
74 0.927567
75 0.928085
76 0.928459
77 0.928957
78 0.929379
79 0.929996
80 0.930403
81 0.930884
82 0.931167
83 0.931628
84 0.932014
85 0.93241
86 0.932739
87 0.933204
88 0.933459
89 0.93397
90 0.934311
91 0.934654
92 0.935086
93 0.935391
94 0.935865
95 0.936144
96 0.936422
97 0.936703
98 0.937087
99 0.937407
100 0.937684
101 0.937963
102 0.938359
103 0.938632
104 0.938846
105 0.939207
106 0.939376
107 0.939619
108 0.939891
109 0.940105
110 0.940328
111 0.94063
112 0.940959
113 0.941266
114 0.941481
115 0.941698
116 0.942012
117 0.942267
118 0.942409
119 0.942702
120 0.942942
121 0.94321
122 0.943425
123 0.943763
124 0.943906
125 0.944134
126 0.944265
127 0.944604
128 0.944735
129 0.945031
130 0.945246
131 0.945436
132 0.945696
133 0.945969
134 0.94615
135 0.946311
136 0.946414
137 0.94663
138 0.946733
139 0.947035
140 0.947104
141 0.947249
142 0.94752
143 0.947652
144 0.947907
145 0.948047
146 0.948241
147 0.948334
148 0.948512
149 0.948669
150 0.948888
151 0.949044
152 0.949113
153 0.94924
154 0.949407
155 0.949542
156 0.949662
157 0.949834
158 0.950041
159 0.950145
160 0.950363
161 0.950531
162 0.950719
163 0.950884
164 0.951141
165 0.951231
166 0.95144
167 0.951569
168 0.951706
169 0.951747
170 0.951985
171 0.952188
172 0.952215
173 0.952393
174 0.952484
175 0.952728
176 0.952798
177 0.952947
178 0.953142
179 0.953267
180 0.953332
181 0.953484
182 0.953574
183 0.953726
184 0.953878
185 0.954027
186 0.95409
187 0.954106
188 0.954234
189 0.954425
190 0.954529
191 0.954604
192 0.954701
193 0.954769
194 0.954874
195 0.955039
196 0.955148
197 0.955292
198 0.955486
199 0.955612
200 0.955706
201 0.955779
202 0.955926
203 0.95588
204 0.956105
205 0.956098
206 0.95619
207 0.956217
208 0.956343
209 0.95646
210 0.956556
211 0.956678
212 0.956744
213 0.95681
214 0.956954
215 0.957027
216 0.957143
217 0.957265
218 0.957376
219 0.957474
220 0.957627
221 0.957673
222 0.957798
223 0.957845
224 0.95791
225 0.957992
226 0.958118
227 0.958146
228 0.958184
229 0.958349
230 0.958493
231 0.958634
232 0.958703
233 0.958721
234 0.958823
235 0.958976
236 0.959085
237 0.959155
238 0.959275
239 0.959282
240 0.959379
241 0.959415
242 0.959522
243 0.959598
244 0.959669
245 0.959773
246 0.959848
247 0.959942
248 0.960021
249 0.960065
250 0.960172
251 0.960208
252 0.960307
253 0.960404
254 0.960478
255 0.960527
256 0.960554
257 0.960679
258 0.960765
259 0.960812
260 0.960904
261 0.961053
262 0.961182
263 0.96126
264 0.96131
265 0.961403
266 0.961535
267 0.961616
268 0.961712
269 0.961806
270 0.96176
271 0.961931
272 0.962003
273 0.962097
274 0.962155
275 0.96224
276 0.962291
277 0.962299
278 0.962377
279 0.962396
280 0.962524
281 0.962583
282 0.962636
283 0.96272
284 0.962817
285 0.96288
286 0.96296
287 0.963049
288 0.963102
289 0.963145
290 0.96321
291 0.96335
292 0.963341
293 0.963331
294 0.963474
295 0.963508
296 0.963581
297 0.963674
298 0.963808
299 0.963884
300 0.963962
