1 0.666162
2 0.666162
3 0.666162
4 0.666162
5 0.666162
6 0.666162
7 0.666162
8 0.666162
9 0.666162
10 0.666162
11 0.666162
12 0.666162
13 0.666162
14 0.666162
15 0.666162
16 0.666162
17 0.666162
18 0.666162
19 0.666162
20 0.666162
21 0.666162
22 0.666162
23 0.666162
24 0.666162
25 0.666162
26 0.666162
27 0.666162
28 0.666162
29 0.666162
30 0.666162
31 0.666162
32 0.666162
33 0.666162
34 0.666162
35 0.666162
36 0.666162
37 0.666162
38 0.666162
39 0.666162
40 0.666162
41 0.666162
42 0.666162
43 0.666162
44 0.666162
45 0.666162
46 0.666162
47 0.666162
48 0.666162
49 0.666162
50 0.666162
51 0.666162
52 0.666162
53 0.666162
54 0.666162
55 0.666162
56 0.666162
57 0.666162
58 0.666162
59 0.666162
60 0.666162
61 0.666162
62 0.666162
63 0.666162
64 0.666162
65 0.666162
66 0.666162
67 0.666162
68 0.666162
69 0.666162
70 0.666162
71 0.666162
72 0.666162
73 0.666162
74 0.666162
75 0.666162
76 0.666162
77 0.666162
78 0.666162
79 0.666162
80 0.666162
81 0.666162
82 0.666162
83 0.666162
84 0.666162
85 0.666162
86 0.666162
87 0.666162
88 0.666162
89 0.666162
90 0.666162
91 0.666162
92 0.666162
93 0.666162
94 0.666162
95 0.666162
96 0.666162
97 0.666162
98 0.666162
99 0.666162
100 0.666162
101 0.666162
102 0.666162
103 0.666162
104 0.666162
105 0.666162
106 0.666162
107 0.666162
108 0.666162
109 0.666162
110 0.666162
111 0.666162
112 0.666162
113 0.666162
114 0.666162
115 0.666162
116 0.666162
117 0.666162
118 0.666162
119 0.666162
120 0.666162
121 0.666162
122 0.666162
123 0.666162
124 0.666162
125 0.666162
126 0.666162
127 0.666162
128 0.666162
129 0.666162
130 0.666162
131 0.666162
132 0.666162
133 0.666162
134 0.666162
135 0.666162
136 0.666162
137 0.666162
138 0.666162
139 0.666162
140 0.666162
141 0.666162
142 0.666162
143 0.666162
144 0.666162
145 0.666162
146 0.666162
147 0.666162
148 0.666162
149 0.666162
150 0.666162
151 0.666162
152 0.666162
153 0.666162
154 0.666162
155 0.666162
156 0.666162
157 0.666162
158 0.666162
159 0.666162
160 0.666162
161 0.666162
162 0.666162
163 0.666162
164 0.666162
165 0.666162
166 0.666162
167 0.666162
168 0.666162
169 0.666162
170 0.666162
171 0.666162
172 0.666162
173 0.666162
174 0.666162
175 0.666162
176 0.666162
177 0.666162
178 0.666162
179 0.666162
180 0.666162
181 0.666162
182 0.666162
183 0.666162
184 0.666162
185 0.666162
186 0.666162
187 0.666162
188 0.666162
189 0.666162
190 0.666162
191 0.666162
192 0.666162
193 0.666162
194 0.666162
195 0.666162
196 0.666162
197 0.666162
198 0.666162
199 0.666162
200 0.666162
201 0.666162
202 0.666162
203 0.666162
204 0.666162
205 0.666162
206 0.666162
207 0.666162
208 0.666162
209 0.666162
210 0.666162
211 0.666162
212 0.666162
213 0.666162
214 0.666162
215 0.666162
216 0.666162
217 0.666162
218 0.666162
219 0.666162
220 0.666162
221 0.666162
222 0.666162
223 0.666162
224 0.666162
225 0.666162
226 0.666162
227 0.666162
228 0.666162
229 0.666162
230 0.666162
231 0.666162
232 0.666162
233 0.666162
234 0.666162
235 0.666162
236 0.666162
237 0.666162
238 0.666162
239 0.666162
240 0.666162
241 0.666162
242 0.666162
243 0.666162
244 0.666162
245 0.666162
246 0.666162
247 0.666162
248 0.666162
249 0.666162
250 0.666162
251 0.666162
252 0.666162
253 0.666162
254 0.666162
255 0.666162
256 0.666162
257 0.666162
258 0.666162
259 0.666162
260 0.666162
261 0.666162
262 0.666162
263 0.666162
264 0.666162
265 0.666162
266 0.666162
267 0.666162
268 0.666162
269 0.666162
270 0.666162
271 0.666162
272 0.666162
273 0.666162
274 0.666162
275 0.666162
276 0.666162
277 0.666162
278 0.666162
279 0.666162
280 0.666162
281 0.666162
282 0.666162
283 0.666162
284 0.666162
285 0.666162
286 0.666162
287 0.666162
288 0.666162
289 0.666162
290 0.666162
291 0.666162
292 0.666162
293 0.666162
294 0.666162
295 0.666162
296 0.666162
297 0.666162
298 0.666162
299 0.666162
300 0.666162
