1 0.5
2 0.381943
3 0.333568
4 0.306417
5 0.28901
6 0.276579
7 0.267464
8 0.260425
9 0.254769
10 0.250167
11 0.246327
12 0.243077
13 0.240369
14 0.237859
15 0.235853
16 0.23395
17 0.232362
18 0.230784
19 0.229479
20 0.228323
21 0.227131
22 0.226212
23 0.225316
24 0.2244
25 0.223643
26 0.222973
27 0.22225
28 0.221624
29 0.221141
30 0.220571
31 0.220043
32 0.219535
33 0.219118
34 0.218752
35 0.218246
36 0.217878
37 0.217528
38 0.217217
39 0.216927
40 0.21659
41 0.216298
42 0.215962
43 0.215716
44 0.215542
45 0.215268
46 0.215073
47 0.214768
48 0.214554
49 0.214402
50 0.214194
51 0.213998
52 0.213829
53 0.213649
54 0.213432
55 0.213337
56 0.213167
57 0.212992
58 0.212889
59 0.212688
60 0.212558
61 0.21245
62 0.212279
63 0.212118
64 0.211882
65 0.211981
66 0.211871
67 0.211743
68 0.211648
69 0.211528
70 0.211429
71 0.211308
72 0.21119
73 0.211135
74 0.21104
75 0.210926
76 0.210853
77 0.210758
78 0.210712
79 0.210661
80 0.210535
81 0.210452
82 0.210377
83 0.21031
84 0.210211
85 0.210141
86 0.210084
87 0.210021
88 0.20996
89 0.209862
90 0.20983
91 0.209754
92 0.209704
93 0.209647
94 0.209556
95 0.209529
96 0.20945
97 0.209435
98 0.209391
99 0.209344
100 0.209271
101 0.209218
102 0.209204
103 0.209114
104 0.209108
105 0.209034
106 0.20901
107 0.208965
108 0.208932
109 0.208875
110 0.20887
111 0.208803
112 0.208765
113 0.208703
114 0.20867
115 0.208636
116 0.208624
117 0.2086
118 0.208564
119 0.208524
120 0.208461
121 0.208435
122 0.208414
123 0.208355
124 0.208314
125 0.208285
126 0.208221
127 0.208218
128 0.208165
129 0.20817
130 0.20814
131 0.208102
132 0.208107
133 0.208046
134 0.208029
135 0.207997
136 0.207976
137 0.207979
138 0.20791
139 0.207854
140 0.207882
141 0.207825
142 0.207819
143 0.207766
144 0.207746
145 0.207768
146 0.207732
147 0.20768
148 0.207679
149 0.207643
150 0.207611
151 0.207585
152 0.20757
153 0.207555
154 0.20751
155 0.207522
156 0.20748
157 0.207482
158 0.207477
159 0.20743
160 0.207411
161 0.207388
162 0.207353
163 0.207353
164 0.207343
165 0.207328
166 0.20728
167 0.207297
168 0.207258
169 0.207229
170 0.207238
171 0.207194
172 0.207156
173 0.207158
174 0.207156
175 0.207142
176 0.207119
177 0.207116
178 0.207108
179 0.20709
180 0.20705
181 0.207027
182 0.207049
183 0.20704
184 0.207007
185 0.206966
186 0.206949
187 0.206989
188 0.206911
189 0.206901
190 0.206909
191 0.206895
192 0.206811
193 0.206895
194 0.206868
195 0.206865
196 0.206859
197 0.206811
198 0.206813
199 0.206762
200 0.206774
201 0.206754
202 0.206735
203 0.206745
204 0.206719
205 0.206727
206 0.206687
207 0.206708
208 0.206666
209 0.206645
210 0.206653
211 0.20663
212 0.20661
213 0.206591
214 0.206603
215 0.206578
216 0.206581
217 0.206573
218 0.206552
219 0.206568
220 0.206549
221 0.206519
222 0.206516
223 0.206512
224 0.206499
225 0.206474
226 0.206468
227 0.206496
228 0.20645
229 0.206449
230 0.20642
231 0.206426
232 0.206426
233 0.20642
234 0.206422
235 0.206376
236 0.20639
237 0.206371
238 0.206345
239 0.206328
240 0.206327
241 0.206324
242 0.206294
243 0.206309
244 0.206297
245 0.206305
246 0.206277
247 0.20627
248 0.206269
249 0.206254
250 0.206257
251 0.20624
252 0.206227
253 0.206229
254 0.206204
255 0.206196
256 0.206224
257 0.206186
258 0.206177
259 0.206186
260 0.206149
261 0.206145
262 0.206123
263 0.206143
264 0.206137
265 0.206117
266 0.206128
267 0.206126
268 0.206118
269 0.206071
270 0.206069
271 0.206071
272 0.206075
273 0.206041
274 0.206066
275 0.206058
276 0.206045
277 0.206031
278 0.206
279 0.206016
280 0.206028
281 0.206012
282 0.205992
283 0.205975
284 0.205985
285 0.205986
286 0.205961
287 0.205952
288 0.205942
289 0.205961
290 0.205959
291 0.205922
292 0.205956
293 0.205936
294 0.205908
295 0.205901
296 0.205925
297 0.205908
298 0.20589
299 0.205917
300 0.205882
