1 0
2 0
3 0
4 0.0526316
5 0.0526316
6 0.0606061
7 0.0727273
8 0.0823529
9 0.0823529
10 0.0739726
11 0.074364
12 0.0750361
13 0.0703463
14 0.0722591
15 0.0678295
16 0.0674847
17 0.0683027
18 0.06733
19 0.063772
20 0.0632997
21 0.0634119
22 0.0622837
23 0.0616183
24 0.0608123
25 0.0590295
26 0.0581327
27 0.0578699
28 0.0571429
29 0.0559313
30 0.0558967
31 0.0548246
32 0.0542137
33 0.0537099
34 0.0525696
35 0.0518476
36 0.0514911
37 0.050819
38 0.0501676
39 0.0495452
40 0.0488109
41 0.0479622
42 0.047552
43 0.0470392
44 0.0464679
45 0.0457158
46 0.045326
47 0.0447095
48 0.0443325
49 0.0436377
50 0.0431315
51 0.0427793
52 0.0422488
53 0.0416789
54 0.041281
55 0.0407464
56 0.0404143
57 0.0399328
58 0.0394953
59 0.0390894
60 0.0388003
61 0.0383127
62 0.0378519
63 0.0375294
64 0.0371808
65 0.0368073
66 0.0364182
67 0.0360244
68 0.035757
69 0.0353111
70 0.0349623
71 0.0346463
72 0.0343142
73 0.03394
74 0.0336564
75 0.0333108
76 0.0330153
77 0.0326373
78 0.0323889
79 0.0320308
80 0.0316943
81 0.0313983
82 0.0310755
83 0.0308135
84 0.0305569
85 0.030225
86 0.0299889
87 0.0297154
88 0.0294353
89 0.0291286
90 0.0288896
91 0.0286306
92 0.0283795
93 0.0280992
94 0.0278548
95 0.0276146
96 0.0274154
97 0.0271341
98 0.0268937
99 0.0266638
100 0.0264264
