1 0.099872
2 0.115619
3 0.126252
4 0.135946
5 0.143882
6 0.151439
7 0.157896
8 0.164487
9 0.170124
10 0.175722
11 0.180706
12 0.185442
13 0.189799
14 0.194111
15 0.198162
16 0.202877
17 0.205935
18 0.209756
19 0.212948
20 0.215948
21 0.219285
22 0.221907
23 0.224509
24 0.227912
25 0.230687
26 0.232628
27 0.235398
28 0.237449
29 0.239961
30 0.241788
31 0.244212
32 0.2466
33 0.247813
34 0.249814
35 0.251765
36 0.253684
37 0.255893
38 0.257441
39 0.258723
40 0.260959
41 0.261277
42 0.263336
43 0.264517
44 0.266815
45 0.267516
46 0.268555
47 0.270438
48 0.271811
49 0.272829
50 0.27418
51 0.275214
52 0.276233
53 0.277179
54 0.278809
55 0.279611
56 0.280561
57 0.281269
58 0.282923
59 0.283926
60 0.285178
61 0.285301
62 0.286302
63 0.287305
64 0.288041
65 0.288891
66 0.28946
67 0.290642
68 0.291436
69 0.292157
70 0.293492
71 0.293962
72 0.294484
73 0.294985
74 0.296388
75 0.29712
76 0.297331
77 0.297731
78 0.299431
79 0.299322
80 0.299618
81 0.300146
82 0.301277
83 0.301609
84 0.302751
85 0.303075
86 0.303381
87 0.304581
88 0.304838
89 0.306143
90 0.305492
91 0.30665
92 0.306636
93 0.308069
94 0.308275
95 0.308576
96 0.30927
97 0.309569
98 0.309981
99 0.310347
100 0.311064
101 0.311199
102 0.31234
103 0.312628
104 0.312761
105 0.313309
106 0.313387
107 0.3142
108 0.314577
109 0.314645
110 0.31467
111 0.316235
112 0.315723
113 0.316492
114 0.3169
115 0.317176
116 0.317002
117 0.318295
118 0.31841
119 0.318689
120 0.318559
121 0.319451
122 0.320093
123 0.320834
124 0.320157
125 0.320864
126 0.321021
127 0.32081
128 0.321794
129 0.32257
130 0.322897
131 0.322352
132 0.323223
133 0.323181
134 0.323502
135 0.324479
136 0.324241
137 0.324776
138 0.325207
139 0.32555
140 0.32634
141 0.327056
142 0.328517
143 0.32928
144 0.329638
145 0.330332
146 0.331499
147 0.333266
148 0.334114
149 0.334914
150 0.33704
151 0.338568
152 0.340046
153 0.34144
154 0.342441
155 0.343857
156 0.345427
157 0.346661
158 0.348503
159 0.350052
160 0.350958
161 0.352948
162 0.354017
163 0.355402
164 0.356246
165 0.358174
166 0.359404
167 0.360926
168 0.361588
169 0.363065
170 0.364684
171 0.366497
172 0.367343
173 0.368756
174 0.370337
175 0.371017
176 0.372518
177 0.374501
178 0.375147
179 0.375902
180 0.377558
181 0.378693
182 0.379426
183 0.380857
184 0.381983
185 0.382659
186 0.384466
187 0.384773
188 0.386511
189 0.387334
190 0.388225
191 0.388888
192 0.390445
193 0.39136
194 0.392691
195 0.393681
196 0.394615
197 0.394857
198 0.396055
199 0.39729
200 0.398101
201 0.398722
202 0.399907
203 0.401212
204 0.402244
205 0.40258
206 0.404186
207 0.40465
208 0.406033
209 0.40612
210 0.4078
211 0.409162
212 0.409816
213 0.410573
214 0.411391
215 0.412094
216 0.412453
217 0.41407
218 0.415219
219 0.416028
220 0.416292
221 0.418075
222 0.419212
223 0.419475
224 0.420483
225 0.421276
226 0.422467
227 0.422814
228 0.42413
229 0.424593
230 0.425489
231 0.426294
232 0.426999
233 0.427954
234 0.428856
235 0.429568
236 0.430653
237 0.431149
238 0.432455
239 0.43302
240 0.433549
241 0.433775
242 0.435387
243 0.436126
244 0.436477
245 0.437256
246 0.438768
247 0.439554
248 0.440473
249 0.440735
250 0.441619
251 0.442026
252 0.443333
253 0.444028
254 0.444399
255 0.446238
256 0.446482
257 0.446911
258 0.447454
259 0.448729
260 0.449514
261 0.450304
262 0.451011
263 0.451922
264 0.452992
265 0.453243
266 0.453871
267 0.454241
268 0.455784
269 0.455977
270 0.456784
271 0.456572
272 0.458297
273 0.458696
274 0.459944
275 0.460142
276 0.4609
277 0.461637
278 0.461919
279 0.462705
280 0.463233
281 0.464051
282 0.464757
283 0.465788
284 0.466337
285 0.466612
286 0.467524
287 0.468102
288 0.468798
289 0.469686
290 0.469806
291 0.470629
292 0.471218
293 0.471945
294 0.473082
295 0.472865
296 0.473679
297 0.474455
298 0.474769
299 0.47596
300 0.476344
