1 0.5
2 0.365528
3 0.307089
4 0.273111
5 0.250093
6 0.233378
7 0.220402
8 0.210159
9 0.201736
10 0.194472
11 0.188452
12 0.183212
13 0.178502
14 0.174571
15 0.170839
16 0.167586
17 0.16467
18 0.161893
19 0.159267
20 0.157096
21 0.154991
22 0.153072
23 0.151281
24 0.149549
25 0.147934
26 0.146486
27 0.145266
28 0.143877
29 0.142674
30 0.141548
31 0.140456
32 0.139542
33 0.13848
34 0.137556
35 0.136722
36 0.135845
37 0.135001
38 0.134352
39 0.133605
40 0.132814
41 0.132184
42 0.131633
43 0.130918
44 0.130259
45 0.129806
46 0.129316
47 0.128742
48 0.128249
49 0.127805
50 0.127321
51 0.126839
52 0.126487
53 0.125969
54 0.125654
55 0.125244
56 0.124974
57 0.124583
58 0.124242
59 0.123894
60 0.123494
61 0.12317
62 0.122975
63 0.122654
64 0.122442
65 0.122029
66 0.121748
67 0.121616
68 0.121384
69 0.120884
70 0.120797
71 0.120511
72 0.120444
73 0.120148
74 0.119916
75 0.119603
76 0.119441
77 0.119076
78 0.119032
79 0.118784
80 0.118553
81 0.118511
82 0.118332
83 0.118122
84 0.117955
85 0.11769
86 0.117553
87 0.117496
88 0.11734
89 0.117043
90 0.11708
91 0.116838
92 0.116658
93 0.116503
94 0.116527
95 0.116291
96 0.116078
97 0.115946
98 0.116028
99 0.115831
100 0.115711
101 0.115623
102 0.115521
103 0.115386
104 0.115296
105 0.115244
106 0.115115
107 0.114965
108 0.114853
109 0.114776
110 0.114635
111 0.114522
112 0.114581
113 0.114336
114 0.114253
115 0.114203
116 0.114136
117 0.114036
118 0.113938
119 0.113817
120 0.113734
121 0.113577
122 0.113679
123 0.113543
124 0.113399
125 0.11336
126 0.113302
127 0.113194
128 0.113105
129 0.113071
130 0.113028
131 0.112933
132 0.11278
133 0.112841
134 0.112744
135 0.112659
136 0.112603
137 0.112515
138 0.11247
139 0.112189
140 0.112277
141 0.112132
142 0.111954
143 0.111798
144 0.111712
145 0.111578
146 0.111394
147 0.111346
148 0.111232
149 0.111065
150 0.110907
151 0.110771
152 0.110606
153 0.110648
154 0.110401
155 0.110257
156 0.110139
157 0.110033
158 0.109863
159 0.10975
160 0.10961
161 0.109479
162 0.109411
163 0.109234
164 0.109098
165 0.108872
166 0.108812
167 0.108701
168 0.108602
169 0.108455
170 0.108342
171 0.108069
172 0.107933
173 0.107815
174 0.107758
175 0.107657
176 0.107417
177 0.10722
178 0.107252
179 0.107135
180 0.107003
181 0.106665
182 0.106693
183 0.106621
184 0.106426
185 0.106348
186 0.106128
187 0.106
188 0.105946
189 0.105861
190 0.10576
191 0.105657
192 0.105576
193 0.105563
194 0.105231
195 0.105265
196 0.105065
197 0.104949
198 0.104865
199 0.104831
200 0.104745
201 0.104706
202 0.104518
203 0.104469
204 0.104332
205 0.10429
206 0.104179
207 0.104177
208 0.104037
209 0.103975
210 0.103937
211 0.103826
212 0.103711
213 0.103679
214 0.10356
215 0.10355
216 0.103395
217 0.103403
218 0.103206
219 0.103209
220 0.103192
221 0.102997
222 0.102892
223 0.102868
224 0.102787
225 0.102736
226 0.102723
227 0.102642
228 0.102509
229 0.102403
230 0.102552
231 0.102321
232 0.102296
233 0.102209
234 0.102222
235 0.102133
236 0.101989
237 0.101979
238 0.101887
239 0.101943
240 0.101688
241 0.10175
242 0.101659
243 0.101563
244 0.101477
245 0.101477
246 0.10137
247 0.101333
248 0.101327
249 0.101326
250 0.101222
251 0.101231
252 0.101128
253 0.100995
254 0.101072
255 0.10091
256 0.100837
257 0.100772
258 0.100763
259 0.100778
260 0.100634
261 0.100547
262 0.100544
263 0.10047
264 0.100398
265 0.100486
266 0.100395
267 0.100322
268 0.100233
269 0.10021
270 0.100135
271 0.100182
272 0.100067
273 0.0999815
274 0.100031
275 0.0999567
276 0.0998067
277 0.099813
278 0.0999189
279 0.0997863
280 0.0997388
281 0.0996836
282 0.0996461
283 0.099565
284 0.099634
285 0.0995666
286 0.0994964
287 0.0995054
288 0.0994308
289 0.0994217
290 0.0993873
291 0.0993335
292 0.0992281
293 0.0992675
294 0.0991946
295 0.0991852
296 0.0991145
297 0.0991115
298 0.0990826
299 0.0989573
300 0.0989916
