1 0.099872
2 0.131366
3 0.147606
4 0.164677
5 0.176247
6 0.188631
7 0.198045
8 0.207987
9 0.216343
10 0.224794
11 0.231254
12 0.238196
13 0.244173
14 0.250178
15 0.255361
16 0.261478
17 0.264984
18 0.269937
19 0.27377
20 0.277115
21 0.280992
22 0.284179
23 0.286881
24 0.290849
25 0.293827
26 0.296003
27 0.298861
28 0.300952
29 0.303119
30 0.305241
31 0.307721
32 0.309999
33 0.311058
34 0.313045
35 0.314703
36 0.316432
37 0.318659
38 0.31982
39 0.3208
40 0.322949
41 0.322996
42 0.324483
43 0.325589
44 0.328105
45 0.327917
46 0.32871
47 0.330305
48 0.331832
49 0.332272
50 0.333293
51 0.333934
52 0.334637
53 0.335654
54 0.336611
55 0.33722
56 0.337693
57 0.338386
58 0.339598
59 0.340413
60 0.341428
61 0.34121
62 0.341829
63 0.342594
64 0.342828
65 0.343447
66 0.343566
67 0.344427
68 0.345037
69 0.345581
70 0.34676
71 0.346808
72 0.347344
73 0.34709
74 0.348221
75 0.348872
76 0.348515
77 0.348862
78 0.350269
79 0.349892
80 0.349904
81 0.349995
82 0.351053
83 0.351254
84 0.352202
85 0.352134
86 0.351977
87 0.353229
88 0.353174
89 0.354445
90 0.35344
91 0.354125
92 0.353873
93 0.355241
94 0.354975
95 0.35505
96 0.355703
97 0.355932
98 0.355916
99 0.356046
100 0.356583
101 0.356636
102 0.357539
103 0.357527
104 0.357395
105 0.357874
106 0.357633
107 0.358141
108 0.358483
109 0.358237
110 0.358305
111 0.359705
112 0.358894
113 0.359395
114 0.359755
115 0.359805
116 0.35964
117 0.360868
118 0.360628
119 0.360817
120 0.360434
121 0.36125
122 0.361733
123 0.362303
124 0.361185
125 0.362003
126 0.362087
127 0.36172
128 0.362525
129 0.36307
130 0.363215
131 0.362537
132 0.363319
133 0.363032
134 0.363339
135 0.364248
136 0.363576
137 0.36425
138 0.365519
139 0.367478
140 0.370198
141 0.373218
142 0.377183
143 0.380386
144 0.384215
145 0.387436
146 0.392585
147 0.398044
148 0.402466
149 0.406582
150 0.412949
151 0.417911
152 0.423055
153 0.427201
154 0.431813
155 0.436416
156 0.440979
157 0.44499
158 0.449106
159 0.453545
160 0.456314
161 0.460615
162 0.463886
163 0.467039
164 0.469985
165 0.473335
166 0.476553
167 0.479854
168 0.481674
169 0.484313
170 0.487364
171 0.490309
172 0.492581
173 0.495092
174 0.497438
175 0.49887
176 0.501358
177 0.504398
178 0.505692
179 0.507118
180 0.509126
181 0.510992
182 0.511995
183 0.513863
184 0.51567
185 0.516491
186 0.5192
187 0.519578
188 0.521626
189 0.522471
190 0.523526
191 0.524719
192 0.526895
193 0.527752
194 0.529549
195 0.531268
196 0.532241
197 0.532629
198 0.534414
199 0.536063
200 0.537227
201 0.537842
202 0.539873
203 0.541602
204 0.542846
205 0.542938
206 0.545508
207 0.54606
208 0.548208
209 0.54814
210 0.550551
211 0.552636
212 0.5533
213 0.554509
214 0.555518
215 0.556497
216 0.557271
217 0.559597
218 0.56125
219 0.562408
220 0.562725
221 0.565152
222 0.567226
223 0.56775
224 0.569497
225 0.57057
226 0.572456
227 0.573534
228 0.575522
229 0.577161
230 0.578118
231 0.579973
232 0.581383
233 0.583051
234 0.58421
235 0.585605
236 0.587426
237 0.588058
238 0.590051
239 0.591026
240 0.592402
241 0.593466
242 0.595161
243 0.596474
244 0.597286
245 0.598438
246 0.600473
247 0.602023
248 0.603569
249 0.604167
250 0.604949
251 0.605689
252 0.607734
253 0.609033
254 0.609031
255 0.611908
256 0.612245
257 0.61272
258 0.613631
259 0.615619
260 0.616759
261 0.61731
262 0.618214
263 0.619524
264 0.62107
265 0.621377
266 0.622626
267 0.622883
268 0.624912
269 0.625144
270 0.626342
271 0.625747
272 0.627703
273 0.628254
274 0.62991
275 0.630363
276 0.631377
277 0.631823
278 0.63255
279 0.633456
280 0.633772
281 0.634946
282 0.635902
283 0.637394
284 0.637981
285 0.638471
286 0.638964
287 0.640082
288 0.641184
289 0.642396
290 0.642532
291 0.643408
292 0.644273
293 0.645201
294 0.646463
295 0.646173
296 0.647178
297 0.648468
298 0.64847
299 0.650031
300 0.650576
