1 0.499144
2 0.517648
3 0.529257
4 0.538769
5 0.547033
6 0.554038
7 0.560291
8 0.565792
9 0.570778
10 0.575342
11 0.579503
12 0.583441
13 0.587177
14 0.590265
15 0.593534
16 0.596512
17 0.599156
18 0.601812
19 0.604335
20 0.606584
21 0.608843
22 0.610848
23 0.612974
24 0.615035
25 0.616871
26 0.618377
27 0.62012
28 0.621631
29 0.62327
30 0.624662
31 0.626278
32 0.627643
33 0.628698
34 0.629992
35 0.631138
36 0.632488
37 0.633537
38 0.634664
39 0.635796
40 0.636894
41 0.637573
42 0.638669
43 0.639647
44 0.640654
45 0.641389
46 0.642299
47 0.643069
48 0.64395
49 0.644707
50 0.64536
51 0.646323
52 0.646841
53 0.6475
54 0.648247
55 0.648888
56 0.649488
57 0.65007
58 0.650819
59 0.651384
60 0.652072
61 0.652472
62 0.653017
63 0.653601
64 0.653987
65 0.654622
66 0.655098
67 0.655628
68 0.656127
69 0.656583
70 0.657074
71 0.657535
72 0.657938
73 0.658277
74 0.658854
75 0.659378
76 0.659693
77 0.659994
78 0.660607
79 0.660878
80 0.661102
81 0.661514
82 0.661913
83 0.662166
84 0.662695
85 0.663104
86 0.663368
87 0.663761
88 0.66399
89 0.664497
90 0.664611
91 0.665014
92 0.665224
93 0.665669
94 0.66594
95 0.666281
96 0.666552
97 0.666761
98 0.667
99 0.667202
100 0.667558
101 0.667805
102 0.668031
103 0.668553
104 0.66864
105 0.668788
106 0.669056
107 0.669429
108 0.669637
109 0.669777
110 0.669997
111 0.670318
112 0.670408
113 0.670718
114 0.671027
115 0.671093
116 0.671214
117 0.6715
118 0.671772
119 0.671902
120 0.6721
121 0.672383
122 0.672543
123 0.672888
124 0.672855
125 0.673064
126 0.673299
127 0.673368
128 0.673694
129 0.673945
130 0.674098
131 0.674192
132 0.674481
133 0.674549
134 0.674661
135 0.67501
136 0.6751
137 0.675255
138 0.67533
139 0.675367
140 0.675356
141 0.675265
142 0.675513
143 0.675503
144 0.675333
145 0.675356
146 0.675428
147 0.675597
148 0.675483
149 0.675427
150 0.675673
151 0.675898
152 0.676065
153 0.676148
154 0.676337
155 0.676484
156 0.676638
157 0.676917
158 0.67725
159 0.677538
160 0.67767
161 0.67797
162 0.67828
163 0.678478
164 0.678797
165 0.679119
166 0.679426
167 0.67969
168 0.67991
169 0.680304
170 0.680632
171 0.681106
172 0.681232
173 0.681596
174 0.682
175 0.682262
176 0.682623
177 0.683117
178 0.683187
179 0.683414
180 0.683881
181 0.684212
182 0.68446
183 0.684788
184 0.685115
185 0.685342
186 0.68579
187 0.685883
188 0.686357
189 0.686536
190 0.686887
191 0.687041
192 0.687421
193 0.687747
194 0.688059
195 0.688396
196 0.688631
197 0.688763
198 0.689133
199 0.689373
200 0.689619
201 0.689791
202 0.690107
203 0.690471
204 0.690703
205 0.690903
206 0.691178
207 0.691379
208 0.691707
209 0.691845
210 0.692011
211 0.692328
212 0.692591
213 0.692849
214 0.6931
215 0.693219
216 0.693432
217 0.693742
218 0.693936
219 0.694065
220 0.69422
221 0.694728
222 0.69483
223 0.694881
224 0.695205
225 0.695385
226 0.695616
227 0.695797
228 0.696
229 0.696203
230 0.696281
231 0.696462
232 0.69663
233 0.696959
234 0.697036
235 0.697221
236 0.697452
237 0.697594
238 0.697782
239 0.697932
240 0.698083
241 0.698168
242 0.698481
243 0.698709
244 0.698808
245 0.698954
246 0.699223
247 0.699469
248 0.699629
249 0.699658
250 0.699865
251 0.70004
252 0.700262
253 0.700379
254 0.700582
255 0.70088
256 0.701047
257 0.701237
258 0.701288
259 0.701489
260 0.701687
261 0.701932
262 0.702045
263 0.702222
264 0.702464
265 0.702603
266 0.702677
267 0.702829
268 0.703146
269 0.703214
270 0.703404
271 0.70345
272 0.70379
273 0.703819
274 0.704069
275 0.70415
276 0.704424
277 0.704519
278 0.704665
279 0.704855
280 0.70489
281 0.705131
282 0.705223
283 0.705474
284 0.705575
285 0.705643
286 0.7059
287 0.705991
288 0.706177
289 0.706293
290 0.706377
291 0.706609
292 0.706673
293 0.706833
294 0.706984
295 0.707117
296 0.707272
297 0.707435
298 0.707545
299 0.70779
300 0.707725
