1 0.5
2 0.498734
3 0.497189
4 0.495291
5 0.49359
6 0.492141
7 0.490337
8 0.488857
9 0.48759
10 0.486246
11 0.485066
12 0.483809
13 0.482725
14 0.481772
15 0.480642
16 0.479722
17 0.478891
18 0.477955
19 0.477328
20 0.476921
21 0.475957
22 0.475535
23 0.474634
24 0.47393
25 0.473545
26 0.473166
27 0.472517
28 0.472297
29 0.471528
30 0.471322
31 0.470675
32 0.470308
33 0.470396
34 0.469826
35 0.469284
36 0.469111
37 0.468756
38 0.468276
39 0.468136
40 0.467785
41 0.467678
42 0.467314
43 0.466894
44 0.466898
45 0.466346
46 0.466516
47 0.466163
48 0.465839
49 0.465824
50 0.465393
51 0.465291
52 0.465279
53 0.464482
54 0.465233
55 0.464799
56 0.46445
57 0.464071
58 0.464144
59 0.463921
60 0.464042
61 0.464175
62 0.463957
63 0.46374
64 0.463448
65 0.463237
66 0.46325
67 0.46354
68 0.46305
69 0.462987
70 0.463211
71 0.462945
72 0.46264
73 0.462635
74 0.462269
75 0.462251
76 0.462649
77 0.462134
78 0.461819
79 0.462057
80 0.462271
81 0.462229
82 0.462192
83 0.461647
84 0.461816
85 0.461582
86 0.461571
87 0.461378
88 0.46163
89 0.461363
90 0.461246
91 0.461622
92 0.461441
93 0.461081
94 0.461134
95 0.461101
96 0.461248
97 0.460871
98 0.460718
99 0.461087
100 0.460611
101 0.460324
102 0.460943
103 0.460815
104 0.460653
105 0.460627
106 0.460686
107 0.46048
108 0.46053
109 0.460258
110 0.460375
111 0.460244
112 0.460321
113 0.460278
114 0.460013
115 0.460395
116 0.460119
117 0.460015
118 0.460169
119 0.459893
120 0.460097
121 0.460003
122 0.459841
123 0.459762
124 0.459861
125 0.460046
126 0.459751
127 0.459599
128 0.459754
129 0.459634
130 0.459792
131 0.460026
132 0.459339
133 0.459568
134 0.459459
135 0.459539
136 0.459491
137 0.459213
138 0.459636
139 0.45891
140 0.458885
141 0.458622
142 0.458383
143 0.458251
144 0.457951
145 0.457816
146 0.457424
147 0.456537
148 0.456432
149 0.456266
150 0.455567
151 0.454986
152 0.454695
153 0.453958
154 0.453678
155 0.452916
156 0.452918
157 0.452322
158 0.451832
159 0.451463
160 0.451332
161 0.450898
162 0.450211
163 0.449911
164 0.44948
165 0.449385
166 0.44897
167 0.448712
168 0.447757
169 0.447762
170 0.447456
171 0.447348
172 0.446987
173 0.446515
174 0.446738
175 0.446032
176 0.445675
177 0.445264
178 0.44525
179 0.445416
180 0.444956
181 0.444772
182 0.444154
183 0.444341
184 0.444091
185 0.443769
186 0.44364
187 0.443592
188 0.442764
189 0.442882
190 0.442657
191 0.442914
192 0.442739
193 0.442238
194 0.442071
195 0.442236
196 0.441435
197 0.441404
198 0.441352
199 0.44116
200 0.441343
201 0.441285
202 0.440886
203 0.440234
204 0.440443
205 0.440471
206 0.440003
207 0.439784
208 0.440236
209 0.439598
210 0.439571
211 0.439768
212 0.43943
213 0.439213
214 0.439153
215 0.439148
216 0.438748
217 0.438371
218 0.438469
219 0.438289
220 0.438061
221 0.437976
222 0.437884
223 0.437879
224 0.437852
225 0.437739
226 0.437361
227 0.437013
228 0.436756
229 0.436999
230 0.436417
231 0.436584
232 0.43599
233 0.436018
234 0.435784
235 0.435968
236 0.435458
237 0.435898
238 0.435558
239 0.435574
240 0.434809
241 0.434984
242 0.435028
243 0.434719
244 0.434854
245 0.43487
246 0.434265
247 0.433871
248 0.434503
249 0.433824
250 0.434184
251 0.433899
252 0.433602
253 0.433438
254 0.433357
255 0.433591
256 0.433112
257 0.432792
258 0.433031
259 0.433261
260 0.432893
261 0.432598
262 0.432667
263 0.432565
264 0.43262
265 0.432181
266 0.431906
267 0.432057
268 0.431882
269 0.431969
270 0.431889
271 0.431556
272 0.431683
273 0.431371
274 0.431247
275 0.431648
276 0.431569
277 0.43112
278 0.431074
279 0.430799
280 0.431023
281 0.430573
282 0.431124
283 0.430501
284 0.430566
285 0.430704
286 0.430586
287 0.430819
288 0.430476
289 0.430459
290 0.43011
291 0.42995
292 0.429637
293 0.430093
294 0.429959
295 0.430048
296 0.42968
297 0.42956
298 0.429931
299 0.429469
300 0.428994
