1 0.499144
2 0.53556
3 0.552947
4 0.568465
5 0.579809
6 0.588305
7 0.59783
8 0.604973
9 0.610708
10 0.61647
11 0.62129
12 0.626213
13 0.630298
14 0.633778
15 0.637781
16 0.640952
17 0.64375
18 0.646832
19 0.648857
20 0.650157
21 0.653186
22 0.65449
23 0.657235
24 0.659345
25 0.660486
26 0.6616
27 0.663489
28 0.664122
29 0.666318
30 0.666902
31 0.668719
32 0.669739
33 0.669494
34 0.671069
35 0.672549
36 0.67302
37 0.673979
38 0.675267
39 0.67564
40 0.676573
41 0.676855
42 0.677816
43 0.678916
44 0.678905
45 0.680338
46 0.679898
47 0.680812
48 0.681644
49 0.681683
50 0.682783
51 0.683044
52 0.683075
53 0.685088
54 0.68319
55 0.684289
56 0.685166
57 0.686116
58 0.685933
59 0.686488
60 0.686188
61 0.685856
62 0.686399
63 0.686939
64 0.687661
65 0.688182
66 0.688149
67 0.687433
68 0.688641
69 0.688795
70 0.688246
71 0.688899
72 0.689645
73 0.689657
74 0.690546
75 0.69059
76 0.689623
77 0.690874
78 0.691635
79 0.69106
80 0.690543
81 0.690644
82 0.690734
83 0.692048
84 0.691642
85 0.692205
86 0.692231
87 0.692693
88 0.69209
89 0.692731
90 0.693011
91 0.692108
92 0.692544
93 0.693403
94 0.693278
95 0.693355
96 0.693004
97 0.693903
98 0.694267
99 0.693389
100 0.69452
101 0.695199
102 0.693732
103 0.694036
104 0.69442
105 0.694483
106 0.694343
107 0.694831
108 0.694712
109 0.695355
110 0.695078
111 0.695388
112 0.695206
113 0.695306
114 0.695931
115 0.695032
116 0.695682
117 0.695925
118 0.695564
119 0.696213
120 0.695734
121 0.695954
122 0.696333
123 0.696519
124 0.696287
125 0.695853
126 0.696544
127 0.696899
128 0.696537
129 0.696819
130 0.696448
131 0.695901
132 0.697505
133 0.696973
134 0.697226
135 0.69704
136 0.697152
137 0.697798
138 0.696814
139 0.698501
140 0.698557
141 0.699165
142 0.699714
143 0.700016
144 0.700702
145 0.701011
146 0.701902
147 0.703898
148 0.704134
149 0.704505
150 0.706057
151 0.707336
152 0.707975
153 0.709577
154 0.710184
155 0.71182
156 0.711815
157 0.713086
158 0.714123
159 0.7149
160 0.715174
161 0.716082
162 0.71751
163 0.71813
164 0.719016
165 0.719212
166 0.72006
167 0.720586
168 0.722519
169 0.722508
170 0.723122
171 0.723339
172 0.724062
173 0.725001
174 0.724558
175 0.725957
176 0.726659
177 0.727465
178 0.727494
179 0.727169
180 0.728068
181 0.728426
182 0.729625
183 0.729264
184 0.729748
185 0.730368
186 0.730617
187 0.730709
188 0.732294
189 0.73207
190 0.732499
191 0.732008
192 0.732342
193 0.733295
194 0.73361
195 0.733299
196 0.73481
197 0.734868
198 0.734967
199 0.735327
200 0.734984
201 0.735092
202 0.735839
203 0.737054
204 0.736666
205 0.736613
206 0.737482
207 0.737889
208 0.737051
209 0.738232
210 0.738282
211 0.737918
212 0.738541
213 0.73894
214 0.739051
215 0.73906
216 0.739793
217 0.740482
218 0.740304
219 0.740632
220 0.741047
221 0.7412
222 0.741368
223 0.741376
224 0.741426
225 0.74163
226 0.742314
227 0.742941
228 0.743402
229 0.742966
230 0.74401
231 0.743712
232 0.744773
233 0.744723
234 0.745139
235 0.744812
236 0.745717
237 0.744936
238 0.74554
239 0.745512
240 0.746864
241 0.746556
242 0.746478
243 0.747023
244 0.746785
245 0.746757
246 0.747819
247 0.748509
248 0.747402
249 0.748591
250 0.747961
251 0.74846
252 0.748978
253 0.749264
254 0.749405
255 0.748997
256 0.749829
257 0.750383
258 0.749969
259 0.749571
260 0.750209
261 0.750718
262 0.750599
263 0.750775
264 0.750681
265 0.751437
266 0.751908
267 0.75165
268 0.751949
269 0.751801
270 0.751938
271 0.752508
272 0.75229
273 0.752824
274 0.753035
275 0.75235
276 0.752486
277 0.753252
278 0.75333
279 0.753797
280 0.753417
281 0.754181
282 0.753244
283 0.754303
284 0.754192
285 0.753959
286 0.754158
287 0.753764
288 0.754344
289 0.754373
290 0.754963
291 0.755233
292 0.755759
293 0.754992
294 0.755217
295 0.755067
296 0.755687
297 0.755888
298 0.755265
299 0.756042
300 0.756836
