1 0.284175
2 0.248094
3 0.230734
4 0.215472
5 0.204514
6 0.194684
7 0.186329
8 0.179219
9 0.173152
10 0.167264
11 0.162481
12 0.157675
13 0.153662
14 0.150009
15 0.146429
16 0.143024
17 0.140512
18 0.137649
19 0.135192
20 0.133037
21 0.13076
22 0.128754
23 0.126945
24 0.124951
25 0.123326
26 0.122008
27 0.120423
28 0.119188
29 0.11796
30 0.116682
31 0.115356
32 0.114154
33 0.113357
34 0.112482
35 0.111522
36 0.110548
37 0.109704
38 0.108769
39 0.108123
40 0.107219
41 0.106819
42 0.106178
43 0.105451
44 0.104602
45 0.104331
46 0.103669
47 0.10308
48 0.10246
49 0.101996
50 0.101655
51 0.101094
52 0.10077
53 0.100237
54 0.0999508
55 0.0996053
56 0.0991262
57 0.0987713
58 0.0983879
59 0.0979919
60 0.0976731
61 0.0973975
62 0.097204
63 0.0966826
64 0.09665
65 0.0962074
66 0.0960148
67 0.0956982
68 0.0954464
69 0.0951295
70 0.0950065
71 0.0946227
72 0.09439
73 0.0944146
74 0.0940702
75 0.0936177
76 0.0936347
77 0.0934305
78 0.0930992
79 0.0930218
80 0.0929303
81 0.0927838
82 0.092617
83 0.0923811
84 0.0920978
85 0.0918837
86 0.0919391
87 0.0915815
88 0.091528
89 0.0910857
90 0.0911995
91 0.0910286
92 0.091019
93 0.0906499
94 0.0905741
95 0.0904364
96 0.0903743
97 0.0901219
98 0.0901936
99 0.090129
100 0.0899002
101 0.0897187
102 0.0897058
103 0.0892878
104 0.0894661
105 0.0894097
106 0.0893058
107 0.0890821
108 0.0890135
109 0.0889584
110 0.0888571
111 0.0885891
112 0.0886647
113 0.0885619
114 0.0882794
115 0.0883881
116 0.0883498
117 0.0881502
118 0.0880159
119 0.0880004
120 0.0880115
121 0.0878746
122 0.0877372
123 0.0875229
124 0.0877268
125 0.087518
126 0.0874028
127 0.0873987
128 0.0872526
129 0.0871322
130 0.0871457
131 0.0871376
132 0.0869
133 0.0869302
134 0.0868873
135 0.0866208
136 0.0867587
137 0.0865916
138 0.0863327
139 0.0859192
140 0.0854934
141 0.085056
142 0.0842455
143 0.0836392
144 0.0830023
145 0.0823725
146 0.0813702
147 0.0802953
148 0.0796884
149 0.0787802
150 0.0776146
151 0.0766405
152 0.0755492
153 0.0747448
154 0.0737289
155 0.072837
156 0.0719238
157 0.0709573
158 0.0700151
159 0.069119
160 0.0684137
161 0.0675752
162 0.0667655
163 0.0660262
164 0.0651863
165 0.0644656
166 0.0637412
167 0.0630469
168 0.0625006
169 0.0618217
170 0.0611234
171 0.0604024
172 0.0599068
173 0.0592759
174 0.0586708
175 0.0581925
176 0.0575491
177 0.056879
178 0.0566014
179 0.0562758
180 0.0556494
181 0.0551917
182 0.0548538
183 0.0545119
184 0.053984
185 0.0536378
186 0.0530855
187 0.0529128
188 0.0524743
189 0.0521838
190 0.0519213
191 0.051607
192 0.0511002
193 0.0507695
194 0.0503767
195 0.0499565
196 0.0497012
197 0.0495308
198 0.0490898
199 0.0488586
200 0.0485659
201 0.0483534
202 0.0479606
203 0.0475894
204 0.0473305
205 0.0471165
206 0.0467491
207 0.0465679
208 0.046182
209 0.0460184
210 0.04572
211 0.0453995
212 0.0451254
213 0.0448744
214 0.044645
215 0.0444446
216 0.0442061
217 0.0438498
218 0.0436103
219 0.0434091
220 0.0433026
221 0.0426894
222 0.0424659
223 0.042338
224 0.0419538
225 0.0417393
226 0.0414359
227 0.0412014
228 0.0409165
229 0.0405461
230 0.0404164
231 0.0400674
232 0.0398273
233 0.039422
234 0.0393297
235 0.0390365
236 0.0387312
237 0.0385339
238 0.0383326
239 0.0381572
240 0.0377863
241 0.0375775
242 0.037347
243 0.0369918
244 0.036894
245 0.0366634
246 0.0363813
247 0.0360775
248 0.0358818
249 0.035776
250 0.0355589
251 0.0353534
252 0.0350711
253 0.034851
254 0.0347603
255 0.0343817
256 0.0341958
257 0.0340621
258 0.0339519
259 0.0336857
260 0.0335003
261 0.0332223
262 0.0331627
263 0.0329773
264 0.0326981
265 0.0326033
266 0.0324935
267 0.032322
268 0.0320692
269 0.0319984
270 0.0317744
271 0.0317849
272 0.0315304
273 0.0314149
274 0.031197
275 0.0311219
276 0.0308867
277 0.0308189
278 0.0306918
279 0.03058
280 0.0304511
281 0.0302343
282 0.0302037
283 0.0299041
284 0.0298958
285 0.0297619
286 0.0296115
287 0.0294998
288 0.0293035
289 0.0291904
290 0.0291513
291 0.0289263
292 0.0288062
293 0.0287069
294 0.0285377
295 0.0284534
296 0.0283297
297 0.0281543
298 0.0280936
299 0.0279074
300 0.0279445
