1 0.284175
2 0.266134
3 0.254459
4 0.244627
5 0.236668
6 0.22967
7 0.223348
8 0.217923
9 0.21305
10 0.208393
11 0.204244
12 0.200253
13 0.196754
14 0.193508
15 0.190302
16 0.1872
17 0.184672
18 0.181946
19 0.179511
20 0.177278
21 0.174924
22 0.17292
23 0.170949
24 0.168872
25 0.166989
26 0.165461
27 0.163783
28 0.16222
29 0.160611
30 0.159247
31 0.157621
32 0.156226
33 0.155172
34 0.153897
35 0.152761
36 0.151426
37 0.150356
38 0.149136
39 0.148161
40 0.14694
41 0.146298
42 0.145263
43 0.144295
44 0.14321
45 0.14254
46 0.141645
47 0.140742
48 0.139995
49 0.139194
50 0.138519
51 0.137671
52 0.137065
53 0.136413
54 0.135662
55 0.135079
56 0.134434
57 0.133808
58 0.133131
59 0.132575
60 0.131902
61 0.13144
62 0.130931
63 0.130316
64 0.12996
65 0.129301
66 0.128774
67 0.128275
68 0.127802
69 0.127313
70 0.126884
71 0.126384
72 0.126018
73 0.125692
74 0.125084
75 0.124527
76 0.124244
77 0.123937
78 0.123377
79 0.123098
80 0.122781
81 0.122477
82 0.122041
83 0.121749
84 0.121234
85 0.120848
86 0.120607
87 0.120196
88 0.119972
89 0.11939
90 0.119345
91 0.118907
92 0.118703
93 0.118259
94 0.117997
95 0.117641
96 0.117426
97 0.117138
98 0.116932
99 0.116736
100 0.116372
101 0.116124
102 0.115884
103 0.115375
104 0.1153
105 0.115166
106 0.114912
107 0.114508
108 0.114338
109 0.114147
110 0.113948
111 0.113566
112 0.113496
113 0.113199
114 0.112877
115 0.112837
116 0.112708
117 0.11241
118 0.112125
119 0.112027
120 0.111839
121 0.111603
122 0.111386
123 0.111067
124 0.111103
125 0.110849
126 0.110643
127 0.11058
128 0.110254
129 0.109992
130 0.109871
131 0.109755
132 0.109457
133 0.109373
134 0.109251
135 0.108938
136 0.108872
137 0.108671
138 0.108588
139 0.108589
140 0.108596
141 0.108697
142 0.108448
143 0.108421
144 0.108616
145 0.108591
146 0.108503
147 0.108352
148 0.10847
149 0.10851
150 0.108262
151 0.108055
152 0.107909
153 0.107784
154 0.107625
155 0.107462
156 0.107297
157 0.107039
158 0.106694
159 0.106394
160 0.106274
161 0.10597
162 0.105693
163 0.105483
164 0.105144
165 0.104814
166 0.104544
167 0.104254
168 0.104028
169 0.103651
170 0.103331
171 0.102847
172 0.102702
173 0.102356
174 0.101955
175 0.101712
176 0.101305
177 0.100835
178 0.100761
179 0.100557
180 0.100046
181 0.0997327
182 0.099489
183 0.0991579
184 0.0988529
185 0.0986147
186 0.0981673
187 0.0980346
188 0.0975838
189 0.0973931
190 0.0970786
191 0.0969201
192 0.0964864
193 0.0961856
194 0.0958895
195 0.0955606
196 0.0952952
197 0.0951799
198 0.0948071
199 0.0945604
200 0.0943285
201 0.0941524
202 0.0938317
203 0.0934788
204 0.0932431
205 0.0930257
206 0.0927641
207 0.0925611
208 0.0922202
209 0.0921097
210 0.0918961
211 0.0915974
212 0.0913296
213 0.0911213
214 0.0908677
215 0.0906957
216 0.0904954
217 0.090216
218 0.0900246
219 0.0898711
220 0.089729
221 0.0892373
222 0.0890969
223 0.089034
224 0.0887202
225 0.0885495
226 0.08832
227 0.088136
228 0.0879478
229 0.0877335
230 0.0876151
231 0.0874722
232 0.0873095
233 0.0869832
234 0.0868847
235 0.0867627
236 0.0864919
237 0.0863341
238 0.0861627
239 0.0860501
240 0.0858703
241 0.0857529
242 0.0854644
243 0.0852103
244 0.0851395
245 0.0849549
246 0.0847191
247 0.0845064
248 0.0843139
249 0.0842863
250 0.084048
251 0.0838941
252 0.0836685
253 0.0835521
254 0.0833254
255 0.0830494
256 0.0828856
257 0.0827066
258 0.0826346
259 0.0824276
260 0.0822688
261 0.0819833
262 0.0818632
263 0.0817306
264 0.0814612
265 0.0813252
266 0.081265
267 0.0811073
268 0.080813
269 0.0807267
270 0.0805431
271 0.0805077
272 0.0801436
273 0.0801103
274 0.079845
275 0.0797634
276 0.079528
277 0.0794156
278 0.0792622
279 0.0791072
280 0.0790296
281 0.0787976
282 0.0787181
283 0.078455
284 0.0783606
285 0.0782671
286 0.0780397
287 0.0779295
288 0.0777496
289 0.0776568
290 0.0775485
291 0.0773223
292 0.0772653
293 0.0771067
294 0.0769216
295 0.0768151
296 0.0766496
297 0.0765038
298 0.0763784
299 0.0761613
300 0.0761972
