1 0
2 0.499431
3 0.500179
4 0.63318
5 0.071286
6 0.183421
7 0.14015
8 0.132024
9 0.107662
10 0.144088
11 0.126423
12 0.133487
13 0.1138
14 0.151441
15 0.122953
16 0.145589
17 0.136937
18 0.154501
19 0.13743
20 0.127541
21 0.136052
22 0.13388
23 0.14591
24 0.144673
25 0.13556
26 0.145312
27 0.133603
28 0.138559
29 0.129459
30 0.135835
31 0.129736
32 0.138604
33 0.133328
34 0.139198
35 0.13618
36 0.141429
37 0.136978
38 0.143693
39 0.137736
40 0.1465
41 0.141096
42 0.139697
43 0.139331
44 0.138039
45 0.14305
46 0.140509
47 0.144957
48 0.144447
49 0.141187
50 0.140786
51 0.135058
52 0.130105
53 0.133103
54 0.130321
55 0.134122
56 0.13066
57 0.132772
58 0.129954
59 0.134101
60 0.131777
61 0.134184
62 0.132548
63 0.135696
64 0.133806
65 0.13783
66 0.130594
67 0.131534
68 0.12932
69 0.125556
70 0.121886
71 0.118208
72 0.118761
73 0.117003
74 0.118537
75 0.116021
76 0.11691
77 0.1152
78 0.114021
79 0.112852
80 0.112333
81 0.11199
82 0.112053
83 0.1118
84 0.109971
85 0.109448
86 0.109681
87 0.107181
88 0.108103
89 0.107488
90 0.107145
91 0.106012
92 0.105816
93 0.10535
94 0.105034
95 0.10404
96 0.105023
97 0.103155
98 0.103567
99 0.100918
100 0.101514
