1 0
2 0.249715
3 0.333303
4 0.408264
5 0.340881
6 0.380517
7 0.35654
8 0.33664
9 0.352475
10 0.343854
11 0.333483
12 0.323867
13 0.311101
14 0.306367
15 0.296823
16 0.292952
17 0.286752
18 0.271307
19 0.267975
20 0.262706
21 0.259932
22 0.258067
23 0.258432
24 0.259611
25 0.259411
26 0.26151
27 0.25945
28 0.256725
29 0.252413
30 0.251686
31 0.249564
32 0.248691
33 0.248712
34 0.248904
35 0.248621
36 0.251053
37 0.251672
38 0.252824
39 0.252713
40 0.253964
41 0.254347
42 0.255761
43 0.256146
44 0.257032
45 0.257944
46 0.258354
47 0.25972
48 0.261815
49 0.262147
50 0.261755
51 0.26172
52 0.263002
53 0.263677
54 0.264839
55 0.265618
56 0.266673
57 0.267621
58 0.267653
59 0.269169
60 0.269597
61 0.269743
62 0.27029
63 0.271326
64 0.271795
65 0.273389
66 0.273412
67 0.273884
68 0.274338
69 0.273158
70 0.271444
71 0.270463
72 0.27039
73 0.269956
74 0.269092
75 0.270514
76 0.270496
77 0.270388
78 0.271011
79 0.270169
80 0.271176
81 0.271674
82 0.271077
83 0.271861
84 0.272049
85 0.273194
86 0.273206
87 0.273634
88 0.273769
89 0.274636
90 0.274595
91 0.275027
92 0.27526
93 0.275039
94 0.275327
95 0.275506
96 0.276285
97 0.277033
98 0.277291
99 0.27697
100 0.277229
