1 0.220189
2 0.203568
3 0.194965
4 0.187664
5 0.181792
6 0.176585
7 0.172013
8 0.168078
9 0.16423
10 0.160833
11 0.157602
12 0.154969
13 0.152235
14 0.149705
15 0.147462
16 0.145155
17 0.14314
18 0.141161
19 0.139392
20 0.137543
21 0.135818
22 0.134374
23 0.132633
24 0.131245
25 0.129768
26 0.128294
27 0.127222
28 0.126136
29 0.124923
30 0.123595
31 0.122603
32 0.121475
33 0.120601
34 0.119609
35 0.118721
36 0.117695
37 0.116925
38 0.116055
39 0.1151
40 0.114313
41 0.113458
42 0.112686
43 0.112189
44 0.111408
45 0.110858
46 0.110047
47 0.109527
48 0.109079
49 0.10846
50 0.107624
51 0.107248
52 0.10684
53 0.106159
54 0.105563
55 0.105014
56 0.104716
57 0.104281
58 0.103671
59 0.103314
60 0.102865
61 0.102523
62 0.102033
63 0.101344
64 0.101279
65 0.100924
66 0.100404
67 0.100038
68 0.0997653
69 0.099363
70 0.0990928
71 0.0985877
72 0.0983803
73 0.0981486
74 0.0978751
75 0.0977361
76 0.0970392
77 0.0969938
78 0.0965565
79 0.0962693
80 0.0960854
81 0.0958543
82 0.0954985
83 0.0953807
84 0.0950938
85 0.0948586
86 0.0946125
87 0.0944027
88 0.0940803
89 0.0939253
90 0.0937451
91 0.0935877
92 0.0932094
93 0.0932246
94 0.0929527
95 0.0926263
96 0.0924153
97 0.0924238
98 0.0921855
99 0.0919368
100 0.0917093
101 0.0915819
102 0.0912915
103 0.0911708
104 0.0911916
105 0.0907301
106 0.0906955
107 0.0905203
108 0.0903833
109 0.0901894
110 0.0898669
111 0.0900285
112 0.0898967
113 0.0895608
114 0.0895109
115 0.089407
116 0.0892527
117 0.08909
118 0.0889061
119 0.088913
120 0.0886943
121 0.0886122
122 0.0885795
123 0.0883692
124 0.0881603
125 0.0880284
126 0.0878364
127 0.0877783
128 0.0877162
129 0.0877404
130 0.0876062
131 0.0874131
132 0.0873542
133 0.0872108
134 0.087145
135 0.087096
136 0.0868717
137 0.0868328
138 0.0867279
139 0.0866141
140 0.0865695
141 0.0864307
142 0.0862957
143 0.0862369
144 0.0860735
145 0.0860113
146 0.0859396
147 0.085951
148 0.0858521
149 0.085674
150 0.0856444
151 0.0856169
152 0.0854644
153 0.0853557
154 0.0853055
155 0.0851952
156 0.085155
157 0.0851359
158 0.0849104
159 0.0849389
160 0.0847821
161 0.0847958
162 0.0847203
163 0.0847058
164 0.0846917
165 0.0845514
166 0.0845397
167 0.0843076
168 0.0843197
169 0.084236
170 0.0841165
171 0.0841425
172 0.0842239
173 0.0840091
174 0.0838814
175 0.0840066
176 0.0838707
177 0.0839676
178 0.083715
179 0.0836584
180 0.0835585
181 0.0834772
182 0.0834358
183 0.083346
184 0.0834589
185 0.0833666
186 0.083249
187 0.083296
188 0.0831337
189 0.0832008
190 0.0830375
191 0.083108
192 0.0828902
193 0.0829765
194 0.0829519
195 0.0828794
196 0.082861
197 0.0827537
198 0.0827023
199 0.0827792
200 0.0825987
201 0.0825981
202 0.0824072
203 0.082465
204 0.0823994
205 0.0824012
206 0.0824636
207 0.0823143
208 0.0822976
209 0.0822839
210 0.0822379
211 0.0821394
212 0.0821575
213 0.0821132
214 0.0819744
215 0.0819898
216 0.0820139
217 0.0819812
218 0.0818209
219 0.0818254
220 0.0818051
221 0.081665
222 0.0818715
223 0.0817007
224 0.0815597
225 0.0815894
226 0.0816053
227 0.0814767
228 0.0814325
229 0.0814306
230 0.0814738
231 0.0813838
232 0.0813394
233 0.081497
234 0.0811702
235 0.0811991
236 0.0812282
237 0.0810376
238 0.0811554
239 0.0811881
240 0.0811591
241 0.0809992
242 0.0810776
243 0.0809617
244 0.0808368
245 0.081011
246 0.0809065
247 0.0807554
248 0.0809247
249 0.0809366
250 0.0807717
251 0.0806988
252 0.0808342
253 0.080676
254 0.0807247
255 0.0806199
256 0.0806816
257 0.0806059
258 0.0807391
259 0.0805314
260 0.0806408
261 0.0806636
262 0.0806585
263 0.0805667
264 0.0804731
265 0.0804852
266 0.0804257
267 0.0802965
268 0.0803911
269 0.0802775
270 0.0803949
271 0.0803389
272 0.0802858
273 0.0802002
274 0.0801266
275 0.0802478
276 0.08029
277 0.0801466
278 0.0801884
279 0.0801016
280 0.0800888
281 0.0800314
282 0.0799932
283 0.0800523
284 0.0799106
285 0.07993
286 0.079905
287 0.0799621
288 0.0799108
289 0.0799521
290 0.0797766
291 0.0799283
292 0.0798051
293 0.0798904
294 0.0797873
295 0.0797002
296 0.0796751
297 0.0797375
298 0.0795962
299 0.0797263
300 0.0796257
