1 0.220189
2 0.211879
3 0.206157
4 0.201619
5 0.197643
6 0.194108
7 0.190913
8 0.188113
9 0.185466
10 0.182912
11 0.180511
12 0.178649
13 0.176441
14 0.174582
15 0.172865
16 0.171013
17 0.169366
18 0.167832
19 0.166412
20 0.164998
21 0.163496
22 0.162218
23 0.160791
24 0.159679
25 0.158445
26 0.157271
27 0.156222
28 0.155214
29 0.154215
30 0.153025
31 0.15212
32 0.151195
33 0.150182
34 0.149365
35 0.148589
36 0.147583
37 0.146781
38 0.14601
39 0.145065
40 0.144364
41 0.143484
42 0.14266
43 0.142203
44 0.141422
45 0.140784
46 0.140006
47 0.139433
48 0.138861
49 0.138287
50 0.137524
51 0.137056
52 0.13651
53 0.135874
54 0.135247
55 0.134671
56 0.134298
57 0.133732
58 0.133154
59 0.132659
60 0.132248
61 0.131813
62 0.131145
63 0.130555
64 0.130344
65 0.129876
66 0.12938
67 0.128866
68 0.128499
69 0.128061
70 0.127724
71 0.127207
72 0.126888
73 0.126545
74 0.126141
75 0.125845
76 0.125283
77 0.125104
78 0.124566
79 0.124159
80 0.123856
81 0.123568
82 0.12319
83 0.122909
84 0.122539
85 0.122313
86 0.121872
87 0.121542
88 0.1213
89 0.120943
90 0.120711
91 0.120493
92 0.120025
93 0.119844
94 0.119568
95 0.119227
96 0.118854
97 0.118727
98 0.118462
99 0.118098
100 0.117885
101 0.117595
102 0.117257
103 0.117069
104 0.116924
105 0.116474
106 0.116304
107 0.116049
108 0.115909
109 0.115569
110 0.11526
111 0.115188
112 0.115006
113 0.114636
114 0.114445
115 0.114254
116 0.114079
117 0.113791
118 0.113594
119 0.113379
120 0.113193
121 0.113047
122 0.112883
123 0.11271
124 0.112368
125 0.112163
126 0.111898
127 0.111811
128 0.111642
129 0.11154
130 0.111323
131 0.111066
132 0.110923
133 0.110755
134 0.110583
135 0.110443
136 0.110132
137 0.110072
138 0.109901
139 0.109713
140 0.109549
141 0.109405
142 0.109182
143 0.108996
144 0.108858
145 0.10869
146 0.108519
147 0.108534
148 0.108312
149 0.108099
150 0.107955
151 0.107903
152 0.107655
153 0.107461
154 0.107371
155 0.107229
156 0.107079
157 0.106962
158 0.106717
159 0.106692
160 0.106452
161 0.106383
162 0.106297
163 0.106171
164 0.106079
165 0.10589
166 0.105844
167 0.105474
168 0.105501
169 0.105286
170 0.105163
171 0.105108
172 0.105114
173 0.104873
174 0.104655
175 0.104719
176 0.104623
177 0.104511
178 0.104269
179 0.104178
180 0.104018
181 0.103894
182 0.103771
183 0.103638
184 0.103655
185 0.10351
186 0.103382
187 0.10332
188 0.103144
189 0.103045
190 0.102895
191 0.102912
192 0.102699
193 0.102715
194 0.102656
195 0.102505
196 0.102459
197 0.102292
198 0.102202
199 0.102129
200 0.101918
201 0.101913
202 0.101678
203 0.10166
204 0.101518
205 0.101485
206 0.101508
207 0.101259
208 0.101229
209 0.101194
210 0.101106
211 0.100931
212 0.100902
213 0.100804
214 0.100619
215 0.100593
216 0.100561
217 0.100519
218 0.100283
219 0.100258
220 0.100156
221 0.0999824
222 0.100114
223 0.0998951
224 0.099756
225 0.0997384
226 0.0996884
227 0.0995295
228 0.0994906
229 0.0994138
230 0.0993483
231 0.0992618
232 0.0992383
233 0.0992512
234 0.0989456
235 0.0989607
236 0.0988464
237 0.0986908
238 0.0987385
239 0.0987021
240 0.0986581
241 0.0984422
242 0.0984644
243 0.0983402
244 0.0981351
245 0.0982487
246 0.0981326
247 0.0979654
248 0.0980671
249 0.0980085
250 0.0977672
251 0.0977088
252 0.0977764
253 0.0976277
254 0.0976228
255 0.0975135
256 0.0974654
257 0.0973968
258 0.0974261
259 0.0972297
260 0.0972985
261 0.0972759
262 0.0972483
263 0.0970995
264 0.097005
265 0.0969419
266 0.0968636
267 0.0967143
268 0.0967514
269 0.0965959
270 0.0966688
271 0.0966159
272 0.0964965
273 0.0963377
274 0.0962832
275 0.0964003
276 0.096378
277 0.0961796
278 0.0961916
279 0.0960742
280 0.096049
281 0.0959315
282 0.095842
283 0.0958994
284 0.0957153
285 0.0957226
286 0.0956292
287 0.0956534
288 0.095602
289 0.0956614
290 0.0954023
291 0.0954784
292 0.095349
293 0.0954092
294 0.0952633
295 0.0951451
296 0.0950962
297 0.0951004
298 0.0949746
299 0.0950428
300 0.0949089
