1 0.066618
2 0.082195
3 0.090358
4 0.098912
5 0.104874
6 0.111043
7 0.116781
8 0.121523
9 0.126552
10 0.130884
11 0.135477
12 0.139047
13 0.14264
14 0.146387
15 0.149373
16 0.152726
17 0.155388
18 0.158963
19 0.161146
20 0.164067
21 0.167191
22 0.169141
23 0.17222
24 0.174176
25 0.176664
26 0.179074
27 0.181168
28 0.18222
29 0.184683
30 0.186944
31 0.188702
32 0.191004
33 0.192143
34 0.194144
35 0.195145
36 0.196821
37 0.198385
38 0.1999
39 0.20158
40 0.203217
41 0.204554
42 0.206482
43 0.20669
44 0.208691
45 0.209589
46 0.210782
47 0.211807
48 0.212467
49 0.213413
50 0.215512
51 0.215712
52 0.216599
53 0.218219
54 0.218939
55 0.219537
56 0.220215
57 0.221979
58 0.223033
59 0.223135
60 0.224129
61 0.224453
62 0.225366
63 0.227287
64 0.227106
65 0.227633
66 0.228394
67 0.229114
68 0.230214
69 0.230474
70 0.231037
71 0.232415
72 0.232986
73 0.232809
74 0.233463
75 0.233697
76 0.234689
77 0.234992
78 0.235738
79 0.236515
80 0.237383
81 0.236972
82 0.238008
83 0.23842
84 0.239254
85 0.239364
86 0.24074
87 0.240514
88 0.240683
89 0.241041
90 0.241645
91 0.241622
92 0.242856
93 0.243174
94 0.242943
95 0.243683
96 0.244313
97 0.243849
98 0.244387
99 0.245056
100 0.245216
101 0.245797
102 0.246727
103 0.246329
104 0.246612
105 0.247463
106 0.247602
107 0.248011
108 0.248624
109 0.248751
110 0.249523
111 0.249051
112 0.249594
113 0.250194
114 0.249953
115 0.249832
116 0.250427
117 0.25077
118 0.251221
119 0.250651
120 0.252281
121 0.252041
122 0.251901
123 0.252524
124 0.252887
125 0.253521
126 0.253665
127 0.253789
128 0.253573
129 0.253201
130 0.253397
131 0.254044
132 0.254238
133 0.254789
134 0.254577
135 0.25517
136 0.255667
137 0.255196
138 0.255212
139 0.255473
140 0.25573
141 0.256622
142 0.256046
143 0.256619
144 0.257293
145 0.25712
146 0.257735
147 0.257132
148 0.257031
149 0.258039
150 0.258476
151 0.257952
152 0.258465
153 0.258716
154 0.258358
155 0.259388
156 0.259381
157 0.258957
158 0.259865
159 0.259826
160 0.259428
161 0.259775
162 0.259641
163 0.259848
164 0.259608
165 0.259969
166 0.260147
167 0.260499
168 0.260939
169 0.261482
170 0.260799
171 0.261544
172 0.260546
173 0.261404
174 0.261878
175 0.261221
176 0.261325
177 0.26093
178 0.261923
179 0.262391
180 0.262454
181 0.262739
182 0.263219
183 0.262749
184 0.2625
185 0.262783
186 0.2635
187 0.262423
188 0.263728
189 0.26276
190 0.263404
191 0.263013
192 0.26387
193 0.26393
194 0.263068
195 0.26409
196 0.263453
197 0.264232
198 0.264688
199 0.263538
200 0.264181
201 0.264659
202 0.265058
203 0.265013
204 0.26492
205 0.264611
206 0.264587
207 0.265212
208 0.265223
209 0.265004
210 0.265369
211 0.264983
212 0.265459
213 0.26501
214 0.265075
215 0.265962
216 0.265356
217 0.265886
218 0.26631
219 0.265383
220 0.265719
221 0.265799
222 0.265614
223 0.266415
224 0.266465
225 0.266913
226 0.265755
227 0.267108
228 0.266953
229 0.266621
230 0.266281
231 0.266885
232 0.267383
233 0.266127
234 0.267203
235 0.267224
236 0.266948
237 0.267972
238 0.267698
239 0.266396
240 0.267274
241 0.267884
242 0.267417
243 0.267793
244 0.268963
245 0.267605
246 0.268215
247 0.268472
248 0.26789
249 0.268241
250 0.268282
251 0.268824
252 0.268089
253 0.268561
254 0.267846
255 0.268852
256 0.26825
257 0.268162
258 0.268023
259 0.269311
260 0.268013
261 0.268478
262 0.268091
263 0.268565
264 0.269208
265 0.268916
266 0.269062
267 0.269475
268 0.269045
269 0.269603
270 0.268837
271 0.269859
272 0.269406
273 0.269387
274 0.269852
275 0.268474
276 0.269085
277 0.269502
278 0.268847
279 0.26954
280 0.269477
281 0.269927
282 0.270121
283 0.269529
284 0.270606
285 0.270398
286 0.270042
287 0.269493
288 0.270136
289 0.270218
290 0.270671
291 0.269392
292 0.270694
293 0.269927
294 0.27032
295 0.270111
296 0.2707
297 0.269895
298 0.270624
299 0.270467
300 0.270501
