1 0.5
2 0.35917
3 0.2975
4 0.261494
5 0.236969
6 0.219383
7 0.205612
8 0.19459
9 0.185788
10 0.178392
11 0.17183
12 0.166055
13 0.16122
14 0.156915
15 0.152981
16 0.149534
17 0.14642
18 0.143482
19 0.140928
20 0.138388
21 0.13631
22 0.134315
23 0.13245
24 0.13054
25 0.128879
26 0.127292
27 0.125802
28 0.124372
29 0.123002
30 0.121899
31 0.120719
32 0.119592
33 0.118549
34 0.117416
35 0.116458
36 0.115575
37 0.114683
38 0.113881
39 0.113063
40 0.112234
41 0.111715
42 0.110821
43 0.110099
44 0.109491
45 0.10889
46 0.108163
47 0.107541
48 0.107011
49 0.106489
50 0.106001
51 0.105401
52 0.105045
53 0.104464
54 0.10394
55 0.103409
56 0.103083
57 0.10259
58 0.10216
59 0.101811
60 0.101456
61 0.100911
62 0.100678
63 0.100352
64 0.0999843
65 0.0996017
66 0.0992677
67 0.0990393
68 0.0986699
69 0.0982787
70 0.0979553
71 0.0976427
72 0.0974952
73 0.0971153
74 0.0968499
75 0.096603
76 0.0963256
77 0.096071
78 0.0958108
79 0.0954621
80 0.0952939
81 0.0950676
82 0.0947797
83 0.0946118
84 0.0944589
85 0.0942097
86 0.0940086
87 0.0938344
88 0.0935264
89 0.0934621
90 0.093158
91 0.0930438
92 0.0927132
93 0.0926339
94 0.0924714
95 0.0922911
96 0.0920312
97 0.0919842
98 0.0917889
99 0.0915948
100 0.0913534
101 0.0913156
102 0.0910616
103 0.0909313
104 0.0908605
105 0.0906583
106 0.0904892
107 0.0904716
108 0.0902813
109 0.0900608
110 0.089997
111 0.0898547
112 0.0897076
113 0.089612
114 0.0894693
115 0.0892662
116 0.0892517
117 0.0891383
118 0.088917
119 0.0887611
120 0.0886991
121 0.0885744
122 0.0885234
123 0.0883945
124 0.0882376
125 0.0882017
126 0.0880625
127 0.0879989
128 0.087847
129 0.0877663
130 0.0876692
131 0.0874181
132 0.0875248
133 0.0873819
134 0.0872084
135 0.087157
136 0.0871517
137 0.0870355
138 0.0868749
139 0.0867987
140 0.0867383
141 0.086717
142 0.0865693
143 0.0865117
144 0.0863793
145 0.0863825
146 0.086227
147 0.0861756
148 0.0860993
149 0.0859582
150 0.0859543
151 0.0858898
152 0.0857471
153 0.0857411
154 0.0856871
155 0.0856131
156 0.0855682
157 0.0854592
158 0.0854145
159 0.0853374
160 0.0852464
161 0.0852342
162 0.0850857
163 0.0850596
164 0.0850228
165 0.0850043
166 0.0848515
167 0.084746
168 0.0847403
169 0.0847079
170 0.0846483
171 0.0846508
172 0.0845079
173 0.0844971
174 0.0844091
175 0.0842648
176 0.0843196
177 0.084293
178 0.084204
179 0.0841637
180 0.0840887
181 0.0840149
182 0.0840605
183 0.0839763
184 0.0838208
185 0.083847
186 0.083872
187 0.0837819
188 0.0837625
189 0.0836333
190 0.0836069
191 0.0835351
192 0.0835717
193 0.0834198
194 0.0834473
195 0.0834808
196 0.0834123
197 0.083241
198 0.0832122
199 0.0832189
200 0.0831486
201 0.0831499
202 0.0831334
203 0.0830449
204 0.0829689
205 0.0829221
206 0.0829134
207 0.082913
208 0.0828249
209 0.0827639
210 0.0828088
211 0.0826946
212 0.0827524
213 0.0827376
214 0.0825926
215 0.0826436
216 0.0825104
217 0.082542
218 0.0824862
219 0.0824725
220 0.0823952
221 0.0824064
222 0.0824323
223 0.0823444
224 0.0822499
225 0.0823489
226 0.0822333
227 0.0822765
228 0.0821501
229 0.0821661
230 0.0821531
231 0.0820843
232 0.0819978
233 0.0820002
234 0.0819684
235 0.081898
236 0.0819632
237 0.081912
238 0.0819361
239 0.0818575
240 0.0817221
241 0.0818379
242 0.0817127
243 0.0817588
244 0.0816694
245 0.0817015
246 0.0816596
247 0.0816481
248 0.0815538
249 0.0815877
250 0.0816231
251 0.0815554
252 0.0815329
253 0.081426
254 0.0814095
255 0.0814636
256 0.0813963
257 0.0813448
258 0.0813999
259 0.0813724
260 0.0813065
261 0.0812336
262 0.0811966
263 0.0812395
264 0.0811885
265 0.0811934
266 0.0811617
267 0.0811841
268 0.0811012
269 0.0811308
270 0.0810751
271 0.0810154
272 0.0810416
273 0.0810335
274 0.0809461
275 0.0810311
276 0.0810016
277 0.0809712
278 0.0807889
279 0.0809987
280 0.0808474
281 0.0807795
282 0.0808107
283 0.080801
284 0.0807749
285 0.0807885
286 0.0808189
287 0.0807261
288 0.0806677
289 0.0807195
290 0.0806593
291 0.0806718
292 0.0805944
293 0.0805537
294 0.0806039
295 0.0805516
296 0.0806114
297 0.0806352
298 0.0804915
299 0.0804536
300 0.0804619
