1 0.066618
2 0.0744065
3 0.0798173
4 0.0846565
5 0.0885702
6 0.0922548
7 0.0959581
8 0.0989472
9 0.102105
10 0.104902
11 0.108068
12 0.110085
13 0.112924
14 0.115368
15 0.117301
16 0.119742
17 0.121572
18 0.123903
19 0.125665
20 0.127394
21 0.130005
22 0.131268
23 0.133499
24 0.135018
25 0.136684
26 0.138382
27 0.140032
28 0.14074
29 0.142626
30 0.14439
31 0.145914
32 0.147369
33 0.148366
34 0.149844
35 0.150858
36 0.152272
37 0.153581
38 0.154871
39 0.156286
40 0.157553
41 0.15873
42 0.160243
43 0.160392
44 0.162164
45 0.162962
46 0.164127
47 0.165077
48 0.165637
49 0.166579
50 0.168058
51 0.168545
52 0.169529
53 0.170777
54 0.171604
55 0.172147
56 0.172727
57 0.174289
58 0.175221
59 0.175618
60 0.17645
61 0.176885
62 0.17799
63 0.179417
64 0.179505
65 0.180171
66 0.180829
67 0.181661
68 0.182709
69 0.182871
70 0.183652
71 0.18478
72 0.185489
73 0.185616
74 0.186363
75 0.186649
76 0.187621
77 0.18787
78 0.188886
79 0.189534
80 0.190538
81 0.190515
82 0.191105
83 0.191604
84 0.192723
85 0.19276
86 0.194213
87 0.194185
88 0.194381
89 0.19505
90 0.195603
91 0.195634
92 0.196873
93 0.197301
94 0.19743
95 0.197992
96 0.198881
97 0.198539
98 0.199114
99 0.199902
100 0.199982
101 0.200841
102 0.201716
103 0.201511
104 0.201896
105 0.202641
106 0.202987
107 0.203668
108 0.204133
109 0.204512
110 0.205092
111 0.20509
112 0.205661
113 0.206368
114 0.206272
115 0.206409
116 0.207001
117 0.207523
118 0.207933
119 0.207674
120 0.208927
121 0.208906
122 0.209057
123 0.209619
124 0.210034
125 0.210761
126 0.21118
127 0.211227
128 0.211203
129 0.210968
130 0.211516
131 0.212035
132 0.212569
133 0.212888
134 0.21297
135 0.21353
136 0.214364
137 0.213794
138 0.214112
139 0.214437
140 0.214846
141 0.215509
142 0.215254
143 0.216098
144 0.216549
145 0.216431
146 0.217098
147 0.216782
148 0.216895
149 0.217739
150 0.218295
151 0.217904
152 0.218498
153 0.218928
154 0.21872
155 0.219684
156 0.219758
157 0.219631
158 0.220538
159 0.220568
160 0.220428
161 0.220835
162 0.22066
163 0.221213
164 0.220987
165 0.221416
166 0.221436
167 0.222269
168 0.222413
169 0.223318
170 0.22281
171 0.223509
172 0.222681
173 0.223497
174 0.224132
175 0.223429
176 0.223718
177 0.223628
178 0.224631
179 0.22499
180 0.225136
181 0.225537
182 0.226083
183 0.225691
184 0.225692
185 0.226014
186 0.226736
187 0.225856
188 0.227054
189 0.226508
190 0.227094
191 0.226735
192 0.227602
193 0.227759
194 0.227011
195 0.228094
196 0.22773
197 0.228293
198 0.228924
199 0.228165
200 0.228767
201 0.229259
202 0.229615
203 0.229644
204 0.229879
205 0.229582
206 0.229588
207 0.230372
208 0.230465
209 0.230219
210 0.23062
211 0.230447
212 0.230931
213 0.230609
214 0.230731
215 0.231716
216 0.231277
217 0.231692
218 0.232112
219 0.231442
220 0.231818
221 0.232038
222 0.232018
223 0.232858
224 0.232854
225 0.233434
226 0.232447
227 0.233678
228 0.233512
229 0.23343
230 0.233272
231 0.233878
232 0.234186
233 0.233389
234 0.234294
235 0.234274
236 0.234271
237 0.235123
238 0.235179
239 0.234179
240 0.234714
241 0.235601
242 0.235233
243 0.235598
244 0.236616
245 0.235623
246 0.23616
247 0.23653
248 0.235969
249 0.236384
250 0.236728
251 0.237144
252 0.236599
253 0.237097
254 0.236511
255 0.237397
256 0.237026
257 0.236927
258 0.237047
259 0.238263
260 0.236982
261 0.237608
262 0.237189
263 0.237803
264 0.23829
265 0.238223
266 0.238339
267 0.238914
268 0.238423
269 0.239214
270 0.238485
271 0.239421
272 0.239164
273 0.239278
274 0.239701
275 0.238512
276 0.238998
277 0.239643
278 0.238988
279 0.239754
280 0.239617
281 0.240189
282 0.240515
283 0.239962
284 0.241058
285 0.240728
286 0.240629
287 0.240072
288 0.240667
289 0.240743
290 0.241364
291 0.240293
292 0.24144
293 0.240763
294 0.241339
295 0.241167
296 0.241785
297 0.241226
298 0.241745
299 0.241674
300 0.241827
