1 0.499351
2 0.508003
3 0.514012
4 0.518472
5 0.522539
6 0.52605
7 0.529293
8 0.532056
9 0.534479
10 0.537122
11 0.539675
12 0.541445
13 0.543604
14 0.545534
15 0.547298
16 0.549202
17 0.550744
18 0.552234
19 0.553745
20 0.555059
21 0.556621
22 0.557915
23 0.559387
24 0.560456
25 0.561684
26 0.562813
27 0.563807
28 0.564815
29 0.565799
30 0.567042
31 0.56798
32 0.568725
33 0.56986
34 0.570724
35 0.571526
36 0.572471
37 0.573271
38 0.574056
39 0.574997
40 0.575648
41 0.576564
42 0.577353
43 0.577825
44 0.578648
45 0.579246
46 0.580053
47 0.580615
48 0.581226
49 0.581846
50 0.582504
51 0.582946
52 0.583548
53 0.584172
54 0.584776
55 0.585357
56 0.585796
57 0.58633
58 0.586875
59 0.587423
60 0.587803
61 0.588317
62 0.588949
63 0.589475
64 0.589664
65 0.590223
66 0.590705
67 0.591211
68 0.591582
69 0.592003
70 0.592367
71 0.592884
72 0.59322
73 0.593554
74 0.593991
75 0.594296
76 0.594832
77 0.595065
78 0.595582
79 0.595983
80 0.596284
81 0.596583
82 0.596933
83 0.597293
84 0.597598
85 0.597859
86 0.598279
87 0.598661
88 0.598902
89 0.59922
90 0.599458
91 0.599675
92 0.600167
93 0.600363
94 0.600621
95 0.60095
96 0.601303
97 0.601427
98 0.601707
99 0.602072
100 0.602283
101 0.602596
102 0.602914
103 0.603117
104 0.603251
105 0.603745
106 0.603899
107 0.60409
108 0.604302
109 0.604587
110 0.604912
111 0.604996
112 0.605151
113 0.60554
114 0.605722
115 0.605913
116 0.606099
117 0.606372
118 0.606545
119 0.606775
120 0.606964
121 0.607092
122 0.607263
123 0.607482
124 0.607815
125 0.608029
126 0.608267
127 0.608347
128 0.608531
129 0.608618
130 0.608902
131 0.609087
132 0.609229
133 0.609392
134 0.609563
135 0.609702
136 0.610024
137 0.610047
138 0.610248
139 0.610443
140 0.610596
141 0.610753
142 0.610964
143 0.611172
144 0.611294
145 0.611461
146 0.611629
147 0.61165
148 0.611861
149 0.612034
150 0.612245
151 0.612279
152 0.612501
153 0.612671
154 0.612811
155 0.612923
156 0.613096
157 0.613208
158 0.613447
159 0.613497
160 0.613735
161 0.613749
162 0.613845
163 0.613986
164 0.614084
165 0.614264
166 0.614332
167 0.614677
168 0.614655
169 0.614845
170 0.61503
171 0.61505
172 0.61507
173 0.615288
174 0.615502
175 0.61545
176 0.615556
177 0.615647
178 0.615899
179 0.616004
180 0.616167
181 0.616273
182 0.61641
183 0.616517
184 0.616513
185 0.616671
186 0.616797
187 0.616842
188 0.617017
189 0.617126
190 0.617258
191 0.61727
192 0.617434
193 0.617419
194 0.617508
195 0.617648
196 0.617724
197 0.617889
198 0.617987
199 0.618017
200 0.618254
201 0.618253
202 0.618478
203 0.618499
204 0.618656
205 0.618686
206 0.618668
207 0.618908
208 0.618943
209 0.618979
210 0.61903
211 0.619212
212 0.619266
213 0.619363
214 0.619512
215 0.619562
216 0.619605
217 0.619643
218 0.61988
219 0.619904
220 0.619996
221 0.620164
222 0.62004
223 0.620279
224 0.620402
225 0.620421
226 0.62047
227 0.620621
228 0.620655
229 0.620745
230 0.620818
231 0.620893
232 0.620919
233 0.620907
234 0.621179
235 0.621177
236 0.621298
237 0.62144
238 0.621402
239 0.621449
240 0.621496
241 0.621717
242 0.621673
243 0.621798
244 0.622009
245 0.621896
246 0.621993
247 0.622176
248 0.622079
249 0.622133
250 0.622382
251 0.622429
252 0.622364
253 0.622524
254 0.622499
255 0.622647
256 0.622685
257 0.622757
258 0.622734
259 0.6229
260 0.622846
261 0.622878
262 0.622894
263 0.623073
264 0.623177
265 0.623213
266 0.623302
267 0.623434
268 0.623418
269 0.623564
270 0.623484
271 0.623547
272 0.623672
273 0.623822
274 0.623859
275 0.623753
276 0.623774
277 0.623967
278 0.623995
279 0.624087
280 0.624112
281 0.624239
282 0.624291
283 0.624274
284 0.624438
285 0.624428
286 0.624528
287 0.624528
288 0.624559
289 0.624479
290 0.624765
291 0.624672
292 0.624797
293 0.62477
294 0.624881
295 0.625005
296 0.625032
297 0.62506
298 0.625195
299 0.625118
300 0.625257
