1 0.5
2 0.499729
3 0.499349
4 0.498956
5 0.498499
6 0.498127
7 0.497692
8 0.497346
9 0.496866
10 0.496361
11 0.496061
12 0.495816
13 0.49532
14 0.49518
15 0.494755
16 0.494283
17 0.494067
18 0.493538
19 0.493402
20 0.493036
21 0.492773
22 0.492691
23 0.492322
24 0.491943
25 0.491666
26 0.491408
27 0.49118
28 0.491192
29 0.490793
30 0.490614
31 0.490259
32 0.490378
33 0.490043
34 0.489818
35 0.489484
36 0.489382
37 0.489089
38 0.488926
39 0.488841
40 0.48887
41 0.48839
42 0.488458
43 0.488315
44 0.4882
45 0.487761
46 0.48787
47 0.487561
48 0.487507
49 0.487414
50 0.487202
51 0.487025
52 0.487112
53 0.486978
54 0.486788
55 0.486426
56 0.486787
57 0.486393
58 0.48631
59 0.486147
60 0.485809
61 0.485889
62 0.485781
63 0.485654
64 0.485819
65 0.485324
66 0.485783
67 0.48539
68 0.485397
69 0.48515
70 0.485172
71 0.484871
72 0.485103
73 0.484705
74 0.484544
75 0.484957
76 0.484671
77 0.484684
78 0.484611
79 0.484521
80 0.484657
81 0.484152
82 0.48425
83 0.484148
84 0.484232
85 0.483849
86 0.483989
87 0.483902
88 0.484014
89 0.483715
90 0.483833
91 0.483659
92 0.483774
93 0.483672
94 0.483523
95 0.483482
96 0.483626
97 0.483486
98 0.48336
99 0.483164
100 0.483317
101 0.483205
102 0.483203
103 0.483082
104 0.483109
105 0.482932
106 0.482857
107 0.482936
108 0.482858
109 0.482954
110 0.482868
111 0.482889
112 0.48297
113 0.482581
114 0.482736
115 0.482591
116 0.482804
117 0.48247
118 0.482446
119 0.48229
120 0.482352
121 0.48245
122 0.482269
123 0.482214
124 0.482066
125 0.482114
126 0.482249
127 0.482081
128 0.482019
129 0.482258
130 0.482321
131 0.481942
132 0.482174
133 0.482076
134 0.481828
135 0.482031
136 0.481737
137 0.481757
138 0.482199
139 0.481951
140 0.481665
141 0.482009
142 0.481912
143 0.481563
144 0.48166
145 0.481813
146 0.481589
147 0.481559
148 0.481851
149 0.481725
150 0.481697
151 0.481378
152 0.481614
153 0.481469
154 0.481434
155 0.481594
156 0.481526
157 0.481605
158 0.481425
159 0.481402
160 0.481456
161 0.481412
162 0.481224
163 0.481178
164 0.480955
165 0.480855
166 0.481303
167 0.480991
168 0.481249
169 0.481304
170 0.481363
171 0.481247
172 0.481269
173 0.481052
174 0.481292
175 0.480938
176 0.480886
177 0.480834
178 0.480892
179 0.480877
180 0.481025
181 0.481228
182 0.481086
183 0.480892
184 0.480981
185 0.480851
186 0.48092
187 0.480673
188 0.48082
189 0.480747
190 0.480592
191 0.480848
192 0.480705
193 0.480739
194 0.480899
195 0.480817
196 0.480899
197 0.48071
198 0.480627
199 0.48074
200 0.480823
201 0.480719
202 0.480603
203 0.48079
204 0.480594
205 0.480511
206 0.480449
207 0.480516
208 0.480536
209 0.480394
210 0.48051
211 0.480746
212 0.480439
213 0.480709
214 0.480578
215 0.480513
216 0.480562
217 0.480434
218 0.480424
219 0.480507
220 0.48058
221 0.480261
222 0.480534
223 0.480303
224 0.480642
225 0.480547
226 0.480524
227 0.480438
228 0.480258
229 0.480413
230 0.480377
231 0.48014
232 0.480527
233 0.48052
234 0.480411
235 0.480223
236 0.480234
237 0.480344
238 0.480533
239 0.480305
240 0.480603
241 0.480241
242 0.480335
243 0.480126
244 0.480047
245 0.480353
246 0.48015
247 0.48003
248 0.480386
249 0.480103
250 0.480066
251 0.479911
252 0.480163
253 0.48033
254 0.479978
255 0.480153
256 0.480094
257 0.480095
258 0.480449
259 0.47998
260 0.479948
261 0.48016
262 0.480168
263 0.480003
264 0.480088
265 0.480179
266 0.480018
267 0.479959
268 0.480302
269 0.479845
270 0.480229
271 0.480141
272 0.47997
273 0.480154
274 0.479955
275 0.479946
276 0.47983
277 0.479861
278 0.479843
279 0.480165
280 0.480056
281 0.479937
282 0.479971
283 0.480112
284 0.479909
285 0.479991
286 0.479681
287 0.480007
288 0.479985
289 0.479988
290 0.479836
291 0.479972
292 0.479912
293 0.480141
294 0.479875
295 0.479784
296 0.479915
297 0.479905
298 0.479776
299 0.479733
300 0.479695
