1 0.499351
2 0.51649
3 0.525523
4 0.532307
5 0.538727
6 0.543247
7 0.547996
8 0.55145
9 0.555898
10 0.560216
11 0.562644
12 0.564553
13 0.568257
14 0.569264
15 0.572237
16 0.575401
17 0.576804
18 0.580133
19 0.580961
20 0.583161
21 0.58471
22 0.585185
23 0.58729
24 0.589402
25 0.590914
26 0.592299
27 0.593504
28 0.593438
29 0.595516
30 0.59643
31 0.59822
32 0.59762
33 0.599292
34 0.600394
35 0.602012
36 0.602496
37 0.603887
38 0.604653
39 0.605049
40 0.604912
41 0.607125
42 0.606815
43 0.607466
44 0.607989
45 0.609954
46 0.609471
47 0.610839
48 0.611076
49 0.611484
50 0.612405
51 0.613169
52 0.612795
53 0.613371
54 0.614186
55 0.615715
56 0.61419
57 0.615856
58 0.616203
59 0.616882
60 0.618281
61 0.617953
62 0.618396
63 0.618917
64 0.61824
65 0.620254
66 0.618388
67 0.619989
68 0.61996
69 0.620954
70 0.620868
71 0.622067
72 0.621144
73 0.622725
74 0.623361
75 0.621726
76 0.622862
77 0.622809
78 0.623097
79 0.623449
80 0.622917
81 0.624891
82 0.62451
83 0.624907
84 0.624579
85 0.626057
86 0.625519
87 0.625856
88 0.625423
89 0.626571
90 0.62612
91 0.626787
92 0.626346
93 0.626735
94 0.627305
95 0.627459
96 0.626912
97 0.627444
98 0.627919
99 0.628661
100 0.628085
101 0.628504
102 0.628513
103 0.628968
104 0.628867
105 0.629529
106 0.629806
107 0.629512
108 0.629804
109 0.629447
110 0.629765
111 0.629687
112 0.629387
113 0.63083
114 0.630257
115 0.630791
116 0.630004
117 0.631237
118 0.631325
119 0.631896
120 0.631671
121 0.63131
122 0.631976
123 0.632176
124 0.632713
125 0.632539
126 0.632046
127 0.632658
128 0.632886
129 0.632014
130 0.631785
131 0.633164
132 0.63232
133 0.632678
134 0.633574
135 0.63284
136 0.633905
137 0.633833
138 0.632229
139 0.633132
140 0.634161
141 0.632921
142 0.633271
143 0.634529
144 0.634179
145 0.633628
146 0.634435
147 0.634542
148 0.633492
149 0.633947
150 0.634048
151 0.635187
152 0.634345
153 0.634862
154 0.634989
155 0.634418
156 0.634659
157 0.634377
158 0.63502
159 0.635104
160 0.634911
161 0.635068
162 0.635736
163 0.635898
164 0.636687
165 0.637037
166 0.635454
167 0.636558
168 0.635645
169 0.635452
170 0.635242
171 0.635655
172 0.635574
173 0.636342
174 0.635493
175 0.636747
176 0.636929
177 0.637109
178 0.636907
179 0.636961
180 0.63644
181 0.635721
182 0.636225
183 0.636906
184 0.636593
185 0.637052
186 0.636807
187 0.637675
188 0.637158
189 0.637417
190 0.637957
191 0.63706
192 0.637561
193 0.637445
194 0.636882
195 0.637171
196 0.636881
197 0.637544
198 0.637835
199 0.637441
200 0.637149
201 0.637514
202 0.637917
203 0.637264
204 0.63795
205 0.638239
206 0.638455
207 0.638222
208 0.63815
209 0.638646
210 0.638243
211 0.63742
212 0.638489
213 0.637549
214 0.638005
215 0.638233
216 0.63806
217 0.638506
218 0.638539
219 0.638253
220 0.637997
221 0.639105
222 0.638159
223 0.638959
224 0.637782
225 0.638114
226 0.638192
227 0.638491
228 0.639115
229 0.63858
230 0.638704
231 0.639521
232 0.638182
233 0.638207
234 0.638586
235 0.639235
236 0.639197
237 0.638817
238 0.638162
239 0.638952
240 0.637919
241 0.639174
242 0.63885
243 0.639571
244 0.639841
245 0.638788
246 0.639488
247 0.639901
248 0.638672
249 0.639648
250 0.639777
251 0.640306
252 0.639441
253 0.638865
254 0.640078
255 0.639476
256 0.639681
257 0.639677
258 0.638452
259 0.640072
260 0.640179
261 0.639454
262 0.639425
263 0.639993
264 0.639701
265 0.639388
266 0.639941
267 0.640142
268 0.638964
269 0.640531
270 0.639216
271 0.639518
272 0.640105
273 0.639472
274 0.640156
275 0.640187
276 0.640585
277 0.640479
278 0.640539
279 0.639434
280 0.639809
281 0.640218
282 0.6401
283 0.639617
284 0.640315
285 0.640032
286 0.641093
287 0.639978
288 0.640055
289 0.640043
290 0.640564
291 0.640098
292 0.640305
293 0.639519
294 0.640429
295 0.640742
296 0.640293
297 0.640328
298 0.640767
299 0.640913
300 0.641045
