1 0
2 0
3 0
4 0
5 0
6 0.038835
7 0.0612245
8 0.0775862
9 0.0881356
10 0.0927083
11 0.0956175
12 0.10262
13 0.108164
14 0.114169
15 0.119798
16 0.124754
17 0.129086
18 0.132025
19 0.134016
20 0.136614
21 0.139085
22 0.140901
23 0.1428
24 0.144892
25 0.147417
26 0.148913
27 0.150742
28 0.152057
29 0.153204
30 0.154626
31 0.155673
32 0.156716
33 0.157815
34 0.158911
35 0.160061
36 0.161108
37 0.162
38 0.162951
39 0.163819
40 0.164636
41 0.165319
42 0.166067
43 0.166618
44 0.167294
45 0.167988
46 0.168597
47 0.169215
48 0.169765
49 0.170344
50 0.170865
51 0.171275
52 0.171641
53 0.172059
54 0.17252
55 0.1729
56 0.173315
57 0.17365
58 0.173967
59 0.174324
60 0.174694
61 0.174996
62 0.175308
63 0.175606
64 0.175935
65 0.176189
66 0.176509
67 0.176782
68 0.177083
69 0.177343
70 0.177614
71 0.177867
72 0.178114
73 0.178352
74 0.178573
75 0.178777
76 0.179003
77 0.179236
78 0.179463
79 0.179655
80 0.179859
81 0.180067
82 0.180251
83 0.180431
84 0.180625
85 0.180813
86 0.180974
87 0.181158
88 0.181327
89 0.181505
90 0.181681
91 0.181837
92 0.181999
93 0.182147
94 0.182308
95 0.182448
96 0.182595
97 0.182734
98 0.182875
99 0.183028
100 0.183164
