1 0.230605
2 0.211496
3 0.198277
4 0.189716
5 0.181386
6 0.175617
7 0.169543
8 0.16356
9 0.159689
10 0.154803
11 0.151582
12 0.147626
13 0.144491
14 0.142229
15 0.138329
16 0.136702
17 0.13327
18 0.131293
19 0.128496
20 0.127601
21 0.124053
22 0.124815
23 0.121431
24 0.121984
25 0.118597
26 0.118079
27 0.1159
28 0.114764
29 0.112365
30 0.111839
31 0.110232
32 0.109509
33 0.107682
34 0.106685
35 0.105535
36 0.104838
37 0.103431
38 0.102587
39 0.101392
40 0.100897
41 0.0994156
42 0.09885
43 0.0978415
44 0.097186
45 0.0965369
46 0.0956807
47 0.0950024
48 0.094649
49 0.0937575
50 0.0929683
51 0.0928105
52 0.0918092
53 0.0914068
54 0.0904186
55 0.0899507
56 0.089042
57 0.0884877
58 0.0874859
59 0.0869424
60 0.0858934
61 0.0854201
62 0.0843396
63 0.0840718
64 0.0829355
65 0.0828612
66 0.0818853
67 0.0815512
68 0.0810641
69 0.0804171
70 0.0800603
71 0.0794481
72 0.0792615
73 0.0785191
74 0.0783823
75 0.0778
76 0.0777284
77 0.0770917
78 0.0768115
79 0.0761984
80 0.0757511
81 0.0752629
82 0.0748085
83 0.0743782
84 0.0739387
85 0.0736155
86 0.0732077
87 0.0725258
88 0.0723534
89 0.0718707
90 0.0717551
91 0.0714028
92 0.0712554
93 0.0707563
94 0.0702602
95 0.0701722
96 0.0694127
97 0.0696148
98 0.0692315
99 0.06932
100 0.0687348
101 0.0686033
102 0.0681144
103 0.0677494
104 0.0672891
105 0.066754
106 0.0666092
107 0.0661138
108 0.065902
109 0.0654858
110 0.0651964
111 0.064768
112 0.0645812
113 0.0643092
114 0.0640688
115 0.063727
116 0.0634903
117 0.0631059
118 0.0629481
119 0.0625916
120 0.0623406
121 0.0621329
122 0.0617643
123 0.0617085
124 0.0614524
125 0.0614737
126 0.0612715
127 0.0610612
128 0.060702
129 0.0603435
130 0.0601624
131 0.0597202
132 0.0595612
133 0.0591348
134 0.0589096
135 0.0585293
136 0.0580971
137 0.0579526
138 0.057682
139 0.0574793
140 0.0572931
141 0.0571278
142 0.056923
143 0.0566109
144 0.0564314
145 0.0562353
146 0.056176
147 0.0558939
148 0.0556417
149 0.0554495
150 0.0553429
151 0.0550086
152 0.0550362
153 0.0547092
154 0.0545483
155 0.0543592
156 0.0541743
157 0.0540851
158 0.0538309
159 0.0537678
160 0.0535014
161 0.0532938
162 0.0530897
163 0.0529691
164 0.0529213
165 0.0527698
166 0.0526651
167 0.0524045
168 0.0521561
169 0.0519972
170 0.0517005
171 0.0515902
172 0.0514836
173 0.0511786
174 0.0511802
175 0.0509411
176 0.0508691
177 0.0505975
178 0.0504177
179 0.05024
180 0.0501268
181 0.0499262
182 0.0498839
183 0.0495413
184 0.0494461
185 0.0494019
186 0.0491645
187 0.0491111
188 0.0488623
189 0.0487481
190 0.0485686
191 0.0484932
192 0.0483186
193 0.0482167
194 0.048013
195 0.0479151
196 0.0479195
197 0.047657
198 0.0477514
199 0.0474715
200 0.0474532
201 0.0472616
202 0.0471122
203 0.0470633
204 0.0468462
205 0.0468429
206 0.0467591
207 0.0467141
208 0.0467805
209 0.046644
210 0.0464874
211 0.0465593
212 0.0464495
213 0.0462503
214 0.0461105
215 0.0459182
216 0.0458671
217 0.0457344
218 0.0456898
219 0.0455433
220 0.0454909
221 0.0452576
222 0.0451683
223 0.044978
224 0.0449372
225 0.0447855
226 0.0447425
227 0.0446692
228 0.0444604
229 0.0443382
230 0.0443145
231 0.0442403
232 0.0440857
233 0.0439699
234 0.0437926
235 0.0437912
236 0.043691
237 0.04345
238 0.0434772
239 0.0432636
240 0.0431352
241 0.0431151
242 0.0431016
243 0.0430374
244 0.0429575
245 0.0427827
246 0.0428046
247 0.0426083
248 0.0426357
249 0.0425516
250 0.0424081
251 0.0424413
252 0.0423748
253 0.042172
254 0.0421411
255 0.0421252
256 0.0419893
257 0.0418508
258 0.0418791
259 0.0417527
260 0.0416746
261 0.0416037
262 0.0415679
263 0.041539
264 0.0413578
265 0.0413262
266 0.0412469
267 0.041211
268 0.0410578
269 0.0409961
270 0.0409026
271 0.0408425
272 0.0408335
273 0.040733
274 0.0405994
275 0.0404555
276 0.040353
277 0.040239
278 0.040149
279 0.0401331
280 0.0400511
281 0.0399911
282 0.0398604
283 0.0399261
284 0.0397732
285 0.0398651
286 0.0396801
287 0.0396568
288 0.0395788
289 0.0395371
290 0.0394332
291 0.0393797
292 0.0392517
293 0.0392388
294 0.0391136
295 0.0390295
296 0.0390184
297 0.0389127
298 0.0387746
299 0.0386543
300 0.0385399
