1 0.299745
2 0.309744
3 0.317372
4 0.3232
5 0.328544
6 0.332987
7 0.336905
8 0.340612
9 0.343993
10 0.347115
11 0.349902
12 0.352546
13 0.355129
14 0.357458
15 0.359712
16 0.361819
17 0.36389
18 0.365853
19 0.367726
20 0.369483
21 0.371203
22 0.372774
23 0.374369
24 0.375785
25 0.37726
26 0.378598
27 0.379949
28 0.381232
29 0.382496
30 0.383683
31 0.384871
32 0.386014
33 0.387107
34 0.388222
35 0.389288
36 0.39031
37 0.391319
38 0.392289
39 0.393258
40 0.394155
41 0.395067
42 0.39593
43 0.396782
44 0.397619
45 0.398407
46 0.399214
47 0.399996
48 0.40076
49 0.401499
50 0.402216
51 0.402919
52 0.403602
53 0.40427
54 0.404945
55 0.405585
56 0.406223
57 0.40684
58 0.407473
59 0.408091
60 0.40871
61 0.409298
62 0.409893
63 0.410471
64 0.411055
65 0.411624
66 0.412176
67 0.412731
68 0.413268
69 0.413798
70 0.414316
71 0.41483
72 0.415337
73 0.41584
74 0.416326
75 0.416804
76 0.417266
77 0.417749
78 0.418217
79 0.418677
80 0.419133
81 0.419577
82 0.420006
83 0.420447
84 0.420876
85 0.421312
86 0.421728
87 0.422143
88 0.422561
89 0.422969
90 0.423376
91 0.423758
92 0.424147
93 0.424529
94 0.42491
95 0.425281
96 0.425658
97 0.426018
98 0.426374
99 0.426717
100 0.427066
101 0.427419
102 0.42776
103 0.428104
104 0.42844
105 0.428784
106 0.429114
107 0.429443
108 0.429769
109 0.430097
110 0.430418
111 0.430739
112 0.431049
113 0.431354
114 0.431665
115 0.431974
116 0.432281
117 0.432577
118 0.432875
119 0.433168
120 0.433459
121 0.433745
122 0.434025
123 0.434315
124 0.434601
125 0.434871
126 0.43515
127 0.435415
128 0.435681
129 0.435947
130 0.436211
131 0.43647
132 0.43673
133 0.43699
134 0.43725
135 0.437503
136 0.437763
137 0.438015
138 0.438264
139 0.438514
140 0.438756
141 0.438997
142 0.439245
143 0.43949
144 0.439731
145 0.439964
146 0.440199
147 0.440433
148 0.440667
149 0.440898
150 0.441126
151 0.441356
152 0.441578
153 0.441807
154 0.442032
155 0.442248
156 0.442465
157 0.442679
158 0.442892
159 0.443102
160 0.443319
161 0.443528
162 0.443737
163 0.443945
164 0.444148
165 0.444356
166 0.444558
167 0.444752
168 0.444951
169 0.445151
170 0.445345
171 0.44554
172 0.445736
173 0.445935
174 0.446123
175 0.446314
176 0.446503
177 0.446685
178 0.446877
179 0.447063
180 0.447248
181 0.447432
182 0.447618
183 0.4478
184 0.447976
185 0.448155
186 0.448331
187 0.44851
188 0.448686
189 0.448861
190 0.449033
191 0.449206
192 0.449372
193 0.449542
194 0.449715
195 0.449883
196 0.45005
197 0.450214
198 0.450378
199 0.450544
200 0.45071
201 0.450868
202 0.45103
203 0.45119
204 0.451347
205 0.451505
206 0.451661
207 0.451819
208 0.451971
209 0.45212
210 0.452275
211 0.452424
212 0.452573
213 0.45272
214 0.45287
215 0.453015
216 0.453164
217 0.453308
218 0.453455
219 0.453602
220 0.453744
221 0.453885
222 0.454027
223 0.454167
224 0.454311
225 0.454453
226 0.454592
227 0.454728
228 0.454863
229 0.454997
230 0.455132
231 0.455264
232 0.455399
233 0.455535
234 0.45567
235 0.455799
236 0.455927
237 0.456058
238 0.456188
239 0.456322
240 0.456449
241 0.45658
242 0.456708
243 0.456834
244 0.456961
245 0.457084
246 0.457206
247 0.457329
248 0.457454
249 0.457573
250 0.457692
251 0.457815
252 0.457937
253 0.458055
254 0.458175
255 0.458295
256 0.45841
257 0.458526
258 0.458641
259 0.458759
260 0.458872
261 0.458987
262 0.459102
263 0.459214
264 0.459328
265 0.459438
266 0.459551
267 0.459662
268 0.459774
269 0.459888
270 0.459999
271 0.460109
272 0.46022
273 0.460329
274 0.460438
275 0.460546
276 0.460652
277 0.460759
278 0.460865
279 0.460973
280 0.461078
281 0.461187
282 0.46129
283 0.461393
284 0.461495
285 0.461595
286 0.461695
287 0.461799
288 0.461901
289 0.462001
290 0.462102
291 0.462202
292 0.462302
293 0.4624
294 0.462499
295 0.462597
296 0.462695
297 0.46279
298 0.462887
299 0.462984
300 0.463081
