1 0.299745
2 0.319742
3 0.332628
4 0.340686
5 0.349917
6 0.355201
7 0.360415
8 0.366558
9 0.371043
10 0.375214
11 0.377772
12 0.381629
13 0.386123
14 0.387735
15 0.391265
16 0.393431
17 0.397024
18 0.399221
19 0.401453
20 0.402852
21 0.405599
22 0.405774
23 0.409453
24 0.408358
25 0.412668
26 0.41203
27 0.41508
28 0.415871
29 0.417894
30 0.418113
31 0.420517
32 0.421434
33 0.422076
34 0.425036
35 0.425527
36 0.426068
37 0.427667
38 0.428154
39 0.430104
40 0.429141
41 0.431509
42 0.431334
43 0.432582
44 0.433604
45 0.433067
46 0.435513
47 0.436007
48 0.436631
49 0.436979
50 0.437336
51 0.438085
52 0.43844
53 0.43903
54 0.440707
55 0.440122
56 0.441345
57 0.441393
58 0.443548
59 0.443921
60 0.445216
61 0.444568
62 0.446228
63 0.44632
64 0.447824
65 0.448032
66 0.44803
67 0.449365
68 0.449278
69 0.449828
70 0.450029
71 0.450853
72 0.451333
73 0.452022
74 0.45184
75 0.452167
76 0.451893
77 0.454492
78 0.454205
79 0.454626
80 0.455134
81 0.455075
82 0.454757
83 0.45664
84 0.45645
85 0.457974
86 0.457018
87 0.457845
88 0.458991
89 0.458829
90 0.45961
91 0.458096
92 0.459551
93 0.459668
94 0.460423
95 0.46013
96 0.461416
97 0.460664
98 0.460893
99 0.460293
100 0.461599
101 0.46272
102 0.46227
103 0.46312
104 0.463119
105 0.46449
106 0.463821
107 0.464326
108 0.464563
109 0.465525
110 0.46546
111 0.466039
112 0.465491
113 0.465524
114 0.466817
115 0.467137
116 0.467575
117 0.466969
118 0.467663
119 0.467843
120 0.467996
121 0.46806
122 0.46796
123 0.469666
124 0.469772
125 0.468386
126 0.470024
127 0.468801
128 0.469392
129 0.469999
130 0.470338
131 0.470109
132 0.470866
133 0.471286
134 0.471781
135 0.471437
136 0.472805
137 0.4723
138 0.472434
139 0.472981
140 0.472415
141 0.472762
142 0.47414
143 0.474285
144 0.474275
145 0.473468
146 0.474199
147 0.474602
148 0.475149
149 0.475019
150 0.475076
151 0.475967
152 0.475113
153 0.476592
154 0.476422
155 0.475439
156 0.476168
157 0.476134
158 0.476239
159 0.476391
160 0.47768
161 0.47697
162 0.477418
163 0.477752
164 0.47715
165 0.478422
166 0.477949
167 0.476912
168 0.47823
169 0.478778
170 0.47816
171 0.478561
172 0.479323
173 0.480209
174 0.478507
175 0.479595
176 0.479583
177 0.478744
178 0.480783
179 0.480217
180 0.480447
181 0.480465
182 0.481329
183 0.480978
184 0.480191
185 0.480959
186 0.480969
187 0.481809
188 0.481519
189 0.481751
190 0.481694
191 0.481917
192 0.481139
193 0.482275
194 0.482995
195 0.482443
196 0.482742
197 0.482281
198 0.48264
199 0.483434
200 0.483695
201 0.482592
202 0.483548
203 0.483434
204 0.483288
205 0.483842
206 0.483588
207 0.484239
208 0.483516
209 0.483204
210 0.484629
211 0.483603
212 0.484028
213 0.483933
214 0.484794
215 0.484081
216 0.485275
217 0.484379
218 0.485253
219 0.485755
220 0.48472
221 0.485042
222 0.485409
223 0.485263
224 0.486234
225 0.48637
226 0.485953
227 0.48529
228 0.485579
229 0.485557
230 0.486016
231 0.485583
232 0.486731
233 0.486937
234 0.487145
235 0.486071
236 0.486089
237 0.486978
238 0.48677
239 0.488277
240 0.486895
241 0.487969
242 0.487515
243 0.487256
244 0.488036
245 0.486952
246 0.487038
247 0.48779
248 0.488123
249 0.487104
250 0.48746
251 0.488626
252 0.488432
253 0.487881
254 0.488456
255 0.488717
256 0.487737
257 0.488233
258 0.48828
259 0.489129
260 0.488177
261 0.488881
262 0.489022
263 0.488677
264 0.489413
265 0.488318
266 0.489438
267 0.489212
268 0.489804
269 0.490447
270 0.489731
271 0.489822
272 0.490455
273 0.489874
274 0.490269
275 0.489985
276 0.489949
277 0.490212
278 0.490223
279 0.491114
280 0.490402
281 0.491451
282 0.490307
283 0.490401
284 0.490345
285 0.490253
286 0.490119
287 0.491401
288 0.491322
289 0.490817
290 0.49116
291 0.49135
292 0.491178
293 0.491208
294 0.491463
295 0.49142
296 0.49142
297 0.491092
298 0.491542
299 0.492072
300 0.491979
