1 0.16209
2 0.126585
3 0.108632
4 0.101163
5 0.0894094
6 0.0840866
7 0.078522
8 0.0743408
9 0.0701071
10 0.0674707
11 0.0644371
12 0.0618861
13 0.0597798
14 0.0575706
15 0.0550275
16 0.0537177
17 0.0514711
18 0.0499866
19 0.0486094
20 0.0472907
21 0.045918
22 0.0446948
23 0.0433249
24 0.0424518
25 0.0415519
26 0.0407782
27 0.039847
28 0.0391142
29 0.0383476
30 0.0374923
31 0.036877
32 0.0362843
33 0.0356013
34 0.0350238
35 0.0343514
36 0.0339312
37 0.0332619
38 0.0328261
39 0.0321555
40 0.0316615
41 0.0313837
42 0.0308803
43 0.0304403
44 0.0300994
45 0.0296376
46 0.0291767
47 0.0287154
48 0.0285392
49 0.0281571
50 0.027861
51 0.0274127
52 0.0270984
53 0.026798
54 0.0264534
55 0.0262237
56 0.0259032
57 0.0256545
58 0.0251958
59 0.0249473
60 0.0246814
61 0.0244478
62 0.0242277
63 0.0240182
64 0.0237244
65 0.0235821
66 0.0231068
67 0.0231988
68 0.0228412
69 0.0225075
70 0.0224564
71 0.0221999
72 0.0219507
73 0.0217221
74 0.0215482
75 0.0212924
76 0.0211728
77 0.0209814
78 0.0208486
79 0.0208018
80 0.0205255
81 0.0203063
82 0.0202173
83 0.0200764
84 0.0199154
85 0.0196496
86 0.0195944
87 0.0194334
88 0.0193701
89 0.0191699
90 0.0189629
91 0.0188658
92 0.0186422
93 0.0185619
94 0.0184482
95 0.0183427
96 0.0181714
97 0.0180306
98 0.0178634
99 0.017851
100 0.0176906
101 0.0175906
102 0.017496
103 0.0173481
104 0.0172121
105 0.017135
106 0.0169725
107 0.0169523
108 0.0168597
109 0.0167382
110 0.0166298
111 0.0165016
112 0.0164579
113 0.0162883
114 0.0162653
115 0.0160837
116 0.0160068
117 0.0158921
118 0.0158058
119 0.015707
120 0.0156457
121 0.0156485
122 0.0153725
123 0.015415
124 0.0153123
125 0.0152028
126 0.0151078
127 0.0150832
128 0.0150078
129 0.014856
130 0.0148001
131 0.0147913
132 0.0146747
133 0.0146784
134 0.0145212
135 0.0144767
136 0.0143129
137 0.0143408
138 0.0142937
139 0.0140958
140 0.0140507
141 0.0140583
142 0.0139033
143 0.0138512
144 0.0139111
145 0.0137556
146 0.0136522
147 0.0136118
148 0.0135806
149 0.013469
150 0.0133871
151 0.0133403
152 0.0132936
153 0.0132237
154 0.0131864
155 0.0131228
156 0.0130951
157 0.0130735
158 0.0130078
159 0.0128578
160 0.012823
161 0.012837
162 0.0127508
163 0.0126421
164 0.0125968
165 0.012533
166 0.0124787
167 0.0124402
168 0.0123888
169 0.0123486
170 0.0122166
171 0.0122096
172 0.0122449
173 0.012243
174 0.0120803
175 0.0120907
176 0.0120269
177 0.0120174
178 0.0118858
179 0.0118448
180 0.0117891
181 0.0117469
182 0.0117266
183 0.0116649
184 0.0116423
185 0.0115451
186 0.0115469
187 0.0115236
188 0.0114361
189 0.0114683
190 0.0113454
191 0.011342
192 0.0113394
193 0.011238
194 0.0112522
195 0.0111882
196 0.0111538
197 0.0110897
198 0.0110845
199 0.0110664
200 0.0109942
201 0.0109005
202 0.0109288
203 0.0108568
204 0.0108276
205 0.0108172
206 0.0107691
207 0.0107947
208 0.0106776
209 0.0106651
210 0.0106022
211 0.0105644
212 0.0105284
213 0.010534
214 0.0104482
215 0.0104373
216 0.0103956
217 0.010395
218 0.0103316
219 0.0102882
220 0.0102613
221 0.0102791
222 0.0102108
223 0.0102063
224 0.0101608
225 0.0100895
226 0.0100409
227 0.00999921
228 0.00998634
229 0.0100091
230 0.00996318
231 0.00993309
232 0.00988533
233 0.00987678
234 0.0098118
235 0.00976165
236 0.00980625
237 0.00975955
238 0.00966341
239 0.00969026
240 0.00968804
241 0.00964127
242 0.00958371
243 0.00954058
244 0.00956856
245 0.00949195
246 0.0094714
247 0.00948405
248 0.00937617
249 0.00934234
250 0.00934369
251 0.00933486
252 0.00931934
253 0.00932471
254 0.00931359
255 0.00923406
256 0.00921361
257 0.00917998
258 0.0092056
259 0.00912126
260 0.00913486
261 0.00905246
262 0.00903603
263 0.00906792
264 0.0089969
265 0.00899878
266 0.00891946
267 0.00894472
268 0.00890509
269 0.00888494
270 0.00888813
271 0.00881502
272 0.00888247
273 0.00881583
274 0.00878107
275 0.0087884
276 0.00874562
277 0.00865577
278 0.00865141
279 0.00869474
280 0.00862164
281 0.00860605
282 0.00859908
283 0.00860821
284 0.00856503
285 0.00851735
286 0.00851911
287 0.00847411
288 0.00850636
289 0.00844513
290 0.00846154
291 0.00839303
292 0.00835609
293 0.00831727
294 0.00831889
295 0.00830293
296 0.00830851
297 0.00828967
298 0.00830635
299 0.00826568
300 0.00826058
