1 0.196222
2 0.175644
3 0.16998
4 0.129152
5 0.100092
6 0.109416
7 0.087929
8 0.0852737
9 0.0780832
10 0.0793452
11 0.0689374
12 0.0683978
13 0.065379
14 0.0610779
15 0.0614095
16 0.0566197
17 0.0551515
18 0.0533532
19 0.0503922
20 0.0492272
21 0.0480737
22 0.0469768
23 0.0442005
24 0.044476
25 0.0433442
26 0.0413165
27 0.0414774
28 0.0398587
29 0.0389474
30 0.03891
31 0.0377432
32 0.0366722
33 0.0365565
34 0.0355919
35 0.0348478
36 0.0344835
37 0.033733
38 0.0330861
39 0.0327128
40 0.0320292
41 0.0316414
42 0.0313778
43 0.0308053
44 0.0301659
45 0.0300327
46 0.0294813
47 0.028963
48 0.0288012
49 0.0284339
50 0.0280385
51 0.0276635
52 0.0273066
53 0.0269311
54 0.0265944
55 0.0264515
56 0.0259728
57 0.0258576
58 0.0253655
59 0.025067
60 0.0248082
61 0.0245941
62 0.0243277
63 0.0241678
64 0.0238067
65 0.0236697
66 0.023218
67 0.0233475
68 0.0229052
69 0.0226028
70 0.0225538
71 0.0222887
72 0.0220262
73 0.0218019
74 0.0216341
75 0.0213703
76 0.0212317
77 0.0210329
78 0.02093
79 0.0208744
80 0.020576
81 0.0203701
82 0.0202857
83 0.0201133
84 0.0199657
85 0.0197064
86 0.019649
87 0.0194761
88 0.0194083
89 0.0192147
90 0.0189973
91 0.0188986
92 0.0186764
93 0.018602
94 0.0184963
95 0.0183724
96 0.0181984
97 0.0180636
98 0.0179078
99 0.0178691
100 0.0177176
101 0.0176196
102 0.0175339
103 0.0173714
104 0.0172412
105 0.0171602
106 0.0169923
107 0.0169589
108 0.016887
109 0.0167582
110 0.01666
111 0.0165184
112 0.0164766
113 0.0163195
114 0.0162968
115 0.016095
116 0.0160242
117 0.0159017
118 0.0158321
119 0.0157199
120 0.0156739
121 0.0156589
122 0.0153918
123 0.0154249
124 0.0153304
125 0.0152187
126 0.0151238
127 0.0150936
128 0.0150198
129 0.0148651
130 0.0148202
131 0.0148073
132 0.0146853
133 0.0146955
134 0.0145385
135 0.0144936
136 0.014329
137 0.0143491
138 0.0143104
139 0.0141008
140 0.0140622
141 0.0140678
142 0.0139146
143 0.013867
144 0.0139189
145 0.0137631
146 0.0136557
147 0.0136219
148 0.0135904
149 0.0134805
150 0.0133978
151 0.013347
152 0.0132973
153 0.0132314
154 0.0131963
155 0.0131243
156 0.0130979
157 0.0130777
158 0.0130088
159 0.0128593
160 0.0128258
161 0.0128467
162 0.0127647
163 0.0126537
164 0.0126017
165 0.01254
166 0.0124813
167 0.0124427
168 0.0124029
169 0.0123497
170 0.0122201
171 0.0122074
172 0.0122486
173 0.0122472
174 0.0120916
175 0.0120896
176 0.0120364
177 0.012019
178 0.0118892
179 0.0118466
180 0.011798
181 0.0117448
182 0.0117283
183 0.0116751
184 0.0116449
185 0.0115502
186 0.011553
187 0.0115294
188 0.0114386
189 0.0114721
190 0.011351
191 0.0113465
192 0.0113392
193 0.0112443
194 0.0112541
195 0.0111931
196 0.011152
197 0.0110918
198 0.0110861
199 0.0110688
200 0.010996
201 0.0109076
202 0.0109341
203 0.0108621
204 0.0108281
205 0.0108186
206 0.0107702
207 0.0107954
208 0.0106778
209 0.0106669
210 0.0106028
211 0.0105652
212 0.0105294
213 0.0105348
214 0.0104519
215 0.010446
216 0.0103984
217 0.0103963
218 0.0103333
219 0.0102956
220 0.0102652
221 0.0102867
222 0.0102163
223 0.0102102
224 0.0101661
225 0.010088
226 0.0100423
227 0.010001
228 0.00998885
229 0.0100161
230 0.00996714
231 0.00993855
232 0.00988446
233 0.00988298
234 0.00981588
235 0.00976605
236 0.00980985
237 0.00976221
238 0.0096648
239 0.0096902
240 0.00968914
241 0.00964113
242 0.00958994
243 0.00953862
244 0.00956897
245 0.00949353
246 0.00947353
247 0.00948598
248 0.00937854
249 0.00934816
250 0.00934515
251 0.00933477
252 0.00932318
253 0.009324
254 0.00931297
255 0.00923536
256 0.00921286
257 0.00918147
258 0.00920774
259 0.00912356
260 0.00913453
261 0.00905537
262 0.00903952
263 0.00906543
264 0.00900295
265 0.00899571
266 0.0089169
267 0.00894658
268 0.00890773
269 0.00888799
270 0.00888817
271 0.00881958
272 0.008881
273 0.008815
274 0.00878402
275 0.00878973
276 0.00874631
277 0.00865624
278 0.0086484
279 0.00869539
280 0.00861884
281 0.00860694
282 0.00860001
283 0.00860886
284 0.00856782
285 0.00851804
286 0.00852032
287 0.00847754
288 0.0085094
289 0.00844669
290 0.00845844
291 0.00839205
292 0.00835954
293 0.00832371
294 0.00832017
295 0.0083041
296 0.0083076
297 0.00829328
298 0.00830524
299 0.00826778
300 0.00826247
