1 0.500101
2 0.517724
3 0.529331
4 0.537507
5 0.544589
6 0.550106
7 0.555018
8 0.558956
9 0.562825
10 0.565853
11 0.568668
12 0.571357
13 0.573677
14 0.57598
15 0.578029
16 0.579972
17 0.581788
18 0.583655
19 0.585219
20 0.586573
21 0.58803
22 0.589601
23 0.590891
24 0.592097
25 0.593163
26 0.594196
27 0.595257
28 0.596385
29 0.597117
30 0.598233
31 0.599051
32 0.599976
33 0.600756
34 0.601572
35 0.602344
36 0.602988
37 0.603824
38 0.604458
39 0.605171
40 0.605949
41 0.606347
42 0.606991
43 0.607716
44 0.60801
45 0.608661
46 0.609363
47 0.609851
48 0.610353
49 0.610696
50 0.611173
51 0.611751
52 0.612329
53 0.612681
54 0.613079
55 0.613581
56 0.613959
57 0.614272
58 0.614869
59 0.615198
60 0.615554
61 0.615863
62 0.616273
63 0.616678
64 0.617032
65 0.617318
66 0.617891
67 0.61797
68 0.618425
69 0.618704
70 0.618953
71 0.619264
72 0.619703
73 0.620127
74 0.62031
75 0.620621
76 0.620889
77 0.621026
78 0.621373
79 0.621595
80 0.621851
81 0.622197
82 0.622392
83 0.622632
84 0.622919
85 0.623098
86 0.623395
87 0.623567
88 0.623752
89 0.624027
90 0.624294
91 0.624466
92 0.624763
93 0.624993
94 0.625134
95 0.625357
96 0.62558
97 0.625803
98 0.626034
99 0.62613
100 0.626361
101 0.626528
102 0.626725
103 0.627005
104 0.627124
105 0.627241
106 0.627494
107 0.627537
108 0.62773
109 0.627981
110 0.628047
111 0.62825
112 0.628412
113 0.628624
114 0.62871
115 0.628936
116 0.629029
117 0.629287
118 0.629394
119 0.62958
120 0.629694
121 0.629776
122 0.630052
123 0.630076
124 0.630301
125 0.630487
126 0.630627
127 0.630642
128 0.630821
129 0.631012
130 0.631084
131 0.631135
132 0.631347
133 0.631433
134 0.631618
135 0.631691
136 0.631894
137 0.631953
138 0.632021
139 0.632272
140 0.632339
141 0.63244
142 0.632609
143 0.632703
144 0.632708
145 0.632927
146 0.633071
147 0.633161
148 0.633245
149 0.633372
150 0.633515
151 0.633597
152 0.633746
153 0.633861
154 0.633903
155 0.633969
156 0.634081
157 0.634126
158 0.634253
159 0.634406
160 0.634518
161 0.634521
162 0.634671
163 0.634809
164 0.634838
165 0.635015
166 0.635125
167 0.6352
168 0.635276
169 0.635351
170 0.635463
171 0.635439
172 0.63555
173 0.635655
174 0.635783
175 0.635833
176 0.635944
177 0.636031
178 0.636143
179 0.636264
180 0.63633
181 0.636401
182 0.63646
183 0.63655
184 0.636613
185 0.636765
186 0.636838
187 0.636871
188 0.636911
189 0.636954
190 0.637129
191 0.637146
192 0.637165
193 0.637316
194 0.637299
195 0.637441
196 0.637546
197 0.637619
198 0.637652
199 0.637697
200 0.637789
201 0.637933
202 0.637916
203 0.638078
204 0.638067
205 0.638159
206 0.638199
207 0.638217
208 0.638386
209 0.638422
210 0.638502
211 0.638572
212 0.638652
213 0.638689
214 0.638779
215 0.638804
216 0.638945
217 0.638926
218 0.63901
219 0.639049
220 0.639135
221 0.639183
222 0.639273
223 0.639304
224 0.639364
225 0.639451
226 0.639504
227 0.639611
228 0.63962
229 0.639664
230 0.639701
231 0.639771
232 0.639887
233 0.639866
234 0.639979
235 0.640016
236 0.640083
237 0.640108
238 0.640186
239 0.640199
240 0.640233
241 0.640343
242 0.640364
243 0.64051
244 0.640458
245 0.640593
246 0.640626
247 0.64063
248 0.640746
249 0.640782
250 0.640789
251 0.640899
252 0.640924
253 0.640918
254 0.640968
255 0.641047
256 0.64114
257 0.641212
258 0.641203
259 0.641248
260 0.641288
261 0.641382
262 0.64142
263 0.641421
264 0.641508
265 0.641522
266 0.641651
267 0.64161
268 0.641694
269 0.641734
270 0.641796
271 0.641841
272 0.641805
273 0.641887
274 0.641935
275 0.641973
276 0.642008
277 0.642141
278 0.64217
279 0.642169
280 0.642244
281 0.642271
282 0.642311
283 0.642316
284 0.642384
285 0.642427
286 0.642473
287 0.642525
288 0.642488
289 0.642597
290 0.642598
291 0.642661
292 0.642727
293 0.642805
294 0.642789
295 0.642839
296 0.642836
297 0.642877
298 0.64294
299 0.642961
300 0.642992
