1 0.333637
2 0.414413
3 0.460484
4 0.479939
5 0.513262
6 0.528007
7 0.545811
8 0.557205
9 0.570812
10 0.578694
11 0.588081
12 0.595556
13 0.602578
14 0.609955
15 0.618649
16 0.623445
17 0.631626
18 0.637226
19 0.641635
20 0.646244
21 0.651262
22 0.656509
23 0.661882
24 0.664689
25 0.668893
26 0.671846
27 0.674772
28 0.677656
29 0.680249
30 0.685337
31 0.687057
32 0.689879
33 0.692633
34 0.694874
35 0.698379
36 0.699912
37 0.702878
38 0.704939
39 0.708003
40 0.710515
41 0.71133
42 0.713382
43 0.715905
44 0.717134
45 0.719434
46 0.722045
47 0.723999
48 0.725087
49 0.726543
50 0.728324
51 0.729864
52 0.731571
53 0.732569
54 0.735102
55 0.736295
56 0.73764
57 0.7392
58 0.741498
59 0.742918
60 0.744432
61 0.74519
62 0.7465
63 0.747367
64 0.749033
65 0.749719
66 0.752588
67 0.752027
68 0.753543
69 0.75553
70 0.756063
71 0.757386
72 0.759043
73 0.760385
74 0.761181
75 0.762406
76 0.763362
77 0.76433
78 0.765225
79 0.764988
80 0.767
81 0.767847
82 0.769011
83 0.769897
84 0.770598
85 0.772034
86 0.772271
87 0.773321
88 0.773829
89 0.774724
90 0.776214
91 0.776985
92 0.777904
93 0.779145
94 0.779094
95 0.779676
96 0.780728
97 0.781865
98 0.78314
99 0.783038
100 0.78412
101 0.784742
102 0.785313
103 0.785945
104 0.787
105 0.787546
106 0.788465
107 0.78886
108 0.789299
109 0.790166
110 0.790611
111 0.79152
112 0.791792
113 0.793346
114 0.793163
115 0.794585
116 0.795008
117 0.795552
118 0.796154
119 0.79631
120 0.797131
121 0.797126
122 0.799058
123 0.798764
124 0.799498
125 0.79986
126 0.800998
127 0.800887
128 0.801244
129 0.802262
130 0.80286
131 0.803215
132 0.803726
133 0.803686
134 0.80469
135 0.805308
136 0.805771
137 0.806097
138 0.806167
139 0.807374
140 0.80827
141 0.807638
142 0.809048
143 0.809588
144 0.809069
145 0.810275
146 0.811037
147 0.810904
148 0.811647
149 0.812248
150 0.812721
151 0.813022
152 0.813594
153 0.814308
154 0.814372
155 0.814766
156 0.814463
157 0.815125
158 0.815937
159 0.816194
160 0.817125
161 0.816682
162 0.817707
163 0.818331
164 0.818608
165 0.819259
166 0.819265
167 0.819607
168 0.820052
169 0.82016
170 0.821983
171 0.821341
172 0.82106
173 0.821352
174 0.822729
175 0.822717
176 0.82291
177 0.823155
178 0.823924
179 0.824197
180 0.824892
181 0.825035
182 0.825078
183 0.825644
184 0.825446
185 0.826705
186 0.827098
187 0.826876
188 0.827675
189 0.827294
190 0.827924
191 0.828279
192 0.828029
193 0.828736
194 0.829091
195 0.829415
196 0.829742
197 0.830363
198 0.830163
199 0.830468
200 0.831144
201 0.831883
202 0.83146
203 0.832198
204 0.832267
205 0.832914
206 0.832907
207 0.832313
208 0.833498
209 0.833879
210 0.834033
211 0.834711
212 0.834844
213 0.834501
214 0.835587
215 0.835858
216 0.836217
217 0.83592
218 0.835988
219 0.836691
220 0.837187
221 0.837027
222 0.837136
223 0.837233
224 0.838141
225 0.838426
226 0.838771
227 0.839129
228 0.839575
229 0.839284
230 0.839591
231 0.840103
232 0.84004
233 0.840037
234 0.840642
235 0.841541
236 0.840712
237 0.841336
238 0.842064
239 0.841976
240 0.841793
241 0.842714
242 0.842489
243 0.843345
244 0.843011
245 0.84362
246 0.843766
247 0.843604
248 0.84461
249 0.844662
250 0.8453
251 0.844927
252 0.844969
253 0.844847
254 0.844923
255 0.84591
256 0.845854
257 0.846232
258 0.846037
259 0.846799
260 0.847325
261 0.847147
262 0.847527
263 0.846912
264 0.848008
265 0.848078
266 0.848459
267 0.84802
268 0.848846
269 0.8489
270 0.848596
271 0.849649
272 0.849128
273 0.849373
274 0.849857
275 0.84948
276 0.850509
277 0.850785
278 0.851093
279 0.850522
280 0.851373
281 0.851421
282 0.851376
283 0.851171
284 0.851693
285 0.852584
286 0.851931
287 0.852389
288 0.852501
289 0.852638
290 0.852954
291 0.853457
292 0.853352
293 0.854153
294 0.854381
295 0.854386
296 0.853917
297 0.854261
298 0.854097
299 0.854415
300 0.854537
