1 0.333637
2 0.374025
3 0.402944
4 0.42294
5 0.442064
6 0.456399
7 0.470059
8 0.480526
9 0.491161
10 0.499526
11 0.507747
12 0.514865
13 0.521372
14 0.528486
15 0.534911
16 0.540845
17 0.546554
18 0.552428
19 0.556912
20 0.561725
21 0.565987
22 0.571187
23 0.575669
24 0.579138
25 0.583143
26 0.586735
27 0.589532
28 0.592945
29 0.595484
30 0.600134
31 0.602459
32 0.605326
33 0.608153
34 0.610846
35 0.614069
36 0.616097
37 0.619016
38 0.621383
39 0.624199
40 0.626666
41 0.628007
42 0.63049
43 0.633004
44 0.634262
45 0.636782
46 0.63957
47 0.641569
48 0.642893
49 0.644232
50 0.646455
51 0.64788
52 0.650294
53 0.651516
54 0.653654
55 0.655398
56 0.656805
57 0.658592
58 0.660783
59 0.662061
60 0.663864
61 0.66473
62 0.666269
63 0.667755
64 0.669235
65 0.670096
66 0.673045
67 0.6727
68 0.674528
69 0.67628
70 0.677209
71 0.678626
72 0.68045
73 0.681832
74 0.682746
75 0.684268
76 0.685338
77 0.686371
78 0.687407
79 0.687835
80 0.689608
81 0.690722
82 0.692056
83 0.692916
84 0.694045
85 0.695233
86 0.695906
87 0.696891
88 0.697551
89 0.698597
90 0.700167
91 0.700973
92 0.702132
93 0.703528
94 0.703726
95 0.704656
96 0.705743
97 0.706962
98 0.708361
99 0.708367
100 0.709622
101 0.710254
102 0.71111
103 0.712011
104 0.712683
105 0.713315
106 0.71462
107 0.714889
108 0.715702
109 0.716944
110 0.717213
111 0.718213
112 0.718902
113 0.720085
114 0.720395
115 0.721586
116 0.722049
117 0.723077
118 0.723618
119 0.724071
120 0.724881
121 0.725032
122 0.726946
123 0.726852
124 0.727829
125 0.728482
126 0.729445
127 0.729424
128 0.730241
129 0.731326
130 0.731739
131 0.732183
132 0.732763
133 0.733179
134 0.734399
135 0.734679
136 0.735306
137 0.735903
138 0.736074
139 0.737337
140 0.73798
141 0.737772
142 0.739246
143 0.739974
144 0.739777
145 0.740977
146 0.741562
147 0.741804
148 0.742409
149 0.74306
150 0.743788
151 0.744076
152 0.744965
153 0.745377
154 0.745714
155 0.746112
156 0.746133
157 0.746909
158 0.747702
159 0.748184
160 0.749133
161 0.748772
162 0.749763
163 0.750445
164 0.750903
165 0.751491
166 0.752067
167 0.75234
168 0.752775
169 0.753044
170 0.754651
171 0.754163
172 0.75414
173 0.75452
174 0.755822
175 0.756026
176 0.756181
177 0.75677
178 0.757423
179 0.757951
180 0.758459
181 0.758646
182 0.758898
183 0.759494
184 0.759596
185 0.760715
186 0.761188
187 0.761082
188 0.761874
189 0.761656
190 0.762364
191 0.762829
192 0.76294
193 0.763568
194 0.763684
195 0.7644
196 0.764968
197 0.765502
198 0.765506
199 0.765644
200 0.766337
201 0.767102
202 0.76694
203 0.767712
204 0.767802
205 0.768737
206 0.768595
207 0.768474
208 0.769459
209 0.769795
210 0.770006
211 0.770782
212 0.771101
213 0.770836
214 0.771778
215 0.772179
216 0.772713
217 0.772568
218 0.772824
219 0.773163
220 0.77378
221 0.773936
222 0.774245
223 0.77434
224 0.7753
225 0.77552
226 0.775836
227 0.776277
228 0.776854
229 0.776774
230 0.776917
231 0.777774
232 0.777918
233 0.777824
234 0.778436
235 0.779119
236 0.778796
237 0.779272
238 0.779845
239 0.780054
240 0.779968
241 0.780789
242 0.780714
243 0.781707
244 0.781329
245 0.781975
246 0.78229
247 0.782368
248 0.783222
249 0.783297
250 0.783886
251 0.783859
252 0.783901
253 0.783862
254 0.784082
255 0.785212
256 0.785202
257 0.785342
258 0.785399
259 0.78593
260 0.786298
261 0.786646
262 0.786983
263 0.786606
264 0.787622
265 0.787693
266 0.788321
267 0.787957
268 0.788733
269 0.788913
270 0.788734
271 0.789594
272 0.789125
273 0.789585
274 0.790085
275 0.789825
276 0.790786
277 0.791236
278 0.79143
279 0.791166
280 0.791944
281 0.792046
282 0.79197
283 0.792154
284 0.792588
285 0.793167
286 0.792965
287 0.793492
288 0.79346
289 0.793821
290 0.7941
291 0.794674
292 0.794496
293 0.795459
294 0.79554
295 0.795664
296 0.795489
297 0.795749
298 0.795756
299 0.796218
300 0.796181
