1 0.500001
2 0.498765
3 0.497161
4 0.496253
5 0.494656
6 0.493872
7 0.493098
8 0.492251
9 0.4913
10 0.490933
11 0.490432
12 0.489774
13 0.48939
14 0.488942
15 0.488539
16 0.488109
17 0.487644
18 0.487391
19 0.486901
20 0.48653
21 0.486352
22 0.486164
23 0.485572
24 0.485675
25 0.485191
26 0.485094
27 0.484779
28 0.48446
29 0.484452
30 0.484255
31 0.484072
32 0.483808
33 0.483659
34 0.483616
35 0.483251
36 0.483298
37 0.483231
38 0.483009
39 0.482708
40 0.48271
41 0.482286
42 0.482644
43 0.482288
44 0.482278
45 0.482272
46 0.482018
47 0.481838
48 0.481748
49 0.481785
50 0.481665
51 0.48149
52 0.481401
53 0.481417
54 0.481181
55 0.481169
56 0.48111
57 0.480981
58 0.48091
59 0.480762
60 0.480846
61 0.480795
62 0.480737
63 0.480736
64 0.480348
65 0.480187
66 0.480249
67 0.480416
68 0.480074
69 0.48005
70 0.480148
71 0.480009
72 0.479948
73 0.479651
74 0.479753
75 0.47989
76 0.479535
77 0.479717
78 0.479752
79 0.479644
80 0.479462
81 0.479653
82 0.479519
83 0.479365
84 0.479534
85 0.479542
86 0.479031
87 0.479203
88 0.478955
89 0.478857
90 0.479069
91 0.479233
92 0.47916
93 0.478919
94 0.478829
95 0.478899
96 0.47895
97 0.478678
98 0.47863
99 0.47872
100 0.478595
101 0.47872
102 0.478488
103 0.478462
104 0.478508
105 0.478183
106 0.478373
107 0.478106
108 0.478133
109 0.478476
110 0.478005
111 0.478153
112 0.478415
113 0.478195
114 0.478344
115 0.478221
116 0.478189
117 0.478279
118 0.477935
119 0.478216
120 0.478018
121 0.478082
122 0.477941
123 0.477944
124 0.477715
125 0.477905
126 0.477943
127 0.478067
128 0.47802
129 0.47778
130 0.477657
131 0.47776
132 0.477905
133 0.477589
134 0.477822
135 0.477762
136 0.477687
137 0.477729
138 0.4777
139 0.477765
140 0.477387
141 0.477378
142 0.4777
143 0.477309
144 0.47746
145 0.477688
146 0.477162
147 0.477361
148 0.477299
149 0.477327
150 0.477247
151 0.477414
152 0.477503
153 0.476861
154 0.477412
155 0.477245
156 0.477323
157 0.477052
158 0.477392
159 0.477046
160 0.477047
161 0.477082
162 0.477066
163 0.477175
164 0.477221
165 0.477339
166 0.47718
167 0.476935
168 0.476903
169 0.47699
170 0.476997
171 0.476816
172 0.477017
173 0.47705
174 0.47688
175 0.476883
176 0.476737
177 0.476857
178 0.476873
179 0.477148
180 0.476832
181 0.476956
182 0.476493
183 0.476856
184 0.476982
185 0.47684
186 0.476389
187 0.4767
188 0.476701
189 0.476833
190 0.476669
191 0.476463
192 0.476501
193 0.47645
194 0.476768
195 0.476546
196 0.476363
197 0.47672
198 0.476437
199 0.476575
200 0.476783
201 0.476627
202 0.476563
203 0.476687
204 0.476335
205 0.476734
206 0.476263
207 0.476638
208 0.476511
209 0.476408
210 0.476349
211 0.476391
212 0.476596
213 0.47634
214 0.476159
215 0.476536
216 0.476508
217 0.476642
218 0.476272
219 0.476144
220 0.476382
221 0.476635
222 0.47629
223 0.476104
224 0.476358
225 0.476291
226 0.476392
227 0.47633
228 0.476191
229 0.476461
230 0.476153
231 0.476404
232 0.476005
233 0.476285
234 0.476098
235 0.4762
236 0.476136
237 0.476327
238 0.476212
239 0.476271
240 0.476011
241 0.47598
242 0.476227
243 0.476154
244 0.476365
245 0.476388
246 0.476261
247 0.476066
248 0.47587
249 0.476199
250 0.476017
251 0.476005
252 0.475844
253 0.476007
254 0.475865
255 0.475952
256 0.476218
257 0.475963
258 0.476023
259 0.475832
260 0.475998
261 0.476041
262 0.476182
263 0.476008
264 0.476072
265 0.475861
266 0.475945
267 0.475889
268 0.475875
269 0.475968
270 0.476193
271 0.475805
272 0.475856
273 0.475856
274 0.475799
275 0.475673
276 0.47556
277 0.475959
278 0.475566
279 0.476123
280 0.475836
281 0.475618
282 0.475743
283 0.475794
284 0.475772
285 0.475704
286 0.476026
287 0.475823
288 0.475649
289 0.475798
290 0.475838
291 0.475792
292 0.475611
293 0.475714
294 0.475633
295 0.475711
296 0.475851
297 0.475529
298 0.475758
299 0.47556
300 0.475609
