1 0.500101
2 0.535125
3 0.553209
4 0.561107
5 0.572908
6 0.578045
7 0.582797
8 0.587692
9 0.592872
10 0.594792
11 0.597351
12 0.600609
13 0.602458
14 0.604579
15 0.606445
16 0.6084
17 0.610471
18 0.611583
19 0.613701
20 0.615278
21 0.616028
22 0.616814
23 0.61925
24 0.618829
25 0.620791
26 0.621179
27 0.622433
28 0.623691
29 0.623722
30 0.624488
31 0.625199
32 0.626217
33 0.626786
34 0.626949
35 0.628333
36 0.628156
37 0.628408
38 0.629238
39 0.630358
40 0.630353
41 0.631913
42 0.630598
43 0.631905
44 0.631942
45 0.631963
46 0.632887
47 0.633541
48 0.633863
49 0.633732
50 0.634161
51 0.634788
52 0.635107
53 0.63505
54 0.635886
55 0.635929
56 0.63614
57 0.636593
58 0.636843
59 0.637362
60 0.637068
61 0.637249
62 0.637449
63 0.637455
64 0.638805
65 0.639359
66 0.639145
67 0.638569
68 0.639749
69 0.639832
70 0.639495
71 0.639972
72 0.640181
73 0.641192
74 0.640845
75 0.64038
76 0.641586
77 0.64097
78 0.64085
79 0.641216
80 0.641833
81 0.641187
82 0.641641
83 0.64216
84 0.641589
85 0.641563
86 0.643283
87 0.642705
88 0.643535
89 0.643863
90 0.643154
91 0.642606
92 0.642851
93 0.643658
94 0.643955
95 0.643723
96 0.643553
97 0.644456
98 0.644617
99 0.644318
100 0.644732
101 0.644318
102 0.645085
103 0.645173
104 0.64502
105 0.646087
106 0.645463
107 0.646341
108 0.646251
109 0.645124
110 0.646668
111 0.646186
112 0.645327
113 0.64605
114 0.64556
115 0.645962
116 0.646069
117 0.645774
118 0.646896
119 0.64598
120 0.646626
121 0.646418
122 0.646878
123 0.646868
124 0.647612
125 0.646994
126 0.646871
127 0.646466
128 0.64662
129 0.647402
130 0.647799
131 0.647465
132 0.646996
133 0.648017
134 0.647265
135 0.647459
136 0.647702
137 0.647567
138 0.647661
139 0.647449
140 0.64867
141 0.648698
142 0.647661
143 0.648918
144 0.648435
145 0.647699
146 0.64939
147 0.648751
148 0.648949
149 0.648861
150 0.649118
151 0.648581
152 0.648296
153 0.650348
154 0.648588
155 0.649123
156 0.648874
157 0.649739
158 0.648654
159 0.64976
160 0.649756
161 0.649643
162 0.649696
163 0.649348
164 0.649199
165 0.648822
166 0.649332
167 0.650111
168 0.650215
169 0.649937
170 0.649915
171 0.650489
172 0.649851
173 0.649747
174 0.650287
175 0.650276
176 0.650739
177 0.650361
178 0.650308
179 0.649435
180 0.650439
181 0.650047
182 0.651509
183 0.650362
184 0.649964
185 0.650414
186 0.651835
187 0.650857
188 0.650854
189 0.650437
190 0.650954
191 0.651603
192 0.651484
193 0.651643
194 0.650643
195 0.651342
196 0.651919
197 0.650793
198 0.651686
199 0.651251
200 0.650595
201 0.651088
202 0.651288
203 0.650899
204 0.652005
205 0.650748
206 0.652232
207 0.651053
208 0.651453
209 0.651777
210 0.651962
211 0.651831
212 0.651186
213 0.65199
214 0.652556
215 0.651374
216 0.651462
217 0.65104
218 0.652202
219 0.652604
220 0.651859
221 0.651063
222 0.652147
223 0.652728
224 0.651933
225 0.652143
226 0.651826
227 0.65202
228 0.652456
229 0.651609
230 0.652573
231 0.651789
232 0.653035
233 0.652162
234 0.652747
235 0.652429
236 0.652629
237 0.65203
238 0.65239
239 0.652206
240 0.653018
241 0.653113
242 0.652344
243 0.652571
244 0.651912
245 0.651839
246 0.652237
247 0.652847
248 0.653454
249 0.652431
250 0.652997
251 0.653037
252 0.653537
253 0.653028
254 0.653469
255 0.6532
256 0.652373
257 0.653167
258 0.652978
259 0.653573
260 0.653056
261 0.652925
262 0.652485
263 0.653027
264 0.652828
265 0.653484
266 0.653222
267 0.653397
268 0.65344
269 0.653152
270 0.652451
271 0.653656
272 0.653498
273 0.653498
274 0.653675
275 0.654065
276 0.654414
277 0.65318
278 0.654395
279 0.652669
280 0.653561
281 0.654233
282 0.653848
283 0.653691
284 0.653758
285 0.653969
286 0.652969
287 0.653601
288 0.654139
289 0.653678
290 0.653555
291 0.653695
292 0.654256
293 0.653937
294 0.654189
295 0.653946
296 0.653514
297 0.654508
298 0.653801
299 0.654412
300 0.654262
