1 0.500001
2 0.365645
3 0.307162
4 0.276316
5 0.255437
6 0.240574
7 0.229538
8 0.220943
9 0.214139
10 0.208507
11 0.203716
12 0.19947
13 0.19622
14 0.192778
15 0.190188
16 0.187641
17 0.185385
18 0.183149
19 0.181673
20 0.18025
21 0.178401
22 0.1773
23 0.176193
24 0.174826
25 0.173724
26 0.172848
27 0.171818
28 0.17078
29 0.170086
30 0.169232
31 0.168488
32 0.167817
33 0.16695
34 0.166477
35 0.165781
36 0.165002
37 0.164569
38 0.163974
39 0.163756
40 0.163146
41 0.162683
42 0.162093
43 0.161763
44 0.161548
45 0.161023
46 0.160626
47 0.160213
48 0.159813
49 0.159491
50 0.159267
51 0.15888
52 0.158715
53 0.158318
54 0.15789
55 0.157688
56 0.157464
57 0.15749
58 0.157071
59 0.156695
60 0.156591
61 0.15628
62 0.156031
63 0.155794
64 0.155299
65 0.155487
66 0.155126
67 0.154999
68 0.15482
69 0.154648
70 0.154408
71 0.154281
72 0.154033
73 0.15361
74 0.153728
75 0.153468
76 0.153471
77 0.153298
78 0.153187
79 0.153127
80 0.152856
81 0.152585
82 0.152627
83 0.152388
84 0.152236
85 0.152156
86 0.151987
87 0.151821
88 0.151888
89 0.151824
90 0.151488
91 0.151527
92 0.151333
93 0.151119
94 0.150996
95 0.150933
96 0.150696
97 0.15078
98 0.150713
99 0.150598
100 0.150531
101 0.150284
102 0.150333
103 0.150147
104 0.150028
105 0.14997
106 0.149878
107 0.149838
108 0.149631
109 0.149616
110 0.149525
111 0.149447
112 0.149447
113 0.149263
114 0.149226
115 0.149087
116 0.149079
117 0.149124
118 0.148971
119 0.148827
120 0.148754
121 0.148599
122 0.148607
123 0.148468
124 0.148493
125 0.148327
126 0.148177
127 0.148269
128 0.148195
129 0.148197
130 0.148034
131 0.14802
132 0.147907
133 0.147781
134 0.147894
135 0.14782
136 0.147756
137 0.147673
138 0.147598
139 0.147487
140 0.147504
141 0.147393
142 0.147306
143 0.147252
144 0.147208
145 0.147218
146 0.147112
147 0.146957
148 0.146947
149 0.146951
150 0.146883
151 0.146751
152 0.146798
153 0.146779
154 0.146645
155 0.14667
156 0.146666
157 0.146599
158 0.146523
159 0.1464
160 0.146361
161 0.146407
162 0.146302
163 0.146303
164 0.146319
165 0.146207
166 0.146114
167 0.146069
168 0.146084
169 0.145931
170 0.14607
171 0.146353
172 0.145852
173 0.145813
174 0.14578
175 0.145846
176 0.145776
177 0.145723
178 0.145684
179 0.145675
180 0.145634
181 0.145476
182 0.145444
183 0.145512
184 0.145533
185 0.145401
186 0.145226
187 0.145435
188 0.145247
189 0.145281
190 0.14514
191 0.145201
192 0.145035
193 0.145127
194 0.14504
195 0.145105
196 0.145005
197 0.145152
198 0.144995
199 0.144957
200 0.144892
201 0.144797
202 0.144871
203 0.144796
204 0.144765
205 0.144709
206 0.144704
207 0.144788
208 0.144614
209 0.144524
210 0.144549
211 0.144527
212 0.144456
213 0.144446
214 0.144501
215 0.144416
216 0.144406
217 0.144323
218 0.144333
219 0.144332
220 0.144356
221 0.144277
222 0.144271
223 0.144229
224 0.144217
225 0.144139
226 0.144098
227 0.14414
228 0.144079
229 0.144079
230 0.144026
231 0.144055
232 0.143981
233 0.143985
234 0.143964
235 0.143921
236 0.143925
237 0.14381
238 0.143801
239 0.143909
240 0.143828
241 0.143728
242 0.143763
243 0.143696
244 0.143701
245 0.143665
246 0.143639
247 0.143638
248 0.14366
249 0.14358
250 0.143621
251 0.143548
252 0.14348
253 0.143555
254 0.143503
255 0.14362
256 0.143467
257 0.143207
258 0.14336
259 0.1434
260 0.143316
261 0.143353
262 0.14332
263 0.143331
264 0.143351
265 0.143233
266 0.143157
267 0.14325
268 0.143217
269 0.143168
270 0.143155
271 0.143058
272 0.143174
273 0.143147
274 0.143029
275 0.143047
276 0.143009
277 0.14302
278 0.142922
279 0.142957
280 0.142996
281 0.142945
282 0.142949
283 0.142832
284 0.142963
285 0.142791
286 0.142861
287 0.142711
288 0.142769
289 0.142778
290 0.142842
291 0.142732
292 0.142844
293 0.142778
294 0.142646
295 0.142594
296 0.142604
297 0.142709
298 0.142711
299 0.142676
300 0.142628
