1 0.16209
2 0.144337
3 0.132421
4 0.124685
5 0.117519
6 0.112132
7 0.107161
8 0.10326
9 0.0993834
10 0.0962929
11 0.0934784
12 0.0907585
13 0.0884588
14 0.0861648
15 0.0841086
16 0.0821116
17 0.0803726
18 0.0785527
19 0.0769462
20 0.0755082
21 0.0740588
22 0.0726195
23 0.0712048
24 0.0701246
25 0.0689892
26 0.0678794
27 0.0668481
28 0.0657966
29 0.0649453
30 0.0638964
31 0.0630734
32 0.0622294
33 0.0614218
34 0.0606072
35 0.0598177
36 0.0591494
37 0.0583602
38 0.0577022
39 0.0569401
40 0.0562982
41 0.0558211
42 0.0551589
43 0.0545275
44 0.0540982
45 0.0534215
46 0.0527991
47 0.0522354
48 0.0518817
49 0.0514229
50 0.0509259
51 0.0504328
52 0.0498707
53 0.0494374
54 0.0490511
55 0.0486115
56 0.0482103
57 0.0477948
58 0.0472567
59 0.0469377
60 0.0465396
61 0.0462007
62 0.0458589
63 0.0454377
64 0.0450896
65 0.0448236
66 0.0442714
67 0.0442277
68 0.0437706
69 0.0434123
70 0.0432128
71 0.0428491
72 0.0424879
73 0.0421796
74 0.0419025
75 0.0415349
76 0.0413258
77 0.0410892
78 0.0408174
79 0.040615
80 0.0403263
81 0.039992
82 0.0397566
83 0.0395499
84 0.0392733
85 0.0390209
86 0.038821
87 0.0385715
88 0.0384427
89 0.0381404
90 0.0378799
91 0.0377192
92 0.0374231
93 0.0372197
94 0.0370398
95 0.0368328
96 0.0366005
97 0.0363785
98 0.0361154
99 0.0360508
100 0.0358088
101 0.0356581
102 0.0354546
103 0.0352001
104 0.0350692
105 0.0349523
106 0.034681
107 0.034617
108 0.0344655
109 0.0342116
110 0.034104
111 0.0339075
112 0.0337404
113 0.0335593
114 0.0334648
115 0.0332483
116 0.0331206
117 0.0328677
118 0.0327591
119 0.0326129
120 0.0324779
121 0.0324347
122 0.0321083
123 0.0320873
124 0.0318729
125 0.0317126
126 0.0315823
127 0.0315211
128 0.0313571
129 0.0311318
130 0.0310863
131 0.0310173
132 0.0308547
133 0.0307446
134 0.0305346
135 0.0304889
136 0.0302631
137 0.0302403
138 0.0301132
139 0.0298773
140 0.0298256
141 0.0297457
142 0.0295691
143 0.0294462
144 0.0294307
145 0.0292406
146 0.0290953
147 0.0290131
148 0.0289497
149 0.0287976
150 0.0286429
151 0.0285858
152 0.0284514
153 0.0283445
154 0.0282651
155 0.0281709
156 0.0280929
157 0.0280091
158 0.0279263
159 0.0277356
160 0.0276542
161 0.0276316
162 0.0275068
163 0.0273448
164 0.0272709
165 0.0271534
166 0.0270284
167 0.0269712
168 0.0268773
169 0.0268178
170 0.0266593
171 0.0266031
172 0.0265809
173 0.0265434
174 0.0263622
175 0.026327
176 0.0262363
177 0.0261477
178 0.0260143
179 0.0259164
180 0.0258354
181 0.0257701
182 0.0257148
183 0.025626
184 0.0255259
185 0.0254338
186 0.0253742
187 0.025328
188 0.0252335
189 0.0251935
190 0.0250435
191 0.0250027
192 0.0249673
193 0.0248436
194 0.0248479
195 0.0246838
196 0.0246198
197 0.0245501
198 0.024503
199 0.0244866
200 0.0243656
201 0.024239
202 0.0242265
203 0.0241076
204 0.0240727
205 0.0240147
206 0.0239508
207 0.0239278
208 0.0237855
209 0.0237688
210 0.0236579
211 0.0235901
212 0.023512
213 0.0234938
214 0.0234071
215 0.023349
216 0.0232571
217 0.0232314
218 0.0231459
219 0.0231163
220 0.0230241
221 0.0229862
222 0.0229026
223 0.022862
224 0.0227929
225 0.0227121
226 0.0226475
227 0.0225697
228 0.0225381
229 0.0224937
230 0.0224723
231 0.0223861
232 0.0222859
233 0.0222931
234 0.0221722
235 0.0221277
236 0.0221006
237 0.0220494
238 0.0219613
239 0.0219481
240 0.0219178
241 0.02186
242 0.0217871
243 0.0217055
244 0.0217141
245 0.0215917
246 0.0215587
247 0.0215385
248 0.0214014
249 0.0213743
250 0.0213442
251 0.0212883
252 0.0212714
253 0.0212347
254 0.0212044
255 0.0210844
256 0.0210405
257 0.0210057
258 0.0209784
259 0.0209198
260 0.0209022
261 0.0207764
262 0.0207409
263 0.0207474
264 0.0206555
265 0.0206398
266 0.0205203
267 0.0205387
268 0.0204834
269 0.0204202
270 0.0204078
271 0.0203236
272 0.0203672
273 0.0202686
274 0.0202338
275 0.0202058
276 0.0201619
277 0.0200259
278 0.0200005
279 0.020014
280 0.0199354
281 0.0198925
282 0.0198634
283 0.0198463
284 0.0197865
285 0.0197499
286 0.0197052
287 0.0196445
288 0.0196776
289 0.019571
290 0.0195709
291 0.0195001
292 0.0194399
293 0.019378
294 0.0193545
295 0.0193232
296 0.019308
297 0.0192769
298 0.0192434
299 0.0191977
300 0.0191795
