1 0.414618
2 0.462578
3 0.477287
4 0.508715
5 0.526056
6 0.542959
7 0.556898
8 0.568423
9 0.578418
10 0.588318
11 0.594669
12 0.60236
13 0.608017
14 0.615662
15 0.622355
16 0.628532
17 0.634729
18 0.640637
19 0.644452
20 0.649605
21 0.6535
22 0.65931
23 0.663933
24 0.666777
25 0.670888
26 0.673912
27 0.675995
28 0.679667
29 0.681596
30 0.686601
31 0.688334
32 0.690824
33 0.693761
34 0.695888
35 0.699424
36 0.700834
37 0.70382
38 0.706022
39 0.708794
40 0.711341
41 0.712015
42 0.714019
43 0.716587
44 0.717834
45 0.719961
46 0.722826
47 0.724633
48 0.725545
49 0.727036
50 0.72885
51 0.730339
52 0.732049
53 0.733238
54 0.73563
55 0.736813
56 0.738107
57 0.739466
58 0.741799
59 0.743223
60 0.74487
61 0.745489
62 0.746723
63 0.747682
64 0.749407
65 0.750031
66 0.752943
67 0.752234
68 0.753844
69 0.755771
70 0.756425
71 0.757646
72 0.75922
73 0.760661
74 0.76133
75 0.7627
76 0.763611
77 0.764578
78 0.765407
79 0.765208
80 0.76729
81 0.768027
82 0.769165
83 0.770142
84 0.7708
85 0.772164
86 0.772451
87 0.773601
88 0.774014
89 0.774788
90 0.776401
91 0.777185
92 0.778068
93 0.779281
94 0.779222
95 0.779903
96 0.780995
97 0.782109
98 0.783289
99 0.783256
100 0.784265
101 0.784854
102 0.785437
103 0.786084
104 0.787218
105 0.787557
106 0.788635
107 0.789028
108 0.789457
109 0.790345
110 0.790735
111 0.791669
112 0.791957
113 0.79336
114 0.79331
115 0.794698
116 0.795142
117 0.795762
118 0.796198
119 0.796506
120 0.79717
121 0.797247
122 0.799176
123 0.79888
124 0.799623
125 0.799932
126 0.801102
127 0.801002
128 0.801406
129 0.80236
130 0.802928
131 0.803288
132 0.803856
133 0.80372
134 0.804709
135 0.805376
136 0.805898
137 0.806167
138 0.806152
139 0.807433
140 0.808388
141 0.807729
142 0.809173
143 0.809649
144 0.809194
145 0.810301
146 0.811141
147 0.81097
148 0.811736
149 0.81234
150 0.81277
151 0.813133
152 0.813689
153 0.8144
154 0.814376
155 0.814852
156 0.814567
157 0.815236
158 0.816055
159 0.816323
160 0.817235
161 0.816702
162 0.817758
163 0.818362
164 0.818683
165 0.819278
166 0.81936
167 0.819685
168 0.820086
169 0.820334
170 0.822021
171 0.821467
172 0.821125
173 0.8214
174 0.822771
175 0.822741
176 0.822934
177 0.82326
178 0.824001
179 0.824322
180 0.824948
181 0.825162
182 0.825136
183 0.825611
184 0.82545
185 0.826719
186 0.827134
187 0.826939
188 0.827747
189 0.82735
190 0.827902
191 0.828307
192 0.828119
193 0.828712
194 0.829131
195 0.82946
196 0.829803
197 0.830382
198 0.830268
199 0.830489
200 0.831198
201 0.831896
202 0.831493
203 0.832227
204 0.832354
205 0.833
206 0.832961
207 0.832397
208 0.833562
209 0.833918
210 0.834114
211 0.834729
212 0.834863
213 0.834549
214 0.835633
215 0.835816
216 0.83621
217 0.835898
218 0.836046
219 0.836712
220 0.837209
221 0.837014
222 0.837181
223 0.837225
224 0.838156
225 0.838543
226 0.83881
227 0.83914
228 0.839636
229 0.839266
230 0.839616
231 0.840132
232 0.840093
233 0.84005
234 0.840704
235 0.841546
236 0.840733
237 0.841349
238 0.842107
239 0.842075
240 0.841851
241 0.842763
242 0.842474
243 0.843379
244 0.843046
245 0.84365
246 0.843752
247 0.843651
248 0.844629
249 0.844616
250 0.845281
251 0.844971
252 0.844987
253 0.844936
254 0.844918
255 0.845939
256 0.845907
257 0.846272
258 0.846041
259 0.84679
260 0.847342
261 0.847153
262 0.847491
263 0.846974
264 0.848028
265 0.848222
266 0.848538
267 0.848044
268 0.848879
269 0.848919
270 0.848611
271 0.849653
272 0.849138
273 0.849404
274 0.8499
275 0.849527
276 0.850543
277 0.850807
278 0.851143
279 0.850574
280 0.851444
281 0.851429
282 0.851402
283 0.851218
284 0.851714
285 0.852596
286 0.851922
287 0.852407
288 0.85249
289 0.852669
290 0.853006
291 0.853494
292 0.853389
293 0.85414
294 0.854399
295 0.85441
296 0.853937
297 0.854264
298 0.854118
299 0.854473
300 0.854535
