1 0.5
2 0.5
3 0.5
4 0.5
5 0.487659
6 0.480369
7 0.478008
8 0.473354
9 0.466494
10 0.464417
11 0.459519
12 0.455513
13 0.451784
14 0.446601
15 0.442841
16 0.438345
17 0.43355
18 0.429313
19 0.425184
20 0.42032
21 0.416791
22 0.412937
23 0.408738
24 0.405768
25 0.402652
26 0.39855
27 0.396066
28 0.392682
29 0.389895
30 0.387592
31 0.384634
32 0.382738
33 0.380392
34 0.378394
35 0.375949
36 0.373262
37 0.371341
38 0.368742
39 0.367318
40 0.365791
41 0.363778
42 0.361179
43 0.360155
44 0.358858
45 0.357139
46 0.355143
47 0.353832
48 0.351518
49 0.351341
50 0.349543
51 0.348336
52 0.346581
53 0.345435
54 0.344858
55 0.342674
56 0.342531
57 0.3416
58 0.340401
59 0.339275
60 0.338744
61 0.336998
62 0.336111
63 0.335516
64 0.335236
65 0.334554
66 0.333158
67 0.332978
68 0.332008
69 0.331421
70 0.330678
71 0.330586
72 0.329611
73 0.329038
74 0.328379
75 0.327671
76 0.327034
77 0.327035
78 0.325723
79 0.325568
80 0.325614
81 0.32519
82 0.324589
83 0.324065
84 0.323538
85 0.323124
86 0.32321
87 0.321715
88 0.321726
89 0.321551
90 0.321526
91 0.320895
92 0.320844
93 0.320511
94 0.320894
95 0.320021
96 0.31925
97 0.319243
98 0.318799
99 0.319011
100 0.318947
101 0.318779
102 0.318325
103 0.317683
104 0.317242
105 0.31715
106 0.31695
107 0.316683
108 0.317165
109 0.316725
110 0.31645
111 0.315847
112 0.315978
113 0.315881
114 0.315824
115 0.315186
116 0.316
117 0.315234
118 0.315155
119 0.315224
120 0.314808
121 0.314977
122 0.31423
123 0.314008
124 0.313256
125 0.314261
126 0.314304
127 0.313257
128 0.313103
129 0.313613
130 0.313767
131 0.312289
132 0.312476
133 0.313166
134 0.312449
135 0.312284
136 0.312835
137 0.312927
138 0.312122
139 0.311641
140 0.311766
141 0.311853
142 0.311328
143 0.31159
144 0.311236
145 0.310492
146 0.310572
147 0.310894
148 0.311312
149 0.310689
150 0.31021
151 0.309775
152 0.310555
153 0.310312
154 0.31034
155 0.310363
156 0.310448
157 0.309581
158 0.309463
159 0.309905
160 0.309805
161 0.308835
162 0.308929
163 0.30936
164 0.308725
165 0.308723
166 0.309101
167 0.309004
168 0.307448
169 0.308241
170 0.307323
171 0.308394
172 0.308324
173 0.307723
174 0.307769
175 0.308324
176 0.307543
177 0.307662
178 0.307344
179 0.307328
180 0.307789
181 0.307121
182 0.3074
183 0.306962
184 0.307152
185 0.306524
186 0.306389
187 0.306797
188 0.305946
189 0.307022
190 0.306133
191 0.305519
192 0.305978
193 0.306177
194 0.306132
195 0.30539
196 0.305049
197 0.305643
198 0.305846
199 0.30539
200 0.304867
201 0.305067
202 0.304498
203 0.305613
204 0.305136
205 0.305539
206 0.305385
207 0.30435
208 0.304375
209 0.304985
210 0.304478
211 0.304692
212 0.304339
213 0.304791
214 0.304677
215 0.304453
216 0.304597
217 0.303848
218 0.304801
219 0.303703
220 0.30384
221 0.303784
222 0.303614
223 0.303407
224 0.303864
225 0.303724
226 0.302994
227 0.302629
228 0.303802
229 0.302861
230 0.303006
231 0.303622
232 0.303138
233 0.303154
234 0.303998
235 0.302659
236 0.302491
237 0.302275
238 0.302776
239 0.302744
240 0.302314
241 0.302466
242 0.302689
243 0.302418
244 0.302221
245 0.3027
246 0.30201
247 0.301946
248 0.302496
249 0.302492
250 0.302562
251 0.301538
252 0.302364
253 0.301666
254 0.301909
255 0.302153
256 0.302027
257 0.301249
258 0.301691
259 0.301114
260 0.301485
261 0.302221
262 0.30097
263 0.301619
264 0.300276
265 0.30076
266 0.301339
267 0.301239
268 0.30066
269 0.300768
270 0.301309
271 0.301045
272 0.300748
273 0.300852
274 0.301276
275 0.300364
276 0.30084
277 0.300609
278 0.300771
279 0.300866
280 0.300902
281 0.301206
282 0.30061
283 0.300736
284 0.300563
285 0.30026
286 0.300509
287 0.300934
288 0.300292
289 0.299949
290 0.299861
291 0.300609
292 0.299689
293 0.299911
294 0.299857
295 0.299784
296 0.29986
297 0.30047
298 0.299901
299 0.300351
300 0.300252
