1 0.408919
2 0.409268
3 0.409367
4 0.409268
5 0.387007
6 0.36751
7 0.352538
8 0.339248
9 0.33158
10 0.326637
11 0.31578
12 0.305497
13 0.299935
14 0.293465
15 0.287346
16 0.281128
17 0.278156
18 0.27319
19 0.26766
20 0.263257
21 0.259452
22 0.254917
23 0.250739
24 0.246826
25 0.243336
26 0.239748
27 0.236435
28 0.232709
29 0.229742
30 0.226927
31 0.224037
32 0.221269
33 0.218919
34 0.216476
35 0.214105
36 0.211761
37 0.209523
38 0.20732
39 0.205213
40 0.202976
41 0.20058
42 0.198293
43 0.196467
44 0.194248
45 0.192205
46 0.190068
47 0.188289
48 0.18627
49 0.184344
50 0.182439
51 0.180733
52 0.179106
53 0.177438
54 0.175674
55 0.174164
56 0.172534
57 0.171041
58 0.169566
59 0.168075
60 0.166649
61 0.164927
62 0.163871
63 0.162452
64 0.161074
65 0.159901
66 0.158529
67 0.157185
68 0.155901
69 0.154669
70 0.15338
71 0.152206
72 0.151032
73 0.1498
74 0.14864
75 0.14759
76 0.14632
77 0.145333
78 0.144188
79 0.143254
80 0.142254
81 0.141154
82 0.140315
83 0.139154
84 0.138157
85 0.137296
86 0.136395
87 0.135352
88 0.13453
89 0.133628
90 0.13272
91 0.131784
92 0.131124
93 0.130224
94 0.129496
95 0.128693
96 0.127773
97 0.127003
98 0.126276
99 0.125439
100 0.124706
101 0.124043
102 0.123277
103 0.122557
104 0.121814
105 0.121082
106 0.120391
107 0.11966
108 0.119035
109 0.118381
110 0.117691
111 0.117002
112 0.11641
113 0.115697
114 0.115125
115 0.114598
116 0.113958
117 0.113379
118 0.112762
119 0.112256
120 0.111552
121 0.11107
122 0.110509
123 0.109938
124 0.10946
125 0.108919
126 0.108511
127 0.107811
128 0.107389
129 0.106996
130 0.106468
131 0.105961
132 0.105524
133 0.105141
134 0.104597
135 0.104154
136 0.10376
137 0.103277
138 0.102831
139 0.10235
140 0.102001
141 0.101672
142 0.101173
143 0.100756
144 0.100429
145 0.0998932
146 0.0995743
147 0.0991568
148 0.0987647
149 0.0983269
150 0.0980219
151 0.0976062
152 0.0973129
153 0.0968553
154 0.0964197
155 0.0961038
156 0.0958844
157 0.095451
158 0.0950791
159 0.0947287
160 0.0944837
161 0.0940647
162 0.0936505
163 0.093355
164 0.0930329
165 0.092751
166 0.092477
167 0.092041
168 0.0917202
169 0.0913653
170 0.0910079
171 0.0907588
172 0.0903976
173 0.0901416
174 0.0897968
175 0.0894561
176 0.0891158
177 0.0888651
178 0.0886328
179 0.088261
180 0.0880197
181 0.0877506
182 0.0873276
183 0.0871395
184 0.0868527
185 0.086532
186 0.0862213
187 0.0859561
188 0.0856956
189 0.0853895
190 0.0850915
191 0.0847874
192 0.0845805
193 0.0841444
194 0.0840074
195 0.083772
196 0.08345
197 0.083217
198 0.0829271
199 0.0826859
200 0.0824538
201 0.0821587
202 0.0819423
203 0.0817319
204 0.0815638
205 0.0812313
206 0.0809537
207 0.0807854
208 0.0805112
209 0.0803397
210 0.0800121
211 0.0798896
212 0.0796665
213 0.0793658
214 0.0791115
215 0.0789728
216 0.0786761
217 0.0783737
218 0.0782651
219 0.0780678
220 0.0778561
221 0.0775842
222 0.0774018
223 0.0771849
224 0.0770187
225 0.0767258
226 0.076534
227 0.0763493
228 0.0761254
229 0.0758565
230 0.0756917
231 0.0755154
232 0.0752676
233 0.0751234
234 0.0748776
235 0.0747101
236 0.0744426
237 0.0742831
238 0.0741415
239 0.0738627
240 0.0736636
241 0.0735158
242 0.0733188
243 0.073166
244 0.0728571
245 0.0727874
246 0.0725505
247 0.0723082
248 0.0721987
249 0.0719982
250 0.0718615
251 0.0716634
252 0.0715028
253 0.0712913
254 0.0711465
255 0.0709732
256 0.0708045
257 0.0705796
258 0.0705223
259 0.0702628
260 0.0701081
261 0.0699776
262 0.0697281
263 0.0696185
264 0.0694312
265 0.0693541
266 0.0692153
267 0.0689786
268 0.0687134
269 0.0686462
270 0.0685524
271 0.0684354
272 0.0681784
273 0.0680473
274 0.0679268
275 0.0677362
276 0.0676064
277 0.0674584
278 0.0673406
279 0.0671928
280 0.0670186
281 0.066904
282 0.0666901
283 0.0666275
284 0.0664162
285 0.0662132
286 0.0661649
287 0.0660522
288 0.0659
289 0.0656914
290 0.0655618
291 0.0654624
292 0.0652829
293 0.0652539
294 0.0650742
295 0.0648478
296 0.0648168
297 0.0646382
298 0.0644288
299 0.0643649
300 0.0642674
