1 0.099917
2 0.100232
3 0.09995
4 0.1003
5 0.164283
6 0.177495
7 0.185807
8 0.200914
9 0.218602
10 0.224041
11 0.240545
12 0.251064
13 0.258186
14 0.274611
15 0.286713
16 0.296719
17 0.310935
18 0.323217
19 0.335433
20 0.348332
21 0.358357
22 0.370307
23 0.38056
24 0.39057
25 0.400844
26 0.410498
27 0.420179
28 0.429576
29 0.438382
30 0.447011
31 0.454492
32 0.463014
33 0.470334
34 0.479153
35 0.486589
36 0.494325
37 0.500789
38 0.508938
39 0.515505
40 0.522465
41 0.529847
42 0.536517
43 0.542255
44 0.547879
45 0.554925
46 0.560312
47 0.566152
48 0.571895
49 0.576052
50 0.581788
51 0.586794
52 0.591512
53 0.595666
54 0.600093
55 0.604084
56 0.608833
57 0.6122
58 0.615757
59 0.619399
60 0.623369
61 0.62731
62 0.630448
63 0.633755
64 0.636991
65 0.639857
66 0.643542
67 0.646045
68 0.649974
69 0.651533
70 0.654745
71 0.656625
72 0.659038
73 0.661889
74 0.66402
75 0.667009
76 0.669592
77 0.671362
78 0.673137
79 0.675207
80 0.676742
81 0.680581
82 0.681632
83 0.6836
84 0.685279
85 0.687265
86 0.688223
87 0.691164
88 0.691835
89 0.693383
90 0.694947
91 0.696957
92 0.698138
93 0.700223
94 0.701455
95 0.702913
96 0.704362
97 0.705269
98 0.706118
99 0.707955
100 0.709139
101 0.70976
102 0.710856
103 0.71251
104 0.713551
105 0.714565
106 0.715748
107 0.717671
108 0.717909
109 0.718358
110 0.720315
111 0.722009
112 0.722265
113 0.724027
114 0.724987
115 0.725363
116 0.726339
117 0.727391
118 0.729038
119 0.730091
120 0.731198
121 0.731548
122 0.732431
123 0.733399
124 0.734489
125 0.734775
126 0.735941
127 0.736804
128 0.737451
129 0.738361
130 0.739024
131 0.740496
132 0.740968
133 0.742232
134 0.74236
135 0.743815
136 0.743696
137 0.7449
138 0.745691
139 0.746893
140 0.748205
141 0.747786
142 0.748737
143 0.748912
144 0.749571
145 0.750992
146 0.751211
147 0.752365
148 0.752782
149 0.753235
150 0.753361
151 0.755116
152 0.755437
153 0.756101
154 0.757975
155 0.757632
156 0.758125
157 0.758796
158 0.759437
159 0.760041
160 0.76052
161 0.761477
162 0.763026
163 0.763005
164 0.763608
165 0.764533
166 0.764478
167 0.765268
168 0.766415
169 0.766962
170 0.76779
171 0.767857
172 0.769267
173 0.769451
174 0.770281
175 0.771419
176 0.77211
177 0.771368
178 0.772331
179 0.773769
180 0.773391
181 0.77455
182 0.775104
183 0.774817
184 0.776483
185 0.776006
186 0.776529
187 0.77819
188 0.778248
189 0.778221
190 0.779405
191 0.780036
192 0.779929
193 0.781101
194 0.781612
195 0.782384
196 0.783014
197 0.782813
198 0.78304
199 0.784189
200 0.785022
201 0.784918
202 0.785694
203 0.786051
204 0.78634
205 0.787077
206 0.787774
207 0.787853
208 0.788756
209 0.789332
210 0.789686
211 0.789997
212 0.789905
213 0.791516
214 0.791351
215 0.792098
216 0.792763
217 0.793304
218 0.793229
219 0.793177
220 0.794196
221 0.794308
222 0.79493
223 0.795207
224 0.795154
225 0.79657
226 0.796781
227 0.797004
228 0.797732
229 0.798326
230 0.798351
231 0.79816
232 0.799338
233 0.799161
234 0.799922
235 0.800324
236 0.800759
237 0.800975
238 0.801437
239 0.802619
240 0.802629
241 0.803188
242 0.803166
243 0.803718
244 0.804949
245 0.804067
246 0.804729
247 0.805286
248 0.805498
249 0.805654
250 0.807066
251 0.806651
252 0.807473
253 0.80708
254 0.808021
255 0.808415
256 0.808763
257 0.809276
258 0.809294
259 0.809979
260 0.81028
261 0.810628
262 0.810732
263 0.81097
264 0.810857
265 0.811581
266 0.811797
267 0.812577
268 0.813378
269 0.812894
270 0.81374
271 0.812988
272 0.814243
273 0.814052
274 0.81434
275 0.814868
276 0.815255
277 0.815714
278 0.816131
279 0.816535
280 0.815882
281 0.81637
282 0.817041
283 0.81686
284 0.81821
285 0.818479
286 0.817817
287 0.818558
288 0.819327
289 0.819287
290 0.819754
291 0.819394
292 0.820588
293 0.819701
294 0.820344
295 0.821039
296 0.821753
297 0.821528
298 0.821832
299 0.822374
300 0.822382
