1 0.408919
2 0.409751
3 0.409565
4 0.408971
5 0.29796
6 0.270086
7 0.262276
8 0.24742
9 0.229545
10 0.224201
11 0.21203
12 0.202279
13 0.195417
14 0.184205
15 0.176499
16 0.168412
17 0.160455
18 0.152901
19 0.145627
20 0.138536
21 0.132919
22 0.126969
23 0.121326
24 0.11654
25 0.111723
26 0.107269
27 0.103558
28 0.0994809
29 0.0958684
30 0.0928571
31 0.089774
32 0.0867548
33 0.0841876
34 0.0815078
35 0.0787812
36 0.0763479
37 0.0741718
38 0.0718285
39 0.0698014
40 0.0677945
41 0.0655656
42 0.0635047
43 0.0621799
44 0.0602972
45 0.0586063
46 0.0569315
47 0.0554935
48 0.0539444
49 0.0526339
50 0.0512802
51 0.0499109
52 0.0487761
53 0.0477124
54 0.0465147
55 0.0455955
56 0.0444709
57 0.0437583
58 0.0427731
59 0.0419448
60 0.040947
61 0.0399902
62 0.0393051
63 0.0384823
64 0.0377523
65 0.0372562
66 0.0364832
67 0.0359408
68 0.0351173
69 0.0346164
70 0.0340042
71 0.0335167
72 0.032973
73 0.0323774
74 0.0318826
75 0.0313859
76 0.0308225
77 0.0304753
78 0.0300701
79 0.0296319
80 0.0293628
81 0.0287744
82 0.0285518
83 0.0280683
84 0.0276709
85 0.0273571
86 0.0272171
87 0.0268063
88 0.0264668
89 0.0262647
90 0.025928
91 0.0255739
92 0.0254864
93 0.025055
94 0.0249424
95 0.0247181
96 0.0243246
97 0.0241892
98 0.024007
99 0.0237904
100 0.0235792
101 0.0235041
102 0.0232392
103 0.0230989
104 0.0229065
105 0.0227201
106 0.0225563
107 0.0223146
108 0.0222756
109 0.0221068
110 0.0219193
111 0.0216207
112 0.0215438
113 0.0213394
114 0.0211923
115 0.0212126
116 0.0209096
117 0.0208628
118 0.0205932
119 0.0204803
120 0.0202789
121 0.0202607
122 0.0200729
123 0.0199437
124 0.0198363
125 0.0197177
126 0.0196873
127 0.0194028
128 0.0193544
129 0.019283
130 0.0191495
131 0.018969
132 0.0188979
133 0.018831
134 0.0186592
135 0.0185698
136 0.0185402
137 0.0183654
138 0.018277
139 0.0180974
140 0.0180514
141 0.0180337
142 0.0179027
143 0.0178381
144 0.0178373
145 0.0176305
146 0.0175821
147 0.01745
148 0.0173501
149 0.0172367
150 0.017213
151 0.0170617
152 0.0170186
153 0.0168354
154 0.016755
155 0.0166785
156 0.0167251
157 0.0165191
158 0.0164464
159 0.0163855
160 0.0163207
161 0.0161734
162 0.0159797
163 0.0159431
164 0.01588
165 0.0158163
166 0.0157725
167 0.0155967
168 0.0155003
169 0.0154076
170 0.0152714
171 0.0152641
172 0.0150754
173 0.0151009
174 0.0149661
175 0.0148433
176 0.0147244
177 0.0146939
178 0.0146732
179 0.0145288
180 0.0145956
181 0.0144152
182 0.0143163
183 0.0143817
184 0.0142123
185 0.0141958
186 0.0140904
187 0.0139744
188 0.0139484
189 0.013937
190 0.0138038
191 0.0136806
192 0.0137146
193 0.0135315
194 0.0135289
195 0.0134274
196 0.0133091
197 0.0132981
198 0.0132974
199 0.0131739
200 0.0130936
201 0.0130435
202 0.012979
203 0.0129584
204 0.0129465
205 0.0128737
206 0.0127469
207 0.0127644
208 0.0126513
209 0.0125768
210 0.0124997
211 0.01255
212 0.0124636
213 0.0123736
214 0.0122345
215 0.0122578
216 0.0121158
217 0.0120306
218 0.0120686
219 0.0121045
220 0.0120024
221 0.0119296
222 0.0119158
223 0.0118395
224 0.0118489
225 0.0117075
226 0.0116624
227 0.0116198
228 0.0115642
229 0.0114879
230 0.0114571
231 0.0115101
232 0.01138
233 0.0113255
234 0.0112985
235 0.0112522
236 0.0111718
237 0.0111619
238 0.011108
239 0.0110183
240 0.0109604
241 0.0109961
242 0.0108747
243 0.0108919
244 0.0107443
245 0.0108168
246 0.010729
247 0.0106377
248 0.0106768
249 0.0106057
250 0.0105902
251 0.0105093
252 0.0104802
253 0.0104577
254 0.0103735
255 0.0103633
256 0.0103329
257 0.0102505
258 0.0102777
259 0.0101544
260 0.0101372
261 0.0100948
262 0.0100198
263 0.0100357
264 0.00996325
265 0.0100021
266 0.00996852
267 0.00992059
268 0.00973693
269 0.0098116
270 0.00981436
271 0.00980894
272 0.00968786
273 0.00968346
274 0.00964792
275 0.00961488
276 0.00961515
277 0.00955809
278 0.00955956
279 0.0094948
280 0.00946992
281 0.00947477
282 0.00936426
283 0.00942376
284 0.00932096
285 0.0092218
286 0.00931574
287 0.00924875
288 0.00920517
289 0.00917094
290 0.00916235
291 0.00911216
292 0.00906478
293 0.00911856
294 0.0090687
295 0.00895855
296 0.00898612
297 0.00896713
298 0.00887817
299 0.00888283
300 0.00887961
