1 0.500696
2 0.499097
3 0.499231
4 0.499924
5 0.610407
6 0.638732
7 0.646661
8 0.661048
9 0.679955
10 0.685251
11 0.697086
12 0.706177
13 0.714224
14 0.724829
15 0.732147
16 0.74053
17 0.749069
18 0.756303
19 0.763096
20 0.770799
21 0.776199
22 0.781929
23 0.787982
24 0.792152
25 0.796432
26 0.801925
27 0.805176
28 0.809518
29 0.813022
30 0.815869
31 0.819465
32 0.821733
33 0.824504
34 0.826832
35 0.829641
36 0.832681
37 0.834823
38 0.837684
39 0.839232
40 0.840878
41 0.843025
42 0.845761
43 0.846827
44 0.848169
45 0.849932
46 0.851958
47 0.853276
48 0.855578
49 0.855753
50 0.85752
51 0.858696
52 0.860392
53 0.861491
54 0.862041
55 0.864109
56 0.864244
57 0.865117
58 0.866235
59 0.867278
60 0.867768
61 0.869369
62 0.870176
63 0.870715
64 0.870969
65 0.871584
66 0.872836
67 0.872997
68 0.87386
69 0.874381
70 0.875037
71 0.875118
72 0.875975
73 0.876477
74 0.877052
75 0.877667
76 0.878219
77 0.878218
78 0.879349
79 0.879482
80 0.879442
81 0.879806
82 0.880319
83 0.880766
84 0.881214
85 0.881565
86 0.881492
87 0.882754
88 0.882744
89 0.882891
90 0.882912
91 0.883441
92 0.883484
93 0.883762
94 0.883442
95 0.884171
96 0.884812
97 0.884818
98 0.885186
99 0.88501
100 0.885063
101 0.885202
102 0.885578
103 0.886107
104 0.886469
105 0.886545
106 0.886709
107 0.886927
108 0.886532
109 0.886893
110 0.887118
111 0.88761
112 0.887503
113 0.887582
114 0.887629
115 0.888148
116 0.887485
117 0.888109
118 0.888173
119 0.888117
120 0.888454
121 0.888317
122 0.888922
123 0.889101
124 0.889707
125 0.888897
126 0.888862
127 0.889706
128 0.88983
129 0.88942
130 0.889296
131 0.890482
132 0.890333
133 0.889779
134 0.890354
135 0.890486
136 0.890045
137 0.889971
138 0.890616
139 0.891
140 0.8909
141 0.890831
142 0.891249
143 0.89104
144 0.891322
145 0.891913
146 0.891849
147 0.891594
148 0.891262
149 0.891757
150 0.892136
151 0.89248
152 0.891863
153 0.892055
154 0.892033
155 0.892015
156 0.891948
157 0.892633
158 0.892726
159 0.892377
160 0.892456
161 0.89322
162 0.893146
163 0.892807
164 0.893306
165 0.893308
166 0.893011
167 0.893087
168 0.894305
169 0.893686
170 0.894403
171 0.893566
172 0.893621
173 0.894091
174 0.894055
175 0.893621
176 0.894231
177 0.894138
178 0.894386
179 0.894399
180 0.894039
181 0.89456
182 0.894343
183 0.894684
184 0.894536
185 0.895024
186 0.895129
187 0.894812
188 0.895472
189 0.894637
190 0.895327
191 0.895802
192 0.895447
193 0.895293
194 0.895328
195 0.895901
196 0.896164
197 0.895706
198 0.895549
199 0.895901
200 0.896304
201 0.89615
202 0.896588
203 0.895729
204 0.896097
205 0.895786
206 0.895905
207 0.896701
208 0.896682
209 0.896213
210 0.896603
211 0.896439
212 0.89671
213 0.896363
214 0.89645
215 0.896622
216 0.896512
217 0.897086
218 0.896355
219 0.897197
220 0.897092
221 0.897135
222 0.897265
223 0.897423
224 0.897074
225 0.897181
226 0.897738
227 0.898016
228 0.897121
229 0.897839
230 0.897729
231 0.897259
232 0.897628
233 0.897616
234 0.896971
235 0.897993
236 0.898121
237 0.898285
238 0.897904
239 0.897928
240 0.898255
241 0.89814
242 0.89797
243 0.898176
244 0.898326
245 0.897962
246 0.898486
247 0.898534
248 0.898117
249 0.89812
250 0.898067
251 0.898843
252 0.898217
253 0.898746
254 0.898562
255 0.898377
256 0.898473
257 0.899061
258 0.898727
259 0.899163
260 0.898883
261 0.898326
262 0.899272
263 0.898782
264 0.899794
265 0.89943
266 0.898993
267 0.899069
268 0.899505
269 0.899424
270 0.899016
271 0.899215
272 0.899439
273 0.899361
274 0.899041
275 0.899728
276 0.89937
277 0.899544
278 0.899422
279 0.89935
280 0.899323
281 0.899094
282 0.899543
283 0.899448
284 0.899578
285 0.899806
286 0.899619
287 0.899299
288 0.899782
289 0.900039
290 0.900105
291 0.899544
292 0.900234
293 0.900068
294 0.900108
295 0.900163
296 0.900106
297 0.899648
298 0.900075
299 0.899738
300 0.899812
