1 0.099917
2 0.100125
3 0.100067
4 0.100125
5 0.112957
6 0.123784
7 0.1326
8 0.142389
9 0.149956
10 0.15172
11 0.161378
12 0.170678
13 0.17499
14 0.181474
15 0.188133
16 0.194303
17 0.198795
18 0.204971
19 0.211505
20 0.21671
21 0.221535
22 0.227881
23 0.23297
24 0.238389
25 0.243247
26 0.248556
27 0.253538
28 0.259102
29 0.26328
30 0.267948
31 0.272286
32 0.276744
33 0.280144
34 0.284528
35 0.288215
36 0.292233
37 0.295822
38 0.299994
39 0.303637
40 0.307696
41 0.311831
42 0.315875
43 0.319596
44 0.323285
45 0.32737
46 0.331118
47 0.335
48 0.339
49 0.342291
50 0.346127
51 0.349313
52 0.352503
53 0.355891
54 0.359258
55 0.362149
56 0.365484
57 0.368722
58 0.3716
59 0.374537
60 0.377325
61 0.380854
62 0.383015
63 0.385856
64 0.388577
65 0.390971
66 0.394124
67 0.396722
68 0.399647
69 0.402053
70 0.404441
71 0.407014
72 0.409222
73 0.412109
74 0.414242
75 0.41661
76 0.419375
77 0.421104
78 0.423608
79 0.425532
80 0.427325
81 0.43031
82 0.432093
83 0.4344
84 0.436633
85 0.438562
86 0.440286
87 0.442997
88 0.444394
89 0.446282
90 0.448072
91 0.450259
92 0.45225
93 0.454206
94 0.455587
95 0.457599
96 0.459642
97 0.460847
98 0.462605
99 0.464628
100 0.466098
101 0.467624
102 0.468874
103 0.470907
104 0.47245
105 0.474123
106 0.4759
107 0.477337
108 0.4787
109 0.479865
110 0.481779
111 0.483412
112 0.484756
113 0.486749
114 0.487746
115 0.488981
116 0.490447
117 0.49176
118 0.493413
119 0.494469
120 0.496279
121 0.49729
122 0.49837
123 0.49983
124 0.500929
125 0.501873
126 0.503098
127 0.504729
128 0.505741
129 0.506632
130 0.507654
131 0.50919
132 0.510118
133 0.51145
134 0.512375
135 0.513571
136 0.514311
137 0.515587
138 0.516695
139 0.517932
140 0.519286
141 0.519795
142 0.52101
143 0.521692
144 0.522712
145 0.524343
146 0.524778
147 0.52611
148 0.526892
149 0.527941
150 0.528418
151 0.530073
152 0.530725
153 0.531942
154 0.533396
155 0.533864
156 0.534552
157 0.535476
158 0.536411
159 0.537419
160 0.537889
161 0.539311
162 0.540508
163 0.541114
164 0.542126
165 0.542942
166 0.543402
167 0.544742
168 0.54551
169 0.54655
170 0.547541
171 0.548062
172 0.549221
173 0.549847
174 0.550952
175 0.552031
176 0.552988
177 0.553073
178 0.553792
179 0.555318
180 0.555707
181 0.556634
182 0.557734
183 0.558286
184 0.559307
185 0.559608
186 0.56066
187 0.561614
188 0.562311
189 0.563015
190 0.564105
191 0.564698
192 0.565337
193 0.56652
194 0.56713
195 0.567779
196 0.568732
197 0.569082
198 0.56997
199 0.570979
200 0.571298
201 0.572313
202 0.573091
203 0.573571
204 0.574195
205 0.575068
206 0.575969
207 0.576403
208 0.577147
209 0.577785
210 0.578572
211 0.579134
212 0.579592
213 0.580734
214 0.581173
215 0.581963
216 0.582627
217 0.583642
218 0.583783
219 0.584113
220 0.585372
221 0.585699
222 0.586378
223 0.587001
224 0.587387
225 0.588396
226 0.589131
227 0.589474
228 0.59031
229 0.591177
230 0.591573
231 0.591912
232 0.592795
233 0.59301
234 0.593966
235 0.594452
236 0.59526
237 0.595725
238 0.596258
239 0.597401
240 0.597679
241 0.598532
242 0.598655
243 0.599405
244 0.600542
245 0.600513
246 0.601291
247 0.601889
248 0.602425
249 0.602871
250 0.603753
251 0.604085
252 0.604445
253 0.605107
254 0.605631
255 0.606261
256 0.606915
257 0.607714
258 0.607669
259 0.608712
260 0.609115
261 0.609526
262 0.610104
263 0.61041
264 0.61081
265 0.611373
266 0.611866
267 0.612648
268 0.613752
269 0.613577
270 0.614329
271 0.61401
272 0.615244
273 0.615351
274 0.616061
275 0.616432
276 0.617148
277 0.617796
278 0.618192
279 0.618612
280 0.618809
281 0.619319
282 0.620002
283 0.62002
284 0.621279
285 0.621886
286 0.621648
287 0.622264
288 0.622922
289 0.623455
290 0.623996
291 0.623961
292 0.624945
293 0.624665
294 0.625458
295 0.626181
296 0.626485
297 0.627099
298 0.627574
299 0.627935
300 0.628311
