1 0.5
2 0.353871
3 0.318799
4 0.288651
5 0.262822
6 0.252692
7 0.247647
8 0.243918
9 0.22893
10 0.224046
11 0.221822
12 0.218202
13 0.211412
14 0.207873
15 0.204648
16 0.200701
17 0.196105
18 0.192178
19 0.188639
20 0.185069
21 0.181609
22 0.178607
23 0.175606
24 0.172796
25 0.170235
26 0.167755
27 0.16563
28 0.163234
29 0.161021
30 0.15932
31 0.157276
32 0.155803
33 0.154057
34 0.152512
35 0.150861
36 0.149271
37 0.148004
38 0.146642
39 0.145387
40 0.144092
41 0.142618
42 0.141304
43 0.140652
44 0.1394
45 0.138338
46 0.137218
47 0.136572
48 0.135532
49 0.13456
50 0.133585
51 0.132661
52 0.13188
53 0.131116
54 0.130294
55 0.129868
56 0.128999
57 0.128919
58 0.127943
59 0.127253
60 0.126624
61 0.12564
62 0.125337
63 0.124669
64 0.124071
65 0.123707
66 0.123115
67 0.122655
68 0.121968
69 0.121601
70 0.120993
71 0.120586
72 0.120187
73 0.119694
74 0.118998
75 0.118758
76 0.11802
77 0.117785
78 0.117381
79 0.117113
80 0.116649
81 0.116151
82 0.115907
83 0.115261
84 0.114987
85 0.114771
86 0.114342
87 0.114147
88 0.113903
89 0.113552
90 0.113159
91 0.112715
92 0.112879
93 0.112423
94 0.112365
95 0.112064
96 0.111702
97 0.111252
98 0.111188
99 0.110886
100 0.110759
101 0.110722
102 0.110336
103 0.110426
104 0.110066
105 0.109747
106 0.109745
107 0.109445
108 0.109361
109 0.109137
110 0.109023
111 0.108765
112 0.108696
113 0.108284
114 0.108283
115 0.108388
116 0.1081
117 0.108051
118 0.107836
119 0.107691
120 0.107487
121 0.107578
122 0.107351
123 0.107168
124 0.107193
125 0.10701
126 0.107265
127 0.106596
128 0.106607
129 0.106729
130 0.106565
131 0.106403
132 0.1065
133 0.10656
134 0.106043
135 0.106022
136 0.106344
137 0.105724
138 0.105881
139 0.105619
140 0.105793
141 0.10584
142 0.105524
143 0.10543
144 0.105582
145 0.105268
146 0.105227
147 0.105272
148 0.104793
149 0.104839
150 0.104877
151 0.104901
152 0.10484
153 0.104523
154 0.104508
155 0.104521
156 0.10466
157 0.104346
158 0.104164
159 0.104127
160 0.104195
161 0.10412
162 0.104052
163 0.103921
164 0.103957
165 0.103981
166 0.104021
167 0.103652
168 0.103639
169 0.103521
170 0.103416
171 0.10347
172 0.10333
173 0.103253
174 0.103192
175 0.103139
176 0.102902
177 0.102872
178 0.102961
179 0.102858
180 0.102971
181 0.102846
182 0.102562
183 0.103054
184 0.10268
185 0.102502
186 0.102425
187 0.102384
188 0.102352
189 0.102388
190 0.10228
191 0.102118
192 0.102155
193 0.101889
194 0.102122
195 0.101959
196 0.101779
197 0.101724
198 0.101784
199 0.101743
200 0.101693
201 0.101623
202 0.101629
203 0.101519
204 0.101673
205 0.101386
206 0.101455
207 0.101426
208 0.101408
209 0.101393
210 0.101081
211 0.101444
212 0.101151
213 0.101064
214 0.100842
215 0.101092
216 0.100764
217 0.100733
218 0.100998
219 0.100893
220 0.101119
221 0.100778
222 0.100808
223 0.100869
224 0.100758
225 0.100626
226 0.100627
227 0.100578
228 0.100551
229 0.100551
230 0.100483
231 0.100462
232 0.100373
233 0.100374
234 0.100349
235 0.100408
236 0.100072
237 0.100279
238 0.100366
239 0.100137
240 0.100101
241 0.100285
242 0.100022
243 0.100014
244 0.0997214
245 0.100057
246 0.0999042
247 0.0998021
248 0.0998822
249 0.0997034
250 0.0999047
251 0.0998211
252 0.0997717
253 0.0997618
254 0.0996259
255 0.0996927
256 0.0998597
257 0.0995189
258 0.0996253
259 0.0994604
260 0.0993636
261 0.0994484
262 0.0992381
263 0.0993225
264 0.0992706
265 0.099542
266 0.0994667
267 0.0992386
268 0.099001
269 0.0991458
270 0.0992923
271 0.0991559
272 0.0991272
273 0.098982
274 0.0991521
275 0.098961
276 0.0990293
277 0.0990521
278 0.0991261
279 0.0989436
280 0.0988809
281 0.0989655
282 0.0987932
283 0.0987868
284 0.0989029
285 0.0986046
286 0.0988126
287 0.0988546
288 0.0988135
289 0.0985514
290 0.0986579
291 0.0985775
292 0.0985883
293 0.0987405
294 0.0986683
295 0.0983995
296 0.0985964
297 0.0985574
298 0.0982959
299 0.0984594
300 0.0985524
