1 0.500696
2 0.499612
3 0.499292
4 0.49976
5 0.52194
6 0.541725
7 0.556313
8 0.569477
9 0.57749
10 0.582266
11 0.593248
12 0.603566
13 0.609155
14 0.615532
15 0.621504
16 0.627709
17 0.630762
18 0.63577
19 0.641208
20 0.645556
21 0.649462
22 0.654062
23 0.65815
24 0.661958
25 0.665619
26 0.669195
27 0.672464
28 0.676239
29 0.679191
30 0.681993
31 0.684937
32 0.687682
33 0.690099
34 0.692411
35 0.694856
36 0.697265
37 0.699521
38 0.701632
39 0.703708
40 0.705966
41 0.708428
42 0.710728
43 0.712465
44 0.714771
45 0.716749
46 0.718869
47 0.720652
48 0.722737
49 0.724609
50 0.726518
51 0.728205
52 0.72983
53 0.731533
54 0.733306
55 0.734824
56 0.736449
57 0.737887
58 0.73942
59 0.740934
60 0.742257
61 0.744062
62 0.745147
63 0.746547
64 0.747866
65 0.749083
66 0.75045
67 0.751811
68 0.753063
69 0.754297
70 0.755587
71 0.75675
72 0.757892
73 0.759156
74 0.76037
75 0.76139
76 0.762645
77 0.763597
78 0.76478
79 0.765722
80 0.766672
81 0.767793
82 0.768629
83 0.769771
84 0.770824
85 0.771649
86 0.772583
87 0.773531
88 0.774414
89 0.77534
90 0.776203
91 0.777135
92 0.77782
93 0.778705
94 0.779475
95 0.780274
96 0.781163
97 0.782002
98 0.782703
99 0.783513
100 0.784221
101 0.784924
102 0.785698
103 0.786375
104 0.787141
105 0.787885
106 0.788531
107 0.789333
108 0.789868
109 0.790579
110 0.791304
111 0.791979
112 0.7926
113 0.793301
114 0.793868
115 0.794353
116 0.795003
117 0.795623
118 0.796261
119 0.796745
120 0.7974
121 0.797881
122 0.798472
123 0.799042
124 0.799509
125 0.800069
126 0.800434
127 0.801169
128 0.801564
129 0.80197
130 0.802495
131 0.803042
132 0.803454
133 0.803797
134 0.804336
135 0.804833
136 0.80517
137 0.805675
138 0.806125
139 0.806639
140 0.807
141 0.807309
142 0.807776
143 0.808181
144 0.808543
145 0.809076
146 0.809402
147 0.809827
148 0.81024
149 0.810636
150 0.81095
151 0.811387
152 0.811674
153 0.812104
154 0.812544
155 0.812882
156 0.81306
157 0.813545
158 0.813907
159 0.814259
160 0.814511
161 0.814897
162 0.815319
163 0.815627
164 0.815939
165 0.81627
166 0.816503
167 0.816919
168 0.817221
169 0.817602
170 0.817942
171 0.8182
172 0.818565
173 0.818836
174 0.819178
175 0.819507
176 0.81986
177 0.820107
178 0.820347
179 0.820672
180 0.820953
181 0.821187
182 0.821643
183 0.821796
184 0.822084
185 0.822397
186 0.822734
187 0.823004
188 0.823261
189 0.823565
190 0.823897
191 0.824175
192 0.824416
193 0.82479
194 0.824965
195 0.82522
196 0.82555
197 0.825753
198 0.826045
199 0.826291
200 0.82652
201 0.826813
202 0.82702
203 0.827242
204 0.827423
205 0.82773
206 0.828012
207 0.82818
208 0.82845
209 0.828631
210 0.828929
211 0.829091
212 0.829301
213 0.8296
214 0.829876
215 0.830012
216 0.830324
217 0.830621
218 0.830669
219 0.830907
220 0.831105
221 0.831374
222 0.831589
223 0.831764
224 0.831974
225 0.832238
226 0.83244
227 0.832604
228 0.832846
229 0.83313
230 0.833261
231 0.833453
232 0.833727
233 0.833836
234 0.834084
235 0.83426
236 0.834515
237 0.834656
238 0.834831
239 0.8351
240 0.835306
241 0.835444
242 0.83567
243 0.83584
244 0.836124
245 0.836163
246 0.836415
247 0.836654
248 0.836765
249 0.836972
250 0.837085
251 0.837305
252 0.837431
253 0.837646
254 0.837816
255 0.837983
256 0.838154
257 0.838388
258 0.838432
259 0.838709
260 0.838847
261 0.838997
262 0.839241
263 0.839362
264 0.839542
265 0.839599
266 0.839756
267 0.839979
268 0.840245
269 0.840312
270 0.840412
271 0.840536
272 0.840779
273 0.84092
274 0.841036
275 0.841215
276 0.841385
277 0.841525
278 0.841621
279 0.841781
280 0.841982
281 0.842077
282 0.842283
283 0.842357
284 0.842547
285 0.842748
286 0.842796
287 0.842916
288 0.843065
289 0.843289
290 0.843415
291 0.843498
292 0.843678
293 0.843723
294 0.843884
295 0.844119
296 0.844189
297 0.844325
298 0.844538
299 0.8446
300 0.844715
