1 0.109983
2 0.101669
3 0.0961317
4 0.0923885
5 0.088966
6 0.0863085
7 0.0838274
8 0.0818478
9 0.0799293
10 0.078203
11 0.076782
12 0.0753571
13 0.0740703
14 0.0727776
15 0.0716289
16 0.0705456
17 0.0695113
18 0.0685505
19 0.067592
20 0.0667237
21 0.0658787
22 0.0650807
23 0.0643103
24 0.0635901
25 0.0628937
26 0.0622059
27 0.0615544
28 0.060926
29 0.060324
30 0.0597328
31 0.0591743
32 0.0586146
33 0.0580778
34 0.0575666
35 0.0570544
36 0.0565567
37 0.0560886
38 0.0556253
39 0.0551742
40 0.0547552
41 0.0543289
42 0.0539203
43 0.0535212
44 0.0531216
45 0.0527359
46 0.052369
47 0.0520022
48 0.0516444
49 0.051291
50 0.0509499
51 0.0506201
52 0.0502903
53 0.0499702
54 0.0496589
55 0.0493507
56 0.0490465
57 0.0487568
58 0.048465
59 0.0481826
60 0.0479021
61 0.0476263
62 0.0473572
63 0.0470955
64 0.0468346
65 0.0465793
66 0.0463274
67 0.0460799
68 0.0458322
69 0.0455951
70 0.0453596
71 0.0451284
72 0.0448994
73 0.0446775
74 0.0444554
75 0.0442383
76 0.0440219
77 0.0438096
78 0.0436019
79 0.0433953
80 0.0431935
81 0.0429931
82 0.0427989
83 0.0426032
84 0.042411
85 0.0422213
86 0.0420362
87 0.0418496
88 0.0416683
89 0.0414882
90 0.0413113
91 0.0411353
92 0.0409633
93 0.0407925
94 0.0406228
95 0.0404549
96 0.0402915
97 0.0401289
98 0.0399688
99 0.0398102
100 0.039653
101 0.0394966
102 0.0393444
103 0.039192
104 0.0390438
105 0.0388963
106 0.0387508
107 0.0386071
108 0.0384653
109 0.0383241
110 0.0381844
111 0.0380477
112 0.0379116
113 0.037777
114 0.0376422
115 0.0375103
116 0.0373781
117 0.0372487
118 0.0371195
119 0.0369927
120 0.036867
121 0.0367422
122 0.0366195
123 0.0364976
124 0.0363767
125 0.0362568
126 0.0361379
127 0.03602
128 0.0359025
129 0.0357872
130 0.0356712
131 0.0355574
132 0.0354442
133 0.0353332
134 0.0352221
135 0.0351127
136 0.0350046
137 0.0348969
138 0.0347895
139 0.0346843
140 0.0345809
141 0.0344773
142 0.0343746
143 0.0342729
144 0.0341724
145 0.0340732
146 0.0339736
147 0.0338749
148 0.0337774
149 0.0336793
150 0.033583
151 0.0334871
152 0.0333924
153 0.0332982
154 0.0332052
155 0.0331125
156 0.0330209
157 0.0329303
158 0.0328399
159 0.0327504
160 0.0326612
161 0.0325735
162 0.0324861
163 0.0323998
164 0.0323146
165 0.0322292
166 0.0321446
167 0.0320603
168 0.0319769
169 0.0318943
170 0.031813
171 0.0317319
172 0.0316511
173 0.031571
174 0.0314925
175 0.031414
176 0.0313365
177 0.0312592
178 0.0311826
179 0.0311073
180 0.0310321
181 0.0309576
182 0.030883
183 0.0308095
184 0.0307368
185 0.0306644
186 0.0305919
187 0.0305203
188 0.0304499
189 0.0303794
190 0.0303093
191 0.0302402
192 0.0301714
193 0.0301034
194 0.0300358
195 0.0299687
196 0.0299025
197 0.0298364
198 0.0297709
199 0.0297062
200 0.0296423
201 0.0295787
202 0.0295154
203 0.0294526
204 0.02939
205 0.0293283
206 0.0292668
207 0.0292055
208 0.0291449
209 0.0290847
210 0.0290248
211 0.0289656
212 0.0289068
213 0.0288481
214 0.0287897
215 0.0287315
216 0.0286737
217 0.0286164
218 0.0285593
219 0.0285028
220 0.0284467
221 0.0283909
222 0.0283358
223 0.028281
224 0.0282264
225 0.0281723
226 0.0281187
227 0.0280652
228 0.0280119
229 0.0279588
230 0.0279062
231 0.0278544
232 0.0278024
233 0.0277504
234 0.027699
235 0.0276475
236 0.0275966
237 0.0275461
238 0.027496
239 0.0274463
240 0.0273971
241 0.027348
242 0.0272993
243 0.0272509
244 0.0272031
245 0.0271551
246 0.0271074
247 0.02706
248 0.0270128
249 0.0269656
250 0.0269188
251 0.0268723
252 0.026826
253 0.02678
254 0.0267343
255 0.0266891
256 0.0266442
257 0.0265997
258 0.0265552
259 0.0265112
260 0.0264675
261 0.0264237
262 0.0263799
263 0.0263366
264 0.0262935
265 0.026251
266 0.0262087
267 0.0261663
268 0.0261242
269 0.0260825
270 0.0260406
271 0.0259989
272 0.0259577
273 0.0259167
274 0.0258757
275 0.0258352
276 0.025795
277 0.0257549
278 0.0257148
279 0.0256752
280 0.0256357
281 0.0255963
282 0.0255571
283 0.0255181
284 0.0254796
285 0.0254411
286 0.0254028
287 0.0253646
288 0.0253268
289 0.0252888
290 0.0252509
291 0.0252133
292 0.0251758
293 0.0251388
294 0.0251019
295 0.025065
296 0.0250283
297 0.024992
298 0.024956
299 0.02492
300 0.0248843
