1 0.334402
2 0.361347
3 0.381016
4 0.39448
5 0.406837
6 0.416519
7 0.425679
8 0.433307
9 0.440552
10 0.447209
11 0.452808
12 0.458396
13 0.463545
14 0.468671
15 0.473319
16 0.477719
17 0.481969
18 0.485939
19 0.489899
20 0.49355
21 0.4971
22 0.500475
23 0.503735
24 0.506826
25 0.509819
26 0.512797
27 0.515642
28 0.518387
29 0.521043
30 0.523667
31 0.526162
32 0.528666
33 0.531084
34 0.533391
35 0.535703
36 0.537967
37 0.540113
38 0.542227
39 0.544313
40 0.546267
41 0.548247
42 0.550162
43 0.552032
44 0.553902
45 0.555718
46 0.557457
47 0.559199
48 0.560904
49 0.562598
50 0.564239
51 0.56583
52 0.567423
53 0.568981
54 0.5705
55 0.572004
56 0.573499
57 0.57493
58 0.576371
59 0.577774
60 0.579165
61 0.580529
62 0.581877
63 0.583185
64 0.584494
65 0.585777
66 0.58705
67 0.588298
68 0.589551
69 0.590757
70 0.591958
71 0.593139
72 0.594311
73 0.595454
74 0.596593
75 0.597709
76 0.598826
77 0.599928
78 0.601009
79 0.602086
80 0.603143
81 0.604193
82 0.605216
83 0.606247
84 0.60726
85 0.608268
86 0.609248
87 0.610239
88 0.611206
89 0.612168
90 0.613114
91 0.614056
92 0.614979
93 0.615898
94 0.616808
95 0.617713
96 0.618596
97 0.619478
98 0.620347
99 0.621209
100 0.622063
101 0.622917
102 0.623748
103 0.624584
104 0.625398
105 0.62621
106 0.627014
107 0.627806
108 0.628589
109 0.629374
110 0.63015
111 0.630913
112 0.631674
113 0.632428
114 0.633184
115 0.633925
116 0.634667
117 0.635395
118 0.636125
119 0.636841
120 0.637551
121 0.638257
122 0.638955
123 0.639648
124 0.640339
125 0.641022
126 0.6417
127 0.642375
128 0.643046
129 0.643708
130 0.644372
131 0.645028
132 0.645682
133 0.646326
134 0.646968
135 0.647601
136 0.648228
137 0.648851
138 0.649474
139 0.650087
140 0.650691
141 0.651297
142 0.651899
143 0.652496
144 0.653086
145 0.653672
146 0.654258
147 0.654839
148 0.655412
149 0.655991
150 0.656561
151 0.65713
152 0.657694
153 0.658254
154 0.658809
155 0.659363
156 0.659912
157 0.660456
158 0.660998
159 0.661536
160 0.662072
161 0.662602
162 0.663131
163 0.663655
164 0.664172
165 0.66469
166 0.665203
167 0.665716
168 0.666224
169 0.666728
170 0.667226
171 0.667721
172 0.668215
173 0.668707
174 0.669188
175 0.66967
176 0.670148
177 0.670625
178 0.6711
179 0.671568
180 0.672034
181 0.672497
182 0.67296
183 0.673417
184 0.673871
185 0.674323
186 0.674776
187 0.675225
188 0.675669
189 0.676111
190 0.676551
191 0.676987
192 0.677421
193 0.677851
194 0.678278
195 0.678703
196 0.679123
197 0.679542
198 0.679957
199 0.68037
200 0.680776
201 0.681181
202 0.681584
203 0.681984
204 0.682384
205 0.682779
206 0.683174
207 0.683566
208 0.683955
209 0.684342
210 0.684727
211 0.685108
212 0.685488
213 0.685867
214 0.686245
215 0.686622
216 0.686996
217 0.687368
218 0.687739
219 0.688107
220 0.688472
221 0.688836
222 0.689196
223 0.689554
224 0.68991
225 0.690264
226 0.690614
227 0.690964
228 0.691313
229 0.691659
230 0.692003
231 0.692344
232 0.692685
233 0.693027
234 0.693365
235 0.693704
236 0.69404
237 0.694374
238 0.694704
239 0.695031
240 0.695357
241 0.695682
242 0.696005
243 0.696326
244 0.696644
245 0.696962
246 0.697278
247 0.697592
248 0.697905
249 0.698217
250 0.698528
251 0.698837
252 0.699145
253 0.69945
254 0.699754
255 0.700056
256 0.700355
257 0.700653
258 0.700951
259 0.701246
260 0.701539
261 0.701833
262 0.702126
263 0.702417
264 0.702706
265 0.702992
266 0.703278
267 0.703563
268 0.703846
269 0.704128
270 0.704411
271 0.704692
272 0.70497
273 0.705247
274 0.705524
275 0.705798
276 0.70607
277 0.706342
278 0.706615
279 0.706884
280 0.707152
281 0.70742
282 0.707686
283 0.707952
284 0.708215
285 0.708478
286 0.708739
287 0.709001
288 0.70926
289 0.709519
290 0.709778
291 0.710035
292 0.710291
293 0.710545
294 0.710798
295 0.71105
296 0.711302
297 0.711552
298 0.7118
299 0.712047
300 0.712294
