1 0.334402
2 0.388292
3 0.420354
4 0.434873
5 0.456262
6 0.464929
7 0.480644
8 0.486697
9 0.498511
10 0.507126
11 0.508798
12 0.519868
13 0.525333
14 0.535299
15 0.53839
16 0.543725
17 0.549962
18 0.553446
19 0.561173
20 0.562917
21 0.568096
22 0.571355
23 0.575458
24 0.577915
25 0.581651
26 0.587238
27 0.589624
28 0.59251
29 0.595402
30 0.599774
31 0.601003
32 0.606288
33 0.608441
34 0.609538
35 0.614322
36 0.617207
37 0.617365
38 0.620445
39 0.623593
40 0.622456
41 0.627435
42 0.628705
43 0.630534
44 0.634339
45 0.635612
46 0.635717
47 0.639331
48 0.641021
49 0.64392
50 0.644649
51 0.645377
52 0.648664
53 0.65
54 0.650991
55 0.653242
56 0.655736
57 0.65506
58 0.658524
59 0.659126
60 0.661221
61 0.662353
62 0.664149
63 0.664259
64 0.666999
65 0.667847
66 0.669787
67 0.670693
68 0.673484
69 0.672744
70 0.674836
71 0.675857
72 0.67753
73 0.677696
74 0.679756
75 0.680304
76 0.682634
77 0.683626
78 0.68425
79 0.68609
80 0.686671
81 0.688199
82 0.688043
83 0.690788
84 0.691361
85 0.692949
86 0.692528
87 0.695469
88 0.695371
89 0.696816
90 0.697244
91 0.698884
92 0.698935
93 0.700522
94 0.701366
95 0.702821
96 0.702427
97 0.70417
98 0.704652
99 0.705667
100 0.706631
101 0.708294
102 0.707731
103 0.709832
104 0.709281
105 0.71059
106 0.711425
107 0.711844
108 0.712363
109 0.714077
110 0.714716
111 0.714877
112 0.716192
113 0.716806
114 0.718698
115 0.718348
116 0.720062
117 0.719734
118 0.721532
119 0.721335
120 0.722076
121 0.723007
122 0.723354
123 0.724279
124 0.725252
125 0.72581
126 0.726448
127 0.72741
128 0.728172
129 0.728483
130 0.730067
131 0.73032
132 0.731273
133 0.731346
134 0.732383
135 0.732366
136 0.732901
137 0.733617
138 0.734885
139 0.734653
140 0.734649
141 0.736144
142 0.736679
143 0.737282
144 0.737507
145 0.738022
146 0.739207
147 0.739759
148 0.739663
149 0.741664
150 0.741504
151 0.74246
152 0.742744
153 0.743483
154 0.743632
155 0.744689
156 0.744981
157 0.745391
158 0.746075
159 0.746509
160 0.747382
161 0.747288
162 0.748346
163 0.748496
164 0.748575
165 0.749541
166 0.74984
167 0.750998
168 0.75094
169 0.751467
170 0.751295
171 0.752016
172 0.752684
173 0.753236
174 0.752488
175 0.753533
176 0.753712
177 0.754632
178 0.755118
179 0.754842
180 0.755587
181 0.755698
182 0.756777
183 0.756731
184 0.756804
185 0.757603
186 0.758551
187 0.758628
188 0.758706
189 0.759281
190 0.759675
191 0.759853
192 0.760278
193 0.760433
194 0.760813
195 0.761141
196 0.760978
197 0.761596
198 0.761821
199 0.761996
200 0.76166
201 0.762201
202 0.7625
203 0.762874
204 0.763562
205 0.763365
206 0.764044
207 0.764348
208 0.764561
209 0.764712
210 0.765334
211 0.76515
212 0.765672
213 0.766159
214 0.766657
215 0.767353
216 0.767437
217 0.767785
218 0.768179
219 0.768376
220 0.768337
221 0.768932
222 0.768694
223 0.769089
224 0.769303
225 0.769513
226 0.769501
227 0.770037
228 0.770413
229 0.770676
230 0.770707
231 0.770822
232 0.771494
233 0.772272
234 0.772144
235 0.773
236 0.773092
237 0.773028
238 0.772901
239 0.773018
240 0.773297
241 0.773618
242 0.773883
243 0.773861
244 0.773942
245 0.774539
246 0.77474
247 0.774862
248 0.775264
249 0.775606
250 0.776046
251 0.775905
252 0.776412
253 0.77648
254 0.776684
255 0.776592
256 0.776807
257 0.776922
258 0.777434
259 0.777302
260 0.777578
261 0.778296
262 0.778456
263 0.77864
264 0.778752
265 0.778527
266 0.778942
267 0.779501
268 0.779481
269 0.779707
270 0.780424
271 0.780542
272 0.780462
273 0.780501
274 0.780977
275 0.78107
276 0.7808
277 0.781447
278 0.782076
279 0.781833
280 0.781957
281 0.782297
282 0.782594
283 0.782812
284 0.782766
285 0.783137
286 0.783254
287 0.783705
288 0.783612
289 0.784305
290 0.784436
291 0.784618
292 0.784913
293 0.784571
294 0.784944
295 0.785201
296 0.785526
297 0.785542
298 0.785517
299 0.785784
300 0.785949
