1 0
2 0.300253
3 0.509669
4 0
5 0.078703
6 0.015959
7 0.183633
8 0.20834
9 0.127104
10 0.271598
11 0.175839
12 0.165103
13 0.256376
14 0.303591
15 0.220218
16 0.202783
17 0.26716
18 0.215359
19 0.236373
20 0.18645
21 0.252068
22 0.18393
23 0.220365
24 0.219192
25 0.269074
26 0.191584
27 0.19859
28 0.229797
29 0.239324
30 0.179737
31 0.219803
32 0.208989
33 0.205881
34 0.200407
35 0.202506
36 0.190283
37 0.214479
38 0.18968
39 0.195665
40 0.208969
41 0.188977
42 0.188166
43 0.216551
44 0.192534
45 0.211227
46 0.188801
47 0.197858
48 0.196581
49 0.204217
50 0.191815
51 0.191608
52 0.182757
53 0.20044
54 0.182494
55 0.191045
56 0.189015
57 0.191625
58 0.183914
59 0.189831
60 0.184471
61 0.19051
62 0.185247
63 0.178194
64 0.185301
65 0.180509
66 0.187946
67 0.174432
68 0.185842
69 0.179521
70 0.178991
71 0.179766
72 0.178951
73 0.178268
74 0.178643
75 0.172502
76 0.18258
77 0.173049
78 0.177151
79 0.173437
80 0.177541
81 0.17165
82 0.175061
83 0.169671
84 0.172439
85 0.171155
86 0.172794
87 0.167764
88 0.173285
89 0.166141
90 0.172583
91 0.17132
92 0.164316
93 0.168899
94 0.167842
95 0.168114
96 0.164658
97 0.166765
98 0.165385
99 0.166702
100 0.164852
