1 0
2 0.150127
3 0.269694
4 0.202456
5 0.177944
6 0.150716
7 0.15543
8 0.162099
9 0.157989
10 0.169526
11 0.170074
12 0.16974
13 0.174928
14 0.182952
15 0.182232
16 0.170111
17 0.166613
18 0.16917
19 0.172622
20 0.169842
21 0.17323
22 0.171681
23 0.172687
24 0.173591
25 0.176295
26 0.174417
27 0.172183
28 0.172275
29 0.173537
30 0.173355
31 0.172908
32 0.17389
33 0.17404
34 0.174189
35 0.17684
36 0.174822
37 0.172797
38 0.172328
39 0.171358
40 0.170051
41 0.16944
42 0.169142
43 0.169293
44 0.168739
45 0.169023
46 0.168432
47 0.168722
48 0.168769
49 0.168688
50 0.168449
51 0.168756
52 0.168118
53 0.168061
54 0.167871
55 0.167909
56 0.167929
57 0.167351
58 0.166995
59 0.167488
60 0.167358
61 0.167108
62 0.166842
63 0.166655
64 0.166417
65 0.16593
66 0.165278
67 0.164451
68 0.164212
69 0.163843
70 0.163328
71 0.163025
72 0.162676
73 0.163248
74 0.162612
75 0.161723
76 0.161821
77 0.161874
78 0.161989
79 0.161711
80 0.161291
81 0.160873
82 0.161156
83 0.159682
84 0.159079
85 0.158849
86 0.158731
87 0.158473
88 0.158089
89 0.157746
90 0.157676
91 0.157469
92 0.157167
93 0.156682
94 0.156536
95 0.156419
96 0.156061
97 0.155947
98 0.155125
99 0.154585
100 0.154333
