1 0.499258
2 0.508014
3 0.513382
4 0.518135
5 0.521939
6 0.525362
7 0.528569
8 0.531619
9 0.534346
10 0.536819
11 0.539151
12 0.541207
13 0.543238
14 0.545122
15 0.54699
16 0.548616
17 0.550283
18 0.552001
19 0.553391
20 0.554869
21 0.55618
22 0.557342
23 0.558961
24 0.559918
25 0.561212
26 0.562359
27 0.563576
28 0.564423
29 0.565432
30 0.566517
31 0.567497
32 0.568362
33 0.569433
34 0.570211
35 0.571031
36 0.571732
37 0.572616
38 0.573367
39 0.57419
40 0.574799
41 0.575557
42 0.576292
43 0.577019
44 0.577564
45 0.578391
46 0.579046
47 0.579623
48 0.580153
49 0.580757
50 0.581353
51 0.581825
52 0.582405
53 0.582891
54 0.583366
55 0.583859
56 0.584415
57 0.584953
58 0.585374
59 0.585839
60 0.586378
61 0.586849
62 0.587268
63 0.587736
64 0.588098
65 0.588607
66 0.588975
67 0.589434
68 0.589738
69 0.590069
70 0.590569
71 0.590984
72 0.591325
73 0.591813
74 0.592186
75 0.592462
76 0.592841
77 0.593147
78 0.593403
79 0.593755
80 0.594134
81 0.594505
82 0.594705
83 0.595028
84 0.595326
85 0.595662
86 0.59603
87 0.596219
88 0.596642
89 0.596902
90 0.59708
91 0.597335
92 0.597549
93 0.597859
94 0.598194
95 0.598391
96 0.59877
97 0.598976
98 0.599129
99 0.599432
100 0.599816
101 0.599855
102 0.600096
103 0.600507
104 0.600424
105 0.600929
106 0.601
107 0.601223
108 0.601549
109 0.601705
110 0.601898
111 0.602125
112 0.602317
113 0.602625
114 0.60269
115 0.603031
116 0.603264
117 0.603391
118 0.603611
119 0.603673
120 0.603884
121 0.60413
122 0.604318
123 0.604327
124 0.604707
125 0.604863
126 0.605039
127 0.605077
128 0.605324
129 0.605435
130 0.605686
131 0.605824
132 0.605963
133 0.606091
134 0.606177
135 0.60636
136 0.606589
137 0.606762
138 0.606865
139 0.607083
140 0.607244
141 0.607411
142 0.607536
143 0.607655
144 0.607858
145 0.607983
146 0.60811
147 0.608217
148 0.608413
149 0.608401
150 0.60871
151 0.608747
152 0.608919
153 0.609094
154 0.609188
155 0.609408
156 0.609443
157 0.609519
158 0.609659
159 0.60977
160 0.60997
161 0.61007
162 0.610131
163 0.610386
164 0.610392
165 0.610495
166 0.610783
167 0.610775
168 0.610914
169 0.611018
170 0.611162
171 0.611244
172 0.611329
173 0.611457
174 0.611561
175 0.611713
176 0.611929
177 0.611888
178 0.611868
179 0.612047
180 0.612235
181 0.612359
182 0.612501
183 0.61254
184 0.612573
185 0.612641
186 0.612819
187 0.612922
188 0.612962
189 0.613188
190 0.613162
191 0.613308
192 0.613386
193 0.61356
194 0.613512
195 0.613713
196 0.613706
197 0.613797
198 0.613959
199 0.614012
200 0.61402
201 0.614191
202 0.614292
203 0.614329
204 0.614453
205 0.614464
206 0.614552
207 0.614704
208 0.614801
209 0.614913
210 0.614967
211 0.615027
212 0.615168
213 0.615242
214 0.615207
215 0.615348
216 0.615563
217 0.615555
218 0.615554
219 0.615574
220 0.615662
221 0.615874
222 0.615944
223 0.615866
224 0.616086
225 0.616106
226 0.616099
227 0.616265
228 0.616327
229 0.616471
230 0.616451
231 0.616528
232 0.616652
233 0.616726
234 0.616702
235 0.616946
236 0.6169
237 0.617004
238 0.617059
239 0.617218
240 0.617289
241 0.617165
242 0.617291
243 0.617277
244 0.617443
245 0.617487
246 0.617503
247 0.617502
248 0.617655
249 0.617748
250 0.617752
251 0.617807
252 0.617898
253 0.617903
254 0.618047
255 0.618115
256 0.618188
257 0.618226
258 0.618344
259 0.618267
260 0.61832
261 0.618365
262 0.618524
263 0.618594
264 0.618538
265 0.618601
266 0.618781
267 0.618795
268 0.618835
269 0.618786
270 0.618914
271 0.619102
272 0.618933
273 0.619209
274 0.619148
275 0.619216
276 0.61933
277 0.619436
278 0.619378
279 0.619506
280 0.619493
281 0.619568
282 0.619512
283 0.619584
284 0.619654
285 0.619768
286 0.619723
287 0.619878
288 0.619814
289 0.619995
290 0.619947
291 0.619961
292 0.620028
293 0.620119
294 0.620201
295 0.620192
296 0.620249
297 0.620373
298 0.620398
299 0.620422
300 0.620493
