1 0.19711
2 0.188691
3 0.183129
4 0.178412
5 0.174466
6 0.171041
7 0.167919
8 0.164873
9 0.162365
10 0.159897
11 0.157482
12 0.155465
13 0.153435
14 0.151424
15 0.1497
16 0.147991
17 0.146449
18 0.144766
19 0.143381
20 0.14188
21 0.140527
22 0.13938
23 0.137847
24 0.13684
25 0.135577
26 0.134403
27 0.133294
28 0.132267
29 0.131364
30 0.13026
31 0.12931
32 0.128407
33 0.12744
34 0.126642
35 0.125737
36 0.125064
37 0.124245
38 0.123525
39 0.122607
40 0.121975
41 0.121265
42 0.120521
43 0.11978
44 0.119259
45 0.118483
46 0.1178
47 0.117225
48 0.116627
49 0.11605
50 0.115461
51 0.115021
52 0.114393
53 0.113932
54 0.113415
55 0.112859
56 0.112422
57 0.111864
58 0.111472
59 0.110978
60 0.110444
61 0.109942
62 0.109504
63 0.1091
64 0.108742
65 0.10825
66 0.107866
67 0.107459
68 0.107065
69 0.106761
70 0.106305
71 0.105836
72 0.10552
73 0.105082
74 0.104679
75 0.104348
76 0.104006
77 0.10369
78 0.103387
79 0.103107
80 0.102701
81 0.102342
82 0.10214
83 0.101801
84 0.101555
85 0.101149
86 0.10084
87 0.100648
88 0.100224
89 0.0999439
90 0.0997854
91 0.099521
92 0.0993047
93 0.0989889
94 0.0987078
95 0.0984949
96 0.0981143
97 0.0978843
98 0.0977514
99 0.0974553
100 0.0970492
101 0.0969878
102 0.0967775
103 0.0963617
104 0.0964259
105 0.0959784
106 0.095863
107 0.095652
108 0.0953221
109 0.0951146
110 0.0949497
111 0.0946935
112 0.0945371
113 0.0942204
114 0.0941411
115 0.0938226
116 0.0936091
117 0.0934831
118 0.0932545
119 0.0931578
120 0.0929637
121 0.0927154
122 0.0925441
123 0.0925264
124 0.0921076
125 0.0919971
126 0.0918025
127 0.0917466
128 0.0914856
129 0.0914377
130 0.0911671
131 0.0910156
132 0.0908489
133 0.0907247
134 0.0906224
135 0.0904644
136 0.0902455
137 0.0900798
138 0.0899736
139 0.0897663
140 0.0895729
141 0.0894127
142 0.0892832
143 0.0891431
144 0.0889747
145 0.0888448
146 0.0887357
147 0.0886423
148 0.0884402
149 0.088455
150 0.0881579
151 0.0880818
152 0.0879452
153 0.0877792
154 0.0876469
155 0.0874021
156 0.0873809
157 0.0873137
158 0.0871741
159 0.0870811
160 0.0868624
161 0.0867772
162 0.0867209
163 0.0864374
164 0.0864407
165 0.0863276
166 0.0860628
167 0.0860611
168 0.0859616
169 0.0858001
170 0.0856815
171 0.0855711
172 0.0855238
173 0.0853888
174 0.0852916
175 0.0851215
176 0.0849395
177 0.0849414
178 0.0850044
179 0.0847987
180 0.0845914
181 0.0845072
182 0.0843312
183 0.0842972
184 0.0842915
185 0.0842276
186 0.0840365
187 0.0839538
188 0.0838911
189 0.0836642
190 0.0836785
191 0.0835263
192 0.0834307
193 0.0832766
194 0.0833411
195 0.0831331
196 0.0831329
197 0.0830408
198 0.0828617
199 0.0828424
200 0.0828275
201 0.0826423
202 0.0825584
203 0.0825395
204 0.0823983
205 0.0823906
206 0.0822828
207 0.0821589
208 0.0820546
209 0.0819426
210 0.0818848
211 0.0817912
212 0.08168
213 0.0816036
214 0.0816313
215 0.0814863
216 0.0812953
217 0.0813216
218 0.0812924
219 0.0812753
220 0.0811851
221 0.0809739
222 0.080903
223 0.080978
224 0.0807612
225 0.0807355
226 0.0807559
227 0.0805854
228 0.0805131
229 0.0803922
230 0.0803915
231 0.0803093
232 0.0802094
233 0.0801044
234 0.0801547
235 0.0799179
236 0.0799684
237 0.0798598
238 0.0798046
239 0.0796348
240 0.0795529
241 0.0796863
242 0.0795503
243 0.0795763
244 0.0793882
245 0.0793812
246 0.079351
247 0.0793146
248 0.0792002
249 0.0791027
250 0.079071
251 0.0790386
252 0.0789289
253 0.0789436
254 0.0788063
255 0.0787278
256 0.0786667
257 0.0786256
258 0.0784952
259 0.0785975
260 0.0785209
261 0.0784465
262 0.0783225
263 0.0782312
264 0.0782933
265 0.0782192
266 0.0780721
267 0.0780464
268 0.0780052
269 0.0780395
270 0.0779123
271 0.0777283
272 0.0778973
273 0.0776287
274 0.0777024
275 0.0776203
276 0.0775112
277 0.0773935
278 0.0774638
279 0.0773363
280 0.0773334
281 0.077263
282 0.0773354
283 0.0772714
284 0.0771694
285 0.0770634
286 0.0771169
287 0.0769357
288 0.077017
289 0.0768119
290 0.0768762
291 0.0768847
292 0.0767878
293 0.0766988
294 0.0766168
295 0.0766429
296 0.0765737
297 0.0764513
298 0.0764453
299 0.0764197
300 0.0763315
