1 0.099032
2 0.110277
3 0.117738
4 0.12478
5 0.130319
6 0.135218
7 0.140319
8 0.145019
9 0.149158
10 0.153214
11 0.157262
12 0.160536
13 0.163771
14 0.167621
15 0.170853
16 0.173922
17 0.176591
18 0.17986
19 0.182257
20 0.185269
21 0.187451
22 0.189805
23 0.192388
24 0.19463
25 0.19682
26 0.199766
27 0.201694
28 0.203787
29 0.205535
30 0.207698
31 0.209547
32 0.211947
33 0.213444
34 0.215194
35 0.217102
36 0.218508
37 0.220137
38 0.221782
39 0.22373
40 0.224583
41 0.226691
42 0.228111
43 0.229787
44 0.230698
45 0.232643
46 0.233684
47 0.235439
48 0.236243
49 0.237378
50 0.239086
51 0.239435
52 0.24116
53 0.242305
54 0.243108
55 0.244342
56 0.245794
57 0.246946
58 0.248026
59 0.24879
60 0.250379
61 0.251505
62 0.252578
63 0.253301
64 0.253643
65 0.255163
66 0.255732
67 0.25708
68 0.257086
69 0.258524
70 0.259732
71 0.260314
72 0.261162
73 0.262383
74 0.263483
75 0.263677
76 0.26476
77 0.26559
78 0.265815
79 0.266752
80 0.267708
81 0.268973
82 0.268613
83 0.269628
84 0.270337
85 0.271441
86 0.272408
87 0.272286
88 0.273552
89 0.274429
90 0.274768
91 0.274986
92 0.27534
93 0.275958
94 0.276551
95 0.277615
96 0.278463
97 0.278766
98 0.279243
99 0.279946
100 0.28107
101 0.28061
102 0.281436
103 0.282661
104 0.282544
105 0.28342
106 0.283802
107 0.284029
108 0.284806
109 0.285463
110 0.286072
111 0.286617
112 0.286723
113 0.287994
114 0.287128
115 0.288561
116 0.28939
117 0.289593
118 0.290297
119 0.289636
120 0.290809
121 0.291543
122 0.291412
123 0.291325
124 0.292719
125 0.292827
126 0.293121
127 0.293178
128 0.293797
129 0.293996
130 0.295462
131 0.296065
132 0.295762
133 0.295897
134 0.296111
135 0.296491
136 0.2971
137 0.297319
138 0.298008
139 0.297986
140 0.299075
141 0.299066
142 0.299407
143 0.299996
144 0.299775
145 0.301124
146 0.301105
147 0.30085
148 0.30155
149 0.30111
150 0.302291
151 0.302052
152 0.302767
153 0.302968
154 0.303555
155 0.304359
156 0.303804
157 0.303731
158 0.304613
159 0.304551
160 0.305467
161 0.305256
162 0.305099
163 0.306476
164 0.306622
165 0.306971
166 0.308146
167 0.307303
168 0.307653
169 0.308058
170 0.308324
171 0.308578
172 0.308341
173 0.308896
174 0.309324
175 0.309971
176 0.310804
177 0.310252
178 0.310121
179 0.310162
180 0.311205
181 0.311305
182 0.312113
183 0.312202
184 0.312089
185 0.312053
186 0.312432
187 0.312441
188 0.31267
189 0.31406
190 0.313304
191 0.314052
192 0.314213
193 0.314685
194 0.313935
195 0.314589
196 0.314598
197 0.314507
198 0.315783
199 0.315491
200 0.315107
201 0.316018
202 0.31588
203 0.315974
204 0.316001
205 0.315909
206 0.316587
207 0.31732
208 0.317955
209 0.317802
210 0.318274
211 0.318177
212 0.317982
213 0.318704
214 0.318508
215 0.319334
216 0.319282
217 0.31911
218 0.319218
219 0.319495
220 0.319897
221 0.32013
222 0.320957
223 0.320164
224 0.320724
225 0.321145
226 0.320581
227 0.321125
228 0.321347
229 0.321925
230 0.321295
231 0.321828
232 0.322353
233 0.322508
234 0.321965
235 0.323494
236 0.323427
237 0.323117
238 0.323566
239 0.323613
240 0.324255
241 0.323538
242 0.324038
243 0.323571
244 0.324568
245 0.323855
246 0.324151
247 0.324118
248 0.324345
249 0.324908
250 0.324716
251 0.324799
252 0.325467
253 0.325408
254 0.325971
255 0.326412
256 0.325958
257 0.326874
258 0.326831
259 0.325732
260 0.326723
261 0.326296
262 0.32658
263 0.326762
264 0.326722
265 0.326919
266 0.327641
267 0.327405
268 0.328226
269 0.327807
270 0.328691
271 0.328524
272 0.328361
273 0.329191
274 0.328409
275 0.328724
276 0.329341
277 0.329981
278 0.329184
279 0.329339
280 0.329538
281 0.330047
282 0.329721
283 0.329904
284 0.330229
285 0.330585
286 0.330303
287 0.331066
288 0.33056
289 0.331036
290 0.330921
291 0.330634
292 0.330565
293 0.332081
294 0.331794
295 0.33109
296 0.331229
297 0.332061
298 0.332058
299 0.332209
300 0.332344
