1 0.5
2 0.499734
3 0.499393
4 0.498955
5 0.498551
6 0.498142
7 0.497643
8 0.497299
9 0.496902
10 0.496562
11 0.49602
12 0.49567
13 0.495466
14 0.495027
15 0.494713
16 0.494374
17 0.494228
18 0.493781
19 0.493688
20 0.4933
21 0.493035
22 0.492767
23 0.492476
24 0.492266
25 0.491893
26 0.491611
27 0.491397
28 0.491337
29 0.491188
30 0.490909
31 0.490712
32 0.490432
33 0.490363
34 0.490351
35 0.489857
36 0.489799
37 0.489484
38 0.489402
39 0.489229
40 0.489077
41 0.48882
42 0.488894
43 0.488814
44 0.488619
45 0.488504
46 0.488446
47 0.488298
48 0.488014
49 0.488086
50 0.487838
51 0.487715
52 0.487745
53 0.487639
54 0.487521
55 0.487439
56 0.487355
57 0.487277
58 0.487034
59 0.486959
60 0.48701
61 0.486771
62 0.486545
63 0.486615
64 0.486611
65 0.486533
66 0.486199
67 0.486292
68 0.486242
69 0.486214
70 0.486025
71 0.485959
72 0.486098
73 0.486016
74 0.485791
75 0.485776
76 0.485462
77 0.485638
78 0.485652
79 0.485656
80 0.485534
81 0.485417
82 0.485234
83 0.485127
84 0.485137
85 0.485059
86 0.485264
87 0.484698
88 0.485066
89 0.485264
90 0.484826
91 0.484872
92 0.484662
93 0.484812
94 0.484776
95 0.484926
96 0.484552
97 0.484817
98 0.484461
99 0.484641
100 0.484475
101 0.484451
102 0.484602
103 0.484441
104 0.484247
105 0.48431
106 0.484282
107 0.484253
108 0.484279
109 0.484197
110 0.484136
111 0.484158
112 0.484145
113 0.484103
114 0.483909
115 0.483856
116 0.483928
117 0.483838
118 0.483959
119 0.483592
120 0.483683
121 0.483914
122 0.48372
123 0.483645
124 0.483482
125 0.483882
126 0.483661
127 0.483792
128 0.483645
129 0.48349
130 0.483446
131 0.483646
132 0.48341
133 0.483616
134 0.483547
135 0.483504
136 0.483511
137 0.483336
138 0.483222
139 0.483378
140 0.482852
141 0.483412
142 0.48332
143 0.483405
144 0.483339
145 0.483096
146 0.483046
147 0.483159
148 0.483076
149 0.48305
150 0.483154
151 0.483169
152 0.483081
153 0.483184
154 0.483136
155 0.482886
156 0.483119
157 0.483027
158 0.48301
159 0.482838
160 0.482855
161 0.482849
162 0.482619
163 0.482927
164 0.483054
165 0.482766
166 0.482864
167 0.482807
168 0.482684
169 0.482817
170 0.482809
171 0.48284
172 0.482823
173 0.48281
174 0.482943
175 0.482773
176 0.482799
177 0.482856
178 0.482749
179 0.48254
180 0.482504
181 0.482396
182 0.482616
183 0.482532
184 0.482508
185 0.482533
186 0.482438
187 0.48237
188 0.48241
189 0.482679
190 0.482626
191 0.48249
192 0.482604
193 0.482365
194 0.482552
195 0.482489
196 0.482336
197 0.482561
198 0.482512
199 0.48252
200 0.48244
201 0.482228
202 0.482341
203 0.482457
204 0.482266
205 0.482306
206 0.482257
207 0.482476
208 0.482332
209 0.482299
210 0.482053
211 0.482272
212 0.482223
213 0.482134
214 0.482256
215 0.482133
216 0.482075
217 0.482073
218 0.482019
219 0.482329
220 0.482182
221 0.482342
222 0.482394
223 0.482058
224 0.482152
225 0.482114
226 0.482385
227 0.482304
228 0.482232
229 0.482228
230 0.48202
231 0.481899
232 0.482288
233 0.482166
234 0.482173
235 0.482081
236 0.482229
237 0.48195
238 0.481879
239 0.481682
240 0.48219
241 0.481961
242 0.482012
243 0.482015
244 0.481818
245 0.482006
246 0.48204
247 0.481925
248 0.48179
249 0.482053
250 0.481817
251 0.481944
252 0.482072
253 0.48199
254 0.481866
255 0.481648
256 0.481794
257 0.481645
258 0.481923
259 0.482117
260 0.481837
261 0.481732
262 0.481873
263 0.481763
264 0.48175
265 0.48168
266 0.481828
267 0.48182
268 0.481613
269 0.48204
270 0.481873
271 0.481731
272 0.481838
273 0.481743
274 0.481658
275 0.481781
276 0.481774
277 0.481512
278 0.481873
279 0.481454
280 0.481553
281 0.481811
282 0.48188
283 0.481793
284 0.481642
285 0.481593
286 0.481844
287 0.481829
288 0.481822
289 0.481736
290 0.481778
291 0.481646
292 0.481719
293 0.481649
294 0.481939
295 0.481643
296 0.481767
297 0.481734
298 0.481615
299 0.481563
300 0.481636
