1 0.099032
2 0.121522
3 0.132672
4 0.14502
5 0.153357
6 0.161699
7 0.169959
8 0.176748
9 0.183308
10 0.189895
11 0.19564
12 0.20103
13 0.205569
14 0.211523
15 0.215689
16 0.220412
17 0.22394
18 0.228686
19 0.231565
20 0.236332
21 0.239034
22 0.242503
23 0.245421
24 0.248436
25 0.251404
26 0.255287
27 0.257836
28 0.26004
29 0.262273
30 0.265175
31 0.267303
32 0.270356
33 0.271699
34 0.274147
35 0.276211
36 0.278205
37 0.279224
38 0.281896
39 0.28378
40 0.285024
41 0.287042
42 0.288929
43 0.290304
44 0.29144
45 0.293372
46 0.294812
47 0.296622
48 0.297472
49 0.298452
50 0.300383
51 0.300605
52 0.302268
53 0.303385
54 0.304589
55 0.305359
56 0.3072
57 0.308312
58 0.309297
59 0.310134
60 0.311717
61 0.312489
62 0.313971
63 0.314209
64 0.314211
65 0.316102
66 0.31626
67 0.31763
68 0.317771
69 0.319024
70 0.320387
71 0.320499
72 0.321463
73 0.322607
74 0.32367
75 0.323203
76 0.324613
77 0.325205
78 0.325326
79 0.325815
80 0.327124
81 0.328294
82 0.327633
83 0.328312
84 0.328976
85 0.330234
86 0.331031
87 0.330579
88 0.331725
89 0.332368
90 0.332668
91 0.332426
92 0.332931
93 0.333366
94 0.333962
95 0.33479
96 0.335581
97 0.335485
98 0.33609
99 0.336706
100 0.33752
101 0.33661
102 0.337338
103 0.338283
104 0.338402
105 0.339128
106 0.339279
107 0.339737
108 0.339965
109 0.340635
110 0.34108
111 0.341576
112 0.341483
113 0.342839
114 0.341453
115 0.342993
116 0.343495
117 0.343501
118 0.344099
119 0.343502
120 0.344391
121 0.344725
122 0.344773
123 0.344363
124 0.345897
125 0.345667
126 0.345532
127 0.34558
128 0.34611
129 0.346469
130 0.347854
131 0.348068
132 0.347705
133 0.347418
134 0.347418
135 0.347793
136 0.348215
137 0.348355
138 0.349189
139 0.348729
140 0.349681
141 0.349705
142 0.350037
143 0.350194
144 0.349768
145 0.351176
146 0.350986
147 0.350478
148 0.350946
149 0.350627
150 0.351644
151 0.351107
152 0.351968
153 0.351926
154 0.352474
155 0.353041
156 0.352347
157 0.352071
158 0.353135
159 0.352707
160 0.353601
161 0.353224
162 0.35286
163 0.35434
164 0.354417
165 0.354542
166 0.355661
167 0.354511
168 0.354802
169 0.35515
170 0.355332
171 0.355213
172 0.355082
173 0.355236
174 0.355861
175 0.356229
176 0.357189
177 0.355859
178 0.355858
179 0.355962
180 0.3568
181 0.356788
182 0.357686
183 0.35747
184 0.357224
185 0.357164
186 0.357458
187 0.357208
188 0.35749
189 0.358628
190 0.357775
191 0.358661
192 0.358457
193 0.358992
194 0.358139
195 0.358617
196 0.358416
197 0.358338
198 0.359507
199 0.3592
200 0.358616
201 0.359552
202 0.359325
203 0.359132
204 0.35918
205 0.358699
206 0.359646
207 0.360024
208 0.360672
209 0.360335
210 0.360952
211 0.360493
212 0.360265
213 0.360897
214 0.360886
215 0.361544
216 0.361183
217 0.361068
218 0.361084
219 0.361205
220 0.361586
221 0.361699
222 0.362344
223 0.361423
224 0.361866
225 0.362264
226 0.361586
227 0.362091
228 0.362195
229 0.36263
230 0.36191
231 0.362368
232 0.362929
233 0.363224
234 0.362288
235 0.363965
236 0.363694
237 0.363396
238 0.363848
239 0.363714
240 0.364021
241 0.363434
242 0.363668
243 0.363238
244 0.364353
245 0.363391
246 0.363581
247 0.363367
248 0.363619
249 0.364136
250 0.363755
251 0.363895
252 0.364304
253 0.364237
254 0.364877
255 0.365311
256 0.364818
257 0.365486
258 0.365515
259 0.364159
260 0.365186
261 0.364662
262 0.36496
263 0.365027
264 0.364804
265 0.364959
266 0.365674
267 0.365264
268 0.366328
269 0.365836
270 0.366587
271 0.366522
272 0.365971
273 0.366865
274 0.3659
275 0.366304
276 0.36674
277 0.36726
278 0.366427
279 0.366474
280 0.366619
281 0.367164
282 0.366989
283 0.366999
284 0.367276
285 0.367514
286 0.367277
287 0.367932
288 0.367305
289 0.36768
290 0.367469
291 0.366932
292 0.367105
293 0.368537
294 0.367998
295 0.367269
296 0.367682
297 0.368317
298 0.368241
299 0.368291
300 0.3685
