1 0.499258
2 0.516335
3 0.52465
4 0.532316
5 0.538047
6 0.543075
7 0.548496
8 0.551908
9 0.555577
10 0.558542
11 0.562965
12 0.565663
13 0.567189
14 0.570348
15 0.57252
16 0.574801
17 0.575755
18 0.578619
19 0.579201
20 0.581585
21 0.583171
22 0.584743
23 0.58642
24 0.587605
25 0.589676
26 0.591208
27 0.592357
28 0.592676
29 0.593461
30 0.594913
31 0.595927
32 0.59735
33 0.597698
34 0.597757
35 0.600204
36 0.600487
37 0.602011
38 0.602402
39 0.603227
40 0.603946
41 0.605147
42 0.6048
43 0.605172
44 0.606075
45 0.606606
46 0.606871
47 0.607544
48 0.608827
49 0.6085
50 0.609611
51 0.610157
52 0.610024
53 0.610492
54 0.611014
55 0.611371
56 0.611741
57 0.612081
58 0.613132
59 0.613453
60 0.613232
61 0.614258
62 0.615216
63 0.614921
64 0.614936
65 0.615266
66 0.616666
67 0.61628
68 0.616489
69 0.616605
70 0.617391
71 0.617664
72 0.617087
73 0.617425
74 0.618355
75 0.618414
76 0.619698
77 0.618982
78 0.618925
79 0.618909
80 0.619404
81 0.619877
82 0.620619
83 0.621048
84 0.621009
85 0.62132
86 0.620495
87 0.622755
88 0.621291
89 0.620495
90 0.622248
91 0.622063
92 0.622897
93 0.622302
94 0.622447
95 0.621851
96 0.623329
97 0.622282
98 0.623686
99 0.62298
100 0.623632
101 0.623723
102 0.623134
103 0.623763
104 0.624521
105 0.624275
106 0.624386
107 0.624496
108 0.624395
109 0.624717
110 0.624952
111 0.624866
112 0.624917
113 0.625079
114 0.625827
115 0.626032
116 0.625756
117 0.626102
118 0.625635
119 0.62704
120 0.626694
121 0.625808
122 0.626553
123 0.626838
124 0.627458
125 0.625931
126 0.626777
127 0.626277
128 0.626839
129 0.62743
130 0.627597
131 0.626834
132 0.627733
133 0.62695
134 0.627212
135 0.627375
136 0.627348
137 0.628013
138 0.628441
139 0.627852
140 0.629824
141 0.627723
142 0.628071
143 0.627749
144 0.628001
145 0.628913
146 0.629103
147 0.628679
148 0.628988
149 0.629086
150 0.628695
151 0.62864
152 0.62897
153 0.628584
154 0.628764
155 0.629697
156 0.628829
157 0.629174
158 0.629235
159 0.629876
160 0.629815
161 0.629838
162 0.630689
163 0.629547
164 0.629071
165 0.630146
166 0.629779
167 0.629993
168 0.63045
169 0.629957
170 0.629986
171 0.629871
172 0.629932
173 0.629982
174 0.629485
175 0.630119
176 0.630022
177 0.62981
178 0.630208
179 0.630981
180 0.631112
181 0.631508
182 0.630698
183 0.631011
184 0.631099
185 0.631006
186 0.631357
187 0.631604
188 0.631459
189 0.630466
190 0.630661
191 0.631165
192 0.630744
193 0.631622
194 0.630936
195 0.631169
196 0.63173
197 0.630901
198 0.631084
199 0.631055
200 0.631349
201 0.632124
202 0.63171
203 0.631284
204 0.631984
205 0.631839
206 0.63202
207 0.631216
208 0.631743
209 0.631865
210 0.632762
211 0.631965
212 0.632141
213 0.632468
214 0.632021
215 0.63247
216 0.632683
217 0.632689
218 0.632884
219 0.631756
220 0.632292
221 0.631707
222 0.631515
223 0.632744
224 0.632403
225 0.63254
226 0.631548
227 0.631848
228 0.632111
229 0.632124
230 0.632882
231 0.633318
232 0.631906
233 0.632352
234 0.632326
235 0.632659
236 0.632122
237 0.633133
238 0.633393
239 0.6341
240 0.632262
241 0.633094
242 0.632911
243 0.6329
244 0.633611
245 0.632931
246 0.63281
247 0.633226
248 0.633712
249 0.632762
250 0.633616
251 0.633158
252 0.632692
253 0.632989
254 0.633438
255 0.634222
256 0.633697
257 0.634235
258 0.633231
259 0.632528
260 0.633543
261 0.63392
262 0.633414
263 0.633809
264 0.633857
265 0.634107
266 0.633576
267 0.633605
268 0.634348
269 0.632809
270 0.633413
271 0.633925
272 0.633539
273 0.633882
274 0.634187
275 0.633744
276 0.633769
277 0.634709
278 0.633412
279 0.634916
280 0.634565
281 0.633638
282 0.633387
283 0.633701
284 0.634244
285 0.634422
286 0.633516
287 0.633571
288 0.633596
289 0.633907
290 0.633754
291 0.634231
292 0.633968
293 0.634219
294 0.633173
295 0.634242
296 0.633795
297 0.633915
298 0.63434
299 0.634529
300 0.634265
