1 0.5
2 0.35914
3 0.297702
4 0.261688
5 0.237272
6 0.219405
7 0.20577
8 0.194783
9 0.185742
10 0.178057
11 0.171731
12 0.166323
13 0.161416
14 0.157116
15 0.1532
16 0.149824
17 0.146638
18 0.14385
19 0.141176
20 0.138845
21 0.136706
22 0.134672
23 0.132619
24 0.131038
25 0.129425
26 0.127923
27 0.126341
28 0.125222
29 0.123896
30 0.122752
31 0.121462
32 0.120311
33 0.119502
34 0.118304
35 0.11759
36 0.116689
37 0.115849
38 0.114947
39 0.114282
40 0.113535
41 0.112732
42 0.112116
43 0.111527
44 0.110865
45 0.110294
46 0.10963
47 0.109149
48 0.108612
49 0.108194
50 0.107529
51 0.10711
52 0.106653
53 0.106157
54 0.105736
55 0.105318
56 0.104837
57 0.104455
58 0.104079
59 0.103689
60 0.103398
61 0.103008
62 0.102677
63 0.102313
64 0.102037
65 0.101593
66 0.101353
67 0.101052
68 0.100631
69 0.100468
70 0.10014
71 0.0999021
72 0.0996436
73 0.099465
74 0.0991598
75 0.098873
76 0.0985995
77 0.0984819
78 0.0980835
79 0.0979628
80 0.0976689
81 0.0974276
82 0.097238
83 0.0970401
84 0.0968561
85 0.0967414
86 0.096514
87 0.0962381
88 0.0959759
89 0.0959564
90 0.0957472
91 0.0955379
92 0.0953749
93 0.0952162
94 0.0950704
95 0.0948307
96 0.0946526
97 0.0945303
98 0.0943557
99 0.0941258
100 0.0940748
101 0.0939265
102 0.0938287
103 0.0936431
104 0.0935414
105 0.0933862
106 0.0932646
107 0.0931259
108 0.0929657
109 0.0927483
110 0.0927588
111 0.0926096
112 0.0924364
113 0.0923736
114 0.0922798
115 0.092158
116 0.0920897
117 0.0919008
118 0.0918671
119 0.0917533
120 0.0915618
121 0.0914252
122 0.0914033
123 0.0912371
124 0.0911055
125 0.0910139
126 0.0909486
127 0.0909054
128 0.0907272
129 0.0907382
130 0.0905299
131 0.0904507
132 0.0904357
133 0.0903042
134 0.0901704
135 0.0901236
136 0.0901093
137 0.0900478
138 0.0899363
139 0.0897656
140 0.0897675
141 0.0895813
142 0.0896435
143 0.0894995
144 0.0894805
145 0.0892783
146 0.0892873
147 0.0892159
148 0.089144
149 0.0889951
150 0.0890905
151 0.0889018
152 0.0889522
153 0.088774
154 0.0886902
155 0.0887466
156 0.088559
157 0.0885114
158 0.0884306
159 0.08839
160 0.0882769
161 0.0882634
162 0.0882719
163 0.0882619
164 0.0881902
165 0.0880306
166 0.0879832
167 0.0878893
168 0.0879579
169 0.0878684
170 0.0877381
171 0.0877911
172 0.0876169
173 0.0876089
174 0.0875967
175 0.0875547
176 0.0874228
177 0.0874473
178 0.0873043
179 0.0873689
180 0.0872414
181 0.0872002
182 0.0871815
183 0.0871141
184 0.0870943
185 0.0869835
186 0.0869009
187 0.0869781
188 0.0867606
189 0.0868323
190 0.0868246
191 0.086794
192 0.0867099
193 0.0866728
194 0.0865845
195 0.0865383
196 0.0865835
197 0.0864867
198 0.0864862
199 0.0864159
200 0.0863434
201 0.0864041
202 0.0862269
203 0.0862702
204 0.0861792
205 0.0861884
206 0.0861724
207 0.0861715
208 0.08609
209 0.0860607
210 0.0860388
211 0.0859503
212 0.0858744
213 0.0858404
214 0.0858327
215 0.0857574
216 0.0858305
217 0.0857655
218 0.0857596
219 0.0855999
220 0.0856972
221 0.0856069
222 0.0857143
223 0.0855402
224 0.0854264
225 0.0854529
226 0.0854944
227 0.0854196
228 0.0853781
229 0.0853714
230 0.0852682
231 0.0853007
232 0.0852623
233 0.0851664
234 0.0851201
235 0.0850855
236 0.085106
237 0.0851546
238 0.085009
239 0.0851014
240 0.0850463
241 0.0850064
242 0.0849114
243 0.0850245
244 0.0850153
245 0.084955
246 0.0848608
247 0.0848161
248 0.0848246
249 0.0847484
250 0.0847472
251 0.0847836
252 0.0847831
253 0.0847186
254 0.0846401
255 0.0846518
256 0.0846232
257 0.0845522
258 0.0845718
259 0.0845209
260 0.0845676
261 0.0844419
262 0.0844645
263 0.0845046
264 0.0845458
265 0.0844265
266 0.0844369
267 0.0843425
268 0.0843662
269 0.0843116
270 0.0843683
271 0.0842191
272 0.0842544
273 0.0842989
274 0.0842496
275 0.0841917
276 0.0841813
277 0.0842003
278 0.0841046
279 0.0840711
280 0.0840835
281 0.0840195
282 0.084053
283 0.0840634
284 0.0840304
285 0.0840174
286 0.0839217
287 0.0838841
288 0.0839178
289 0.0839133
290 0.0838913
291 0.0838047
292 0.0838494
293 0.0838878
294 0.0838265
295 0.0838284
296 0.0838074
297 0.0837757
298 0.083744
299 0.0837738
300 0.0837497
