1 0.19711
2 0.180272
3 0.172012
4 0.164312
5 0.158628
6 0.153476
7 0.148793
8 0.144867
9 0.141202
10 0.137685
11 0.134644
12 0.131831
13 0.129288
14 0.12661
15 0.124349
16 0.122199
17 0.120345
18 0.118282
19 0.116679
20 0.114812
21 0.113243
22 0.111914
23 0.110155
24 0.10906
25 0.107612
26 0.106252
27 0.105094
28 0.103956
29 0.102962
30 0.101846
31 0.100793
32 0.0998947
33 0.0988559
34 0.0981039
35 0.0971648
36 0.09641
37 0.0957702
38 0.0947642
39 0.094061
40 0.0934028
41 0.0926573
42 0.0920079
43 0.09131
44 0.0908512
45 0.0901133
46 0.0893819
47 0.0888942
48 0.0883525
49 0.0879446
50 0.0873349
51 0.0870035
52 0.0864594
53 0.0860612
54 0.0856141
55 0.085126
56 0.0847662
57 0.0842387
58 0.0838773
59 0.083547
60 0.0830404
61 0.082572
62 0.0822804
63 0.0819162
64 0.0817203
65 0.0812256
66 0.0809765
67 0.080675
68 0.0802861
69 0.0800952
70 0.0797195
71 0.0793856
72 0.0790661
73 0.0787681
74 0.0784498
75 0.0782531
76 0.0779352
77 0.0777389
78 0.0775135
79 0.0774398
80 0.0770118
81 0.0767957
82 0.076621
83 0.0764265
84 0.0762172
85 0.0758975
86 0.0757131
87 0.0756161
88 0.0752714
89 0.0750958
90 0.0750245
91 0.0748852
92 0.0747084
93 0.0744668
94 0.0742331
95 0.0740959
96 0.0738266
97 0.0737025
98 0.0736159
99 0.0733905
100 0.0731563
101 0.0731704
102 0.073084
103 0.0727524
104 0.0728164
105 0.0725041
106 0.072426
107 0.0722632
108 0.0720764
109 0.0719625
110 0.0718507
111 0.0716536
112 0.071614
113 0.0713565
114 0.0713217
115 0.0711037
116 0.0710028
117 0.0709821
118 0.0708269
119 0.0707527
120 0.0706338
121 0.0705385
122 0.0703307
123 0.0704023
124 0.0700815
125 0.0700875
126 0.0700373
127 0.0699814
128 0.069808
129 0.069721
130 0.0695591
131 0.0695052
132 0.0694112
133 0.069384
134 0.069335
135 0.0692574
136 0.0691116
137 0.0690373
138 0.0688965
139 0.0688287
140 0.0686994
141 0.0685903
142 0.0685488
143 0.0685122
144 0.0684002
145 0.0683119
146 0.0682636
147 0.0682604
148 0.0681426
149 0.0681809
150 0.0679519
151 0.0679998
152 0.0678478
153 0.0677994
154 0.0676622
155 0.0675124
156 0.0675552
157 0.0675641
158 0.0674179
159 0.0674247
160 0.0672685
161 0.0672171
162 0.0672856
163 0.0670514
164 0.0670447
165 0.0669945
166 0.0667631
167 0.0669115
168 0.0668703
169 0.066719
170 0.0667168
171 0.0666425
172 0.0666277
173 0.066571
174 0.0665088
175 0.0664082
176 0.0662854
177 0.0663976
178 0.0664859
179 0.0662787
180 0.0661678
181 0.0661548
182 0.0659352
183 0.0660047
184 0.0660476
185 0.0660546
186 0.0658961
187 0.0659053
188 0.0658932
189 0.065721
190 0.0657821
191 0.0656338
192 0.0656286
193 0.0655342
194 0.0655827
195 0.0654729
196 0.0655193
197 0.0654794
198 0.0653608
199 0.0653377
200 0.0654238
201 0.0652466
202 0.0652053
203 0.0652056
204 0.0651212
205 0.065225
206 0.0650895
207 0.0650749
208 0.0650042
209 0.0649479
210 0.0649083
211 0.0648764
212 0.0648238
213 0.064808
214 0.0647822
215 0.0647273
216 0.0646403
217 0.0645685
218 0.0646622
219 0.0647006
220 0.0646189
221 0.0645155
222 0.064445
223 0.0645433
224 0.0644346
225 0.064403
226 0.0644864
227 0.0643273
228 0.0643324
229 0.0642597
230 0.0642756
231 0.0642615
232 0.0641856
233 0.064036
234 0.0641888
235 0.0639226
236 0.0640539
237 0.0639627
238 0.0639399
239 0.0638294
240 0.0637972
241 0.0639346
242 0.0639085
243 0.063956
244 0.0637954
245 0.0637912
246 0.063813
247 0.0638474
248 0.0637206
249 0.0636537
250 0.0636838
251 0.0636924
252 0.0636255
253 0.0636578
254 0.0635532
255 0.0634851
256 0.0634708
257 0.0634801
258 0.0633383
259 0.0634711
260 0.0634605
261 0.0634098
262 0.0633074
263 0.0632515
264 0.0634045
265 0.0633187
266 0.0632108
267 0.0632192
268 0.0631935
269 0.0632866
270 0.0631783
271 0.0629852
272 0.0632265
273 0.0629506
274 0.0631067
275 0.0630461
276 0.0629623
277 0.0628789
278 0.0630073
279 0.0628884
280 0.0629283
281 0.0628467
282 0.0629341
283 0.0628882
284 0.0628284
285 0.0627839
286 0.0628705
287 0.0626865
288 0.0627902
289 0.062666
290 0.0627379
291 0.0628012
292 0.0626982
293 0.0626474
294 0.0626239
295 0.0626224
296 0.0625523
297 0.0625293
298 0.0625323
299 0.0625417
300 0.0624259
