1 0.5
2 0.5
3 0.5
4 0.5
5 0.487677
6 0.485323
7 0.484976
8 0.483781
9 0.483614
10 0.483169
11 0.483056
12 0.482878
13 0.482797
14 0.482338
15 0.481634
16 0.481079
17 0.480645
18 0.480235
19 0.480238
20 0.4801
21 0.479528
22 0.479381
23 0.479066
24 0.479133
25 0.478749
26 0.478435
27 0.478348
28 0.478177
29 0.478016
30 0.477914
31 0.47774
32 0.477804
33 0.477753
34 0.477406
35 0.477384
36 0.477517
37 0.477147
38 0.476948
39 0.476884
40 0.476894
41 0.476743
42 0.476727
43 0.476607
44 0.476557
45 0.476492
46 0.476369
47 0.476417
48 0.476519
49 0.476158
50 0.476165
51 0.476275
52 0.475926
53 0.475852
54 0.475628
55 0.475921
56 0.475898
57 0.475461
58 0.475741
59 0.475474
60 0.475437
61 0.475512
62 0.47562
63 0.475352
64 0.475451
65 0.475226
66 0.4753
67 0.47513
68 0.475163
69 0.475166
70 0.475141
71 0.475001
72 0.475106
73 0.474801
74 0.475072
75 0.475066
76 0.474855
77 0.474697
78 0.474531
79 0.474762
80 0.474638
81 0.474719
82 0.474494
83 0.474713
84 0.474575
85 0.474727
86 0.474607
87 0.474624
88 0.474627
89 0.474201
90 0.474281
91 0.474537
92 0.474523
93 0.474258
94 0.474444
95 0.474373
96 0.474319
97 0.474228
98 0.474214
99 0.474235
100 0.474371
101 0.474233
102 0.474546
103 0.474177
104 0.474194
105 0.473942
106 0.473987
107 0.474094
108 0.474027
109 0.474064
110 0.473895
111 0.47378
112 0.473762
113 0.474014
114 0.473867
115 0.473864
116 0.474009
117 0.474075
118 0.473563
119 0.473898
120 0.47406
121 0.473848
122 0.473562
123 0.473838
124 0.473644
125 0.473829
126 0.473785
127 0.473457
128 0.473584
129 0.473606
130 0.473706
131 0.473827
132 0.473718
133 0.473785
134 0.47388
135 0.473646
136 0.473422
137 0.4736
138 0.473491
139 0.473748
140 0.473501
141 0.473246
142 0.47327
143 0.473425
144 0.473724
145 0.473688
146 0.47339
147 0.47352
148 0.473509
149 0.47334
150 0.473535
151 0.47373
152 0.473422
153 0.473403
154 0.473629
155 0.473302
156 0.473381
157 0.473567
158 0.47329
159 0.473418
160 0.473284
161 0.473484
162 0.473127
163 0.473442
164 0.47341
165 0.473288
166 0.473288
167 0.473146
168 0.47338
169 0.47312
170 0.473192
171 0.473174
172 0.473108
173 0.472956
174 0.47322
175 0.473396
176 0.473151
177 0.473087
178 0.473257
179 0.473073
180 0.472882
181 0.472992
182 0.473019
183 0.473257
184 0.473159
185 0.473012
186 0.47321
187 0.473025
188 0.473068
189 0.473286
190 0.47298
191 0.473189
192 0.473004
193 0.473081
194 0.473224
195 0.473391
196 0.473147
197 0.473284
198 0.472964
199 0.473142
200 0.473128
201 0.473021
202 0.473207
203 0.472861
204 0.473059
205 0.473035
206 0.472923
207 0.472708
208 0.472925
209 0.472889
210 0.472628
211 0.473028
212 0.472663
213 0.473044
214 0.47316
215 0.472893
216 0.472897
217 0.472914
218 0.472999
219 0.472827
220 0.472885
221 0.472556
222 0.473022
223 0.472875
224 0.472764
225 0.472865
226 0.472685
227 0.47312
228 0.472856
229 0.472782
230 0.472966
231 0.472793
232 0.472719
233 0.472917
234 0.472845
235 0.472819
236 0.472653
237 0.472817
238 0.472745
239 0.472709
240 0.472755
241 0.472663
242 0.472664
243 0.472542
244 0.472728
245 0.472928
246 0.472858
247 0.4729
248 0.472961
249 0.472661
250 0.472917
251 0.473068
252 0.472759
253 0.472635
254 0.472909
255 0.472846
256 0.472767
257 0.472518
258 0.472591
259 0.472834
260 0.472882
261 0.472704
262 0.472457
263 0.472906
264 0.472763
265 0.4728
266 0.473011
267 0.472517
268 0.47279
269 0.472711
270 0.472543
271 0.472868
272 0.472834
273 0.472791
274 0.472666
275 0.472679
276 0.472556
277 0.472502
278 0.472742
279 0.472762
280 0.47261
281 0.472593
282 0.472713
283 0.472502
284 0.472533
285 0.472467
286 0.472729
287 0.472649
288 0.472504
289 0.4727
290 0.472484
291 0.472662
292 0.472401
293 0.4726
294 0.472732
295 0.472466
296 0.47273
297 0.472582
298 0.472487
299 0.472468
300 0.472356
