1 0.5
2 0.353159
3 0.319015
4 0.288765
5 0.276115
6 0.269589
7 0.266385
8 0.264508
9 0.263349
10 0.262094
11 0.261669
12 0.261169
13 0.261293
14 0.260692
15 0.259246
16 0.258941
17 0.258756
18 0.25837
19 0.257699
20 0.256904
21 0.255926
22 0.255683
23 0.255322
24 0.254402
25 0.254019
26 0.253407
27 0.253305
28 0.25166
29 0.251704
30 0.251333
31 0.251073
32 0.250632
33 0.250339
34 0.250136
35 0.249805
36 0.249729
37 0.2491
38 0.24889
39 0.248806
40 0.248681
41 0.248382
42 0.248133
43 0.248174
44 0.247997
45 0.248011
46 0.247922
47 0.247666
48 0.247544
49 0.247355
50 0.247272
51 0.247119
52 0.247095
53 0.24693
54 0.246914
55 0.246697
56 0.246652
57 0.246601
58 0.24645
59 0.246374
60 0.24618
61 0.246182
62 0.246126
63 0.246072
64 0.245782
65 0.24595
66 0.245877
67 0.245561
68 0.245613
69 0.245524
70 0.245532
71 0.245284
72 0.245206
73 0.245043
74 0.245156
75 0.244969
76 0.244994
77 0.244907
78 0.244881
79 0.244761
80 0.2447
81 0.244711
82 0.244582
83 0.244591
84 0.244357
85 0.24429
86 0.244403
87 0.244276
88 0.24435
89 0.2443
90 0.244099
91 0.244122
92 0.244054
93 0.24393
94 0.243832
95 0.24388
96 0.243682
97 0.243859
98 0.24369
99 0.243525
100 0.24339
101 0.243319
102 0.243324
103 0.243364
104 0.243275
105 0.243381
106 0.243107
107 0.24317
108 0.243058
109 0.243064
110 0.243059
111 0.243018
112 0.243022
113 0.242906
114 0.242824
115 0.242907
116 0.24274
117 0.242842
118 0.242795
119 0.242724
120 0.242689
121 0.242666
122 0.242649
123 0.242544
124 0.2425
125 0.242482
126 0.242458
127 0.242453
128 0.242369
129 0.242453
130 0.242472
131 0.242452
132 0.242298
133 0.24229
134 0.242253
135 0.242291
136 0.242267
137 0.242108
138 0.24212
139 0.24215
140 0.242159
141 0.242105
142 0.242081
143 0.24206
144 0.242054
145 0.242085
146 0.242063
147 0.241923
148 0.241958
149 0.241903
150 0.241869
151 0.241862
152 0.241934
153 0.241843
154 0.241776
155 0.241843
156 0.241745
157 0.241787
158 0.241703
159 0.241761
160 0.241743
161 0.241664
162 0.241612
163 0.241581
164 0.241558
165 0.241553
166 0.241544
167 0.241479
168 0.241419
169 0.241473
170 0.241359
171 0.241596
172 0.241433
173 0.241526
174 0.241433
175 0.24137
176 0.241344
177 0.241343
178 0.241333
179 0.241322
180 0.241316
181 0.241106
182 0.241188
183 0.24126
184 0.241298
185 0.241113
186 0.241133
187 0.24117
188 0.241116
189 0.241128
190 0.241102
191 0.241101
192 0.24095
193 0.240974
194 0.241069
195 0.241125
196 0.24098
197 0.240998
198 0.240904
199 0.240926
200 0.240924
201 0.240939
202 0.240888
203 0.240886
204 0.240866
205 0.240768
206 0.240782
207 0.240825
208 0.240782
209 0.240734
210 0.240737
211 0.240747
212 0.24071
213 0.240783
214 0.24071
215 0.240714
216 0.240627
217 0.240693
218 0.240675
219 0.240625
220 0.240662
221 0.240634
222 0.240571
223 0.240691
224 0.240575
225 0.240597
226 0.240525
227 0.240594
228 0.240529
229 0.240576
230 0.240484
231 0.240511
232 0.240536
233 0.240514
234 0.240472
235 0.240519
236 0.240401
237 0.240392
238 0.24029
239 0.240422
240 0.240366
241 0.240314
242 0.24041
243 0.240345
244 0.240282
245 0.240381
246 0.240305
247 0.24032
248 0.240378
249 0.240357
250 0.240269
251 0.240222
252 0.240198
253 0.240207
254 0.240259
255 0.240112
256 0.240278
257 0.24028
258 0.240305
259 0.240251
260 0.240158
261 0.240153
262 0.240192
263 0.240132
264 0.240128
265 0.240065
266 0.240071
267 0.240115
268 0.24012
269 0.240124
270 0.240107
271 0.240016
272 0.240013
273 0.240174
274 0.240012
275 0.24006
276 0.240011
277 0.240022
278 0.240007
279 0.239952
280 0.239918
281 0.240002
282 0.239889
283 0.239901
284 0.239967
285 0.239924
286 0.239962
287 0.239876
288 0.23987
289 0.239841
290 0.239884
291 0.239872
292 0.239835
293 0.239921
294 0.239846
295 0.239854
296 0.239809
297 0.239792
298 0.239835
299 0.239816
300 0.239746
