1 0.500621
2 0.499737
3 0.499609
4 0.500391
5 0.73254
6 0.759507
7 0.764227
8 0.775848
9 0.777525
10 0.783594
11 0.786664
12 0.789698
13 0.791496
14 0.795001
15 0.804661
16 0.810298
17 0.814317
18 0.817255
19 0.819922
20 0.821935
21 0.827556
22 0.829772
23 0.834189
24 0.835471
25 0.837623
26 0.84276
27 0.844921
28 0.845544
29 0.847609
30 0.84896
31 0.850999
32 0.853158
33 0.853928
34 0.855349
35 0.857005
36 0.858135
37 0.858905
38 0.862331
39 0.863779
40 0.864618
41 0.866862
42 0.867302
43 0.868433
44 0.869763
45 0.870365
46 0.871647
47 0.872615
48 0.873331
49 0.874697
50 0.875714
51 0.875634
52 0.877049
53 0.879308
54 0.879816
55 0.88088
56 0.880728
57 0.882096
58 0.883453
59 0.883733
60 0.884664
61 0.885095
62 0.885767
63 0.886274
64 0.886871
65 0.887854
66 0.88849
67 0.889365
68 0.890061
69 0.890926
70 0.891034
71 0.892011
72 0.893075
73 0.893011
74 0.894034
75 0.893576
76 0.894523
77 0.895111
78 0.895501
79 0.896715
80 0.897171
81 0.897457
82 0.898109
83 0.89885
84 0.899147
85 0.899776
86 0.900296
87 0.900936
88 0.901039
89 0.901207
90 0.901281
91 0.902784
92 0.903317
93 0.903471
94 0.904459
95 0.904234
96 0.905047
97 0.904977
98 0.905592
99 0.906214
100 0.906249
101 0.90668
102 0.906578
103 0.907946
104 0.908134
105 0.907848
106 0.908991
107 0.908923
108 0.909428
109 0.909559
110 0.910125
111 0.910485
112 0.910318
113 0.91122
114 0.911313
115 0.911693
116 0.912498
117 0.912335
118 0.913042
119 0.913025
120 0.9134
121 0.913669
122 0.914293
123 0.914538
124 0.914929
125 0.914651
126 0.915158
127 0.914893
128 0.91586
129 0.915956
130 0.916035
131 0.91632
132 0.916782
133 0.917046
134 0.917253
135 0.917419
136 0.917167
137 0.918544
138 0.918384
139 0.918561
140 0.919082
141 0.91931
142 0.919318
143 0.91946
144 0.919919
145 0.92008
146 0.920187
147 0.920472
148 0.920965
149 0.921364
150 0.921357
151 0.921342
152 0.921619
153 0.921699
154 0.921965
155 0.922002
156 0.922901
157 0.923062
158 0.922883
159 0.922822
160 0.923467
161 0.924152
162 0.923868
163 0.92409
164 0.924148
165 0.92427
166 0.924612
167 0.924823
168 0.925048
169 0.925355
170 0.925591
171 0.925739
172 0.926049
173 0.92566
174 0.926068
175 0.926625
176 0.926227
177 0.926657
178 0.927264
179 0.926828
180 0.92738
181 0.927612
182 0.92744
183 0.927335
184 0.927521
185 0.928103
186 0.928105
187 0.928257
188 0.92856
189 0.928811
190 0.92887
191 0.928823
192 0.929052
193 0.929804
194 0.92962
195 0.929647
196 0.930295
197 0.930327
198 0.930102
199 0.929829
200 0.930379
201 0.930699
202 0.930588
203 0.930992
204 0.930764
205 0.931062
206 0.931875
207 0.931643
208 0.931419
209 0.932045
210 0.932478
211 0.931741
212 0.932204
213 0.932762
214 0.932135
215 0.93295
216 0.932785
217 0.932982
218 0.933094
219 0.933097
220 0.933176
221 0.933782
222 0.933567
223 0.934064
224 0.933864
225 0.933639
226 0.934284
227 0.934221
228 0.934491
229 0.934476
230 0.934759
231 0.934674
232 0.93488
233 0.935097
234 0.935105
235 0.934871
236 0.935453
237 0.935108
238 0.935796
239 0.935654
240 0.935644
241 0.935957
242 0.935596
243 0.936002
244 0.936478
245 0.936109
246 0.936507
247 0.936342
248 0.936857
249 0.936667
250 0.93671
251 0.937565
252 0.93716
253 0.937178
254 0.937167
255 0.937267
256 0.937604
257 0.937761
258 0.938039
259 0.938022
260 0.938028
261 0.938216
262 0.937991
263 0.938632
264 0.938625
265 0.938489
266 0.938494
267 0.938552
268 0.938549
269 0.938914
270 0.93849
271 0.938976
272 0.939161
273 0.939126
274 0.939141
275 0.938989
276 0.939421
277 0.939827
278 0.939545
279 0.939791
280 0.93988
281 0.939966
282 0.939816
283 0.940369
284 0.940363
285 0.940369
286 0.940387
287 0.940422
288 0.940941
289 0.940607
290 0.941104
291 0.940697
292 0.941402
293 0.940535
294 0.941019
295 0.941085
296 0.941382
297 0.941548
298 0.941394
299 0.941857
300 0.941438
