1 0.500113
2 0.499848
3 0.499477
4 0.499513
5 0.522083
6 0.538499
7 0.550367
8 0.560048
9 0.567222
10 0.573639
11 0.578427
12 0.582714
13 0.586306
14 0.589843
15 0.593518
16 0.5963
17 0.598458
18 0.600332
19 0.600925
20 0.602422
21 0.603563
22 0.605288
23 0.606751
24 0.607844
25 0.608967
26 0.609987
27 0.611262
28 0.611415
29 0.612549
30 0.613748
31 0.614648
32 0.615832
33 0.616256
34 0.617231
35 0.617982
36 0.618831
37 0.619027
38 0.619709
39 0.620419
40 0.621142
41 0.621776
42 0.6224
43 0.622863
44 0.623566
45 0.62406
46 0.624479
47 0.625062
48 0.625569
49 0.626093
50 0.62652
51 0.626938
52 0.627429
53 0.627954
54 0.628321
55 0.628788
56 0.628918
57 0.629361
58 0.629745
59 0.630271
60 0.630677
61 0.631063
62 0.631215
63 0.631517
64 0.631883
65 0.632144
66 0.632448
67 0.632915
68 0.633183
69 0.633439
70 0.633684
71 0.634044
72 0.634414
73 0.634668
74 0.634818
75 0.635073
76 0.63541
77 0.635488
78 0.635674
79 0.636036
80 0.636287
81 0.636388
82 0.636707
83 0.636886
84 0.637224
85 0.63729
86 0.637511
87 0.637762
88 0.637934
89 0.638001
90 0.638317
91 0.638436
92 0.638763
93 0.638885
94 0.639165
95 0.639216
96 0.639533
97 0.63962
98 0.639832
99 0.639882
100 0.639966
101 0.640177
102 0.640299
103 0.640525
104 0.640673
105 0.640783
106 0.641032
107 0.641092
108 0.641254
109 0.641418
110 0.641559
111 0.641676
112 0.641775
113 0.641962
114 0.642182
115 0.642278
116 0.642431
117 0.642475
118 0.642652
119 0.642742
120 0.642905
121 0.642991
122 0.643226
123 0.643273
124 0.643482
125 0.643484
126 0.643635
127 0.64371
128 0.643949
129 0.643916
130 0.644054
131 0.644209
132 0.644351
133 0.644402
134 0.644585
135 0.644663
136 0.644801
137 0.644963
138 0.645008
139 0.645052
140 0.645268
141 0.645277
142 0.645365
143 0.645488
144 0.645564
145 0.645687
146 0.645733
147 0.645906
148 0.645958
149 0.646073
150 0.646141
151 0.646214
152 0.646308
153 0.646392
154 0.646499
155 0.646525
156 0.646672
157 0.646749
158 0.646756
159 0.64686
160 0.646933
161 0.647072
162 0.64718
163 0.647221
164 0.647272
165 0.647351
166 0.647487
167 0.647571
168 0.647652
169 0.647681
170 0.647772
171 0.647772
172 0.647928
173 0.647866
174 0.648062
175 0.64812
176 0.648096
177 0.648208
178 0.648341
179 0.64832
180 0.648382
181 0.648553
182 0.648574
183 0.648595
184 0.64862
185 0.64877
186 0.64879
187 0.648807
188 0.648936
189 0.648959
190 0.649073
191 0.649099
192 0.649167
193 0.649263
194 0.649289
195 0.649288
196 0.649414
197 0.649446
198 0.649554
199 0.649553
200 0.649587
201 0.649655
202 0.649713
203 0.649797
204 0.649836
205 0.64994
206 0.649998
207 0.64999
208 0.650085
209 0.650131
210 0.650197
211 0.650211
212 0.650277
213 0.650334
214 0.650359
215 0.650408
216 0.65048
217 0.650505
218 0.650531
219 0.65063
220 0.650679
221 0.650725
222 0.650809
223 0.650795
224 0.650858
225 0.650927
226 0.650969
227 0.65103
228 0.651083
229 0.651081
230 0.651191
231 0.651204
232 0.651192
233 0.651242
234 0.651315
235 0.651315
236 0.651458
237 0.651441
238 0.651559
239 0.651537
240 0.651577
241 0.651654
242 0.651644
243 0.651773
244 0.651763
245 0.651723
246 0.651874
247 0.651838
248 0.6519
249 0.651943
250 0.652016
251 0.652074
252 0.652147
253 0.652134
254 0.65213
255 0.652194
256 0.652201
257 0.652264
258 0.652311
259 0.652345
260 0.652347
261 0.652427
262 0.652426
263 0.652561
264 0.652525
265 0.652626
266 0.6526
267 0.652635
268 0.652652
269 0.652692
270 0.652717
271 0.652786
272 0.652823
273 0.652805
274 0.652896
275 0.652867
276 0.65294
277 0.652994
278 0.652987
279 0.653073
280 0.653128
281 0.653119
282 0.653172
283 0.653215
284 0.653174
285 0.653262
286 0.653241
287 0.653344
288 0.653336
289 0.653368
290 0.653452
291 0.653449
292 0.653554
293 0.653467
294 0.653527
295 0.653559
296 0.653569
297 0.653632
298 0.65366
299 0.653665
300 0.653685
