1 0.166474
2 0.166724
3 0.166804
4 0.166584
5 0.0558818
6 0.0457407
7 0.0446083
8 0.0405488
9 0.0401875
10 0.0382532
11 0.0374624
12 0.0365455
13 0.0361175
14 0.0349721
15 0.0319768
16 0.0301404
17 0.0290403
18 0.0281528
19 0.0275795
20 0.0267995
21 0.0253166
22 0.0247264
23 0.0235792
24 0.0231136
25 0.0226239
26 0.021339
27 0.0209205
28 0.0206882
29 0.0202566
30 0.0198582
31 0.0194016
32 0.0188158
33 0.0187072
34 0.0183922
35 0.0179739
36 0.0178449
37 0.0175232
38 0.0167751
39 0.0164873
40 0.0162628
41 0.0157917
42 0.0156876
43 0.0154326
44 0.0151439
45 0.0149665
46 0.0147402
47 0.0145156
48 0.0144442
49 0.014091
50 0.0140019
51 0.0139234
52 0.0136851
53 0.013204
54 0.0130504
55 0.0128668
56 0.0128059
57 0.0125865
58 0.0123966
59 0.0123038
60 0.0121284
61 0.0119879
62 0.0118773
63 0.0117685
64 0.0116783
65 0.0115143
66 0.0113772
67 0.0111155
68 0.0110389
69 0.0109133
70 0.0108152
71 0.0105972
72 0.0104708
73 0.0104309
74 0.010338
75 0.0103432
76 0.010195
77 0.0101567
78 0.0100645
79 0.00981195
80 0.0097592
81 0.00967544
82 0.0095111
83 0.00945221
84 0.0093386
85 0.00930808
86 0.00918156
87 0.00909579
88 0.00904626
89 0.00903313
90 0.00897249
91 0.0087523
92 0.00868999
93 0.00861251
94 0.00844515
95 0.00850912
96 0.00835093
97 0.00835822
98 0.0082302
99 0.00816383
100 0.00816938
101 0.00807961
102 0.00809049
103 0.00789101
104 0.00787917
105 0.00786418
106 0.00771922
107 0.00770471
108 0.00763524
109 0.00761307
110 0.00749884
111 0.00747854
112 0.00748078
113 0.00739772
114 0.00734369
115 0.00725778
116 0.00719162
117 0.00715607
118 0.00707789
119 0.00707432
120 0.00701494
121 0.00696603
122 0.00687734
123 0.00684988
124 0.0067639
125 0.00681152
126 0.00673776
127 0.00673178
128 0.00660461
129 0.00661593
130 0.00660181
131 0.00655095
132 0.0064554
133 0.00645919
134 0.0064223
135 0.00639063
136 0.0063622
137 0.00625821
138 0.00623694
139 0.00623519
140 0.00614412
141 0.00612074
142 0.00609191
143 0.0060967
144 0.00603249
145 0.00602771
146 0.0059591
147 0.00590151
148 0.00590984
149 0.00582991
150 0.00582331
151 0.00582642
152 0.0057756
153 0.00575774
154 0.00568052
155 0.00574585
156 0.00563482
157 0.00557751
158 0.00563296
159 0.00559742
160 0.00555221
161 0.00546684
162 0.00543983
163 0.00542801
164 0.00542432
165 0.00538099
166 0.00537443
167 0.00531207
168 0.00531061
169 0.00526969
170 0.00524971
171 0.00522242
172 0.00517614
173 0.00522087
174 0.00517165
175 0.0050769
176 0.00512982
177 0.00508344
178 0.00500726
179 0.00504383
180 0.00503306
181 0.00495469
182 0.00497378
183 0.00496504
184 0.00496065
185 0.00490904
186 0.00485665
187 0.00488394
188 0.00483146
189 0.00481629
190 0.00479769
191 0.00479628
192 0.00475626
193 0.00468667
194 0.00473211
195 0.00473028
196 0.00465876
197 0.00462792
198 0.00462889
199 0.0046592
200 0.00459503
201 0.00459543
202 0.00459783
203 0.00454395
204 0.00454559
205 0.00451276
206 0.00447871
207 0.00445792
208 0.00447115
209 0.00441985
210 0.00436821
211 0.00441854
212 0.0043704
213 0.00434587
214 0.00436712
215 0.00431113
216 0.00430149
217 0.0042876
218 0.00429913
219 0.00426763
220 0.00427467
221 0.0042285
222 0.00421133
223 0.00419748
224 0.00419337
225 0.00420736
226 0.00415312
227 0.00413785
228 0.00409826
229 0.00413413
230 0.00407658
231 0.00406961
232 0.00407063
233 0.00404502
234 0.00406382
235 0.00407795
236 0.00396496
237 0.00401854
238 0.0039568
239 0.00397288
240 0.00396808
241 0.0039401
242 0.00397238
243 0.00390592
244 0.00388949
245 0.00393484
246 0.00388212
247 0.0038749
248 0.00384949
249 0.00384144
250 0.00385882
251 0.0037871
252 0.00379372
253 0.0037946
254 0.00381221
255 0.00378712
256 0.00375603
257 0.00373844
258 0.00373756
259 0.00371335
260 0.00371277
261 0.00367861
262 0.00370455
263 0.00364009
264 0.00365711
265 0.00362476
266 0.003629
267 0.00361376
268 0.00362558
269 0.00359467
270 0.00364929
271 0.00358699
272 0.00357891
273 0.00356192
274 0.00355332
275 0.00358177
276 0.00357124
277 0.0034994
278 0.0035219
279 0.0034922
280 0.00349064
281 0.00349757
282 0.00347321
283 0.0034193
284 0.00348075
285 0.00345498
286 0.00345509
287 0.00343779
288 0.00341715
289 0.00340608
290 0.00335604
291 0.00339865
292 0.00331396
293 0.00342194
294 0.0033903
295 0.00334955
296 0.00336025
297 0.00331744
298 0.00332303
299 0.00331888
300 0.00331505
