1 0.500113
2 0.499816
3 0.499064
4 0.49972
5 0.610324
6 0.620258
7 0.62165
8 0.626321
9 0.626958
10 0.628642
11 0.629066
12 0.629727
13 0.63003
14 0.631721
15 0.634273
16 0.636247
17 0.637773
18 0.639194
19 0.639184
20 0.63966
21 0.641611
22 0.642106
23 0.643166
24 0.642941
25 0.644223
26 0.645261
27 0.645548
28 0.646109
29 0.646634
30 0.646966
31 0.64753
32 0.647323
33 0.647489
34 0.648608
35 0.648677
36 0.648249
37 0.649437
38 0.65007
39 0.650275
40 0.650242
41 0.65072
42 0.650772
43 0.651151
44 0.651307
45 0.651513
46 0.6519
47 0.651748
48 0.651428
49 0.652558
50 0.652536
51 0.652193
52 0.653281
53 0.65351
54 0.654204
55 0.653296
56 0.653369
57 0.654716
58 0.653854
59 0.654676
60 0.654792
61 0.654561
62 0.654229
63 0.655051
64 0.654747
65 0.655437
66 0.655211
67 0.65573
68 0.655629
69 0.655622
70 0.655698
71 0.656123
72 0.655803
73 0.656731
74 0.655907
75 0.655927
76 0.656569
77 0.657045
78 0.657546
79 0.656848
80 0.657224
81 0.656979
82 0.657657
83 0.656997
84 0.657413
85 0.656956
86 0.657319
87 0.657266
88 0.657257
89 0.658537
90 0.658299
91 0.657528
92 0.657571
93 0.658366
94 0.65781
95 0.658023
96 0.658184
97 0.658457
98 0.658498
99 0.658435
100 0.658029
101 0.658442
102 0.657503
103 0.658608
104 0.658558
105 0.65931
106 0.659177
107 0.658857
108 0.659057
109 0.658945
110 0.659449
111 0.659791
112 0.659843
113 0.659095
114 0.659534
115 0.659541
116 0.65911
117 0.658913
118 0.660433
119 0.659441
120 0.658959
121 0.65959
122 0.660435
123 0.65962
124 0.660195
125 0.659646
126 0.659776
127 0.660747
128 0.660372
129 0.660306
130 0.660011
131 0.659652
132 0.659976
133 0.659775
134 0.659493
135 0.660188
136 0.660849
137 0.660324
138 0.660646
139 0.659887
140 0.660615
141 0.661367
142 0.661295
143 0.660839
144 0.659957
145 0.660065
146 0.660943
147 0.660561
148 0.660593
149 0.661089
150 0.660515
151 0.659938
152 0.66085
153 0.660906
154 0.660239
155 0.661202
156 0.660968
157 0.66042
158 0.661237
159 0.660861
160 0.661255
161 0.660666
162 0.661715
163 0.660791
164 0.660884
165 0.661244
166 0.661243
167 0.66166
168 0.660972
169 0.661734
170 0.661523
171 0.661576
172 0.661769
173 0.662214
174 0.661443
175 0.660926
176 0.661644
177 0.661832
178 0.661334
179 0.661872
180 0.662429
181 0.662109
182 0.662031
183 0.661332
184 0.661621
185 0.662049
186 0.661471
187 0.662012
188 0.661886
189 0.661249
190 0.662144
191 0.661532
192 0.662073
193 0.66185
194 0.66143
195 0.660939
196 0.661656
197 0.661253
198 0.662189
199 0.661669
200 0.661711
201 0.662024
202 0.66148
203 0.662489
204 0.661914
205 0.661983
206 0.662311
207 0.662936
208 0.662305
209 0.66241
210 0.663167
211 0.662005
212 0.663066
213 0.661958
214 0.661618
215 0.662397
216 0.662387
217 0.662335
218 0.662089
219 0.662589
220 0.662422
221 0.663375
222 0.66202
223 0.66245
224 0.662771
225 0.662478
226 0.663003
227 0.661734
228 0.662505
229 0.66272
230 0.662185
231 0.662689
232 0.662902
233 0.662326
234 0.662536
235 0.662614
236 0.663095
237 0.662619
238 0.662829
239 0.662931
240 0.662798
241 0.663066
242 0.663062
243 0.663417
244 0.662878
245 0.662295
246 0.662498
247 0.662377
248 0.662199
249 0.66307
250 0.662328
251 0.661888
252 0.662787
253 0.663147
254 0.662351
255 0.662533
256 0.662765
257 0.663485
258 0.663275
259 0.662569
260 0.662429
261 0.662946
262 0.66366
263 0.662359
264 0.662776
265 0.662668
266 0.662054
267 0.663488
268 0.662697
269 0.662925
270 0.663413
271 0.66247
272 0.662569
273 0.662695
274 0.663057
275 0.663019
276 0.663376
277 0.66353
278 0.662836
279 0.662778
280 0.663218
281 0.663269
282 0.66292
283 0.663533
284 0.663441
285 0.663631
286 0.662875
287 0.663105
288 0.663526
289 0.662959
290 0.663584
291 0.663068
292 0.663823
293 0.663249
294 0.662866
295 0.663636
296 0.662872
297 0.6633
298 0.663576
299 0.663629
300 0.663952
