1 0.0836098
2 0.149724
3 0.055444
4 0.0935067
5 0.0417272
6 0.0481015
7 0.0348482
8 0.0448726
9 0.0308462
10 0.0318624
11 0.0304181
12 0.0326274
13 0.0259851
14 0.0270664
15 0.0238798
16 0.0265936
17 0.022801
18 0.0216459
19 0.0200928
20 0.0210956
21 0.0206165
22 0.0191774
23 0.0185204
24 0.0181499
25 0.0170465
26 0.0184003
27 0.016116
28 0.0162479
29 0.0161432
30 0.0155212
31 0.0160731
32 0.0157442
33 0.0146437
34 0.0146246
35 0.0146862
36 0.0148506
37 0.014016
38 0.014251
39 0.0130129
40 0.013166
41 0.0132703
42 0.0126792
43 0.0122956
44 0.0128444
45 0.0122742
46 0.012053
47 0.0120966
48 0.0118192
49 0.0114446
50 0.0118371
51 0.0113959
52 0.0115145
53 0.0109492
54 0.0106207
55 0.0105177
56 0.0108042
57 0.0103618
58 0.0102549
59 0.0104495
60 0.0101257
61 0.0099222
62 0.00997209
63 0.00967991
64 0.00970428
65 0.00954968
66 0.00956276
67 0.00923485
68 0.00949642
69 0.00901355
70 0.00899151
71 0.00895713
72 0.00885441
73 0.00875486
74 0.00874175
75 0.00864537
76 0.00869352
77 0.00857795
78 0.00839672
79 0.00823193
80 0.00836076
81 0.00819464
82 0.00800208
83 0.00793339
84 0.00793293
85 0.00778954
86 0.00793434
87 0.00769921
88 0.00761798
89 0.00760557
90 0.00755606
91 0.00747315
92 0.00743698
93 0.0073238
94 0.00720898
95 0.00728805
96 0.00716142
97 0.00708498
98 0.00704222
99 0.00691275
100 0.00699483
101 0.00694964
102 0.00683875
103 0.00671614
104 0.00683094
105 0.00668464
106 0.0067065
107 0.00660537
108 0.006594
109 0.00651597
110 0.00648303
111 0.00641863
112 0.00639347
113 0.0063626
114 0.0062736
115 0.00628086
116 0.00625862
117 0.00617431
118 0.00606592
119 0.00608559
120 0.00604652
121 0.00599055
122 0.00600783
123 0.0058851
124 0.00584669
125 0.00586544
126 0.00585933
127 0.00581722
128 0.00577481
129 0.00572933
130 0.00571064
131 0.00568377
132 0.00562038
133 0.00560076
134 0.00561674
135 0.00549772
136 0.00554792
137 0.00540968
138 0.00542758
139 0.00543175
140 0.00537698
141 0.0053245
142 0.0053291
143 0.00529253
144 0.00523553
145 0.00518928
146 0.00524293
147 0.00513298
148 0.00514681
149 0.00512674
150 0.00509048
151 0.00508725
152 0.0050457
153 0.00499004
154 0.00498815
155 0.00503185
156 0.00493181
157 0.0048921
158 0.00495797
159 0.0048905
160 0.00483642
161 0.004793
162 0.00479226
163 0.00474933
164 0.00479847
165 0.00473125
166 0.00472402
167 0.00467758
168 0.00465107
169 0.00463061
170 0.00465074
171 0.00459155
172 0.0045716
173 0.00457457
174 0.00455838
175 0.00447968
176 0.00455631
177 0.00447729
178 0.00442261
179 0.00442775
180 0.00444914
181 0.00437081
182 0.00441656
183 0.00439013
184 0.00435658
185 0.00434123
186 0.00432657
187 0.00429948
188 0.00428587
189 0.00424331
190 0.00424397
191 0.00424219
192 0.00420416
193 0.00414646
194 0.00418829
195 0.00416777
196 0.00414066
197 0.00411821
198 0.00410284
199 0.00413681
200 0.00408042
201 0.00405945
202 0.00405949
203 0.00404063
204 0.00404146
205 0.00400245
206 0.00398809
207 0.00395289
208 0.00396838
209 0.00392085
210 0.00386713
211 0.00393085
212 0.00391144
213 0.00387221
214 0.0038738
215 0.00383991
216 0.00384767
217 0.00381563
218 0.00381419
219 0.00380841
220 0.00380197
221 0.00377031
222 0.00376313
223 0.00373791
224 0.00375366
225 0.00373806
226 0.00372381
227 0.00369556
228 0.00365477
229 0.00368814
230 0.00364524
231 0.00363162
232 0.00363848
233 0.00361087
234 0.00362995
235 0.00364509
236 0.00357754
237 0.00358346
238 0.00354351
239 0.00357869
240 0.00354894
241 0.0035208
242 0.00353913
243 0.0034998
244 0.00349571
245 0.00352184
246 0.00349331
247 0.003457
248 0.0034618
249 0.00344327
250 0.0034389
251 0.00340499
252 0.0034087
253 0.00340364
254 0.0034179
255 0.00339706
256 0.00337731
257 0.00335712
258 0.00333927
259 0.00332098
260 0.00334407
261 0.00330399
262 0.00331677
263 0.00326566
264 0.00328006
265 0.00327365
266 0.00328127
267 0.00324608
268 0.00327954
269 0.00323664
270 0.00327427
271 0.00322144
272 0.00322314
273 0.00319955
274 0.00321414
275 0.00322257
276 0.00320762
277 0.00314326
278 0.0031791
279 0.00312989
280 0.00314675
281 0.00313822
282 0.00313979
283 0.0030942
284 0.00314603
285 0.00310508
286 0.00311096
287 0.00309321
288 0.00307032
289 0.00307594
290 0.00302137
291 0.00305954
292 0.00300561
293 0.00308386
294 0.00305994
295 0.00302515
296 0.00303534
297 0.00300082
298 0.00300043
299 0.00299688
300 0.00298909
