1 0.665736
2 0.667203
3 0.733821
4 0.733613
5 0.770987
6 0.780932
7 0.793648
8 0.795
9 0.802919
10 0.809846
11 0.814119
12 0.815856
13 0.819761
14 0.822397
15 0.829591
16 0.832784
17 0.836523
18 0.8398
19 0.843902
20 0.844419
21 0.846445
22 0.84845
23 0.852847
24 0.854143
25 0.856841
26 0.85815
27 0.860731
28 0.861604
29 0.863204
30 0.86455
31 0.865179
32 0.866166
33 0.867544
34 0.868685
35 0.869754
36 0.870852
37 0.870654
38 0.873946
39 0.875825
40 0.876281
41 0.877481
42 0.877922
43 0.879659
44 0.879776
45 0.880477
46 0.881612
47 0.882178
48 0.882989
49 0.884119
50 0.884637
51 0.884973
52 0.885778
53 0.887534
54 0.888827
55 0.889468
56 0.88908
57 0.889852
58 0.891124
59 0.891465
60 0.892431
61 0.892781
62 0.893052
63 0.893549
64 0.894261
65 0.894911
66 0.895823
67 0.896314
68 0.896782
69 0.897736
70 0.897819
71 0.898533
72 0.899557
73 0.89942
74 0.899919
75 0.899878
76 0.900889
77 0.901116
78 0.901747
79 0.902576
80 0.902921
81 0.903118
82 0.90366
83 0.904627
84 0.904879
85 0.905489
86 0.905732
87 0.906081
88 0.90642
89 0.906609
90 0.906563
91 0.907698
92 0.908122
93 0.908155
94 0.909199
95 0.909248
96 0.909896
97 0.909723
98 0.91039
99 0.911032
100 0.911053
101 0.911413
102 0.911337
103 0.912542
104 0.912477
105 0.912433
106 0.913121
107 0.913041
108 0.913697
109 0.913483
110 0.914068
111 0.914447
112 0.914311
113 0.915293
114 0.91552
115 0.915604
116 0.916507
117 0.916163
118 0.916873
119 0.91683
120 0.917149
121 0.917615
122 0.917994
123 0.918173
124 0.918766
125 0.918453
126 0.918651
127 0.918424
128 0.9193
129 0.919483
130 0.919552
131 0.919913
132 0.920323
133 0.920398
134 0.920356
135 0.920892
136 0.92055
137 0.921923
138 0.921656
139 0.921892
140 0.922149
141 0.922504
142 0.922229
143 0.922812
144 0.923012
145 0.923507
146 0.923223
147 0.923543
148 0.924124
149 0.924402
150 0.924407
151 0.924487
152 0.924707
153 0.924712
154 0.924847
155 0.924788
156 0.925894
157 0.925818
158 0.925665
159 0.925559
160 0.926461
161 0.926896
162 0.926372
163 0.926732
164 0.926717
165 0.926849
166 0.927306
167 0.927536
168 0.927762
169 0.927985
170 0.927842
171 0.928397
172 0.928582
173 0.928375
174 0.928569
175 0.928929
176 0.928827
177 0.929145
178 0.929725
179 0.929546
180 0.929851
181 0.930157
182 0.929783
183 0.929834
184 0.929911
185 0.930488
186 0.930472
187 0.930685
188 0.93096
189 0.930984
190 0.931165
191 0.931216
192 0.931298
193 0.932051
194 0.931844
195 0.931851
196 0.932335
197 0.932313
198 0.932374
199 0.932042
200 0.932477
201 0.932801
202 0.932873
203 0.933124
204 0.932922
205 0.933348
206 0.933806
207 0.933607
208 0.933654
209 0.934079
210 0.934547
211 0.933749
212 0.9342
213 0.934607
214 0.934166
215 0.934782
216 0.934826
217 0.934999
218 0.935129
219 0.934974
220 0.935099
221 0.935687
222 0.935398
223 0.93577
224 0.935596
225 0.935717
226 0.936163
227 0.936064
228 0.936357
229 0.936348
230 0.936576
231 0.936495
232 0.936637
233 0.936774
234 0.936782
235 0.936616
236 0.937185
237 0.93684
238 0.937577
239 0.937432
240 0.937422
241 0.937742
242 0.937532
243 0.937793
244 0.938165
245 0.93784
246 0.938113
247 0.938228
248 0.938536
249 0.938393
250 0.938429
251 0.939111
252 0.938887
253 0.938744
254 0.938805
255 0.938765
256 0.939237
257 0.939398
258 0.939788
259 0.939631
260 0.939597
261 0.939724
262 0.939619
263 0.940081
264 0.940199
265 0.939985
266 0.940058
267 0.940282
268 0.940111
269 0.940455
270 0.940066
271 0.940589
272 0.940701
273 0.940595
274 0.940629
275 0.940598
276 0.940928
277 0.941308
278 0.941033
279 0.941495
280 0.941467
281 0.941519
282 0.941329
283 0.941719
284 0.94175
285 0.941832
286 0.94176
287 0.941989
288 0.942362
289 0.941993
290 0.942633
291 0.942273
292 0.942822
293 0.941946
294 0.942517
295 0.942511
296 0.942825
297 0.942879
298 0.942768
299 0.94316
300 0.942886
