1 0.500621
2 0.5
3 0.499869
4 0.5
5 0.546403
6 0.582097
7 0.608086
8 0.629119
9 0.645228
10 0.659658
11 0.671048
12 0.680996
13 0.689142
14 0.697112
15 0.706469
16 0.713135
17 0.718069
18 0.722699
19 0.724274
20 0.727475
21 0.731435
22 0.735203
23 0.739645
24 0.7421
25 0.745377
26 0.748744
27 0.752471
28 0.752857
29 0.756257
30 0.759463
31 0.761711
32 0.764755
33 0.766287
34 0.769175
35 0.771329
36 0.773728
37 0.774357
38 0.776952
39 0.779013
40 0.780786
41 0.783228
42 0.784447
43 0.786147
44 0.787987
45 0.78957
46 0.791174
47 0.79258
48 0.794285
49 0.795841
50 0.797495
51 0.798277
52 0.799907
53 0.801746
54 0.803038
55 0.804167
56 0.804623
57 0.806259
58 0.807611
59 0.808839
60 0.810002
61 0.811009
62 0.811825
63 0.812892
64 0.81416
65 0.814945
66 0.815911
67 0.817019
68 0.818197
69 0.819279
70 0.819807
71 0.820875
72 0.822467
73 0.822628
74 0.823496
75 0.824131
76 0.825257
77 0.825773
78 0.826456
79 0.827578
80 0.828423
81 0.829019
82 0.829844
83 0.830559
84 0.831504
85 0.832227
86 0.832664
87 0.833786
88 0.834336
89 0.834683
90 0.835362
91 0.836329
92 0.837192
93 0.837462
94 0.838787
95 0.838846
96 0.839876
97 0.839995
98 0.840963
99 0.841246
100 0.841883
101 0.84243
102 0.842731
103 0.843936
104 0.844244
105 0.844502
106 0.845786
107 0.845802
108 0.846539
109 0.846943
110 0.847381
111 0.847914
112 0.848179
113 0.848911
114 0.849724
115 0.849947
116 0.850819
117 0.850679
118 0.851539
119 0.851767
120 0.85238
121 0.852678
122 0.853506
123 0.854091
124 0.85433
125 0.854587
126 0.85515
127 0.855171
128 0.856102
129 0.856144
130 0.856454
131 0.85693
132 0.857423
133 0.85782
134 0.858489
135 0.858874
136 0.858764
137 0.860063
138 0.860136
139 0.86039
140 0.861093
141 0.861294
142 0.8615
143 0.86201
144 0.862399
145 0.862752
146 0.862783
147 0.863621
148 0.864006
149 0.864562
150 0.864657
151 0.864795
152 0.865332
153 0.865546
154 0.865752
155 0.865916
156 0.86665
157 0.867052
158 0.867116
159 0.867193
160 0.867823
161 0.86847
162 0.8687
163 0.868993
164 0.869159
165 0.869423
166 0.869768
167 0.870153
168 0.870633
169 0.870773
170 0.871098
171 0.871501
172 0.871707
173 0.871451
174 0.872096
175 0.872648
176 0.872402
177 0.872734
178 0.873473
179 0.873422
180 0.87379
181 0.874219
182 0.874233
183 0.874317
184 0.874569
185 0.875195
186 0.875102
187 0.875588
188 0.876032
189 0.876064
190 0.8765
191 0.876475
192 0.876754
193 0.877404
194 0.877497
195 0.877562
196 0.878214
197 0.878234
198 0.878398
199 0.878107
200 0.8787
201 0.879056
202 0.879213
203 0.879534
204 0.879463
205 0.880055
206 0.88084
207 0.880647
208 0.880559
209 0.880983
210 0.881691
211 0.88121
212 0.88156
213 0.88209
214 0.881848
215 0.88232
216 0.882526
217 0.882786
218 0.882795
219 0.883133
220 0.883274
221 0.883578
222 0.883637
223 0.88417
224 0.884107
225 0.884316
226 0.884556
227 0.884653
228 0.885229
229 0.885117
230 0.885495
231 0.885429
232 0.885569
233 0.885888
234 0.886015
235 0.886036
236 0.886615
237 0.886603
238 0.887147
239 0.887046
240 0.887159
241 0.887683
242 0.887425
243 0.887889
244 0.888191
245 0.888142
246 0.888579
247 0.888454
248 0.888855
249 0.88888
250 0.889204
251 0.889633
252 0.889774
253 0.889726
254 0.889789
255 0.889922
256 0.89005
257 0.890391
258 0.890592
259 0.890697
260 0.890623
261 0.890889
262 0.890644
263 0.891534
264 0.891435
265 0.891593
266 0.891555
267 0.891621
268 0.891553
269 0.892077
270 0.892002
271 0.89244
272 0.892551
273 0.892469
274 0.892834
275 0.892834
276 0.893208
277 0.893565
278 0.893331
279 0.893732
280 0.894034
281 0.894068
282 0.894154
283 0.894535
284 0.894674
285 0.894702
286 0.894731
287 0.895062
288 0.89541
289 0.895105
290 0.895671
291 0.895309
292 0.896033
293 0.89564
294 0.896038
295 0.895938
296 0.896439
297 0.896616
298 0.896539
299 0.896957
300 0.896632
