1 0.166474
2 0.166694
3 0.16673
4 0.166694
5 0.144532
6 0.12801
7 0.116182
8 0.106644
9 0.0993589
10 0.0930946
11 0.0881238
12 0.0838126
13 0.080185
14 0.0768402
15 0.0730491
16 0.0701964
17 0.0681657
18 0.0661893
19 0.0656288
20 0.064178
21 0.0628982
22 0.0613502
23 0.0598018
24 0.0587198
25 0.0576538
26 0.0566459
27 0.0552998
28 0.0552074
29 0.0540716
30 0.0529124
31 0.0520246
32 0.0509202
33 0.0503372
34 0.0494515
35 0.048618
36 0.0478491
37 0.0476275
38 0.0469376
39 0.0461939
40 0.0455263
41 0.0448479
42 0.0442741
43 0.0437084
44 0.0430776
45 0.0424814
46 0.0420599
47 0.0415124
48 0.0410562
49 0.040519
50 0.0400644
51 0.0397235
52 0.0392065
53 0.0386542
54 0.0382428
55 0.037853
56 0.0375989
57 0.0371434
58 0.0367961
59 0.0363698
60 0.0360103
61 0.0356159
62 0.0353736
63 0.0350213
64 0.0346774
65 0.0344074
66 0.0341593
67 0.0337192
68 0.0334212
69 0.0331674
70 0.0328875
71 0.0325531
72 0.0322144
73 0.0320448
74 0.0318016
75 0.031582
76 0.0312826
77 0.0311587
78 0.0309268
79 0.030625
80 0.0303766
81 0.0301627
82 0.0299102
83 0.0297306
84 0.0294596
85 0.0293204
86 0.0290919
87 0.02882
88 0.0286747
89 0.0285262
90 0.0282998
91 0.0280864
92 0.0278646
93 0.0276861
94 0.0274199
95 0.0273717
96 0.0271071
97 0.0269836
98 0.0267394
99 0.0267488
100 0.0266323
101 0.0264447
102 0.0263215
103 0.0260742
104 0.0259457
105 0.0257968
106 0.0255876
107 0.0255099
108 0.025353
109 0.025203
110 0.025052
111 0.0249035
112 0.024825
113 0.0246667
114 0.0244934
115 0.0243424
116 0.0241946
117 0.0241218
118 0.0239696
119 0.0238636
120 0.0237004
121 0.0236007
122 0.023419
123 0.0233164
124 0.023168
125 0.0231122
126 0.0229871
127 0.022896
128 0.0226915
129 0.0226291
130 0.0225492
131 0.0224067
132 0.0222586
133 0.0221935
134 0.0220647
135 0.0219385
136 0.0218659
137 0.0216946
138 0.0216106
139 0.0215637
140 0.0213633
141 0.0213214
142 0.0212527
143 0.021137
144 0.0210399
145 0.0209644
146 0.0208626
147 0.0207256
148 0.0206791
149 0.0205502
150 0.0204822
151 0.0204069
152 0.0203132
153 0.0202413
154 0.0201046
155 0.0200873
156 0.0199889
157 0.0198398
158 0.0198365
159 0.0197614
160 0.0196708
161 0.0195361
162 0.0194262
163 0.0193542
164 0.0193082
165 0.0192312
166 0.0191494
167 0.0190581
168 0.0189744
169 0.0189466
170 0.0188527
171 0.0187606
172 0.0186995
173 0.0187037
174 0.018571
175 0.0184356
176 0.018474
177 0.0184285
178 0.0182735
179 0.0182554
180 0.0182146
181 0.0180928
182 0.0180547
183 0.0180175
184 0.0179559
185 0.0178376
186 0.0177749
187 0.0177594
188 0.0176649
189 0.0176342
190 0.0175279
191 0.0174943
192 0.0174304
193 0.0173222
194 0.0173051
195 0.0172597
196 0.0171829
197 0.0171292
198 0.0170634
199 0.0170716
200 0.0169845
201 0.0169168
202 0.0168607
203 0.0167957
204 0.0167506
205 0.0166901
206 0.0165954
207 0.0165884
208 0.0165321
209 0.0164667
210 0.0163705
211 0.0163471
212 0.0163094
213 0.016246
214 0.0162229
215 0.0161428
216 0.0161047
217 0.016051
218 0.0160478
219 0.0159483
220 0.0159237
221 0.0158706
222 0.015798
223 0.0157739
224 0.0157397
225 0.0156857
226 0.0156179
227 0.0155695
228 0.0154998
229 0.0155162
230 0.0154295
231 0.0153805
232 0.0153753
233 0.0153211
234 0.0152706
235 0.0152568
236 0.0151344
237 0.0151456
238 0.0150481
239 0.0150404
240 0.0150108
241 0.0149492
242 0.014949
243 0.0148561
244 0.0148269
245 0.0148341
246 0.0147363
247 0.0147353
248 0.014701
249 0.0146312
250 0.0146213
251 0.0145441
252 0.0144604
253 0.0144846
254 0.0144633
255 0.0144371
256 0.0143868
257 0.0143018
258 0.0142756
259 0.0142499
260 0.0142194
261 0.0141707
262 0.0141739
263 0.0140596
264 0.014061
265 0.0140134
266 0.0139782
267 0.0139447
268 0.0139548
269 0.0138941
270 0.0138925
271 0.0137997
272 0.0137839
273 0.0137735
274 0.0137051
275 0.0137081
276 0.0136634
277 0.0135828
278 0.0135813
279 0.013521
280 0.0134787
281 0.0134889
282 0.0134392
283 0.0133698
284 0.0134075
285 0.013348
286 0.013345
287 0.0132701
288 0.0132524
289 0.0132096
290 0.0131612
291 0.0131658
292 0.0130664
293 0.01314
294 0.0130703
295 0.0130639
296 0.0130211
297 0.012959
298 0.0129535
299 0.0129149
300 0.0128996
